1648919297389938821 1.508502 31737.938154 31779 47 0.000000
1648919298446015804 281552308.906643 31019.519256 32759 48 0.000000
1648919299509376823 1.537960 31142.763107 33116 49 0.000000
1648919300565135365 1.550732 30901.951908 32625 50 0.000000
1648919301632129432 290463314.479743 29760.240736 31754 50 0.000000
1648919302688946370 1.613202 29695.776605 31383 50 0.000000
1648919303748627534 1.560852 30700.743870 32533 50 0.000000
1648919304805486459 1.561075 30672.021812 32416 50 0.000000
1648919305862070946 1.522504 31471.217611 33252 50 0.000000
1648919306919991531 1.543041 31056.206066 32855 50 0.000000
1648919307976116243 1.552937 30845.789269 32577 50 0.000000
1648919309043412217 1.556677 30759.037505 32829 50 0.000000
1648919310099888186 1.583786 30272.342858 31982 50 0.000000
1648919311156813527 1.575930 30393.821355 32124 50 0.000000
1648919312212928997 1.594436 30045.010420 31731 49 0.000000
1648919313269076516 1.544305 31011.765677 32753 49 0.000000
1648919314328218365 1.544659 31015.675890 32850 50 0.000000
1648919315383046294 1.539553 31115.027482 32821 50 0.000000
1648919316448725374 1.593736 30064.397999 32039 50 0.000000
1648919317504510848 1.584165 30236.256120 31923 50 0.000000
1648919318562933242 1.580223 30303.591630 32074 50 0.000000
1648919319628231954 1.607166 29825.437356 31773 50 0.000000
1648919320681325872 1.637427 29247.154281 30800 50 0.000000
1648919321734611738 1.586787 30196.930126 31806 50 0.000000
1648919322789698935 1.628253 29424.105809 31045 50 0.000000
1648919323843607568 1.591068 30104.130231 31727 50 0.000000
1648919324907725489 1.636605 29260.855097 31137 49 0.000000
1648919325960959653 1.582065 30289.560278 31902 49 0.000000
1648919327016057586 1.571994 30468.261755 32147 49 0.000000
1648919328072237269 1.588244 30148.279515 31842 50 0.000000
1648919329126184709 1.575465 30420.869532 32062 50 0.000000
1648919330188784893 1.569721 30509.125279 32419 50 0.000000
1648919331246139058 1.599390 29961.578673 31680 50 0.000000
1648919332300797971 1.579428 30326.392358 31984 49 0.000000
1648919333356325954 1.562422 30662.379891 32365 50 0.000000
1648919334410836596 1.591121 30110.649182 31752 50 0.000000
1648919335475266871 1.574286 30429.423853 32390 51 0.000000
1648919336537607362 285801068.657938 30378.207621 32272 51 0.000000
1648919337593998251 1.589979 30125.212487 31824 51 0.000000
1648919338649809711 1.637455 29265.642080 30899 51 0.000000
1648919339703293489 1.594138 30041.278594 31648 51 0.000000
1648919340767744067 1.611043 29745.862029 31663 51 0.000000
1648919341823336002 1.589348 30132.856216 31808 51 0.000000
1648919342881722893 1.572001 30482.237242 32262 51 0.000000
1648919343937383585 1.572998 30435.915573 32130 51 0.000000
1648919344991995566 1.628077 29450.642094 31059 51 0.000000
1648919346056740321 1.581840 30289.886878 32251 51 0.000000
1648919347121746305 1.605499 29844.904412 31785 51 0.000000
1648919348177730029 1.616193 29639.661378 31299 51 0.000000
1648919349231612696 1.573770 30421.792676 32061 51 0.000000
1648919350288073594 1.568677 30548.220063 32273 51 0.000000
1648919351350929868 1.563598 30624.084174 32549 51 0.000000
1648919352407538591 1.563952 30604.517355 32337 51 0.000000
1648919353463005028 1.562629 30665.115313 32366 51 0.000000
1648919354518879881 1.586907 30191.077071 31878 51 0.000000
1648919355573559630 1.612433 29678.204165 31301 50 0.000000
1648919356642330743 1.569650 30543.490185 32644 51 0.000000
1648919357700282993 1.624780 29485.262686 31194 50 0.000000
1648919358754180420 1.596152 29990.584653 31607 50 0.000000
1648919359808386636 1.566604 30586.994755 32245 51 0.000000
1648919360864106401 1.552041 30864.251177 32584 51 0.000000
1648919361926439213 1.607817 29801.395234 31659 51 0.000000
1648919362990877745 1.603517 29868.328743 31793 51 0.000000
1648919364045518433 1.673794 28615.433051 30179 51 0.000000
1648919365098063624 1.602240 29904.654232 31476 51 0.000000
1648919366157232551 1.600926 29925.349480 31696 51 0.000000
1648919367219106465 1.549860 30888.789393 32800 51 0.000000
1648919368276553827 1.617422 29631.734993 31334 51 0.000000
1648919369332056669 1.601253 29919.388886 31580 50 0.000000
1648919370388126513 1.599195 29937.413874 31616 50 0.000000
1648919371443436900 1.566795 30560.677411 32251 50 0.000000
1648919372498134466 1.616037 29652.101903 31274 51 0.000000
1648919373550831495 1.593036 30070.380297 31655 51 0.000000
1648919374606562380 1.645246 29104.007884 30726 51 0.000000
1648919375661177358 1.598807 29966.386747 31603 51 0.000000
1648919376716457655 1.609561 29762.708628 31408 51 0.000000
1648919377779259732 1.590384 30120.377719 32012 51 0.000000
1648919378834113305 1.608105 29804.136334 31439 51 0.000000
1648919379886791984 1.615840 29652.923178 31215 51 0.000000
1648919380939659588 1.648334 29044.487535 30580 51 0.000000
1648919381991149763 1.641023 29198.560985 30702 51 0.000000
1648919383058859119 1.637739 29255.152467 31236 51 0.000000
1648919384113523372 1.662169 28826.235650 30402 51 0.000000
1648919385166535433 1.668797 28720.468485 30243 51 0.000000
1648919386218357648 1.635605 29285.364582 30803 51 0.000000
1648919387271921312 1.657977 28913.300602 30462 50 0.000000
1648919388323541267 1.650574 29014.282036 30512 51 0.000000
1648919389376495205 1.609343 29771.484728 31348 51 0.000000
1648919390434278578 1.598783 29967.382651 31699 51 0.000000
1648919391488354701 1.610683 29744.532208 31353 51 0.000000
1648919392542477200 1.626331 29453.881727 31048 51 0.000000
1648919393611948765 1.607646 29792.283723 31862 51 0.000000
1648919394666443792 1.612874 29711.851832 31331 51 0.000000
1648919395719210373 1.627095 29446.220388 31000 51 0.000000
1648919396773131560 1.580985 30284.997300 31918 50 0.000000
1648919397827050212 1.573107 30410.319601 32050 51 0.000000
1648919398890289502 1.448100 33029.253462 35118 51 0.000000
1648919399950961451 1.171243 41010.795129 43499 51 0.000000
1648919401025424731 1.163574 41071.668824 44130 51 0.000000
1648919402101502882 1.455663 32941.845318 35448 51 0.000000
1648919403171699641 1.652927 28991.863141 31027 51 0.000000
1648919404225497240 1.638646 29214.340661 30786 51 0.000000
1648919405278961363 1.639959 29224.536100 30787 51 0.000000
1648919406330806345 1.578157 30347.624610 31921 51 0.000000
1648919407386797420 1.607309 29806.125947 31475 51 0.000000
1648919408443174113 1.660769 28844.824201 30471 51 0.000000
1648919409495649224 1.634942 29297.604929 30835 51 0.000000
1648919410550251442 1.603621 29859.599632 31490 51 0.000000
1648919411608307834 1.627659 29453.061515 31163 51 0.000000
1648919412662495681 1.621546 29539.327444 31140 51 0.000000
1648919413721793340 1.633729 29312.818485 31051 51 0.000000
1648919414775911934 1.626820 29455.888718 31050 51 0.000000
1648919415828776321 1.679154 28510.794335 30018 50 0.000000
1648919416893092518 1.672654 28652.199224 30495 51 0.000000
1648919417947263054 1.614615 29662.183896 31269 51 0.000000
1648919419012043500 1.615678 29650.243972 31571 51 0.000000
1648919420066233630 1.609646 29744.160380 31356 51 0.000000
1648919421120516724 1.629818 29409.557909 31006 50 0.000000
1648919422173355904 1.625684 29485.984745 31044 51 0.000000
1648919423225807454 1.589868 30131.553324 31712 51 0.000000
1648919424290938731 1.610603 29750.323443 31688 51 0.000000
1648919425348183929 1.626335 29468.091221 31155 51 0.000000
1648919426402864972 1.597387 29992.007830 31632 51 0.000000
1648919427456255599 1.604584 29848.376466 31442 50 0.000000
1648919428511463117 1.613818 29687.051538 31326 51 0.000000
1648919429566019020 1.625333 29473.070077 31081 51 0.000000
1648919430619412899 1.623459 29516.024908 31092 51 0.000000
1648919431682413305 1.629255 29401.679076 31254 50 0.000000
1648919432736589199 1.622702 29491.284170 31089 51 0.000000
1648919433790463737 1.604598 29881.168284 31491 51 0.000000
1648919434845398924 1.616627 29624.569055 31252 51 0.000000
1648919435898948909 1.622421 29537.279145 31119 50 0.000000
1648919436952042787 1.619440 29570.013040 31140 51 0.000000
1648919438005614830 1.618623 29598.355620 31184 51 0.000000
1648919439060104796 1.650976 29020.664953 30602 51 0.000000
1648919440128694083 1.637898 29261.944117 31269 51 0.000000
1648919441182235605 1.633652 29297.374005 30866 50 0.000000
1648919442235787896 1.638961 29254.362176 30821 51 0.000000
1648919443291020981 1.648493 29062.773093 30668 51 0.000000
1648919444343854379 1.630295 29373.118348 30925 51 0.000000
1648919445406938082 1.644450 29130.349673 30968 51 0.000000
