1649622517080032386 144.585203 0.000000
1649622517080062091 72.346401 0.000000
1649622517101800285 144.667007 0.000000
1649622517174219975 72.409651 0.000000
1649622517190115496 144.577178 0.000000
1649622517224875171 72.381467 0.000000
1649622517283769835 144.863164 0.000000
1649622517408264954 144.589161 0.000000
1649622517733546148 72.483789 0.000000
1649622517804351721 72.390355 0.000000
1649622517936607370 72.470575 0.000000
1649622517949206079 144.776221 0.000000
1649622517971732040 72.371649 0.000000
1649622518021872251 72.610558 0.000000
1649622518133560990 72.549062 0.000000
1649622518206276675 72.709062 0.000000
1649622518240501949 72.401345 0.000000
1649622518351188349 72.443094 0.000000
1649622518423270737 72.450558 0.000000
1649622518528160750 72.398539 0.000000
1649622518530021529 72.416203 0.000000
1649622518568802003 72.543822 0.000000
1649622518602480242 72.454415 0.000000
1649622518640967416 72.425311 0.000000
1649622518673195887 72.430901 0.000000
1649622518673535334 72.723199 0.000000
1649622518713847368 72.630375 0.000000
1649622518786113350 72.501573 0.000000
1649622518818348433 72.479832 0.000000
1649622518890581883 72.456047 0.000000
1649622518963400651 72.396255 0.000000
1649622519003659737 72.419118 0.000000
1649622519035590139 72.546136 0.000000
1649622519075245523 72.402507 0.000000
1649622519220271112 72.593045 0.000000
1649622519220984349 72.426483 0.000000
1649622519252995412 72.426702 0.000000
1649622519365637780 144.648141 0.000000
1649622519398508484 72.747264 0.000000
1649622519398535054 72.658096 0.000000
1649622519510594098 144.983599 0.000000
1649622519542558062 72.422925 0.000000
1649622519582770291 72.465095 0.000000
1649622519688380996 72.729561 0.000000
1649622519759772307 72.336893 0.000000
1649622519759838782 72.365317 0.000000
1649622519832190755 72.348566 0.000000
1649622519833422274 72.406776 0.000000
1649622519905380408 72.337416 0.000000
1649622520123086876 72.747585 0.000000
1649622520162112429 72.392098 0.000000
1649622520235034100 72.516331 0.000000
1649622520268170552 72.408137 0.000000
1649622520307446866 72.412325 0.000000
1649622520340645897 72.653368 0.000000
1649622520411756782 72.399661 0.000000
1649622520483878402 72.445097 0.000000
1649622520484139943 72.368804 0.000000
1649622520557579625 72.415022 0.000000
1649622520596704485 72.363845 0.000000
1649622520702602518 72.371980 0.000000
1649622520773635438 144.861020 0.000000
1649622520846018228 72.361020 0.000000
1649622520991104100 72.529806 0.000000
1649622521064382119 144.547833 0.000000
1649622521137134953 72.426813 0.000000
1649622521611530210 72.454175 0.000000
1649622521716480918 144.622392 0.000000
1649622521756923037 72.343677 0.000000
1649622521788684031 144.644814 0.000000
1649622521861132886 72.443615 0.000000
1649622521861406108 72.382340 0.000000
1649622521933992971 144.733461 0.000000
1649622522006421818 72.422916 0.000000
1649622522079414020 72.352843 0.000000
1649622522296408213 144.605201 0.000000
1649622522368507742 72.422646 0.000000
1649622522369449989 72.483179 0.000000
1649622522407919550 72.415492 0.000000
1649622522440794382 144.718803 0.000000
1649622522514063945 72.371389 0.000000
1649622522552815865 72.461316 0.000000
1649622522842361424 144.783404 0.000000
1649622522915051380 72.365958 0.000000
1649622522931361718 72.391978 0.000000
1649622523148973999 72.435970 0.000000
1649622523311046937 144.663018 0.000000
1649622523366277702 72.331555 0.000000
1649622523421889911 72.476285 0.000000
1649622523510589050 144.623383 0.000000
1649622523511022823 72.502063 0.000000
1649622523583034608 72.458212 0.000000
1649622523638920521 72.361521 0.000000
1649622523654122151 72.503527 0.000000
1649622523871514509 72.532521 0.000000
1649622524016339601 72.405744 0.000000
1649622524017946333 72.418217 0.000000
1649622524073977248 72.548291 0.000000
1649622524108043795 72.405253 0.000000
1649622524161614818 144.568151 0.000000
1649622524180412750 72.473581 0.000000
1649622524180613526 72.565212 0.000000
1649622524234740070 144.507236 0.000000
1649622524234989988 72.308982 0.000000
1649622524252861724 72.444306 0.000000
1649622524253055096 72.437483 0.000000
1649622524379799311 72.410812 0.000000
1649622524418222926 72.417666 0.000000
1649622524434462211 72.687392 0.000000
1649622524435979986 144.877390 0.000000
1649622524436267365 72.630044 0.000000
1649622524508626291 72.642427 0.000000
1649622524578975639 72.358064 0.000000
1649622524597985087 72.476827 0.000000
1649622524635371909 72.424018 0.000000
1649622524653287916 144.521542 0.000000
1649622524669593916 72.444305 0.000000
1649622524758620290 144.693846 0.000000
1649622524815112529 144.896947 0.000000
1649622524852225446 144.559364 0.000000
1649622524960145211 145.109346 0.000000
1649622525104871778 144.983549 0.000000
1649622525160965631 72.539654 0.000000
1649622525177858009 72.499920 0.000000
1649622525193451283 72.419269 0.000000
1649622525214357117 144.549165 0.000000
1649622525250145892 72.708311 0.000000
1649622525305585688 144.737959 0.000000
1649622525338603970 72.506062 0.000000
1649622525432023479 72.531629 0.000000
1649622525539440600 72.409410 0.000000
1649622525539794734 72.673485 0.000000
1649622525612137219 144.790517 0.000000
1649622525901923068 144.617934 0.000000
1649622525934491887 72.783191 0.000000
1649622525990805300 72.690878 0.000000
1649622526006916385 72.445147 0.000000
1649622526151545730 144.689849 0.000000
1649622526208169126 72.460226 0.000000
1649622526208292577 72.494329 0.000000
1649622526280587252 72.504768 0.000000
1649622526353136735 72.537370 0.000000
1649622526425610566 72.464374 0.000000
1649622526679143109 72.502615 0.000000
1649622526699008441 72.452099 0.000000
1649622526754920073 144.494383 0.000000
1649622526754947073 72.586072 0.000000
1649622526843969278 72.446039 0.000000
1649622526844003492 72.503587 0.000000
1649622526915942250 72.419238 0.000000
1649622526948391704 72.508796 0.000000
1649622526972471859 72.666030 0.000000
1649622527005576332 72.591292 0.000000
1649622527044961871 72.483920 0.000000
1649622527077856400 72.636365 0.000000
1649622527093390663 144.592076 0.000000
1649622527165950445 144.720667 0.000000
1649622527278385805 144.689107 0.000000
1649622527295066607 72.473059 0.000000
1649622527367618174 72.449956 0.000000
1649622527440129164 72.538642 0.000000
1649622527512424481 144.562029 0.000000
1649622527624537686 144.727740 0.000000
1649622527624930082 72.473421 0.000000
1649622527673259728 72.481896 0.000000
1649622527802456661 72.460015 0.000000
1649622527967164219 72.449947 0.000000
1649622527983381783 144.785097 0.000000
1649622528019901949 72.530677 0.000000
1649622528092040662 144.641268 0.000000
1649622528111977398 72.401927 0.000000
1649622528203668828 144.569603 0.000000
1649622528273429332 72.803990 0.000000
1649622528276135005 72.456068 0.000000
1649622528490088686 144.708603 0.000000
1649622528490447068 72.395023 0.000000
1649622528654154791 144.737559 0.000000
1649622528726757533 144.550738 0.000000
1649622528832363129 72.559532 0.000000
1649622528836502108 72.519997 0.000000
1649622528944123021 72.435949 0.000000
1649622529177360646 144.730174 0.000000
1649622529217849853 72.430740 0.000000
1649622529362631113 72.362453 0.000000
1649622529396014218 72.447912 0.000000
1649622529451344099 72.537511 0.000000
1649622529507023584 144.507236 0.000000
1649622529668372575 144.670222 0.000000
1649622529684906261 72.411975 0.000000
1649622529758034820 72.342114 0.000000
1649622529901539476 144.660122 0.000000
1649622529941712411 72.513344 0.000000
1649622529973989002 72.352133 0.000000
1649622529974341493 144.548914 0.000000
1649622529974504248 72.335021 0.000000
1649622530046232682 144.630238 0.000000
1649622530103023620 72.510699 0.000000
1649622530119798479 144.562309 0.000000
1649622530135620562 72.497075 0.000000
1649622530336886868 144.494573 0.000000
1649622530393174574 144.749590 0.000000
1649622530553701222 72.643599 0.000000
1649622530594360970 72.579779 0.000000
1649622530771291492 72.414640 0.000000
1649622530828223866 72.499809 0.000000
1649622530843534640 72.679356 0.000000
1649622531060872446 72.428997 0.000000
1649622531101683528 144.871289 0.000000
1649622531133758911 72.790244 0.000000
1649622531150814135 72.467188 0.000000
1649622531205891432 144.862552 0.000000
1649622531206110623 72.432193 0.000000
1649622531423591728 72.427144 0.000000
1649622531440740498 72.417566 0.000000
1649622531770267792 72.484121 0.000000
1649622531803029372 144.804053 0.000000
1649622531858439101 144.803551 0.000000
1649622531915224390 72.590910 0.000000
1649622531931192135 72.787318 0.000000
1649622532003498253 145.026270 0.000000
1649622532132696639 72.483480 0.000000
1649622532237428445 144.546039 0.000000
1649622532349638562 144.735544 0.000000
1649622532366308294 72.605788 0.000000
1649622532422119997 72.375817 0.000000
1649622532454635025 72.432834 0.000000
1649622532510770315 144.650264 0.000000
1649622532510880963 72.547770 0.000000
1649622532567185009 72.375007 0.000000
1649622532873463067 72.605898 0.000000
1649622533018271958 72.710424 0.000000
1649622533236636460 72.582856 0.000000
1649622533381847626 72.568580 0.000000
1649622533396373518 72.536068 0.000000
1649622533582212611 72.473580 0.000000
1649622533597784083 144.656316 0.000000
1649622533742810894 72.521730 0.000000
1649622533758435457 72.342235 0.000000
1649622533799567679 144.835952 0.000000
1649622533816043097 72.602092 0.000000
1649622533816403122 72.437463 0.000000
1649622533871970968 144.778133 0.000000
1649622533888823041 72.379153 0.000000
1649622533960772390 144.770009 0.000000
1649622533961202255 72.373083 0.000000
1649622534033775813 72.554582 0.000000
1649622534089314885 144.882330 0.000000
1649622534106007590 144.771591 0.000000
1649622534106339853 72.526931 0.000000
1649622534106358488 72.466708 0.000000
1649622534178774701 72.430580 0.000000
1649622534192801136 72.405613 0.000000
1649622534251331647 72.504308 0.000000
1649622534396133115 72.436782 0.000000
1649622534409977190 72.452431 0.000000
1649622534451917518 72.438264 0.000000
1649622534468542024 72.397587 0.000000
1649622534541155087 72.449977 0.000000
1649622534627068554 144.641299 0.000000
1649622534741633655 72.412846 0.000000
1649622534758329747 72.381358 0.000000
1649622534773126057 72.775106 0.000000
1649622534844582139 72.372290 0.000000
1649622534845385465 144.805285 0.000000
1649622534955937223 72.545595 0.000000
1649622534975704953 144.820574 0.000000
1649622535028432334 72.483649 0.000000
1649622535048264985 72.437572 0.000000
1649622535120708800 72.440849 0.000000
1649622535296045995 72.548341 0.000000
1649622535390392932 144.820353 0.000000
1649622535551535786 72.520468 0.000000
1649622535555559870 72.495832 0.000000
1649622535658048392 72.557508 0.000000
1649622535898187184 144.944276 0.000000
1649622535930751494 72.398309 0.000000
1649622535947504031 72.391557 0.000000
1649622535970727789 144.835971 0.000000
1649622536236924956 144.755653 0.000000
1649622536260521633 144.785537 0.000000
1649622536333162948 72.382269 0.000000
1649622536365038998 72.346792 0.000000
1649622536398316475 72.679025 0.000000
1649622536509912922 144.894683 0.000000
1649622536526095390 72.429779 0.000000
1649622536526429757 144.749401 0.000000
1649622536526860314 72.398470 0.000000
1649622536542948245 144.629065 0.000000
1649622536623297491 72.697761 0.000000
1649622536671288752 144.875135 0.000000
1649622536783770328 72.646134 0.000000
1649622536799815078 72.497196 0.000000
1649622536816698761 72.388832 0.000000
1649622536961634280 72.474843 0.000000
1649622536977075218 72.405322 0.000000
1649622537000852184 144.629405 0.000000
1649622537033794964 144.734873 0.000000
1649622537033863111 72.696538 0.000000
1649622537033988156 144.690570 0.000000
1649622537049519844 72.433856 0.000000
1649622537057955910 72.387169 0.000000
1649622537105460359 72.535055 0.000000
1649622537145929448 72.550535 0.000000
1649622537177712835 144.753087 0.000000
1649622537218502164 72.569120 0.000000
1649622537250906625 72.416623 0.000000
1649622537290538876 144.629004 0.000000
1649622537290919960 72.407035 0.000000
1649622537411953740 72.586032 0.000000
1649622537596161334 72.384374 0.000000
1649622537613389573 72.651094 0.000000
1649622537902443119 144.808711 0.000000
1649622538120098991 72.551417 0.000000
1649622538144746218 144.619977 0.000000
1649622538192607306 72.547548 0.000000
1649622538192634867 72.406695 0.000000
1649622538208191213 72.393701 0.000000
1649622538305783444 144.613745 0.000000
1649622538321490181 144.579382 0.000000
1649622538554937086 72.412606 0.000000
1649622538570870858 72.467468 0.000000
1649622538627211003 72.544343 0.000000
1649622538660262787 72.472869 0.000000
1649622538804983704 72.376528 0.000000
1649622538876828656 72.344589 0.000000
1649622539013779044 144.617864 0.000000
1649622539077543217 72.393159 0.000000
1649622539094501600 144.551409 0.000000
1649622539094724939 72.383462 0.000000
1649622539150213466 72.392478 0.000000
1649622539158839077 72.561926 0.000000
1649622539159079327 72.620225 0.000000
1649622539206326704 144.589750 0.000000
1649622539311497324 144.532533 0.000000
1649622539367207056 72.465164 0.000000
1649622539376310212 72.421372 0.000000
1649622539384265156 72.415531 0.000000
1649622539479524364 72.375617 0.000000
1649622539521434055 72.447942 0.000000
1649622539601226215 144.637610 0.000000
1649622539656848995 144.878762 0.000000
1649622539666286678 72.399842 0.000000
1649622539785797362 72.451258 0.000000
1649622539810885777 72.401907 0.000000
1649622539841698863 72.458312 0.000000
1649622540028065395 72.366630 0.000000
1649622540390542722 72.803960 0.000000
1649622540421521691 72.415872 0.000000
1649622540582420897 72.390996 0.000000
1649622540977031046 144.503780 0.000000
1649622541089207360 72.447702 0.000000
1649622541121500872 144.515110 0.000000
1649622541178057752 144.571005 0.000000
1649622541260235205 144.621831 0.000000
1649622541290362947 72.453644 0.000000
1649622541306508897 144.776180 0.000000
1649622541467406461 144.600621 0.000000
1649622541628867911 72.456759 0.000000
1649622541628914348 72.452250 0.000000
1649622541701409190 72.441371 0.000000
1649622541773218163 144.711148 0.000000
1649622541797286666 72.487486 0.000000
1649622541846357753 72.621729 0.000000
1649622541885743842 144.644884 0.000000
1649622541958230507 72.478029 0.000000
1649622542046776951 72.502254 0.000000
1649622542103266915 72.459754 0.000000
1649622542159659768 72.586633 0.000000
1649622542208905011 72.455056 0.000000
1649622542281328307 144.851612 0.000000
1649622542304453150 72.420330 0.000000
1649622542346625143 144.511014 0.000000
1649622542376722348 144.626971 0.000000
1649622542419085347 72.322116 0.000000
1649622542682042078 144.501445 0.000000
1649622542708795303 72.380755 0.000000
1649622542754846208 144.500453 0.000000
1649622542826858924 72.415471 0.000000
1649622542899432472 72.318299 0.000000
1649622543044319159 144.613997 0.000000
1649622543150424381 72.411644 0.000000
1649622543173497728 144.822988 0.000000
1649622543215702421 72.411043 0.000000
1649622543288161354 72.400463 0.000000
1649622543333446192 144.761853 0.000000
1649622543360569953 72.438655 0.000000
1649622543367673390 72.617330 0.000000
1649622543478620559 144.446011 0.000000
1649622543551042232 72.452200 0.000000
1649622543695743692 144.506505 0.000000
1649622543802105975 72.617080 0.000000
1649622543874224330 72.393941 0.000000
1649622543874877074 72.488930 0.000000
1649622544130576608 72.481174 0.000000
1649622544187945090 72.465325 0.000000
1649622544332833401 72.505411 0.000000
1649622544695146940 72.591352 0.000000
1649622544710150208 144.975203 0.000000
1649622544855019512 72.436331 0.000000
1649622544961896411 144.854527 0.000000
1649622544984982442 72.563690 0.000000
1649622545034339122 72.433836 0.000000
1649622545072182571 144.757435 0.000000
1649622545072328765 72.411564 0.000000
1649622545072368459 72.421873 0.000000
1649622545144766117 72.575391 0.000000
1649622545217362708 144.818480 0.000000
1649622545217473216 72.537381 0.000000
1649622545217545892 72.431001 0.000000
1649622545274564638 72.432404 0.000000
1649622545290160557 72.685277 0.000000
1649622545362606455 72.490431 0.000000
1649622545435092588 72.369204 0.000000
1649622545541981549 72.451919 0.000000
1649622545564380412 72.461929 0.000000
1649622545614507016 72.473831 0.000000
1649622545686958215 72.359226 0.000000
1649622545724666429 72.483390 0.000000
1649622545724888736 144.729413 0.000000
1649622545759259833 72.513485 0.000000
1649622545759519480 72.555384 0.000000
1649622545796822364 144.665763 0.000000
1649622545815458612 72.416373 0.000000
1649622545847207834 72.372892 0.000000
1649622545887995812 72.529174 0.000000
1649622545925544587 72.458553 0.000000
1649622545998121981 72.345290 0.000000
1649622546014720189 72.452270 0.000000
1649622546121698758 144.747246 0.000000
1649622546159091430 144.516072 0.000000
1649622546265655021 72.368032 0.000000
1649622546270912267 144.772824 0.000000
1649622546271341031 72.361601 0.000000
1649622546321898914 144.685520 0.000000
1649622546488285769 144.732669 0.000000
1649622546593320624 72.398059 0.000000
1649622546706066996 72.527432 0.000000
1649622546716138778 144.622262 0.000000
1649622546860685959 144.506013 0.000000
1649622546901610412 72.564842 0.000000
1649622547006287296 145.073487 0.000000
1649622547033592316 72.946727 0.000000
1649622547106043414 72.444366 0.000000
1649622547296210100 72.406926 0.000000
1649622547311764531 72.413126 0.000000
1649622547336413873 72.445608 0.000000
1649622547368659275 144.757796 0.000000
1649622547384292874 72.521721 0.000000
1649622547384324063 72.601080 0.000000
1649622547424972810 72.556116 0.000000
1649622547481162301 72.358174 0.000000
1649622547497398931 72.421483 0.000000
1649622547513502031 72.616209 0.000000
1649622547529128517 144.798633 0.000000
1649622547529187698 72.443394 0.000000
1649622547569887540 72.503838 0.000000
1649622547601764240 72.626606 0.000000
1649622547736700663 72.721956 0.000000
1649622547876392972 72.584017 0.000000
1649622547948763369 72.454254 0.000000
1649622548026525524 72.556486 0.000000
1649622548093551622 144.791740 0.000000
1649622548093836977 72.548250 0.000000
1649622548205202048 144.636578 0.000000
1649622548238951000 72.434266 0.000000
1649622548383681014 72.443785 0.000000
1649622548388696677 72.391948 0.000000
1649622548567455085 144.736435 0.000000
1649622548600146894 144.640606 0.000000
1649622548600357750 144.423138 0.000000
1649622548605649831 144.582637 0.000000
1649622548700667857 72.390645 0.000000
1649622548822727920 144.661566 0.000000
1649622548933980120 145.155981 0.000000
1649622548934033831 72.653738 0.000000
1649622549006616025 72.461588 0.000000
1649622549063115808 72.444485 0.000000
1649622549091454186 72.521550 0.000000
1649622549113716682 72.344928 0.000000
1649622549186355593 72.369035 0.000000
1649622549223547950 144.866289 0.000000
1649622549468907048 144.690399 0.000000
1649622549474606864 144.658610 0.000000
1649622549497556018 72.359637 0.000000
1649622549570159582 72.600619 0.000000
1649622549586039773 72.538201 0.000000
1649622549747342697 72.506233 0.000000
1649622549832453830 72.506172 0.000000
1649622549837232769 72.465685 0.000000
1649622549875901143 72.540305 0.000000
1649622549909739131 72.442242 0.000000
1649622549948547256 72.639561 0.000000
1649622549977484677 72.471958 0.000000
1649622550054597635 72.497866 0.000000
1649622550238642725 72.483680 0.000000
1649622550327385957 72.414390 0.000000
1649622550455559901 144.688757 0.000000
1649622550562855274 72.607601 0.000000
1649622550600877647 72.314753 0.000000
1649622550689459977 144.816295 0.000000
1649622550707016000 144.610008 0.000000
1649622550707688270 72.342785 0.000000
1649622550962694836 72.497325 0.000000
1649622550997436929 72.393981 0.000000
1649622551070089013 72.646454 0.000000
1649622551252222339 144.681402 0.000000
1649622551287447097 72.572105 0.000000
1649622551287587220 72.722898 0.000000
1649622551287653915 72.484501 0.000000
1649622551360316139 72.523885 0.000000
1649622551577463186 72.438564 0.000000
1649622551614820141 144.808250 0.000000
1649622551687059883 144.615759 0.000000
1649622551716811430 72.641705 0.000000
1649622551743715859 72.485543 0.000000
1649622551816033467 72.357743 0.000000
1649622552011632838 144.652248 0.000000
1649622552049494800 72.437702 0.000000
1649622552079151660 144.613014 0.000000
1649622552156948129 72.568137 0.000000
1649622552194973417 72.613603 0.000000
1649622552373634673 144.624807 0.000000
1649622552412060663 72.494790 0.000000
1649622552513733624 144.699416 0.000000
1649622552540506848 72.404250 0.000000
1649622552586382082 72.439356 0.000000
1649622552753301846 72.487426 0.000000
1649622552774308689 72.483208 0.000000
1649622552953200678 72.468231 0.000000
1649622553020683792 144.581695 0.000000
1649622553020936756 72.394683 0.000000
1649622553025565404 72.361921 0.000000
1649622553047756096 72.658166 0.000000
1649622553063840310 72.462860 0.000000
1649622553120029391 144.901936 0.000000
1649622553276647532 72.360388 0.000000
1649622553298056789 72.553921 0.000000
1649622553315128835 144.677475 0.000000
1649622553353879813 72.381427 0.000000
1649622553404777163 144.558623 0.000000
1649622553494034599 72.446900 0.000000
1649622553549983600 144.626689 0.000000
1649622553600230831 144.590401 0.000000
1649622553711395908 72.524616 0.000000
1649622553788736673 144.831413 0.000000
1649622553823936153 72.550474 0.000000
1649622553839859295 72.439667 0.000000
1649622554006372938 72.527231 0.000000
1649622554022686612 72.752864 0.000000
1649622554041423950 144.846221 0.000000
1649622554073519382 72.417025 0.000000
1649622554186454116 72.351782 0.000000
1649622554258761105 72.301288 0.000000
1649622554312286421 72.391997 0.000000
1649622554435685534 72.508656 0.000000
1649622554513364453 72.518554 0.000000
1649622554548153394 72.444005 0.000000
1649622554586061993 72.693161 0.000000
1649622554602055617 72.488519 0.000000
1649622554617971656 72.483760 0.000000
1649622554620528540 72.370197 0.000000
1649622554653070758 72.334439 0.000000
1649622554892085262 72.668806 0.000000
1649622555071210788 72.331063 0.000000
1649622555087775864 144.606421 0.000000
1649622555165064461 72.502594 0.000000
1649622555197065525 144.676462 0.000000
1649622555215610693 72.374424 0.000000
1649622555399600980 72.461979 0.000000
1649622555454540668 144.554003 0.000000
1649622555577670447 144.740944 0.000000
1649622555577850434 72.389282 0.000000
1649622555667439852 144.646607 0.000000
1649622555761222091 144.786960 0.000000
1649622555812506427 72.441029 0.000000
1649622555812709227 72.360188 0.000000
1649622555978828990 72.419870 0.000000
1649622556028993967 144.693395 0.000000
1649622556045772023 72.437984 0.000000
1649622556123739763 72.367381 0.000000
1649622556174626273 72.399632 0.000000
1649622556247191555 72.374234 0.000000
1649622556278484942 72.401264 0.000000
1649622556286716986 72.444206 0.000000
1649622556286899838 72.499589 0.000000
1649622556357349122 72.508374 0.000000
1649622556392255253 72.398609 0.000000
1649622556536520135 72.403910 0.000000
1649622556558461950 144.812368 0.000000
1649622556574782708 72.475915 0.000000
1649622556792011909 72.426402 0.000000
1649622556792203599 72.552248 0.000000
1649622556827027675 72.502815 0.000000
1649622556882779646 144.735173 0.000000
1649622556899055249 144.707240 0.000000
1649622557044087349 145.015138 0.000000
1649622557154612406 72.621507 0.000000
1649622557172975362 72.422133 0.000000
1649622557261275043 144.755160 0.000000
1649622557300940346 72.503407 0.000000
1649622557300967787 72.450307 0.000000
1649622557317797709 144.829741 0.000000
1649622557334774516 72.674657 0.000000
1649622557390345749 72.567837 0.000000
1649622557462931268 72.373301 0.000000
1649622557518072285 144.496576 0.000000
1649622557662929035 72.432504 0.000000
1649622557662950466 144.620639 0.000000
1649622557697385042 72.655361 0.000000
1649622557807724512 72.360669 0.000000
1649622557951897250 72.455336 0.000000
1649622558058649213 144.862422 0.000000
1649622558096783205 145.022881 0.000000
1649622558169392851 72.499209 0.000000
1649622558348261255 144.726135 0.000000
1649622558387271200 72.388672 0.000000
1649622558491272757 72.338116 0.000000
1649622558494154209 144.619967 0.000000
1649622558494359393 144.797931 0.000000
1649622558604451619 72.355830 0.000000
1649622558638940778 72.485653 0.000000
1649622558639254286 144.739301 0.000000
1649622558711589727 144.640445 0.000000
1649622558711658416 72.427925 0.000000
1649622558928682573 72.326885 0.000000
1649622558966932612 72.340681 0.000000
1649622558999951535 144.504441 0.000000
1649622559071122583 72.374855 0.000000
1649622559073429077 72.372981 0.000000
1649622559145858194 72.425981 0.000000
1649622559256245694 144.604428 0.000000
1649622559256777561 144.549074 0.000000
1649622559650992156 144.670432 0.000000
1649622559795777112 144.779746 0.000000
1649622559796321883 72.476956 0.000000
1649622559835951600 72.561195 0.000000
1649622559869616673 72.448734 0.000000
1649622559908485834 72.346793 0.000000
1649622560013233239 72.569991 0.000000
1649622560053587423 72.465876 0.000000
1649622560088165088 72.501683 0.000000
1649622560302980193 144.576555 0.000000
1649622560415850418 144.767604 0.000000
1649622560448693831 144.613595 0.000000
1649622560450239579 72.535597 0.000000
1649622560488470292 72.556315 0.000000
1649622560594876417 72.335260 0.000000
1649622560667349507 72.384463 0.000000
1649622560738335448 144.913728 0.000000
1649622560778336259 72.543913 0.000000
1649622560995869861 72.567466 0.000000
1649622561068304278 72.430280 0.000000
1649622561174095010 72.418787 0.000000
1649622561246877740 145.105347 0.000000
1649622561319578886 72.549682 0.000000
1649622561358394066 72.597813 0.000000
1649622561392142715 72.592754 0.000000
1649622561536769425 72.454424 0.000000
1649622561536998324 72.417585 0.000000
1649622561681335802 72.485272 0.000000
1649622561827144417 72.589277 0.000000
1649622561865632413 144.575274 0.000000
1649622561972406708 72.527952 0.000000
1649622562043443725 72.545795 0.000000
1649622562228176633 72.430560 0.000000
1649622562261228969 72.343075 0.000000
1649622562261999293 72.563769 0.000000
1649622562300500173 72.322118 0.000000
1649622562406862526 72.455436 0.000000
1649622562479149015 144.520330 0.000000
1649622562479492028 72.390183 0.000000
1649622562662556770 144.575123 0.000000
1649622562768754925 72.443464 0.000000
1649622562768875341 144.633923 0.000000
1649622562985623871 144.570313 0.000000
1649622563058701674 72.419949 0.000000
1649622563131075908 72.575511 0.000000
1649622563169781221 72.497284 0.000000
1649622563275647243 72.399781 0.000000
1649622563275854412 72.381728 0.000000
1649622563314816937 72.441490 0.000000
1649622563347086094 144.541279 0.000000
1649622563348165217 144.678647 0.000000
1649622563420714018 72.332175 0.000000
1649622563492480463 72.369966 0.000000
1649622563565457277 72.417926 0.000000
1649622563637795973 72.737524 0.000000
1649622563710843079 73.244787 0.000000
1649622563783555507 72.638980 0.000000
1649622563783760060 72.571604 0.000000
1649622563929208761 72.640764 0.000000
1649622563999663686 72.485522 0.000000
1649622564072032771 72.459785 0.000000
1649622564073441071 144.638041 0.000000
1649622564218371420 72.476947 0.000000
1649622564218650092 72.317107 0.000000
1649622564329833674 72.403539 0.000000
1649622564436029325 72.422495 0.000000
1649622564436415529 72.583727 0.000000
1649622564436505207 72.668736 0.000000
1649622564579215493 72.547510 0.000000
1649622564581079117 72.431462 0.000000
1649622564581256730 72.453894 0.000000
1649622564691928031 144.797489 0.000000
1649622564692220740 72.552418 0.000000
1649622564798831348 72.580210 0.000000
1649622564943059732 144.525040 0.000000
1649622564981775434 144.688135 0.000000
1649622565086722544 72.465776 0.000000
1649622565088444853 72.379203 0.000000
1649622565088777757 72.381157 0.000000
1649622565233591377 72.401465 0.000000
1649622565306053806 72.417204 0.000000
1649622565376491379 144.591643 0.000000
1649622565450359544 72.399111 0.000000
1649622565488508334 144.675731 0.000000
1649622565595527478 72.398048 0.000000
1649622565812564058 72.577315 0.000000
1649622565812590317 72.586812 0.000000
1649622566102288260 72.416514 0.000000
1649622566172721585 72.450146 0.000000
1649622566174768372 72.475463 0.000000
1649622566391595519 144.714484 0.000000
1649622566392479006 72.522412 0.000000
1649622566534774144 144.703835 0.000000
1649622566574613423 72.417035 0.000000
1649622566599163879 72.547408 0.000000
1649622566744107242 72.413798 0.000000
1649622566751958962 144.622912 0.000000
1649622566754634187 72.379433 0.000000
1649622566826782107 144.531160 0.000000
1649622566969922370 72.531919 0.000000
1649622567105876190 144.717630 0.000000
1649622567106153249 72.454113 0.000000
1649622567187150058 144.703112 0.000000
1649622567250742057 144.666984 0.000000
1649622567333866515 72.571464 0.000000
1649622567443444086 72.384092 0.000000
1649622567478982652 72.545164 0.000000
1649622567612963553 144.809883 0.000000
1649622567661819927 72.368303 0.000000
1649622567696480407 72.500170 0.000000
1649622567734084355 144.641928 0.000000
1649622567806675034 72.394652 0.000000
1649622567841315217 72.442152 0.000000
1649622567913682187 72.403058 0.000000
1649622568016077312 144.640675 0.000000
1649622568160683854 144.498670 0.000000
1649622568203783565 72.599326 0.000000
1649622568783049075 72.434757 0.000000
1649622568845133558 72.761951 0.000000
1649622568927759020 144.661524 0.000000
1649622569062295233 144.860859 0.000000
1649622569145191663 72.370126 0.000000
1649622569247617166 72.577194 0.000000
1649622569247617156 72.598945 0.000000
1649622569464527298 72.365567 0.000000
1649622569537264543 72.357302 0.000000
1649622569560499032 72.559882 0.000000
1649622569714591317 144.749500 0.000000
1649622569796863397 72.324821 0.000000
1649622569850678446 72.557116 0.000000
1649622569922934188 144.667255 0.000000
1649622570004542554 144.652468 0.000000
1649622570044194652 72.546587 0.000000
1649622570303654425 144.779326 0.000000
1649622570533884429 72.369925 0.000000
1649622570801221810 144.745673 0.000000
1649622570840557064 72.434666 0.000000
1649622570873855009 144.619696 0.000000
1649622570896108429 72.455426 0.000000
1649622570955428359 144.715184 0.000000
1649622570955584362 72.398659 0.000000
1649622570985563816 72.442101 0.000000
1649622571028151227 72.378201 0.000000
1649622571163537844 72.379164 0.000000
1649622571202871254 72.555754 0.000000
1649622571236031992 72.488608 0.000000
1649622571275070980 72.456828 0.000000
1649622571364574457 144.629404 0.000000
1649622571492935974 72.416193 0.000000
1649622571525408051 144.657918 0.000000
1649622571607613475 144.835089 0.000000
1649622571709343514 72.401174 0.000000
1649622571782085637 144.580091 0.000000
1649622571926873559 72.436952 0.000000
1649622571926888968 72.448804 0.000000
1649622571960074392 72.501041 0.000000
1649622571981731755 72.544213 0.000000
1649622572032688256 72.679166 0.000000
1649622572250242877 72.448463 0.000000
1649622572271528462 72.444506 0.000000
1649622572288906802 72.512062 0.000000
1649622572331296532 144.591914 0.000000
1649622572343876947 144.762794 0.000000
1649622572361838200 72.492225 0.000000
1649622572394769548 144.678255 0.000000
1649622572415933766 72.498757 0.000000
1649622572554098360 144.877189 0.000000
1649622572579412057 72.482096 0.000000
1649622572612832362 72.694354 0.000000
1649622572650926409 144.556668 0.000000
1649622572651918339 72.500631 0.000000
1649622572724486917 72.492946 0.000000
1649622572724645495 72.614435 0.000000
1649622572844368104 145.393697 0.000000
1649622572885172523 72.454004 0.000000
1649622572916374038 72.432433 0.000000
1649622572975009294 72.626065 0.000000
1649622572975096748 72.470423 0.000000
1649622572989027825 144.653709 0.000000
1649622573014348726 72.444145 0.000000
1649622573133911486 72.678534 0.000000
1649622573263283257 72.514617 0.000000
1649622573495893643 144.692493 0.000000
1649622573625622202 144.724562 0.000000
1649622573699489816 72.572135 0.000000
1649622573755872790 72.598835 0.000000
1649622573879663928 144.533645 0.000000
1649622573916788708 144.570995 0.000000
1649622574045903225 72.423315 0.000000
1649622574061113010 72.430239 0.000000
1649622574118376214 72.514046 0.000000
1649622574278422692 72.458101 0.000000
1649622574298822656 72.526228 0.000000
1649622574459737182 72.525989 0.000000
1649622574480628508 144.795205 0.000000
1649622574510614864 72.519415 0.000000
1649622574713237391 72.416031 0.000000
1649622574822934807 72.456368 0.000000
1649622574879025864 72.526700 0.000000
1649622574967700026 72.380225 0.000000
1649622575060525360 72.497134 0.000000
1649622575132821237 72.439285 0.000000
1649622575163098139 72.395193 0.000000
1649622575313863186 72.617209 0.000000
1649622575385829455 72.214915 0.000000
1649622575690394018 72.378862 0.000000
1649622575762649770 144.601162 0.000000
1649622576031877225 72.526600 0.000000
1649622576110969542 144.673116 0.000000
1649622576197291485 72.403419 0.000000
1649622576233815448 144.673938 0.000000
1649622576249436394 72.641805 0.000000
1649622576269629631 72.364376 0.000000
1649622576394429510 72.452300 0.000000
1649622576509242206 72.398339 0.000000
1649622576581865386 144.823087 0.000000
1649622576582377406 72.776789 0.000000
1649622576654335950 72.455055 0.000000
1649622576763422661 72.488799 0.000000
1649622576849999821 144.688174 0.000000
1649622576908341558 72.369165 0.000000
1649622577190906567 144.721557 0.000000
1649622577270752608 144.835600 0.000000
1649622577343345061 72.461187 0.000000
1649622577415994721 72.661683 0.000000
1649622577561195516 72.574349 0.000000
1649622577573461533 72.360869 0.000000
1649622577626203100 72.544854 0.000000
1649622577698602952 72.398830 0.000000
1649622577705715096 144.707412 0.000000
1649622577719837361 72.455727 0.000000
1649622578007916347 144.671764 0.000000
1649622578067965524 72.424538 0.000000
1649622578079981772 144.537852 0.000000
1649622578080362887 72.329690 0.000000
1649622578224977513 72.346662 0.000000
1649622578226987291 72.366399 0.000000
1649622578284904742 144.623974 0.000000
1649622578442094353 144.560194 0.000000
1649622578514507500 72.387388 0.000000
1649622578792173004 72.572625 0.000000
1649622578856858984 144.624054 0.000000
1649622578905117657 72.478349 0.000000
1649622578936832294 144.654542 0.000000
1649622579049896882 72.403268 0.000000
1649622579081610648 72.343937 0.000000
1649622579094644322 72.598665 0.000000
1649622579154101730 72.487776 0.000000
1649622579239371159 72.445807 0.000000
1649622579298915931 144.798431 0.000000
1649622579411264887 72.436860 0.000000
1649622579500988096 72.418306 0.000000
1649622579573464642 72.457180 0.000000
1649622579588726274 144.640565 0.000000
1649622579601670811 144.603054 0.000000
1649622579773803848 72.510831 0.000000
1649622579790787308 72.373322 0.000000
1649622579805844797 144.609958 0.000000
1649622579819250629 72.531077 0.000000
1649622579846349663 72.510169 0.000000
1649622579863042769 144.596653 0.000000
1649622579878238417 72.388360 0.000000
1649622579887347785 72.384213 0.000000
1649622579951238133 144.906553 0.000000
1649622579982035450 144.739480 0.000000
1649622579990936478 144.577257 0.000000
1649622580007607742 72.476275 0.000000
1649622580054631059 72.337075 0.000000
1649622580272115268 72.760958 0.000000
1649622580442521658 144.767023 0.000000
1649622580466241637 144.556788 0.000000
1649622580489825721 72.392588 0.000000
1649622580659883547 144.917163 0.000000
1649622580659948659 72.364345 0.000000
1649622580683200080 144.600169 0.000000
1649622580876539283 144.573550 0.000000
1649622580924173064 144.672255 0.000000
1649622580940037736 72.487407 0.000000
1649622581109545441 144.696950 0.000000
1649622581109642563 144.809120 0.000000
1649622581229720960 72.656903 0.000000
1649622581311252251 72.611008 0.000000
1649622581406808186 144.863924 0.000000
1649622581407478061 72.875994 0.000000
1649622581544042044 144.694666 0.000000
1649622581905983224 144.815583 0.000000
1649622581913635290 72.536337 0.000000
1649622582051392501 144.676744 0.000000
1649622582147605155 72.451891 0.000000
1649622582171064124 144.856740 0.000000
1649622582243330406 144.761462 0.000000
1649622582373497617 72.379834 0.000000
1649622582558239262 144.794434 0.000000
1649622582581217430 72.571984 0.000000
1649622582750267277 72.503707 0.000000
1649622582776122719 72.643989 0.000000
1649622582776209051 145.085509 0.000000
1649622583065955954 72.324179 0.000000
1649622583137969692 72.487225 0.000000
1649622583314673898 72.502154 0.000000
1649622583459257226 144.573760 0.000000
1649622583483614239 72.640102 0.000000
1649622583500059451 144.746866 0.000000
1649622583572524173 144.857702 0.000000
1649622583596045461 144.649061 0.000000
1649622583692661471 72.428025 0.000000
1649622583716210309 144.846912 0.000000
1649622583814043111 72.584527 0.000000
1649622583862333584 144.897457 0.000000
1649622583982266278 72.536418 0.000000
1649622584054355648 144.598086 0.000000
1649622584070373848 144.554674 0.000000
1649622584095745132 72.461016 0.000000
1649622584224518390 72.381687 0.000000
1649622584248369535 72.493256 0.000000
1649622584368658447 144.517504 0.000000
1649622584400662296 144.524547 0.000000
1649622584401058148 144.673997 0.000000
1649622584473225774 72.557448 0.000000
1649622584546503843 72.484190 0.000000
1649622584586056745 72.533683 0.000000
1649622584602999738 72.567636 0.000000
1649622584658618249 72.555032 0.000000
1649622584747866437 72.307909 0.000000
1649622584835985118 72.479291 0.000000
1649622585109786076 72.404842 0.000000
1649622585197818315 72.450286 0.000000
1649622585198101135 72.382118 0.000000
1649622585285795780 72.636696 0.000000
1649622585326458142 72.422465 0.000000
1649622585415128848 144.927463 0.000000
1649622585430640208 144.790927 0.000000
1649622585447788456 144.642198 0.000000
1649622585529225300 144.556096 0.000000
1649622585560455089 72.358836 0.000000
1649622585672724165 72.336142 0.000000
1649622585720618505 72.450005 0.000000
1649622585818536426 144.903829 0.000000
1649622585850068041 72.542429 0.000000
1649622585890606690 144.856229 0.000000
1649622585963205284 72.487235 0.000000
1649622586124633602 72.602672 0.000000
1649622586139744361 72.594377 0.000000
1649622586155540825 144.654010 0.000000
1649622586155540945 144.687193 0.000000
1649622586211604541 72.644511 0.000000
1649622586212082598 72.608934 0.000000
1649622586212181543 72.430940 0.000000
1649622586228040805 72.482366 0.000000
1649622586253034632 72.435368 0.000000
1649622586283793167 144.812037 0.000000
1649622586300754575 72.495482 0.000000
1649622586373212045 72.723949 0.000000
1649622586396970857 144.881096 0.000000
1649622586558722220 72.401134 0.000000
1649622586614682732 144.622631 0.000000
1649622586647143828 144.895403 0.000000
1649622586792132447 144.781009 0.000000
1649622586832016038 72.436600 0.000000
1649622586976811143 144.791959 0.000000
1649622587138844475 72.498266 0.000000
1649622587194657660 72.674475 0.000000
1649622587411799177 144.674749 0.000000
1649622587412425260 72.504969 0.000000
1649622587443850194 72.390073 0.000000
1649622587484485495 144.673467 0.000000
1649622587501114110 72.484260 0.000000
1649622587501141742 72.495591 0.000000
1649622587604133936 72.366508 0.000000
1649622587629739740 72.525958 0.000000
1649622587774369606 144.625938 0.000000
1649622587806388152 72.438023 0.000000
1649622587846995080 144.887639 0.000000
1649622587992563535 144.745071 0.000000
1649622588023818791 72.420841 0.000000
1649622588137616894 72.464303 0.000000
1649622588153717949 72.405683 0.000000
1649622588282665203 72.501382 0.000000
1649622588298901833 72.635233 0.000000
1649622588588532989 72.351732 0.000000
1649622588878342650 72.412736 0.000000
1649622589023463344 72.653877 0.000000
1649622589055554367 72.579258 0.000000
1649622589055555389 72.608743 0.000000
1649622589127783698 144.801486 0.000000
1649622589183120772 72.377300 0.000000
1649622589200164845 144.629975 0.000000
1649622589296850517 144.844477 0.000000
1649622589458356480 72.392347 0.000000
1649622589472593211 144.639623 0.000000
1649622589472819395 72.385164 0.000000
1649622589562456101 72.411864 0.000000
1649622589603480862 72.426181 0.000000
1649622589747866560 144.783564 0.000000
1649622589965894928 72.738987 0.000000
1649622590037634762 72.423636 0.000000
1649622590037979759 144.949784 0.000000
1649622590255713025 72.620525 0.000000
1649622590255725819 72.595749 0.000000
1649622590328419221 72.595168 0.000000
1649622590400920402 72.375515 0.000000
1649622590433052672 72.628300 0.000000
1649622590545740664 72.671421 0.000000
1649622590546088967 72.442251 0.000000
1649622590890970243 144.532943 0.000000
1649622590921501782 72.377730 0.000000
1649622590940792377 144.873641 0.000000
1649622590980526709 144.547562 0.000000
1649622590993830921 72.321175 0.000000
1649622591053126396 72.382008 0.000000
1649622591125290405 72.377479 0.000000
1649622591179949807 72.402056 0.000000
1649622591252564251 72.752041 0.000000
1649622591559860174 72.421582 0.000000
1649622591882767555 144.579951 0.000000
1649622591882903370 72.404721 0.000000
1649622591922253711 72.531448 0.000000
1649622591955210978 144.648510 0.000000
1649622591993522222 72.618271 0.000000
1649622591994898913 144.789453 0.000000
1649622592049265697 72.452891 0.000000
1649622592120642331 72.457961 0.000000
1649622592172310796 144.602003 0.000000
1649622592410315385 72.549272 0.000000
1649622592411127657 72.523163 0.000000
1649622592462419107 72.368273 0.000000
1649622592501709676 144.629684 0.000000
1649622592574366430 72.369696 0.000000
1649622592604686963 72.407476 0.000000
1649622592773428661 72.459143 0.000000
1649622592773459479 72.407646 0.000000
1649622592896927721 144.776239 0.000000
1649622593062208381 72.421091 0.000000
1649622593081794280 72.354547 0.000000
1649622593256827353 72.414569 0.000000
1649622593259080006 72.364335 0.000000
1649622593280257008 144.535889 0.000000
1649622593331579865 72.591430 0.000000
1649622593352334816 72.616208 0.000000
1649622593516395708 72.443683 0.000000
1649622593693683589 144.678737 0.000000
1649622593764075576 72.516500 0.000000
1649622593787244182 144.702502 0.000000
1649622593908762818 144.681121 0.000000
1649622593911062149 144.584139 0.000000
1649622594023544166 72.466758 0.000000
1649622594053575205 144.806266 0.000000
1649622594126612903 72.404090 0.000000
1649622594198814793 72.422765 0.000000
1649622594221506745 144.658759 0.000000
1649622594240960065 72.414188 0.000000
1649622594241061615 72.481424 0.000000
1649622594313465806 72.400754 0.000000
1649622594366097336 144.580973 0.000000
1649622594416478158 144.756392 0.000000
1649622594416488287 144.678346 0.000000
1649622594416687951 72.480844 0.000000
1649622594553628039 72.496212 0.000000
1649622594563254426 72.521269 0.000000
1649622594609817220 72.418286 0.000000
1649622594708067404 72.481955 0.000000
1649622594801756377 72.396064 0.000000
1649622594820699912 72.452390 0.000000
1649622594874558834 72.792378 0.000000
1649622595060871163 72.512002 0.000000
1649622595164304905 144.729611 0.000000
1649622595278164062 72.589367 0.000000
1649622595664478896 72.514747 0.000000
1649622595768947709 72.501142 0.000000
1649622595816108724 72.443283 0.000000
1649622595889103451 72.557167 0.000000
1649622595961641411 72.515678 0.000000
1649622595961665636 145.022971 0.000000
1649622596034145628 144.690608 0.000000
1649622596058612247 72.467268 0.000000
1649622596083877864 72.587604 0.000000
1649622596106417920 144.745492 0.000000
1649622596219396908 145.055122 0.000000
1649622596228617103 144.720455 0.000000
1649622596467759095 72.407386 0.000000
1649622596468955197 72.363172 0.000000
1649622596597674403 144.625216 0.000000
1649622596726515659 72.475123 0.000000
1649622596742343822 144.659490 0.000000
1649622596758191082 72.430589 0.000000
1649622596798826513 72.333517 0.000000
1649622597144659744 144.583348 0.000000
1649622597176733895 72.385315 0.000000
1649622597192381750 72.559511 0.000000
1649622597361928849 72.319561 0.000000
1649622597378118249 72.528924 0.000000
1649622597466228113 144.582005 0.000000
1649622597698996486 72.636496 0.000000
1649622597795994172 144.654561 0.000000
1649622597812578353 72.585589 0.000000
1649622597828378835 144.622871 0.000000
1649622597885347296 72.592002 0.000000
1649622597941151355 72.477127 0.000000
1649622597973204627 72.397938 0.000000
1649622598102078042 144.541308 0.000000
1649622598102464948 72.493617 0.000000
1649622598133878650 72.762902 0.000000
1649622598206143890 145.203671 0.000000
1649622598350922212 144.769456 0.000000
1649622598464053836 72.271030 0.000000
1649622598495931108 72.714472 0.000000
1649622598511698147 72.496644 0.000000
1649622598568033712 144.975924 0.000000
1649622598639977659 144.749960 0.000000
1649622598826498558 144.948512 0.000000
1649622598899106120 72.597232 0.000000
1649622599027813303 72.405001 0.000000
1649622599043889953 144.707610 0.000000
1649622599116272241 144.797829 0.000000
1649622599116324409 72.350639 0.000000
1649622599219846427 72.541858 0.000000
1649622599607906632 72.530205 0.000000
1649622599752717938 144.811496 0.000000
1649622599825197719 144.679297 0.000000
1649622599841215468 72.417184 0.000000
1649622599913396920 72.621387 0.000000
1649622599913470277 144.611620 0.000000
1649622599930481760 72.489490 0.000000
1649622600058673597 72.433725 0.000000
1649622600059051866 72.489369 0.000000
1649622600090294108 72.513815 0.000000
1649622600130585023 144.658739 0.000000
1649622600131102212 144.533623 0.000000
1649622600364636099 144.714704 0.000000
1649622600380653198 72.594647 0.000000
1649622600420943172 72.407467 0.000000
1649622600493725710 72.427003 0.000000
1649622600727286378 72.650241 0.000000
1649622600743197828 72.385264 0.000000
1649622600783675984 72.414398 0.000000
1649622600815647783 144.845098 0.000000
1649622601073399342 72.503305 0.000000
1649622601089464631 144.838746 0.000000
1649622601105373176 72.492215 0.000000
1649622601144953058 144.640033 0.000000
1649622601145781591 72.372340 0.000000
1649622601162133106 72.626977 0.000000
1649622601291198561 72.416462 0.000000
1649622601379711050 72.604625 0.000000
1649622601395127903 72.536908 0.000000
1649622601426871735 72.415531 0.000000
1649622601524599299 72.534744 0.000000
1649622601644189571 72.530978 0.000000
1649622601652089160 144.661144 0.000000
1649622601669205800 72.519556 0.000000
1649622601669451841 144.685650 0.000000
1649622601757520427 72.548982 0.000000
1649622601814264408 72.503675 0.000000
1649622601869183758 144.627570 0.000000
1649622601886830491 72.320283 0.000000
1649622601887158105 72.547579 0.000000
1649622602104773319 72.534774 0.000000
1649622602151913425 72.628119 0.000000
1649622602176995447 72.463090 0.000000
1649622602264899866 72.575732 0.000000
1649622602376263054 144.736093 0.000000
1649622602394771353 72.808238 0.000000
1649622602482026754 72.581662 0.000000
1649622602594078403 72.499798 0.000000
1649622602594110984 72.498095 0.000000
1649622602594202065 72.601199 0.000000
1649622602626932767 72.418125 0.000000
1649622602627157228 72.446359 0.000000
1649622602666636180 72.520507 0.000000
1649622602876743940 72.460746 0.000000
1649622602917096721 144.826152 0.000000
1649622602989258877 144.901985 0.000000
1649622603021496174 144.986263 0.000000
1649622603102551432 72.635073 0.000000
1649622603150452354 72.640844 0.000000
1649622603150484705 72.525938 0.000000
1649622603174607208 144.693324 0.000000
1649622603175112796 72.448752 0.000000
1649622603222337510 144.542580 0.000000
1649622603295172357 72.700064 0.000000
1649622603311315201 144.741894 0.000000
1649622603367838498 72.394301 0.000000
1649622603464840132 72.584558 0.000000
1649622603585138962 72.533432 0.000000
1649622603625441279 144.683536 0.000000
1649622603673870440 144.860006 0.000000
1649622603874820552 72.390965 0.000000
1649622604004533381 72.552809 0.000000
1649622604019573978 72.428395 0.000000
1649622604044027773 72.496462 0.000000
1649622604181095260 72.718769 0.000000
1649622604350267084 72.405833 0.000000
1649622604398209784 144.687141 0.000000
1649622604584217873 144.872360 0.000000
1649622604656892289 144.922082 0.000000
1649622604785093644 72.438664 0.000000
1649622604945533579 144.527483 0.000000
1649622604984901854 72.336803 0.000000
1649622605129897424 72.430418 0.000000
1649622605235105463 144.605579 0.000000
1649622605235822066 144.582837 0.000000
1649622605308147969 72.320913 0.000000
1649622605364169336 144.705387 0.000000
1649622605395561918 72.414489 0.000000
1649622605467974804 72.469071 0.000000
1649622605492192927 72.549211 0.000000
1649622605598281787 72.463883 0.000000
1649622605685428084 144.855106 0.000000
1649622605774024901 72.497524 0.000000
1649622605829979692 144.538834 0.000000
1649622605888207214 72.721134 0.000000
1649622606016176715 72.499769 0.000000
1649622606033160725 72.479059 0.000000
1649622606063587177 72.447431 0.000000
1649622606088613024 72.430438 0.000000
1649622606146380624 144.875264 0.000000
1649622606161240463 72.492416 0.000000
1649622606250254401 72.342153 0.000000
1649622606250663007 72.446879 0.000000
1649622606291121927 144.669148 0.000000
1649622606322755422 72.493106 0.000000
1649622606337999901 72.517521 0.000000
1649622606395160634 72.344798 0.000000
1649622606523110568 144.595200 0.000000
1649622606523289663 144.695078 0.000000
1649622606539333702 72.568769 0.000000
1649622606555746242 72.463622 0.000000
1649622606629004482 72.384392 0.000000
1649622606684940097 144.828939 0.000000
1649622606725977131 144.697030 0.000000
1649622606757483568 144.689757 0.000000
1649622606773091920 144.679518 0.000000
1649622606789345671 144.648198 0.000000
1649622606903034800 72.407366 0.000000
1649622606958285591 72.462078 0.000000
1649622607030832408 72.501302 0.000000
1649622607046624844 144.642448 0.000000
1649622607047864338 72.450195 0.000000
1649622607120111243 72.393761 0.000000
1649622607120565846 72.694204 0.000000
1649622607175645936 72.404360 0.000000
1649622607223075065 144.586023 0.000000
1649622607223880765 72.440789 0.000000
1649622607305814490 72.591080 0.000000
1649622607337773094 144.917093 0.000000
1649622607337804643 72.363022 0.000000
1649622607377700097 144.547550 0.000000
1649622607410297950 72.508025 0.000000
1649622607482337696 144.581535 0.000000
1649622607482833326 144.707591 0.000000
1649622607740171780 72.380886 0.000000
1649622607772723126 72.380977 0.000000
1649622607788040822 72.377409 0.000000
1649622607803257079 72.525818 0.000000
1649622607812757810 72.339007 0.000000
1649622607860316130 144.665541 0.000000
1649622608174749744 72.443053 0.000000
1649622608408796803 72.357031 0.000000
1649622608439734403 72.426291 0.000000
1649622608551872844 72.568098 0.000000
1649622608609276622 144.714022 0.000000
1649622608610094946 144.777852 0.000000
1649622608714477627 72.433113 0.000000
1649622608785224610 72.413988 0.000000
1649622608899929623 72.490702 0.000000
1649622608931654870 72.338176 0.000000
1649622608963355601 72.566304 0.000000
1649622609005066928 72.429166 0.000000
1649622609074967925 72.392057 0.000000
1649622609180271763 72.556334 0.000000
1649622609219880890 72.603564 0.000000
1649622609236843662 72.731453 0.000000
1649622609262173358 72.362251 0.000000
1649622609397572848 72.426982 0.000000
1649622609397822466 72.415721 0.000000
1649622609480691985 72.340941 0.000000
1649622609687302869 144.619365 0.000000
1649622609726984151 72.555854 0.000000
1649622609914464219 72.380456 0.000000
1649622609944224051 72.448012 0.000000
1649622609986215614 144.612742 0.000000
1649622609986899076 72.501582 0.000000
1649622610017961289 72.458902 0.000000
1649622610059237572 72.484841 0.000000
1649622610178154140 72.431510 0.000000
1649622610233974600 72.324751 0.000000
1649622610275940896 72.475043 0.000000
1649622610276246789 144.616629 0.000000
1649622610339292494 72.585410 0.000000
1649622610395457249 72.371408 0.000000
1649622610467866087 72.430879 0.000000
1649622610493901818 144.858774 0.000000
1649622610612755919 72.358103 0.000000
1649622610773475257 144.510170 0.000000
1649622610814181471 72.407115 0.000000
1649622610958278556 144.682853 0.000000
1649622610959124111 72.533182 0.000000
1649622610990801148 144.635214 0.000000
1649622611072631439 72.352953 0.000000
1649622611104128748 72.415411 0.000000
1649622611135744180 72.526619 0.000000
1649622611163810046 144.688564 0.000000
1649622611175712059 72.448173 0.000000
1649622611554924206 72.512432 0.000000
1649622611627283622 72.375236 0.000000
1649622611652953686 72.536137 0.000000
1649622611756366219 72.394883 0.000000
1649622611828216470 72.380836 0.000000
1649622611860247289 72.433985 0.000000
1649622611917089734 144.775117 0.000000
1649622611973673665 144.585992 0.000000
1649622612015372961 72.455386 0.000000
1649622612178455960 72.462779 0.000000
1649622612232799060 72.448974 0.000000
1649622612262896675 72.381216 0.000000
1649622612279569432 144.676561 0.000000
1649622612334447465 72.353836 0.000000
1649622612406819845 72.368122 0.000000
1649622612468608503 72.414659 0.000000
1649622612596833282 72.410291 0.000000
1649622612625026046 144.641005 0.000000
1649622612656960836 144.778984 0.000000
1649622612657102822 72.371529 0.000000
1649622612696269209 144.542882 0.000000
1649622612842292916 144.824369 0.000000
1649622612842382464 144.750781 0.000000
1649622612842456854 72.432092 0.000000
1649622612902753965 72.378301 0.000000
1649622613104004539 144.669047 0.000000
1649622613120440061 144.981283 0.000000
1649622613174435299 144.773263 0.000000
1649622613221751786 72.616498 0.000000
1649622613264936356 72.478519 0.000000
1649622613527740016 144.793922 0.000000
1649622613672885216 72.536447 0.000000
1649622613713176362 72.473970 0.000000
1649622613729424072 72.611909 0.000000
1649622613828799867 72.399721 0.000000
1649622613973802480 144.699264 0.000000
1649622614035522590 72.532059 0.000000
1649622614061755139 72.613131 0.000000
1649622614075445414 144.786608 0.000000
1649622614163884666 144.606260 0.000000
1649622614236714804 72.445908 0.000000
1649622614397582400 144.778884 0.000000
1649622614397674673 72.494679 0.000000
1649622614424794325 72.440046 0.000000
1649622614480898396 144.503788 0.000000
1649622614727609958 144.884782 0.000000
1649622614816145900 72.403989 0.000000
1649622614832366900 72.566053 0.000000
1649622615017222308 144.823087 0.000000
1649622615076355637 144.535468 0.000000
1649622615076670498 72.341632 0.000000
1649622615105957413 72.511390 0.000000
1649622615234296226 72.431561 0.000000
1649622615267024403 72.578907 0.000000
1649622615293657183 144.635555 0.000000
1649622615339062135 72.332514 0.000000
1649622615365873330 144.606250 0.000000
1649622615438711653 72.288362 0.000000
1649622615702412094 72.674647 0.000000
1649622615773429454 144.541268 0.000000
1649622615930555726 72.547017 0.000000
1649622616017684790 144.596922 0.000000
1649622616063435892 144.764466 0.000000
1649622616075227318 144.712249 0.000000
1649622616248520910 72.400583 0.000000
1649622616370296628 72.627869 0.000000
1649622616426604932 72.692921 0.000000
1649622616427651444 72.470294 0.000000
1649622616465711657 72.416784 0.000000
1649622616510996936 72.363052 0.000000
1649622616538059170 72.343675 0.000000
1649622616683032929 72.553298 0.000000
1649622616789117381 72.406905 0.000000
1649622616800714152 72.480733 0.000000
1649622616861821683 72.501462 0.000000
1649622616893016285 72.405792 0.000000
1649622616933430361 72.573978 0.000000
1649622617017942550 72.317888 0.000000
1649622617037662711 144.637149 0.000000
1649622617045075417 144.709203 0.000000
1649622617078328258 72.454503 0.000000
1649622617090325950 72.381367 0.000000
1649622617151514513 72.479792 0.000000
1649622617189684252 144.603535 0.000000
1649622617224279079 72.381688 0.000000
1649622617452283730 144.663287 0.000000
1649622617472318249 144.778142 0.000000
1649622617572260986 72.540174 0.000000
1649622617586176705 72.536407 0.000000
1649622617597515873 72.307408 0.000000
1649622617597833648 72.469542 0.000000
1649622617658153292 72.425028 0.000000
1649622617658212714 72.516921 0.000000
1649622617658696621 72.513745 0.000000
1649622617670365057 72.524596 0.000000
1649622617682550421 72.571423 0.000000
1649622617730648713 72.486064 0.000000
1649622617730920543 144.728680 0.000000
1649622617899645329 144.562488 0.000000
1649622617959929005 72.615635 0.000000
1649622618021589313 144.562498 0.000000
1649622618021940922 72.442481 0.000000
1649622618104791987 144.912004 0.000000
1649622618196743773 144.760740 0.000000
1649622618238076842 144.561246 0.000000
1649622618250104531 72.369284 0.000000
1649622618322331919 144.988446 0.000000
1649622618341444059 144.691229 0.000000
1649622618479241063 72.614153 0.000000
1649622618540107393 72.514988 0.000000
1649622618591366730 144.711678 0.000000
1649622618624172564 144.952359 0.000000
1649622618624254878 72.512854 0.000000
1649622618672446515 144.773764 0.000000
1649622618769478204 72.551205 0.000000
1649622618817468143 72.639932 0.000000
1649622618876134428 144.670230 0.000000
1649622618890024197 72.616488 0.000000
1649622618962545807 72.445697 0.000000
1649622619063698703 72.423065 0.000000
1649622619207896377 72.452249 0.000000
1649622619325004305 72.638429 0.000000
1649622619368548549 72.541377 0.000000
1649622619396583086 144.691981 0.000000
1649622619440661983 72.369344 0.000000
1649622619513193742 144.664850 0.000000
1649622619547834344 72.390463 0.000000
1649622619573778423 72.670659 0.000000
1649622619576866191 72.451397 0.000000
1649622619626992135 72.410892 0.000000
1649622619734802241 72.426151 0.000000
1649622619734898532 72.529064 0.000000
1649622619778288156 77.934306 0.000000
1649622619806491952 79.978149 0.000000
1649622619878995998 72.463110 0.000000
1649622619951715949 72.281218 0.000000
1649622620007973558 72.363113 0.000000
1649622620171008297 146.919848 0.000000
1649622620315745332 72.411633 0.000000
1649622620316263644 72.612881 0.000000
1649622620316765845 72.363333 0.000000
1649622620390094978 73.349492 0.000000
1649622620462291619 145.523018 0.000000
1649622620752540521 72.580540 0.000000
1649622620826207549 144.958260 0.000000
1649622620826324007 72.662504 0.000000
1649622620929468897 72.457268 0.000000
1649622620969889756 72.407395 0.000000
1649622621042252117 144.662455 0.000000
1649622621042401197 72.439316 0.000000
1649622621044010985 72.585991 0.000000
1649622621114875748 72.470774 0.000000
1649622621116606493 72.591210 0.000000
1649622621187127421 144.709633 0.000000
1649622621261905291 72.520358 0.000000
1649622621477002594 72.444155 0.000000
1649622621581435489 144.600399 0.000000
1649622621622062384 72.538271 0.000000
1649622621622476530 144.898718 0.000000
1649622621768449713 144.741514 0.000000
1649622621768768691 72.477837 0.000000
1649622621912211139 72.458070 0.000000
1649622621944609077 72.599746 0.000000
1649622622057290626 72.564700 0.000000
1649622622202551653 72.692319 0.000000
1649622622202738864 72.879500 0.000000
1649622622202839513 72.577424 0.000000
1649622622275070518 145.005930 0.000000
1649622622420097155 144.846019 0.000000
1649622622524183471 72.554150 0.000000
1649622622669009803 144.838205 0.000000
1649622622669028679 72.566173 0.000000
1649622622709792911 72.357663 0.000000
1649622622710119534 72.443814 0.000000
1649622622782008066 72.452500 0.000000
1649622622782584818 72.461978 0.000000
1649622622782665008 72.552047 0.000000
1649622622855207737 72.570812 0.000000
1649622622914368328 72.598173 0.000000
1649622623031309824 145.180577 0.000000
1649622623217395677 144.864934 0.000000
1649622623317969077 144.802788 0.000000
1649622623390136232 72.376517 0.000000
1649622623390764129 72.928693 0.000000
1649622623463006876 144.945235 0.000000
1649622623463336894 72.751691 0.000000
1649622623535538303 145.020066 0.000000
1649622623608320342 72.637357 0.000000
1649622623841963272 72.501062 0.000000
1649622623880250090 72.523342 0.000000
1649622623970709208 72.469441 0.000000
1649622624042936536 72.403689 0.000000
1649622624114826241 144.597163 0.000000
1649622624189890116 144.702891 0.000000
1649622624262327448 72.448493 0.000000
1649622624315422257 72.626315 0.000000
1649622624332274651 72.560001 0.000000
1649622624460089491 144.682644 0.000000
1649622624493032821 144.748416 0.000000
1649622624552353423 72.558058 0.000000
1649622624698279867 144.654320 0.000000
1649622624894595649 72.553349 0.000000
1649622625055602797 72.490722 0.000000
1649622625057036765 144.650302 0.000000
1649622625093511717 72.495321 0.000000
1649622625128086705 72.477908 0.000000
1649622625132960062 144.785796 0.000000
1649622625329125542 72.436891 0.000000
1649622625495320646 72.538782 0.000000
1649622625597044382 72.471316 0.000000
1649622625600827434 72.597281 0.000000
1649622625689099852 144.818507 0.000000
1649622625761457554 72.349297 0.000000
1649622625814267019 72.573026 0.000000
1649622625854707053 72.451367 0.000000
1649622625886741139 72.498807 0.000000
1649622625942480236 72.382780 0.000000
1649622626053746312 144.705166 0.000000
1649622626071999080 72.501622 0.000000
1649622626180281993 72.506271 0.000000
1649622626216831615 72.438835 0.000000
1649622626219940463 72.393570 0.000000
1649622626232061607 72.405681 0.000000
1649622626365038545 72.431441 0.000000
1649622626449160602 144.575512 0.000000
1649622626649516278 72.446939 0.000000
1649622626666225533 144.593876 0.000000
1649622626828199713 72.447962 0.000000
1649622626833303432 72.573657 0.000000
1649622626872056373 72.522261 0.000000
1649622627173669982 72.454864 0.000000
1649622627190453918 72.405442 0.000000
1649622627195560682 72.503696 0.000000
1649622627283488834 144.740371 0.000000
1649622627307074241 72.520898 0.000000
1649622627334996538 72.349226 0.000000
1649622627356000565 72.502474 0.000000
1649622627407522205 144.686350 0.000000
1649622627452030788 72.472999 0.000000
1649622627624653581 144.681470 0.000000
1649622627645824732 144.872269 0.000000
1649622627686095659 72.483238 0.000000
1649622627697404450 72.386175 0.000000
1649622627847197173 144.847952 0.000000
1649622627987179364 72.472968 0.000000
1649622628008398074 72.383971 0.000000
1649622628059536856 72.354927 0.000000
1649622628170297274 72.400313 0.000000
1649622628242795780 72.458772 0.000000
1649622628248866862 144.596832 0.000000
1649622628349317260 72.396926 0.000000
1649622628349528607 72.497705 0.000000
1649622628421928528 72.395633 0.000000
1649622628466437521 72.643689 0.000000
1649622628566704185 72.420409 0.000000
1649622628572094871 72.518933 0.000000
1649622628611379009 72.483468 0.000000
1649622628644481137 72.379804 0.000000
1649622628675113966 72.519355 0.000000
1649622628716854930 72.366760 0.000000
1649622628716961590 144.591393 0.000000
1649622628747440870 72.572084 0.000000
1649622628756110614 72.332896 0.000000
1649622628856162636 72.361129 0.000000
1649622629117941134 72.391916 0.000000
1649622629224027428 144.628962 0.000000
1649622629286646924 72.536537 0.000000
1649622629290716613 72.463221 0.000000
1649622629633256618 144.698052 0.000000
1649622629658984512 72.372571 0.000000
1649622629731382369 72.392156 0.000000
1649622629794116580 144.582636 0.000000
1649622629803784084 72.393038 0.000000
1649622629843240174 72.401885 0.000000
1649622629850643042 144.583957 0.000000
1649622629876069711 144.654119 0.000000
1649622629876195306 72.404619 0.000000
1649622629988304272 72.356681 0.000000
1649622630021022210 72.483769 0.000000
1649622630068021972 144.894971 0.000000
1649622630133100839 72.430109 0.000000
1649622630156464499 72.515919 0.000000
1649622630205547337 72.439916 0.000000
1649622630228796243 72.344908 0.000000
1649622630285689533 72.596219 0.000000
1649622630376916911 72.542679 0.000000
1649622630648163158 72.654748 0.000000
1649622630736176170 72.463992 0.000000
1649622630811238573 72.522732 0.000000
1649622630937971635 144.739169 0.000000
1649622631025857940 144.597694 0.000000
1649622631028462122 72.366659 0.000000
1649622631155301132 72.455145 0.000000
1649622631284838101 72.459132 0.000000
1649622631292462655 144.622199 0.000000
1649622631292751417 72.407306 0.000000
1649622631445271502 72.361419 0.000000
1649622631510260130 72.472177 0.000000
1649622631517738760 72.448492 0.000000
1649622631608056072 72.369504 0.000000
1649622631647067699 72.459813 0.000000
1649622631727229983 144.503007 0.000000
1649622631880262108 72.458811 0.000000
1649622632024539192 72.402687 0.000000
1649622632042799394 72.563157 0.000000
1649622632096828545 72.383570 0.000000
1649622632242354389 72.541166 0.000000
1649622632259988258 144.608013 0.000000
1649622632307007206 72.367290 0.000000
1649622632386429352 72.308529 0.000000
1649622632404909157 72.407676 0.000000
1649622632515652934 72.376517 0.000000
1649622632549799669 72.534724 0.000000
1649622632660421117 72.348013 0.000000
1649622632660552804 72.446398 0.000000
1649622632748490404 72.428576 0.000000
1649622632886408646 72.654860 0.000000
1649622632893988205 72.520297 0.000000
1649622632984524878 72.451818 0.000000
1649622632984576175 72.500541 0.000000
1649622633038066455 72.407094 0.000000
1649622633057084860 72.502053 0.000000
1649622633321207943 72.573467 0.000000
1649622633400213578 72.466686 0.000000
1649622633466399049 72.784602 0.000000
1649622633473411916 72.481164 0.000000
1649622633781751464 72.416923 0.000000
1649622633835406544 72.433294 0.000000
1649622633901179901 144.579790 0.000000
1649622633907096504 72.419578 0.000000
1649622633926838795 72.581281 0.000000
1649622634191046838 72.464984 0.000000
1649622634191172653 72.564080 0.000000
1649622634263604585 144.924356 0.000000
1649622634263619663 72.443723 0.000000
1649622634326836008 72.496694 0.000000
1649622634335316166 72.498677 0.000000
1649622634399387894 72.547718 0.000000
1649622634407783683 72.465725 0.000000
1649622634408448850 72.413377 0.000000
1649622634413714763 144.631807 0.000000
1649622634480907923 144.650734 0.000000
1649622634486356498 72.514536 0.000000
1649622634698427105 72.399731 0.000000
1649622634703970718 72.417795 0.000000
1649622634704082598 72.546085 0.000000
1649622634843161966 72.547107 0.000000
1649622634978962056 72.435939 0.000000
1649622635051377467 144.912824 0.000000
1649622635066196438 72.386976 0.000000
1649622635132818819 144.599177 0.000000
1649622635268891190 72.589718 0.000000
1649622635268944890 72.374044 0.000000
1649622635355523052 144.571164 0.000000
1649622635500496901 144.657085 0.000000
1649622635630568071 144.545405 0.000000
1649622635712492367 72.427653 0.000000
1649622635848400441 72.404140 0.000000
1649622635857391296 72.671089 0.000000
1649622635935210557 72.333286 0.000000
1649622636065417381 72.323598 0.000000
1649622636152102564 144.525558 0.000000
1649622636282314838 144.543262 0.000000
1649622636364025535 72.353634 0.000000
1649622636393368315 72.479320 0.000000
1649622636408697133 72.479390 0.000000
1649622636426396675 144.547630 0.000000
1649622636481121289 144.871317 0.000000
1649622636571610504 72.348826 0.000000
1649622636716569124 72.444856 0.000000
1649622636828053067 72.380725 0.000000
1649622636843284232 72.436631 0.000000
1649622636876970616 72.410662 0.000000
1649622636949355178 72.357261 0.000000
1649622637006568348 72.573387 0.000000
1649622637087802421 144.497316 0.000000
1649622637133063254 72.349617 0.000000
1649622637383990548 72.357161 0.000000
1649622637522224471 144.769566 0.000000
1649622637803820180 72.408517 0.000000
1649622637884426577 72.384172 0.000000
1649622637946162856 72.377398 0.000000
1649622637948313999 144.491554 0.000000
1649622637948386304 72.426270 0.000000
1649622638018603503 72.375355 0.000000
1649622638060348985 72.586581 0.000000
1649622638092952128 144.634172 0.000000
1649622638101360221 144.799282 0.000000
1649622638174308881 72.460064 0.000000
1649622638325369822 72.373081 0.000000
1649622638463699134 144.569641 0.000000
1649622638527366304 72.401675 0.000000
1649622638536352250 72.641975 0.000000
1649622638567423099 72.483558 0.000000
1649622638670871208 72.423906 0.000000
1649622638785285666 72.796615 0.000000
1649622638826115501 72.566974 0.000000
1649622638971184639 72.466086 0.000000
1649622639121873311 72.596850 0.000000
1649622639251166453 72.475012 0.000000
1649622639396596937 144.701417 0.000000
1649622639484006638 72.399551 0.000000
1649622639628836496 144.698363 0.000000
1649622639695643883 72.377108 0.000000
1649622639696041118 72.629401 0.000000
1649622639758880316 72.431771 0.000000
1649622639840577707 72.349547 0.000000
1649622639846428055 72.431681 0.000000
1649622639913178144 72.598072 0.000000
1649622639975875355 72.477437 0.000000
1649622639976404758 72.551886 0.000000
1649622639985534493 72.302638 0.000000
1649622640016612176 72.514165 0.000000
1649622640058019094 72.520328 0.000000
1649622640058052216 72.388591 0.000000
1649622640135907213 72.522281 0.000000
1649622640161521213 72.419428 0.000000
1649622640233990255 72.537740 0.000000
1649622640420314975 72.466155 0.000000
1649622640483064104 144.574390 0.000000
1649622640498129618 72.364415 0.000000
1649622640556011612 72.550704 0.000000
1649622640564927607 144.697581 0.000000
1649622640629264873 72.494138 0.000000
1649622640637315866 72.422182 0.000000
1649622640668502112 144.593405 0.000000
1649622640782447841 72.537349 0.000000
1649622640885988413 72.535696 0.000000
1649622641144600805 144.898998 0.000000
1649622641144698618 72.377048 0.000000
1649622641223178788 72.508124 0.000000
1649622641354154835 144.880534 0.000000
1649622641354176395 144.970051 0.000000
1649622641506670302 144.575151 0.000000
1649622641538400117 72.597101 0.000000
1649622641579726463 72.377319 0.000000
1649622641651554532 144.568979 0.000000
1649622641683032375 144.645783 0.000000
1649622641723987856 72.424717 0.000000
1649622641724155080 72.424878 0.000000
1649622641862509799 72.546226 0.000000
1649622641869565607 72.800312 0.000000
1649622641869626561 72.731783 0.000000
1649622641934379336 144.886514 0.000000
1649622642086972779 72.428054 0.000000
1649622642231193556 72.573496 0.000000
1649622642296868620 72.588043 0.000000
1649622642369765272 72.909617 0.000000
1649622642442317610 72.535867 0.000000
1649622642448467920 72.369614 0.000000
1649622642659922833 72.371126 0.000000
1649622642769849788 144.687782 0.000000
1649622642770368480 72.857418 0.000000
1649622642810666128 72.460495 0.000000
1649622642877245287 72.461537 0.000000
1649622642926405329 72.420539 0.000000
1649622643132827909 72.359526 0.000000
1649622643166917227 72.404199 0.000000
1649622643245239652 72.409620 0.000000
1649622643594868596 72.444996 0.000000
1649622643607503583 72.485351 0.000000
1649622643707978357 144.565493 0.000000
1649622643713073199 144.762713 0.000000
1649622643713106021 72.434937 0.000000
1649622643795965901 72.504046 0.000000
1649622643957372417 72.574528 0.000000
1649622644070389225 72.621027 0.000000
1649622644102398403 72.608903 0.000000
1649622644215137500 144.744939 0.000000
1649622644247533284 72.644210 0.000000
1649622644391841905 72.518924 0.000000
1649622644448221663 72.394731 0.000000
1649622644643365377 72.335340 0.000000
1649622644650274189 72.518193 0.000000
1649622644737768158 72.458391 0.000000
1649622644737882903 72.531598 0.000000
1649622644795052561 72.373882 0.000000
1649622644809992099 144.717257 0.000000
1649622644860662313 72.386096 0.000000
1649622644940084869 72.577795 0.000000
1649622645027375026 144.997383 0.000000
1649622645043673260 72.580440 0.000000
1649622645051169514 72.444293 0.000000
1649622645123662811 72.604415 0.000000
1649622645261216659 72.528913 0.000000
1649622645268755752 72.476485 0.000000
1649622645302218246 72.392777 0.000000
1649622645340966088 144.653147 0.000000
1649622645350688034 72.426420 0.000000
1649622645413461879 72.404239 0.000000
1649622645558298681 72.383551 0.000000
1649622645591650417 72.344097 0.000000
1649622645847915888 72.384713 0.000000
1649622645856991423 144.612972 0.000000
1649622645920286093 144.572936 0.000000
1649622645929886331 72.440267 0.000000
1649622646002284600 72.389262 0.000000
1649622646114112078 72.463621 0.000000
1649622646209720449 144.527352 0.000000
1649622646291438849 72.365908 0.000000
1649622646315706365 72.416282 0.000000
1649622646419969190 72.487174 0.000000
1649622646548748368 72.500630 0.000000
1649622646710104660 72.453882 0.000000
1649622646716597672 72.354285 0.000000
1649622646726487633 72.454623 0.000000
1649622646765855488 144.616338 0.000000
1649622646765979931 72.337034 0.000000
1649622646854999871 72.417463 0.000000
1649622647184974568 72.381336 0.000000
1649622647304877786 72.390604 0.000000
1649622647368190410 144.556405 0.000000
1649622647440502056 72.426120 0.000000
1649622647594869515 72.485721 0.000000
1649622647724491052 72.377739 0.000000
1649622647729980203 144.592945 0.000000
1649622647884519995 72.523633 0.000000
1649622648030437072 145.016288 0.000000
1649622648053764745 144.629743 0.000000
1649622648174048276 72.465885 0.000000
1649622648247304472 144.507394 0.000000
1649622648264273925 72.553379 0.000000
1649622648309884013 72.432783 0.000000
1649622648415996546 72.472797 0.000000
1649622648744410798 144.732596 0.000000
1649622648753056016 72.444174 0.000000
1649622648753820920 72.418577 0.000000
1649622648825485282 72.391014 0.000000
1649622648889044669 144.596060 0.000000
1649622648933303984 72.537208 0.000000
1649622648970217397 144.677283 0.000000
1649622649106538303 144.731264 0.000000
1649622649115104824 144.586152 0.000000
1649622649324145441 72.581923 0.000000
1649622649332401499 144.713611 0.000000
1649622649333509246 72.493207 0.000000
1649622649585525571 72.414007 0.000000
1649622649695068305 72.471255 0.000000
1649622649712673751 72.543580 0.000000
1649622649857329933 144.676261 0.000000
1649622649857791419 72.589206 0.000000
1649622649947820911 72.534864 0.000000
1649622650092878707 72.584567 0.000000
1649622650147221736 144.652335 0.000000
1649622650252969195 72.527901 0.000000
1649622650310393691 72.491963 0.000000
1649622650483755039 72.419928 0.000000
1649622650542512805 72.478319 0.000000
1649622650581986467 72.508785 0.000000
1649622650614903338 72.384833 0.000000
1649622650701378997 72.452309 0.000000
1649622650782072376 144.588496 0.000000
1649622650799409068 72.488117 0.000000
1649622650846400164 72.519354 0.000000
1649622650872047056 72.615565 0.000000
1649622650991240853 72.422634 0.000000
1649622651016858600 72.387067 0.000000
1649622651035050665 144.704774 0.000000
1649622651063615598 72.487406 0.000000
1649622651089352878 72.532199 0.000000
1649622651161635920 72.347853 0.000000
1649622651179707289 144.540816 0.000000
1649622651208670107 72.682050 0.000000
1649622651208685516 72.647786 0.000000
1649622651216498293 144.922412 0.000000
1649622651306774397 72.379262 0.000000
1649622651353774170 72.583516 0.000000
1649622651379271009 72.458371 0.000000
1649622651451315234 144.722327 0.000000
1649622651451666142 72.645813 0.000000
1649622651470074232 72.475373 0.000000
1649622651523540166 144.547008 0.000000
1649622651524103933 72.436228 0.000000
1649622651716294802 72.518423 0.000000
1649622651740420551 72.434175 0.000000
1649622651844529940 72.398158 0.000000
1649622651868914384 144.800653 0.000000
1649622652014056447 144.655662 0.000000
1649622652030434783 72.547838 0.000000
1649622652134321634 72.641033 0.000000
1649622652247335936 144.669759 0.000000
1649622652496811539 72.412625 0.000000
1649622652531926971 72.375255 0.000000
1649622652681887729 144.598816 0.000000
1649622652821003314 144.558770 0.000000
1649622652966308513 144.726234 0.000000
1649622653110911857 144.596461 0.000000
1649622653599371883 72.399250 0.000000
1649622653800017182 144.620436 0.000000
1649622653833026255 72.490872 0.000000
1649622653835735103 72.418385 0.000000
1649622653888960908 72.413216 0.000000
1649622653905463746 72.431911 0.000000
1649622653960908681 144.567727 0.000000
1649622654125301275 72.376167 0.000000
1649622654130584239 72.481654 0.000000
1649622654197784182 72.583205 0.000000
1649622654203072987 72.431200 0.000000
1649622654251128047 72.559790 0.000000
1649622654412477305 72.476545 0.000000
1649622654484883248 72.399110 0.000000
1649622654487655495 72.490771 0.000000
1649622654525465609 72.410081 0.000000
1649622654613857621 72.581803 0.000000
1649622654637485778 144.645373 0.000000
1649622654704718893 72.401474 0.000000
1649622654742808130 72.461456 0.000000
1649622654847029067 72.383951 0.000000
1649622654904013568 72.593173 0.000000
1649622654999529866 144.569721 0.000000
1649622654999825230 72.347051 0.000000
1649622655193952579 72.538060 0.000000
1649622655356601714 72.543631 0.000000
1649622655356652689 72.574257 0.000000
1649622655427149793 72.364374 0.000000
1649622655466415907 72.388480 0.000000
1649622655555616765 144.522091 0.000000
1649622655573096846 72.341301 0.000000
1649622655611358747 72.417694 0.000000
1649622655651585502 72.450145 0.000000
1649622655789654676 145.224127 0.000000
1649622655935210876 72.413256 0.000000
1649622655941718776 72.535865 0.000000
1649622655973566192 72.501501 0.000000
1649622656006688217 144.581874 0.000000
1649622656079041791 72.540654 0.000000
1649622656151596292 72.549673 0.000000
1649622656152344004 72.367570 0.000000
1649622656224056887 144.480734 0.000000
1649622656224341441 144.626778 0.000000
1649622656263276083 72.434065 0.000000
1649622656296191651 72.464752 0.000000
1649622656369173203 144.826192 0.000000
1649622656375844018 72.383410 0.000000
1649622656625619112 144.902504 0.000000
1649622656876629181 72.363974 0.000000
1649622656914891553 72.419889 0.000000
1649622656948734590 72.407295 0.000000
1649622657021653845 72.554912 0.000000
1649622657059551533 72.396905 0.000000
1649622657059570248 72.294393 0.000000
1649622657244276384 72.460725 0.000000
1649622657384083095 72.415229 0.000000
1649622657421731907 72.433995 0.000000
1649622657454622528 144.625745 0.000000
1649622657817006424 144.748676 0.000000
1649622657928873295 144.654800 0.000000
1649622658040707695 72.372269 0.000000
1649622658074138960 72.391685 0.000000
1649622658254324482 145.109373 0.000000
1649622658399028153 144.652967 0.000000
1649622658399040677 144.713691 0.000000
1649622658471211128 72.509126 0.000000
1649622658471328979 144.490582 0.000000
1649622658906305427 72.391876 0.000000
1649622658978119810 72.384152 0.000000
1649622658978148665 72.425259 0.000000
1649622659050573322 72.422423 0.000000
1649622659123452812 72.404560 0.000000
1649622659233142791 72.425309 0.000000
1649622659340440026 72.394490 0.000000
1649622659377999160 144.774325 0.000000
1649622659523329677 72.410171 0.000000
1649622659668178180 72.434897 0.000000
1649622659703673325 144.662755 0.000000
1649622659850027129 72.379532 0.000000
1649622659920839945 144.607481 0.000000
1649622660030298601 144.669808 0.000000
1649622660030630183 72.482887 0.000000
1649622660067351466 72.452158 0.000000
1649622660137391223 72.543481 0.000000
1649622660139784359 72.442893 0.000000
1649622660175612648 72.672673 0.000000
1649622660248175123 72.559940 0.000000
1649622660354522257 144.588515 0.000000
1649622660355701758 144.879370 0.000000
1649622660355712208 72.416723 0.000000
1649622660574421050 144.660792 0.000000
1649622660647001769 72.489660 0.000000
1649622660935304843 72.630393 0.000000
1649622660936630599 72.411173 0.000000
1649622660936744152 72.491904 0.000000
1649622661335539709 72.463630 0.000000
1649622661370584208 72.594936 0.000000
1649622661370759617 144.580521 0.000000
1649622661408017997 72.514916 0.000000
1649622661625213512 72.437171 0.000000
1649622661660800719 144.853002 0.000000
1649622661732745156 72.644259 0.000000
1649622661770357479 72.550824 0.000000
1649622661805014552 72.434415 0.000000
1649622661842875201 72.604605 0.000000
1649622662022965313 144.508496 0.000000
1649622662060341474 72.352042 0.000000
1649622662095379330 72.626035 0.000000
1649622662095406481 72.640552 0.000000
1649622662205340399 72.566944 0.000000
1649622662240355373 72.459793 0.000000
1649622662457088431 144.551787 0.000000
1649622662495233703 72.492235 0.000000
1649622662639897470 72.461636 0.000000
1649622662674753206 144.622790 0.000000
1649622662819894949 72.631776 0.000000
1649622662820006608 144.770627 0.000000
1649622662929794281 144.667253 0.000000
1649622662929988285 72.522100 0.000000
1649622662964607617 144.713050 0.000000
1649622663074315701 144.546877 0.000000
1649622663147346114 72.503575 0.000000
1649622663182334499 72.525046 0.000000
1649622663219815125 72.506251 0.000000
1649622663364553211 144.633460 0.000000
1649622663364813769 72.405431 0.000000
1649622663399470782 72.361699 0.000000
1649622663399728275 144.655942 0.000000
1649622663509275628 72.609324 0.000000
1649622663617329421 72.533652 0.000000
1649622663617786868 72.482958 0.000000
1649622663654147314 144.867889 0.000000
1649622663761753378 72.575811 0.000000
1649622663762287008 144.630604 0.000000
1649622663977847959 72.535907 0.000000
1649622663980031723 72.389191 0.000000
1649622664124844389 72.326674 0.000000
1649622664487653401 72.493536 0.000000
1649622664557467334 72.433694 0.000000
1649622664596762182 72.478860 0.000000
1649622664669339395 72.573887 0.000000
1649622664703445465 144.843494 0.000000
1649622664887015731 72.634050 0.000000
1649622664887041810 72.683573 0.000000
1649622664922038390 72.370015 0.000000
1649622664959642989 72.567175 0.000000
1649622665064647255 144.752835 0.000000
1649622665104403267 72.359756 0.000000
1649622665176774293 72.404268 0.000000
1649622665427207300 144.857871 0.000000
1649622665499997031 72.612789 0.000000
1649622665717207705 145.105264 0.000000
1649622665718125686 144.545795 0.000000
1649622665862798249 72.498155 0.000000
1649622665862894720 144.764195 0.000000
1649622665935585566 144.755548 0.000000
1649622666007527529 144.914197 0.000000
1649622666007885911 145.036436 0.000000
