1649622516919685975 88.413575 0.000000
1649622517022602669 88.492703 0.000000
1649622517092566855 176.680634 0.000000
1649622517166632220 176.713185 0.000000
1649622517183427387 88.481291 0.000000
1649622517199340540 88.424565 0.000000
1649622517223148935 88.422751 0.000000
1649622517489160223 88.471272 0.000000
1649622517545185557 88.473577 0.000000
1649622517593487632 176.602417 0.000000
1649622517690347531 88.533458 0.000000
1649622517722116801 176.758911 0.000000
1649622517762026482 176.833561 0.000000
1649622517850795342 176.675074 0.000000
1649622518020787247 88.344455 0.000000
1649622518093293248 88.392375 0.000000
1649622518141925051 88.732232 0.000000
1649622518197549433 88.526486 0.000000
1649622518223199842 88.391283 0.000000
1649622518286079035 88.520374 0.000000
1649622518311582909 88.378088 0.000000
1649622518342395936 88.569136 0.000000
1649622518383774541 176.500045 0.000000
1649622518544474425 88.966240 0.000000
1649622518585027702 88.424565 0.000000
1649622518616722783 88.423232 0.000000
1649622518673426510 88.389961 0.000000
1649622518689033939 88.422330 0.000000
1649622518777442935 88.399828 0.000000
1649622518817740614 88.517950 0.000000
1649622518834123177 88.360905 0.000000
1649622519018134744 88.328925 0.000000
1649622519067663408 177.169048 0.000000
1649622519067693615 88.432619 0.000000
1649622519163430079 88.340979 0.000000
1649622519340567889 88.415097 0.000000
1649622519429049201 88.470722 0.000000
1649622519558113946 88.392474 0.000000
1649622519558145184 88.441326 0.000000
1649622519590797941 88.520585 0.000000
1649622519598587375 88.482544 0.000000
1649622519606520868 176.670916 0.000000
1649622519687081600 88.485178 0.000000
1649622519831772962 88.386253 0.000000
1649622519888756262 88.424606 0.000000
1649622519920107138 88.325239 0.000000
1649622519961534574 88.434383 0.000000
1649622520072980167 88.412221 0.000000
1649622520097780803 88.715200 0.000000
1649622520114385242 88.361076 0.000000
1649622520153863384 88.325128 0.000000
1649622520194073188 176.623877 0.000000
1649622520282787054 88.572071 0.000000
1649622520315591966 88.323887 0.000000
1649622520387560900 88.511198 0.000000
1649622520444012023 88.427209 0.000000
1649622520467979175 88.514624 0.000000
1649622520540839121 88.484107 0.000000
1649622520661668958 88.480319 0.000000
1649622520693553554 88.426408 0.000000
1649622520700550491 88.491109 0.000000
1649622520806547461 88.646351 0.000000
1649622520917759456 88.531975 0.000000
1649622521063123820 176.631651 0.000000
1649622521167956736 176.728665 0.000000
1649622521224869605 88.504836 0.000000
1649622521345284353 88.555691 0.000000
1649622521440476115 176.649245 0.000000
1649622521442765818 88.673873 0.000000
1649622521490313888 88.476963 0.000000
1649622521619553322 176.549318 0.000000
1649622521619747266 176.559387 0.000000
1649622521878091659 88.488795 0.000000
1649622521966659503 88.395330 0.000000
1649622522093057088 88.363280 0.000000
1649622522149688287 88.485579 0.000000
1649622522165454476 88.375233 0.000000
1649622522184332067 88.550011 0.000000
1649622522184414832 88.420448 0.000000
1649622522238162105 88.406161 0.000000
1649622522255621737 176.576700 0.000000
1649622522271799247 176.611375 0.000000
1649622522272750560 88.409246 0.000000
1649622522600580533 88.529001 0.000000
1649622522745247519 88.481531 0.000000
1649622522747013089 88.546984 0.000000
1649622523053788960 88.608430 0.000000
1649622523107446936 88.438662 0.000000
1649622523254109052 88.532036 0.000000
1649622523342625048 88.403224 0.000000
1649622523375963370 88.557655 0.000000
1649622523415384405 88.561742 0.000000
1649622523503840939 88.446095 0.000000
1649622523504034512 88.402734 0.000000
1649622523721256151 176.621774 0.000000
1649622523793540477 176.666027 0.000000
1649622523850650063 88.514512 0.000000
1649622523978594449 88.460483 0.000000
1649622524123253319 88.592660 0.000000
1649622524140596724 88.504615 0.000000
1649622524285582818 88.642565 0.000000
1649622524427076184 176.656098 0.000000
1649622524429194556 88.423864 0.000000
1649622524429259658 88.411541 0.000000
1649622524515468498 88.383148 0.000000
1649622524574269667 88.496861 0.000000
1649622524603876482 88.398626 0.000000
1649622524703092448 88.414405 0.000000
1649622524792371706 88.583052 0.000000
1649622524823998498 88.391783 0.000000
1649622524896679698 88.389529 0.000000
1649622524953041933 88.383489 0.000000
1649622525154279556 88.427260 0.000000
1649622525242878137 176.681565 0.000000
1649622525243073012 88.524442 0.000000
1649622525355357018 88.466313 0.000000
1649622525371937202 88.425888 0.000000
1649622525419704043 176.862916 0.000000
1649622525569660726 88.451716 0.000000
1649622525658120086 88.449712 0.000000
1649622525661597265 88.439203 0.000000
1649622525786910246 88.347580 0.000000
1649622525822907522 88.512229 0.000000
1649622525822920637 88.595555 0.000000
1649622525862635914 88.618148 0.000000
1649622525895304450 88.620322 0.000000
1649622525911494973 88.580107 0.000000
1649622526024011094 88.493133 0.000000
1649622526201260083 88.451044 0.000000
1649622526241083853 88.333734 0.000000
1649622526257662213 88.613218 0.000000
1649622526329973109 88.387014 0.000000
1649622526345848952 176.772877 0.000000
1649622526366420950 176.683780 0.000000
1649622526418570057 88.355145 0.000000
1649622526474754579 88.617415 0.000000
1649622526474788312 88.439413 0.000000
1649622526563595385 88.495378 0.000000
1649622526659471609 88.356527 0.000000
1649622526708032840 88.383187 0.000000
1649622526909854587 88.576980 0.000000
1649622526941743571 88.572091 0.000000
1649622527110681961 88.356007 0.000000
1649622527376705771 176.683028 0.000000
1649622527400434276 88.512189 0.000000
1649622527529234826 88.462336 0.000000
1649622527598552670 88.515696 0.000000
1649622527738335981 176.555279 0.000000
1649622527795564601 88.319128 0.000000
1649622527810999758 176.577220 0.000000
1649622527867338660 88.396763 0.000000
1649622527891688209 88.650829 0.000000
1649622527972090314 176.519962 0.000000
1649622528100122714 176.573453 0.000000
1649622528105262459 88.434813 0.000000
1649622528197162770 88.403314 0.000000
1649622528253262454 88.401461 0.000000
1649622528337807125 176.715279 0.000000
1649622528341958588 88.324106 0.000000
1649622528374764020 88.384219 0.000000
1649622528398342965 88.693980 0.000000
1649622528467226966 88.431618 0.000000
1649622528539820561 88.537016 0.000000
1649622528555857637 88.532727 0.000000
1649622528720282143 88.596728 0.000000
1649622528736860684 88.481472 0.000000
1649622528757199034 88.459440 0.000000
1649622528913617561 176.540982 0.000000
1649622528970193307 88.364733 0.000000
1649622529098872569 88.416991 0.000000
1649622529187387724 88.505818 0.000000
1649622529191672657 88.512850 0.000000
1649622529339574227 88.406721 0.000000
1649622529428031422 88.452718 0.000000
1649622529476994407 88.398736 0.000000
1649622529556747364 88.336549 0.000000
1649622529766687472 88.876773 0.000000
1649622529806067279 176.638965 0.000000
1649622530240090709 176.591687 0.000000
1649622530474510188 88.552224 0.000000
1649622530514803358 88.469168 0.000000
1649622530602802486 88.498083 0.000000
1649622530603433188 88.531796 0.000000
1649622530748462263 88.402874 0.000000
1649622530950210983 88.413123 0.000000
1649622531078627012 88.446466 0.000000
1649622531142633669 88.425877 0.000000
1649622531167348814 88.425477 0.000000
1649622531199483398 88.439652 0.000000
1649622531255487492 88.616563 0.000000
1649622531312329458 88.387416 0.000000
1649622531384280108 88.410369 0.000000
1649622531513025514 88.398165 0.000000
1649622531529293442 88.513190 0.000000
1649622531529626557 88.330718 0.000000
1649622531617671830 88.373178 0.000000
1649622531657826010 88.526225 0.000000
1649622531690067315 88.435565 0.000000
1649622531891087219 88.471823 0.000000
1649622531939464504 88.405959 0.000000
1649622531940093303 88.333744 0.000000
1649622532011794977 88.376054 0.000000
1649622532341397973 88.473958 0.000000
1649622532341434541 88.351417 0.000000
1649622532374705457 88.476332 0.000000
1649622532390163667 176.569264 0.000000
1649622532470503224 88.480410 0.000000
1649622532591644425 88.411370 0.000000
1649622532615741591 88.471263 0.000000
1649622532936790651 176.542094 0.000000
1649622532937710035 88.626514 0.000000
1649622533042151286 88.487262 0.000000
1649622533098857837 88.484075 0.000000
1649622533171002240 88.450292 0.000000
1649622533316177789 88.393065 0.000000
1649622533347909089 88.517509 0.000000
1649622533750091844 176.719967 0.000000
1649622533798665999 88.531976 0.000000
1649622533839765400 88.358802 0.000000
1649622533935044196 88.457958 0.000000
1649622533943238477 176.693648 0.000000
1649622533967496926 176.664633 0.000000
1649622534007605189 88.464729 0.000000
1649622534079978081 88.419435 0.000000
1649622534160733077 88.447948 0.000000
1649622534241867975 88.805268 0.000000
1649622534426121266 88.563525 0.000000
1649622534458936236 88.503552 0.000000
1649622534548361818 88.517499 0.000000
1649622534570998005 88.582622 0.000000
1649622534595449635 88.471353 0.000000
1649622534595520418 88.361827 0.000000
1649622534683856858 88.398085 0.000000
1649622534715701278 88.406400 0.000000
1649622534731852028 88.558516 0.000000
1649622535054628685 88.511288 0.000000
1649622535077767726 88.377246 0.000000
1649622535126461545 176.529390 0.000000
1649622535159812630 176.687987 0.000000
1649622535215868131 88.463538 0.000000
1649622535255512534 88.393105 0.000000
1649622535295386038 88.411290 0.000000
1649622535345257945 88.415056 0.000000
1649622535440480324 88.641552 0.000000
1649622535488979699 88.487042 0.000000
1649622535545524607 88.633626 0.000000
1649622535585505391 88.515385 0.000000
1649622535651335897 88.665627 0.000000
1649622535682397360 88.397474 0.000000
1649622535795615547 176.701713 0.000000
1649622535891540753 88.556673 0.000000
1649622536052338370 88.387375 0.000000
1649622536068868960 88.376745 0.000000
1649622536197178681 88.390091 0.000000
1649622536374097610 88.411199 0.000000
1649622536503796425 88.450564 0.000000
1649622536543248007 88.357880 0.000000
1649622536600004913 88.356167 0.000000
1649622536720841812 88.473405 0.000000
1649622536809362447 176.845793 0.000000
1649622537010050358 88.500677 0.000000
1649622537026774813 88.373349 0.000000
1649622537122782374 88.466884 0.000000
1649622537243969309 88.426649 0.000000
1649622537324877152 88.526717 0.000000
1649622537373067567 88.339635 0.000000
1649622537518031050 88.477705 0.000000
1649622537573567387 88.476342 0.000000
1649622537606042439 88.524581 0.000000
1649622537759603078 88.450693 0.000000
1649622537759703036 88.572783 0.000000
1649622537823264447 88.604211 0.000000
1649622537880144214 88.448961 0.000000
1649622538057106074 88.422111 0.000000
1649622538194408663 88.414655 0.000000
1649622538339654254 88.425226 0.000000
1649622538411106249 88.359062 0.000000
1649622538427593458 88.411129 0.000000
1649622538427960577 88.300422 0.000000
1649622538459316271 88.436807 0.000000
1649622538531650059 88.572471 0.000000
1649622538556902692 88.469328 0.000000
1649622538773561445 88.335799 0.000000
1649622538805032796 88.433622 0.000000
1649622538821232546 88.466995 0.000000
1649622538861327334 176.552633 0.000000
1649622538861949981 88.265166 0.000000
1649622538893559001 88.544490 0.000000
1649622538950294055 88.336781 0.000000
1649622539064011779 88.318817 0.000000
1649622539079088794 88.393636 0.000000
1649622539167216432 88.450112 0.000000
1649622539208833735 88.511618 0.000000
1649622539223793882 88.345196 0.000000
1649622539281312935 88.404737 0.000000
1649622539297311950 88.398776 0.000000
1649622539312162421 88.362839 0.000000
1649622539358953542 88.371374 0.000000
1649622539416006804 176.627844 0.000000
1649622539513760960 176.595454 0.000000
1649622539529353010 88.413824 0.000000
1649622539617421898 88.473998 0.000000
1649622539617756937 88.394449 0.000000
1649622539643735420 88.429293 0.000000
1649622539850594471 88.434083 0.000000
1649622539939019415 88.415797 0.000000
1649622540094350424 88.419816 0.000000
1649622540108506102 88.411501 0.000000
1649622540150879672 88.385410 0.000000
1649622540196930517 88.416109 0.000000
1649622540295463442 88.389699 0.000000
1649622540311100247 176.535732 0.000000
1649622540414010649 176.594913 0.000000
1649622540558945397 88.423112 0.000000
1649622540615274711 88.360825 0.000000
1649622540761927800 88.429714 0.000000
1649622540999318830 176.723213 0.000000
1649622541087974869 88.356056 0.000000
1649622541170575575 88.521296 0.000000
1649622541177268001 88.574895 0.000000
1649622541180605458 88.480560 0.000000
1649622541305392294 88.563415 0.000000
1649622541434104678 88.493834 0.000000
1649622541450127186 88.429624 0.000000
1649622541466583298 88.474799 0.000000
1649622541611088980 88.500556 0.000000
1649622541643663390 88.336309 0.000000
1649622541683968482 88.528660 0.000000
1649622541790403101 88.484326 0.000000
1649622541828607405 88.513683 0.000000
1649622541901349628 88.269354 0.000000
1649622541933078994 176.735997 0.000000
1649622541949202251 176.697546 0.000000
1649622542080113668 88.380633 0.000000
1649622542126903728 88.332722 0.000000
1649622542351840730 88.347950 0.000000
1649622542375620071 88.458699 0.000000
1649622542442455431 88.364261 0.000000
1649622542552500539 88.458669 0.000000
1649622542585240829 88.382846 0.000000
1649622542585312513 88.438180 0.000000
1649622542608819083 88.388226 0.000000
1649622542747942946 176.527506 0.000000
1649622542753889284 88.528639 0.000000
1649622542820543485 176.710019 0.000000
1649622542914703532 88.415979 0.000000
1649622543022355583 88.622876 0.000000
1649622543099908886 88.412893 0.000000
1649622543210254679 88.628868 0.000000
1649622543260721371 88.517318 0.000000
1649622543493946481 88.476792 0.000000
1649622543510653984 176.515965 0.000000
1649622543533910975 88.402292 0.000000
1649622543545558992 88.454270 0.000000
1649622543572005864 88.370413 0.000000
1649622543582401773 88.449893 0.000000
1649622543746975479 88.463939 0.000000
1649622543784889519 88.475460 0.000000
1649622543851669555 88.423582 0.000000
1649622543892011346 88.531325 0.000000
1649622544095676539 88.451234 0.000000
1649622544218086899 88.575347 0.000000
1649622544308281171 88.459179 0.000000
1649622544342875988 88.531665 0.000000
1649622544380741376 88.554619 0.000000
1649622544415618303 88.588402 0.000000
1649622544431043791 176.516576 0.000000
1649622544472662806 88.646059 0.000000
1649622544492212668 88.500176 0.000000
1649622544560566755 88.960920 0.000000
1649622544637064810 88.398676 0.000000
1649622544705760368 176.637963 0.000000
1649622544743002819 88.588553 0.000000
1649622544815369178 88.316151 0.000000
1649622544907513165 88.521726 0.000000
1649622544907528173 88.523369 0.000000
1649622544922057002 88.455533 0.000000
1649622544994485698 88.430676 0.000000
1649622544994843428 88.431839 0.000000
1649622545032949557 88.531654 0.000000
1649622545052139825 88.466814 0.000000
1649622545067947501 176.669613 0.000000
1649622545338906052 176.752388 0.000000
1649622545357660893 88.606385 0.000000
1649622545430941436 176.789718 0.000000
1649622545574899732 88.593611 0.000000
1649622545668234673 88.358581 0.000000
1649622545701179817 176.744333 0.000000
1649622545840147618 176.789687 0.000000
1649622545866049438 176.572952 0.000000
1649622545974171190 88.601596 0.000000
1649622546242653028 176.710389 0.000000
1649622546516410817 88.402924 0.000000
1649622546605139883 88.445764 0.000000
1649622546693373850 88.612287 0.000000
1649622546698902935 88.583913 0.000000
1649622546733908812 88.610193 0.000000
1649622546765869271 88.612557 0.000000
1649622546951375400 88.710581 0.000000
1649622546983132576 88.461815 0.000000
1649622547149710440 176.733503 0.000000
1649622547329359658 88.332792 0.000000
1649622547445535008 88.490679 0.000000
1649622547563475458 88.576990 0.000000
1649622547708395808 88.550270 0.000000
1649622547780712765 88.583884 0.000000
1649622547780813314 88.645249 0.000000
1649622547952851734 88.439182 0.000000
1649622547981861260 88.414326 0.000000
1649622548075220425 88.564697 0.000000
1649622548163716143 88.489766 0.000000
1649622548199265880 88.523579 0.000000
1649622548330760941 88.389119 0.000000
1649622548343986506 88.386835 0.000000
1649622548506117773 88.623167 0.000000
1649622548506117793 88.634748 0.000000
1649622548594567525 88.443060 0.000000
1649622548873280674 88.575608 0.000000
1649622548945635231 88.434834 0.000000
1649622549112320054 88.312584 0.000000
1649622549163293748 88.478025 0.000000
1649622549228940589 88.291925 0.000000
1649622549525793837 88.481652 0.000000
1649622549563361587 88.384419 0.000000
1649622549608240835 176.636460 0.000000
1649622549636002551 88.651089 0.000000
1649622549758888092 88.349303 0.000000
1649622549764493520 88.540202 0.000000
1649622550033443696 88.627254 0.000000
1649622550122033030 88.608560 0.000000
1649622550272391856 88.666859 0.000000
1649622550412033410 88.610533 0.000000
1649622550556979689 88.434413 0.000000
1649622550593901348 88.532386 0.000000
1649622550702297394 88.564897 0.000000
1649622550751928711 88.430947 0.000000
1649622550840322878 88.388527 0.000000
1649622550852243596 88.498984 0.000000
1649622550992155036 88.547765 0.000000
1649622551069702929 88.482313 0.000000
1649622551114442425 88.759241 0.000000
1649622551334552017 176.746396 0.000000
1649622551375070630 88.441076 0.000000
1649622551548958597 88.575026 0.000000
1649622551551643249 176.504974 0.000000
1649622551643760287 88.447237 0.000000
1649622551753514459 88.554768 0.000000
1649622551766755222 88.684302 0.000000
1649622551782410873 88.416128 0.000000
1649622552223170009 88.405529 0.000000
1649622552332765554 88.502671 0.000000
1649622552399726819 176.601926 0.000000
1649622552418991356 88.604972 0.000000
1649622552424511125 88.641041 0.000000
1649622552491299676 88.477894 0.000000
1649622552496793296 88.354153 0.000000
1649622552636027305 88.391893 0.000000
1649622552657918726 88.490208 0.000000
1649622552673748113 88.430847 0.000000
1649622552786285803 88.423422 0.000000
1649622552947519888 88.627114 0.000000
1649622553075953569 88.627825 0.000000
1649622553092199286 176.681454 0.000000
1649622553092396025 88.467495 0.000000
1649622553202327430 88.456254 0.000000
1649622553326093180 88.418764 0.000000
1649622553505162441 88.390682 0.000000
1649622553838109395 88.395209 0.000000
1649622553926517919 88.399118 0.000000
1649622554162903364 88.355584 0.000000
1649622554323628054 88.313005 0.000000
1649622554361300530 176.829041 0.000000
1649622554434402339 88.385110 0.000000
1649622554434467601 88.477473 0.000000
1649622554500227134 176.594131 0.000000
1649622554506784658 88.366466 0.000000
1649622554562755780 88.450954 0.000000
1649622554594611872 176.654465 0.000000
1649622554651247420 88.480980 0.000000
1649622554667117232 88.374521 0.000000
1649622554847745816 88.501579 0.000000
1649622554960057454 88.522749 0.000000
1649622554992666498 88.395831 0.000000
1649622555014318830 88.581769 0.000000
1649622555192992309 88.439012 0.000000
1649622555250642479 88.435205 0.000000
1649622555426675508 88.417961 0.000000
1649622555539320009 88.500887 0.000000
1649622555554985949 88.479738 0.000000
1649622555572341616 88.369390 0.000000
1649622555717204258 88.513391 0.000000
1649622555788802968 88.426268 0.000000
1649622555861757751 88.559838 0.000000
1649622555899632957 88.524331 0.000000
1649622555933729661 88.414336 0.000000
1649622556119280242 88.532507 0.000000
1649622556207729984 88.440013 0.000000
1649622556224239666 88.411651 0.000000
1649622556296118641 176.801549 0.000000
1649622556296658383 88.494606 0.000000
1649622556425317326 88.386614 0.000000
1649622556602798280 88.598601 0.000000
1649622556602811224 88.632674 0.000000
1649622556680812768 88.437758 0.000000
1649622556696879249 88.480369 0.000000
1649622556804185632 88.512629 0.000000
1649622556857259833 176.641820 0.000000
1649622556859344792 88.411340 0.000000
1649622556876428470 88.372166 0.000000
1649622556932572476 88.426889 0.000000
1649622556945819050 88.549990 0.000000
1649622557005038652 88.381885 0.000000
1649622557131483565 88.458057 0.000000
1649622557166181285 88.417711 0.000000
1649622557166293535 88.393606 0.000000
1649622557277977606 88.511649 0.000000
1649622557327187933 176.619999 0.000000
1649622557384312036 88.649636 0.000000
1649622557674045145 88.402002 0.000000
1649622557689881465 176.657861 0.000000
1649622557962038653 88.597038 0.000000
1649622558292176680 88.392413 0.000000
1649622558307483396 88.381743 0.000000
1649622558398817386 88.331481 0.000000
1649622558446482487 176.641801 0.000000
1649622558484083849 176.594451 0.000000
1649622558654307006 88.402683 0.000000
1649622558742445655 88.622606 0.000000
1649622558906855783 88.508502 0.000000
1649622558954396951 176.627934 0.000000
1649622558975796090 88.447408 0.000000
1649622559067565555 88.371004 0.000000
1649622559088932082 88.421289 0.000000
1649622559156177420 88.358921 0.000000
1649622559177397012 88.540362 0.000000
1649622559244510092 176.936121 0.000000
1649622559266253386 88.921666 0.000000
1649622559485199185 88.590626 0.000000
1649622559501935731 88.442428 0.000000
1649622559539899465 88.511508 0.000000
1649622559539899455 88.535483 0.000000
1649622559558808324 88.617876 0.000000
1649622559596919623 88.660267 0.000000
1649622559829307493 88.429854 0.000000
1649622559879992516 88.396913 0.000000
1649622559990024739 88.383757 0.000000
1649622559990053353 176.788065 0.000000
1649622559990968569 88.598430 0.000000
1649622560062645415 176.800818 0.000000
1649622560153036125 176.842917 0.000000
1649622560258305419 88.504765 0.000000
1649622560315108050 176.704788 0.000000
1649622560425003638 88.575638 0.000000
1649622560442577244 88.406160 0.000000
1649622560512970384 176.552412 0.000000
1649622560626749681 88.475320 0.000000
1649622560916432977 88.471672 0.000000
1649622560916465257 88.465511 0.000000
1649622561005506217 88.552113 0.000000
1649622561133691182 88.497351 0.000000
1649622561545068825 88.538318 0.000000
1649622561601435699 88.442008 0.000000
1649622561802444300 88.353282 0.000000
1649622561866582614 176.500345 0.000000
1649622561874525535 88.370793 0.000000
1649622561890967250 88.514363 0.000000
1649622561947315057 88.393075 0.000000
1649622561995622031 88.393726 0.000000
1649622562099252813 88.506888 0.000000
1649622562124360834 88.348631 0.000000
1649622562142658337 88.395991 0.000000
1649622562187694289 88.430356 0.000000
1649622562285225788 88.334126 0.000000
1649622562341667111 88.487653 0.000000
1649622562381921577 88.408815 0.000000
1649622562429815978 176.660244 0.000000
1649622562631419144 88.377675 0.000000
1649622562649198396 88.462866 0.000000
1649622562832280260 176.602467 0.000000
1649622562832608986 88.388968 0.000000
1649622562977567938 177.095359 0.000000
1649622563106283047 88.426448 0.000000
1649622563194904541 88.611556 0.000000
1649622563267386186 88.421528 0.000000
1649622563267470474 88.482312 0.000000
1649622563355797686 88.407663 0.000000
1649622563557236314 176.577590 0.000000
1649622563774842883 88.373679 0.000000
1649622563831626107 88.367997 0.000000
1649622564112990877 176.580755 0.000000
1649622564185527576 176.487071 0.000000
1649622564242201856 88.466804 0.000000
1649622564346955944 176.590284 0.000000
1649622564427039831 88.496820 0.000000
1649622564459256299 88.412992 0.000000
1649622564459656740 88.755083 0.000000
1649622564548055997 176.537634 0.000000
1649622564604367517 88.431517 0.000000
1649622564620104520 176.708354 0.000000
1649622564716048090 88.564216 0.000000
1649622564732198468 176.536562 0.000000
1649622564796694392 176.587878 0.000000
1649622564861273753 88.405550 0.000000
1649622564893979158 88.424124 0.000000
1649622564949405839 176.609700 0.000000
1649622564949668512 88.386753 0.000000
1649622564990723660 88.385201 0.000000
1649622564998563087 176.615650 0.000000
1649622565288089629 176.539890 0.000000
1649622565295929847 88.386013 0.000000
1649622565650211236 176.668941 0.000000
1649622565650231545 88.446285 0.000000
1649622565674875706 88.588221 0.000000
1649622565706898360 88.320298 0.000000
1649622565819676602 88.428401 0.000000
1649622566253891738 176.644284 0.000000
1649622566326937963 88.364131 0.000000
1649622566334225595 88.427770 0.000000
1649622566342506800 176.673549 0.000000
1649622566359264657 88.304830 0.000000
1649622566471201161 88.478686 0.000000
1649622566494609786 88.425005 0.000000
1649622566576815902 88.419014 0.000000
1649622566672262791 88.310520 0.000000
1649622566760536693 176.554536 0.000000
1649622566817223537 88.358210 0.000000
1649622567034798467 88.559989 0.000000
1649622567162015336 176.679671 0.000000
1649622567268700204 88.329065 0.000000
1649622567324409505 88.424443 0.000000
1649622567412829261 88.351518 0.000000
1649622567477505503 176.615551 0.000000
1649622567557875978 88.356967 0.000000
1649622567558515226 88.317423 0.000000
1649622567613644109 88.483805 0.000000
1649622567735040628 88.359383 0.000000
1649622567750956887 88.397944 0.000000
1649622567797823320 88.400930 0.000000
1649622567870417736 88.415146 0.000000
1649622568015350760 88.471983 0.000000
1649622568031067415 176.687305 0.000000
1649622568056502960 88.442547 0.000000
1649622568159908701 88.486631 0.000000
1649622568160044816 88.363410 0.000000
1649622568320724982 176.672076 0.000000
1649622568355323966 88.511507 0.000000
1649622568410682780 88.559216 0.000000
1649622568475045294 88.453899 0.000000
1649622568475097521 88.501739 0.000000
1649622568499084211 88.399167 0.000000
1649622568619797529 88.407482 0.000000
1649622568733108659 88.315780 0.000000
1649622568733580774 88.356476 0.000000
1649622568837041197 88.459620 0.000000
1649622568861136219 88.401571 0.000000
1649622568909760888 88.325759 0.000000
1649622568966588706 88.382135 0.000000
1649622569111609725 88.486039 0.000000
1649622569126714232 88.517668 0.000000
1649622569441906570 88.588972 0.000000
1649622569489069750 88.580306 0.000000
1649622569546107912 88.454310 0.000000
1649622569585836383 88.563605 0.000000
1649622569618800583 88.448199 0.000000
1649622569619018952 88.530463 0.000000
1649622569748223388 88.518109 0.000000
1649622569836544699 88.408734 0.000000
1649622569875139966 176.636350 0.000000
1649622569876199682 88.301363 0.000000
1649622569923377319 88.438230 0.000000
1649622570076778788 88.519322 0.000000
1649622570198836146 88.499865 0.000000
1649622570214557630 176.467854 0.000000
1649622570285335952 88.488805 0.000000
1649622570359443465 176.585344 0.000000
1649622570366227634 88.499164 0.000000
1649622570415664005 176.670894 0.000000
1649622570416175624 88.419365 0.000000
1649622570416333360 88.421659 0.000000
1649622570470985529 176.634265 0.000000
1649622570526730648 176.623366 0.000000
1649622570545086079 88.719537 0.000000
1649622570600166301 88.662710 0.000000
1649622570719692714 88.303107 0.000000
1649622570800656080 88.507920 0.000000
1649622570866893990 176.763349 0.000000
1649622570996055556 88.501008 0.000000
1649622571155076661 88.540281 0.000000
1649622571195524952 176.654995 0.000000
1649622571268946929 88.414324 0.000000
1649622571574564607 176.451213 0.000000
1649622571606507422 176.579944 0.000000
1649622571694950921 88.438090 0.000000
1649622571703808157 88.415578 0.000000
1649622571741264287 88.437910 0.000000
1649622571749314089 176.694047 0.000000
1649622571791980848 88.381362 0.000000
1649622571806298140 88.462335 0.000000
1649622571878508536 88.340306 0.000000
1649622571937348246 88.463908 0.000000
1649622572082131679 88.452747 0.000000
1649622572111182142 176.646238 0.000000
1649622572256958376 176.637812 0.000000
1649622572274231629 176.634045 0.000000
1649622572313624411 88.439061 0.000000
1649622572315770324 88.596717 0.000000
1649622572457316598 88.344333 0.000000
1649622572499037004 88.409927 0.000000
1649622572589344508 88.372476 0.000000
1649622572589571033 88.451545 0.000000
1649622572603503803 88.452325 0.000000
1649622572675932339 88.379680 0.000000
1649622572734526979 88.428310 0.000000
1649622572820858169 88.381393 0.000000
1649622573169013705 88.378518 0.000000
1649622573204724353 176.706511 0.000000
1649622573241490290 88.462635 0.000000
1649622573312543808 88.385431 0.000000
1649622573386169217 88.317824 0.000000
1649622573386360085 88.440634 0.000000
1649622573551121552 88.556010 0.000000
1649622573639600238 88.472805 0.000000
1649622573690666464 176.584181 0.000000
1649622573747537313 88.549860 0.000000
1649622574058289947 88.409015 0.000000
1649622574110774623 88.535663 0.000000
1649622574436796964 88.523440 0.000000
1649622574566317173 88.605122 0.000000
1649622574598034295 88.393847 0.000000
1649622574763062031 88.413664 0.000000
1649622574763120540 88.488434 0.000000
1649622574908125398 88.469899 0.000000
1649622574960121037 88.397884 0.000000
1649622574976067453 88.377095 0.000000
1649622575162049153 88.460823 0.000000
1649622575198069622 88.408935 0.000000
1649622575228858814 88.443319 0.000000
1649622575249862851 88.477673 0.000000
1649622575467016370 88.412101 0.000000
1649622575487522414 88.440774 0.000000
1649622575523770751 88.403565 0.000000
1649622575574138808 88.377385 0.000000
1649622575627935624 88.466813 0.000000
1649622575632491746 88.403154 0.000000
1649622575633069249 88.356527 0.000000
1649622575756747985 88.427089 0.000000
1649622575879909883 88.329816 0.000000
1649622575881113069 88.431247 0.000000
1649622575994648309 88.486651 0.000000
1649622576040472608 176.611754 0.000000
1649622576082903215 176.716169 0.000000
1649622576098572602 88.457175 0.000000
1649622576175619656 88.494004 0.000000
1649622576404434236 176.785178 0.000000
1649622576461132962 88.363400 0.000000
1649622576569926013 88.472434 0.000000
1649622576653098169 176.557180 0.000000
1649622576660783918 88.498271 0.000000
1649622576678635105 88.481962 0.000000
1649622576698958166 88.523901 0.000000
1649622576714832907 176.850721 0.000000
1649622576733300318 88.415737 0.000000
1649622576771340424 88.378267 0.000000
1649622576781897757 88.397864 0.000000
1649622576821669730 88.366496 0.000000
1649622576843726620 88.452517 0.000000
1649622576894062398 88.371354 0.000000
1649622577039265257 88.467414 0.000000
1649622577076907396 176.716369 0.000000
1649622577160113838 176.668519 0.000000
1649622577216658786 88.431928 0.000000
1649622577351378281 88.491429 0.000000
1649622577505942321 88.389529 0.000000
1649622577506203150 88.402673 0.000000
1649622577568609636 88.378407 0.000000
1649622577624860843 88.565579 0.000000
1649622577624886572 88.565959 0.000000
1649622577640744421 88.439563 0.000000
1649622577842242069 88.483985 0.000000
1649622577930830260 88.416218 0.000000
1649622577956699819 88.426107 0.000000
1649622578053782875 88.374469 0.000000
1649622578054064764 88.686414 0.000000
1649622578069777531 176.640787 0.000000
1649622578069873882 176.651777 0.000000
1649622578101462584 88.386604 0.000000
1649622578147844197 88.411139 0.000000
1649622578292839327 88.529891 0.000000
1649622578359161635 176.533026 0.000000
1649622578365351219 88.499715 0.000000
1649622578608465237 88.429002 0.000000
1649622578608516383 88.340576 0.000000
1649622578654619645 88.367877 0.000000
1649622578696917013 88.475620 0.000000
1649622578898187495 88.368329 0.000000
1649622578914017482 88.468937 0.000000
1649622578986670598 88.481931 0.000000
1649622579010736015 176.724454 0.000000
1649622579089326333 88.411099 0.000000
1649622579332733421 88.344855 0.000000
1649622579348561294 88.349704 0.000000
1649622579421064469 88.622514 0.000000
1649622579429467523 88.483074 0.000000
1649622579436988303 88.421068 0.000000
1649622579509209579 176.653261 0.000000
1649622579566206324 88.542054 0.000000
1649622579581783437 176.674501 0.000000
1649622579669193479 88.406960 0.000000
1649622579735335740 176.882681 0.000000
1649622579829494915 176.707263 0.000000
1649622579918528411 176.762146 0.000000
1649622580057374803 88.389347 0.000000
1649622580081416665 88.380691 0.000000
1649622580095068439 176.530210 0.000000
1649622580120030056 88.358860 0.000000
1649622580202023423 88.384759 0.000000
1649622580226206380 88.447658 0.000000
1649622580233757056 176.677877 0.000000
1649622580321789555 88.394918 0.000000
1649622580346821894 88.349523 0.000000
1649622580362800230 88.357920 0.000000
1649622580386691771 176.579403 0.000000
1649622580443263278 88.344213 0.000000
1649622580482247143 176.586986 0.000000
1649622580538967209 88.459258 0.000000
1649622580603870947 176.612163 0.000000
1649622580724796773 176.527675 0.000000
1649622580828761691 88.377596 0.000000
1649622580869665867 176.781301 0.000000
1649622580965723040 176.609609 0.000000
1649622580973642868 88.396752 0.000000
1649622581134422619 88.432870 0.000000
1649622581288085439 88.408794 0.000000
1649622581335726064 88.399257 0.000000
1649622581392265411 176.647881 0.000000
1649622581568763851 88.348241 0.000000
1649622581722774393 88.446796 0.000000
1649622581754088730 176.732540 0.000000
1649622581795244056 88.402543 0.000000
1649622581811314323 88.420276 0.000000
1649622581916100652 88.625099 0.000000
1649622581930847128 88.365874 0.000000
1649622581940060771 88.425335 0.000000
1649622581962908014 88.481891 0.000000
1649622582028256977 88.474939 0.000000
1649622582123869888 88.433571 0.000000
1649622582132967393 88.380562 0.000000
1649622582148667838 176.543907 0.000000
1649622582204814257 176.551679 0.000000
1649622582235851405 176.539097 0.000000
1649622582318111813 88.382445 0.000000
1649622582462406920 88.334505 0.000000
1649622582462926935 88.371695 0.000000
1649622582559697105 88.963875 0.000000
1649622582670670242 88.433992 0.000000
1649622582680056238 88.428712 0.000000
1649622582680520419 88.486060 0.000000
1649622582712076338 88.486791 0.000000
1649622582752100814 88.387314 0.000000
1649622582768654999 176.555588 0.000000
1649622582824533958 88.414375 0.000000
1649622582994089683 88.521025 0.000000
1649622583089219618 88.409838 0.000000
1649622583193616897 176.542934 0.000000
1649622583258999643 88.429383 0.000000
1649622583259563580 88.458537 0.000000
1649622583476796648 88.379950 0.000000
1649622583524826542 88.432779 0.000000
1649622583622001511 88.472193 0.000000
1649622583645998058 88.433670 0.000000
1649622583935712732 88.460101 0.000000
1649622584000271494 88.336600 0.000000
1649622584063268678 176.531323 0.000000
1649622584103763184 88.357027 0.000000
1649622584201016751 88.343612 0.000000
1649622584233188986 88.407823 0.000000
1649622584305561276 88.432950 0.000000
1649622584305589549 88.446736 0.000000
1649622584329506045 176.561709 0.000000
1649622584562914639 88.446816 0.000000
1649622584578734507 176.571928 0.000000
1649622584594076329 176.691091 0.000000
1649622584636242741 88.416078 0.000000
1649622584926271582 88.578772 0.000000
1649622585014310914 176.642972 0.000000
1649622585206273396 88.410087 0.000000
1649622585215870729 88.498332 0.000000
1649622585304209371 176.848778 0.000000
1649622585335238173 88.390049 0.000000
1649622585407880289 88.551382 0.000000
1649622585577493361 88.437078 0.000000
1649622585682080877 88.331450 0.000000
1649622585770037202 88.398044 0.000000
1649622585827273807 176.521213 0.000000
1649622585842559334 88.531776 0.000000
1649622585915155293 88.451755 0.000000
1649622585956391811 88.457506 0.000000
1649622586012616087 88.448608 0.000000
1649622586027449676 176.554996 0.000000
1649622586085042699 88.418893 0.000000
1649622586132750279 88.558004 0.000000
1649622586157198503 88.353160 0.000000
1649622586174048953 88.469758 0.000000
1649622586229904279 88.506167 0.000000
1649622586318355763 88.446184 0.000000
1649622586318933426 88.338673 0.000000
1649622586334177976 88.392443 0.000000
1649622586551650393 176.530161 0.000000
1649622586624200856 88.380592 0.000000
1649622586640382984 88.709869 0.000000
1649622586800934338 176.672106 0.000000
1649622586913956516 88.395319 0.000000
1649622587115942880 88.523820 0.000000
1649622587131290994 88.396401 0.000000
1649622587276522877 176.529239 0.000000
1649622587363953798 88.397894 0.000000
1649622587389743377 88.587629 0.000000
1649622587389791558 88.625851 0.000000
1649622587452355049 88.390612 0.000000
1649622587452834398 176.665965 0.000000
1649622587581493011 88.556472 0.000000
1649622587607478737 88.556712 0.000000
1649622587783687825 88.388075 0.000000
1649622587784245831 88.345595 0.000000
1649622587872738553 88.439512 0.000000
1649622587928669800 88.432648 0.000000
1649622588042558563 88.450863 0.000000
1649622588219148535 176.661526 0.000000
1649622588290915120 88.483024 0.000000
1649622588291636632 176.634285 0.000000
1649622588307558973 88.544229 0.000000
1649622588348676227 88.545130 0.000000
1649622588435894800 88.463547 0.000000
1649622588468316473 176.674390 0.000000
1649622588493130623 88.443098 0.000000
1649622588580762291 88.386944 0.000000
1649622588701472051 176.609498 0.000000
1649622588886477600 176.777514 0.000000
1649622589015506868 88.407411 0.000000
1649622589321348134 176.618166 0.000000
1649622589337572310 88.579624 0.000000
1649622589538531649 176.620940 0.000000
1649622589580220044 88.445413 0.000000
1649622589580325842 88.401490 0.000000
1649622589642907768 176.612554 0.000000
1649622589642965396 176.606513 0.000000
1649622589708667852 88.405338 0.000000
1649622589716040373 88.426918 0.000000
1649622589725200586 88.479757 0.000000
1649622589819509151 176.597957 0.000000
1649622589917189257 88.569305 0.000000
1649622589973231753 88.476622 0.000000
1649622589989456811 88.857686 0.000000
1649622589998376002 88.449791 0.000000
1649622590101923347 88.468366 0.000000
1649622590279602813 88.602258 0.000000
1649622590319495751 88.401120 0.000000
1649622590641783039 88.513070 0.000000
1649622590682416517 88.514432 0.000000
1649622590730188097 88.395880 0.000000
1649622590745570094 176.638072 0.000000
1649622591061373466 88.457946 0.000000
1649622591190846997 88.610733 0.000000
1649622591221464487 88.392525 0.000000
1649622591480029842 88.397764 0.000000
1649622591494829368 88.471191 0.000000
1649622591511150756 88.428601 0.000000
1649622591552960519 88.441005 0.000000
1649622591655492170 176.713353 0.000000
1649622591679650430 88.376733 0.000000
1649622591697588139 88.520924 0.000000
1649622591728772182 88.535492 0.000000
1649622591729603000 88.614380 0.000000
1649622591809496880 89.024409 0.000000
1649622591881456808 88.598420 0.000000
1649622592026235421 88.579183 0.000000
1649622592251721771 176.724323 0.000000
1649622592251872644 88.313325 0.000000
1649622592292030541 88.535292 0.000000
1649622592436903832 88.431827 0.000000
1649622592453072274 88.446396 0.000000
1649622592557547789 176.730526 0.000000
1649622592597762431 88.391201 0.000000
1649622592597838884 88.454100 0.000000
1649622592605653805 88.640349 0.000000
1649622592743342016 88.616324 0.000000
1649622592837496011 176.589721 0.000000
1649622592887466674 176.568702 0.000000
1649622592895208027 88.469187 0.000000
1649622592960930421 88.327553 0.000000
1649622593016429617 88.480118 0.000000
1649622593033221968 88.434962 0.000000
1649622593049305541 88.370182 0.000000
1649622593256610366 88.490948 0.000000
1649622593339597196 176.872432 0.000000
1649622593345263028 176.633083 0.000000
1649622593395420791 88.397564 0.000000
1649622593417515693 176.571627 0.000000
1649622593474064708 88.458087 0.000000
1649622593523616125 88.377606 0.000000
1649622593612059935 88.439912 0.000000
1649622593612860385 88.495987 0.000000
1649622593707623934 88.451095 0.000000
1649622594047632394 88.392363 0.000000
1649622594085414065 176.562520 0.000000
1649622594125849081 88.433991 0.000000
1649622594125882664 88.367797 0.000000
1649622594198745574 88.543187 0.000000
1649622594343355391 88.449521 0.000000
1649622594353502173 177.041599 0.000000
1649622594415966959 88.519933 0.000000
1649622594633587132 88.549918 0.000000
1649622594675641073 88.491510 0.000000
1649622594732151506 88.437177 0.000000
1649622594778900478 88.614831 0.000000
1649622594787576964 176.629697 0.000000
1649622594804666253 88.418182 0.000000
1649622595053903270 88.437077 0.000000
1649622595150253042 176.619928 0.000000
1649622595182570729 88.326760 0.000000
1649622595279412062 88.468276 0.000000
1649622595286244341 88.421638 0.000000
1649622595447236190 176.652369 0.000000
1649622595503918796 88.545981 0.000000
1649622595503997273 88.441124 0.000000
1649622595535779827 88.537556 0.000000
1649622595576286356 88.467194 0.000000
1649622595600911252 88.315890 0.000000
1649622595850559771 88.551081 0.000000
1649622595865556045 88.531094 0.000000
1649622595906554487 88.405448 0.000000
1649622595962945205 88.502039 0.000000
1649622596155978143 176.749742 0.000000
1649622596389009128 176.512577 0.000000
1649622596445969995 176.530902 0.000000
1649622596470153674 88.409936 0.000000
1649622596589362080 88.405137 0.000000
1649622596614952776 88.377846 0.000000
1649622596808045847 88.392714 0.000000
1649622596864571919 88.464639 0.000000
1649622596952917556 88.381053 0.000000
1649622597049188609 88.319998 0.000000
1649622597081611243 88.348851 0.000000
1649622597154206832 88.374731 0.000000
1649622597314199789 88.414165 0.000000
1649622597458550049 88.384949 0.000000
1649622597459280568 88.360825 0.000000
1649622597603076109 88.455071 0.000000
1649622597660808903 88.293027 0.000000
1649622597691528536 88.447388 0.000000
1649622597700920824 88.380672 0.000000
1649622597748394635 88.379730 0.000000
1649622597950114288 176.455829 0.000000
1649622597950405264 176.580103 0.000000
1649622598037886710 88.516947 0.000000
1649622598038061237 88.433531 0.000000
1649622598038129014 88.448679 0.000000
1649622598135373132 88.481530 0.000000
1649622598198786968 176.797311 0.000000
1649622598255384293 88.345034 0.000000
1649622598296096187 88.361405 0.000000
1649622598560855555 88.575677 0.000000
1649622598617565041 176.570716 0.000000
1649622598674442712 88.301042 0.000000
1649622598689730032 88.446185 0.000000
1649622598787511287 88.482582 0.000000
1649622598834842992 88.574274 0.000000
1649622598835743510 176.553914 0.000000
1649622598892025395 88.534600 0.000000
1649622598907831458 88.415307 0.000000
1649622599197663590 88.309528 0.000000
1649622599341923882 88.449341 0.000000
1649622599342419351 88.494456 0.000000
1649622599367066297 88.325287 0.000000
1649622599399548644 88.551422 0.000000
1649622599591796269 88.435233 0.000000
1649622599834244660 88.453599 0.000000
1649622599938205329 88.465380 0.000000
1649622600124233615 88.397984 0.000000
1649622600140178118 88.819214 0.000000
1649622600180378743 88.426436 0.000000
1649622600269134388 88.443159 0.000000
1649622600284910975 176.605180 0.000000
1649622600284943095 176.543224 0.000000
1649622600357162017 176.780007 0.000000
1649622600776883139 88.380010 0.000000
1649622600793369217 88.560930 0.000000
1649622600832700513 88.562312 0.000000
1649622600848768717 88.527697 0.000000
1649622600937307134 88.531664 0.000000
1649622600994633627 88.631101 0.000000
1649622601010932072 88.569856 0.000000
1649622601115445709 88.661748 0.000000
1649622601227948142 88.649926 0.000000
1649622601356255207 88.443380 0.000000
1649622601389090694 88.423681 0.000000
1649622601549858003 176.667537 0.000000
1649622601557860385 88.486450 0.000000
1649622601678760322 88.430795 0.000000
1649622601823726948 88.450482 0.000000
1649622601823758347 88.464579 0.000000
1649622601879870413 88.593370 0.000000
1649622601895845091 176.667377 0.000000
1649622601896383932 88.543377 0.000000
1649622601920404133 88.506878 0.000000
1649622602008581494 176.732038 0.000000
1649622602056758593 176.569133 0.000000
1649622602065780137 88.870300 0.000000
1649622602065801206 88.831216 0.000000
1649622602242119499 88.432689 0.000000
1649622602330459845 176.731037 0.000000
1649622602371029312 176.706219 0.000000
1649622602418638768 88.371845 0.000000
1649622602443802404 88.373408 0.000000
1649622602459814492 88.440894 0.000000
1649622602531943606 88.472073 0.000000
1649622602588794647 88.680384 0.000000
1649622602636112716 88.388967 0.000000
1649622602692648857 176.716709 0.000000
1649622602716902196 88.592969 0.000000
1649622602805984774 88.472574 0.000000
1649622602853722901 88.670034 0.000000
1649622602893875898 88.396001 0.000000
1649622602925783176 88.404967 0.000000
1649622602925832188 88.469238 0.000000
1649622602934433944 88.409586 0.000000
1649622603102543447 176.704808 0.000000
1649622603184619208 88.487471 0.000000
1649622603360434738 176.637932 0.000000
1649622603369426365 88.553255 0.000000
1649622603401584563 88.372676 0.000000
1649622603457548512 176.704938 0.000000
1649622603546593849 88.349473 0.000000
1649622603546664392 88.362387 0.000000
1649622603578200243 88.431217 0.000000
1649622603602793861 88.500507 0.000000
1649622603625482376 176.599049 0.000000
1649622603635122579 88.451845 0.000000
1649622603650706655 88.342239 0.000000
1649622603658782796 88.497491 0.000000
1649622603795665546 88.459159 0.000000
1649622603883990703 176.778155 0.000000
1649622604028867231 176.659072 0.000000
1649622604053519286 88.495447 0.000000
1649622604182115623 88.410287 0.000000
1649622604198063160 176.597255 0.000000
1649622604327101004 88.579434 0.000000
1649622604359067673 88.382444 0.000000
1649622604504086367 88.541744 0.000000
1649622604544056531 176.626961 0.000000
1649622604560591179 88.517278 0.000000
1649622604576267458 88.431597 0.000000
1649622604592689134 88.397312 0.000000
1649622604834249018 88.425035 0.000000
1649622604954995487 88.374530 0.000000
1649622604963228282 88.456604 0.000000
1649622605099825658 88.465441 0.000000
1649622605108312929 88.682256 0.000000
1649622605155904060 176.586065 0.000000
1649622605228352693 176.687695 0.000000
1649622605284680884 176.621291 0.000000
1649622605325882477 88.587990 0.000000
1649622605405550354 176.780699 0.000000
1649622605534676573 88.420465 0.000000
1649622605575268282 88.546182 0.000000
1649622605615994594 88.453608 0.000000
1649622605647732835 88.547454 0.000000
1649622605704235023 176.614268 0.000000
1649622605807767489 88.440864 0.000000
1649622605880284641 88.416838 0.000000
1649622606010151709 88.397733 0.000000
1649622606066884038 88.455391 0.000000
1649622606123355888 88.465220 0.000000
1649622606227485225 88.475850 0.000000
1649622606387988367 88.546793 0.000000
1649622606485554599 88.412150 0.000000
1649622606661469014 88.406700 0.000000
1649622606790432769 88.410868 0.000000
1649622606847807392 88.520604 0.000000
1649622607152432487 88.343391 0.000000
1649622607210182564 88.435584 0.000000
1649622607240914529 88.472895 0.000000
1649622607256999534 88.406560 0.000000
1649622607355475442 88.692386 0.000000
1649622607474221180 88.402142 0.000000
1649622607661375517 176.699066 0.000000
1649622607677137306 88.472623 0.000000
1649622607790769207 88.614419 0.000000
1649622607982363138 88.461133 0.000000
1649622608127294708 88.617225 0.000000
1649622608166367238 88.439291 0.000000
1649622608199722391 88.645197 0.000000
1649622608226315086 88.366074 0.000000
1649622608272089331 88.699820 0.000000
1649622608416941963 88.506016 0.000000
1649622608417062970 88.503241 0.000000
1649622608505520856 88.448468 0.000000
1649622608532026347 176.647750 0.000000
1649622608577938030 88.422780 0.000000
1649622608762320330 88.431326 0.000000
1649622609023252211 88.412411 0.000000
1649622609213785474 88.382896 0.000000
1649622609747837356 88.431698 0.000000
1649622609908939602 88.499134 0.000000
1649622609908974277 88.505836 0.000000
1649622609923418957 88.460772 0.000000
1649622610037932310 88.411098 0.000000
1649622610053895267 88.326250 0.000000
1649622610126067672 176.641038 0.000000
1649622610182460073 88.472443 0.000000
1649622610182504556 88.486771 0.000000
1649622610182707387 88.306973 0.000000
1649622610211384639 88.433350 0.000000
1649622610255122186 88.472473 0.000000
1649622610327603691 88.422520 0.000000
1649622610388542385 88.572691 0.000000
1649622610516914941 176.593659 0.000000
1649622610533529068 88.392984 0.000000
1649622610573880187 88.436095 0.000000
1649622610662298128 88.568584 0.000000
1649622610690323809 88.510013 0.000000
1649622610718673888 88.389157 0.000000
1649622610864306733 88.440754 0.000000
1649622610879339646 176.667336 0.000000
1649622610952185293 88.559557 0.000000
1649622610979829479 88.458988 0.000000
1649622611008689344 88.358179 0.000000
1649622611197108582 88.514393 0.000000
1649622611286271811 88.541343 0.000000
1649622611387302628 176.613466 0.000000
1649622611459731313 176.631691 0.000000
1649622611547265017 88.477823 0.000000
1649622611588899471 88.564556 0.000000
1649622611631822912 88.382755 0.000000
1649622611661534644 88.551201 0.000000
1649622611720813957 88.746598 0.000000
1649622611733908146 88.559948 0.000000
1649622611808958496 176.932443 0.000000
1649622611821651071 88.420086 0.000000
1649622611909732321 88.611103 0.000000
1649622611982600490 176.894342 0.000000
1649622612023846917 88.605372 0.000000
1649622612039593629 176.649644 0.000000
1649622612211789693 88.396631 0.000000
1649622612227954557 88.397062 0.000000
1649622612329967917 88.404006 0.000000
1649622612458898539 88.422760 0.000000
1649622612501380231 88.443439 0.000000
1649622612618974741 88.417520 0.000000
1649622612750540534 176.545228 0.000000
1649622612764215391 176.551259 0.000000
1649622612791192576 88.370642 0.000000
1649622612927126999 176.575224 0.000000
1649622612936358094 88.428080 0.000000
1649622612952077244 88.432959 0.000000
1649622612981661898 88.606555 0.000000
1649622613040529079 176.685220 0.000000
1649622613097132506 88.652932 0.000000
1649622613241942658 88.417029 0.000000
1649622613298783761 88.434482 0.000000
1649622613314293327 88.427049 0.000000
1649622613343702272 88.405618 0.000000
1649622613431957508 176.739021 0.000000
1649622613459519910 88.561240 0.000000
1649622613472761235 88.427129 0.000000
1649622613532110098 88.510645 0.000000
1649622613561871904 88.915474 0.000000
1649622613604753056 88.553125 0.000000
1649622613738473978 176.593868 0.000000
1649622613762845159 88.560459 0.000000
1649622613951017083 88.424333 0.000000
1649622614012443272 88.549107 0.000000
1649622614084583677 176.759550 0.000000
1649622614112110532 88.468847 0.000000
1649622614157316893 88.440543 0.000000
1649622614256902160 88.359552 0.000000
1649622614329352055 88.330577 0.000000
1649622614487423699 88.497360 0.000000
1649622614591749524 88.384919 0.000000
1649622614664175905 176.736887 0.000000
1649622614776999992 88.424875 0.000000
1649622614825040815 176.631809 0.000000
1649622614921681412 88.471662 0.000000
1649622614924421239 88.377034 0.000000
1649622614996915257 176.718302 0.000000
1649622615082645209 88.470269 0.000000
1649622615110005302 88.427078 0.000000
1649622615171747974 88.569475 0.000000
1649622615255068409 88.552344 0.000000
1649622615315570986 176.584061 0.000000
1649622615343418723 88.346687 0.000000
1649622615358767147 176.633203 0.000000
1649622615428605727 88.431196 0.000000
1649622615477037785 176.594009 0.000000
1649622615606382343 88.444952 0.000000
1649622615646139548 88.641731 0.000000
1649622615695200655 88.420886 0.000000
1649622615734782801 88.633003 0.000000
1649622615872013234 176.802620 0.000000
1649622615969355265 88.618697 0.000000
1649622615984761728 176.556429 0.000000
1649622616041040908 88.495276 0.000000
1649622616052999957 88.434853 0.000000
1649622616226209192 88.455042 0.000000
1649622616402883250 88.552613 0.000000
1649622616415416758 88.528028 0.000000
1649622616431185159 176.539307 0.000000
1649622616476360171 88.503892 0.000000
1649622616519533319 88.342039 0.000000
1649622616632698946 88.478174 0.000000
1649622616841235178 176.649673 0.000000
1649622616882061778 88.557913 0.000000
1649622616894253214 88.412792 0.000000
1649622616922410632 88.328363 0.000000
1649622616999093813 176.608716 0.000000
1649622617067475572 88.395329 0.000000
1649622617224714475 88.375101 0.000000
1649622617332030395 88.382405 0.000000
1649622617357586065 88.554628 0.000000
1649622617404349194 88.320308 0.000000
1649622617449425701 88.504363 0.000000
1649622617562926697 88.380902 0.000000
1649622617719648390 88.489725 0.000000
1649622617853005511 88.602988 0.000000
1649622617896929718 176.692674 0.000000
1649622617911661295 88.424103 0.000000
1649622617953875036 88.555309 0.000000
1649622617956499496 88.356576 0.000000
1649622618041188547 88.517167 0.000000
1649622618042294149 88.415087 0.000000
1649622618133267150 176.623976 0.000000
1649622618142443013 88.581318 0.000000
1649622618262344708 88.487552 0.000000
1649622618303502188 88.526254 0.000000
1649622618345570555 88.388265 0.000000
1649622618387572689 176.664551 0.000000
1649622618391467360 88.530292 0.000000
1649622618476011539 88.432649 0.000000
1649622618708944850 88.540521 0.000000
1649622618783703944 91.155774 0.000000
1649622618927830234 176.549034 0.000000
1649622618972780054 88.342239 0.000000
1649622619127853447 88.387584 0.000000
1649622619228883803 88.495626 0.000000
1649622619279425446 183.050764 0.000000
1649622619306769719 179.214111 0.000000
1649622619367930079 88.510083 0.000000
1649622619377247798 176.729885 0.000000
1649622619566249808 176.748268 0.000000
1649622619666952300 89.505540 0.000000
1649622619811968919 88.635038 0.000000
1649622619835068495 88.527626 0.000000
1649622619850520874 183.558526 0.000000
1649622619850550059 183.431257 0.000000
1649622619859065253 88.408734 0.000000
1649622619938943454 88.346547 0.000000
1649622619942619165 88.567852 0.000000
1649622620072932640 88.335747 0.000000
1649622620099756157 176.580884 0.000000
1649622620163456088 92.054999 0.000000
1649622620304007747 88.818743 0.000000
1649622620428448982 176.572448 0.000000
1649622620699922105 176.633542 0.000000
1649622620733565859 88.453308 0.000000
1649622620885854912 88.428701 0.000000
1649622620979571066 88.421057 0.000000
1649622621067792649 176.775879 0.000000
1649622621080090985 88.432489 0.000000
1649622621244364947 176.562820 0.000000
1649622621269292901 88.424304 0.000000
1649622621342048339 88.480058 0.000000
1649622621342197959 88.627444 0.000000
1649622621430587888 88.384679 0.000000
1649622621458478365 88.331338 0.000000
1649622621531043427 88.416038 0.000000
1649622621820870959 88.544999 0.000000
1649622621901164659 88.369170 0.000000
1649622621937218381 88.492411 0.000000
1649622622062578058 88.437618 0.000000
1649622622113913650 176.684308 0.000000
1649622622126634267 88.376884 0.000000
1649622622368073885 176.537724 0.000000
1649622622384419589 88.518920 0.000000
1649622622387659453 176.565946 0.000000
1649622622569993072 88.441716 0.000000
1649622622573543809 88.428341 0.000000
1649622622642687876 88.628236 0.000000
1649622622658295888 176.699707 0.000000
1649622622673952821 88.438941 0.000000
1649622622803335761 176.636829 0.000000
1649622622935574284 88.357989 0.000000
1649622622987734160 88.467904 0.000000
1649622622995799942 176.524468 0.000000
1649622623149676030 88.443108 0.000000
1649622623167269784 88.403814 0.000000
1649622623222476242 88.456082 0.000000
1649622623311916911 88.416028 0.000000
1649622623422679321 88.449470 0.000000
1649622623512291632 88.354903 0.000000
1649622623639929501 88.557243 0.000000
1649622623647706420 176.755722 0.000000
1649622623802823445 88.603248 0.000000
1649622623824380048 176.664211 0.000000
1649622623979420860 88.386773 0.000000
1649622624090687877 88.389237 0.000000
1649622624164930734 88.371935 0.000000
1649622624454622672 88.519762 0.000000
1649622624458019030 88.549508 0.000000
1649622624543012080 88.379529 0.000000
1649622624602938136 88.551000 0.000000
1649622624691375944 88.428841 0.000000
1649622624744397506 88.433079 0.000000
1649622624760272107 176.902367 0.000000
1649622624889671899 88.727121 0.000000
1649622624922334683 88.518290 0.000000
1649622624944249047 88.774259 0.000000
1649622625177585443 88.469258 0.000000
1649622625182525394 88.465530 0.000000
1649622625288063031 88.548005 0.000000
1649622625399802403 88.462395 0.000000
1649622625432943705 88.521917 0.000000
1649622625469171933 88.424292 0.000000
1649622625705483407 176.775839 0.000000
1649622625813600088 88.356956 0.000000
1649622625863828654 88.526665 0.000000
1649622625867971711 88.579744 0.000000
1649622625907367749 88.540310 0.000000
1649622626049371580 88.651449 0.000000
1649622626051977365 88.433420 0.000000
1649622626137713408 88.332942 0.000000
1649622626173909036 88.536724 0.000000
1649622626336651737 88.564636 0.000000
1649622626484200583 88.409625 0.000000
1649622626588398999 88.467764 0.000000
1649622626608691422 88.417480 0.000000
1649622626698272553 176.712091 0.000000
1649622626698968248 88.502891 0.000000
1649622626773813103 88.540140 0.000000
1649622626806023389 88.494375 0.000000
1649622626827289567 88.424783 0.000000
1649622626898437481 88.406409 0.000000
1649622626921970811 88.416829 0.000000
1649622626950978763 88.701773 0.000000
1649622627039573385 88.610773 0.000000
1649622627044994879 88.615381 0.000000
1649622627139496385 88.598099 0.000000
1649622627168062088 88.382986 0.000000
1649622627205584153 176.755551 0.000000
1649622627313252824 88.492020 0.000000
1649622627332867647 88.430213 0.000000
1649622627385701257 88.490838 0.000000
1649622627429558858 88.555488 0.000000
1649622627477636121 88.509152 0.000000
1649622627816647100 88.424272 0.000000
1649622627952220526 176.682855 0.000000
1649622628072569880 176.735224 0.000000
1649622628081346964 88.498292 0.000000
1649622628153815464 88.362748 0.000000
1649622628160990296 88.411249 0.000000
1649622628202234367 176.561388 0.000000
1649622628531533309 176.609488 0.000000
1649622628708212938 88.465670 0.000000
1649622628821577337 176.520511 0.000000
1649622628951043703 88.384498 0.000000
1649622628998224475 176.641699 0.000000
1649622629128634721 88.550981 0.000000
1649622629128700595 88.565187 0.000000
1649622629272609768 176.692674 0.000000
1649622629401759901 88.497171 0.000000
1649622629432527653 88.582129 0.000000
1649622629504934267 88.402382 0.000000
1649622629521067212 88.536042 0.000000
1649622629563052704 88.533287 0.000000
1649622629649947830 88.425445 0.000000
1649622629763861729 176.764788 0.000000
1649622629763914448 176.802880 0.000000
1649622630053712746 88.416198 0.000000
1649622630100881906 88.491258 0.000000
1649622630198203780 176.731987 0.000000
1649622630230924933 176.671865 0.000000
1649622630245743064 88.514252 0.000000
1649622630287892804 88.560849 0.000000
1649622630359367470 88.380600 0.000000
1649622630520737979 176.556208 0.000000
1649622630535536443 88.489406 0.000000
1649622630544750867 88.427369 0.000000
1649622630577790558 88.618437 0.000000
1649622630680542532 88.367236 0.000000
1649622630851186646 88.511817 0.000000
1649622630955694071 88.486590 0.000000
1649622631011263398 88.488243 0.000000
1649622631011300368 88.525272 0.000000
1649622631011849066 176.606583 0.000000
1649622631065785112 88.619830 0.000000
1649622631157274933 88.429082 0.000000
1649622631187889918 88.601034 0.000000
1649622631461912210 88.395990 0.000000
1649622631550262524 88.340496 0.000000
1649622631572916334 88.567491 0.000000
1649622631790326312 88.566169 0.000000
1649622631880280713 88.419493 0.000000
1649622631913215768 88.334194 0.000000
1649622631920753750 88.439351 0.000000
1649622631928802229 176.559715 0.000000
1649622631934941028 88.483043 0.000000
1649622631966879604 176.544496 0.000000
1649622632080033118 88.369381 0.000000
1649622632297114360 88.330036 0.000000
1649622632362121391 88.416708 0.000000
1649622632369369219 88.522196 0.000000
1649622632419023558 88.429952 0.000000
1649622632457910772 88.369981 0.000000
1649622632507438323 88.405889 0.000000
1649622632514442675 176.841673 0.000000
1649622632643247120 88.366174 0.000000
1649622632651334431 88.334294 0.000000
1649622632677141653 88.365591 0.000000
1649622632709148558 88.366805 0.000000
1649622632749383138 88.471632 0.000000
1649622632838006704 88.455080 0.000000
1649622632891876176 176.717120 0.000000
1649622633093154401 88.439631 0.000000
1649622633216557269 88.553645 0.000000
1649622633305036245 88.473666 0.000000
1649622633327108474 176.707411 0.000000
1649622633376428026 88.589943 0.000000
1649622633471946379 88.380641 0.000000
1649622633673320222 88.469187 0.000000
1649622633738766077 88.351536 0.000000
1649622633738877055 88.491398 0.000000
1649622633761743905 88.408203 0.000000
1649622633827328890 88.557863 0.000000
1649622633883947816 88.444922 0.000000
1649622633981740051 88.474918 0.000000
1649622634028651267 88.457434 0.000000
1649622634101141518 88.417119 0.000000
1649622634215048535 88.537155 0.000000
1649622634334309418 176.655824 0.000000
1649622634359387814 88.562181 0.000000
1649622634412671517 176.766121 0.000000
1649622634501658675 176.580524 0.000000
1649622634504173149 88.554216 0.000000
1649622634648959206 88.440754 0.000000
1649622634648989182 88.371514 0.000000
1649622634686679211 88.537775 0.000000
1649622634737412764 88.420576 0.000000
1649622634738321117 88.404155 0.000000
1649622634898644672 88.506897 0.000000
1649622634976646756 88.507479 0.000000
1649622635244388644 176.725215 0.000000
1649622635349629914 88.566079 0.000000
1649622635438114890 88.400828 0.000000
1649622635443134952 88.345245 0.000000
1649622635526529826 88.405919 0.000000
1649622635531511706 88.371694 0.000000
1649622635551446598 88.418682 0.000000
1649622635733295027 88.579082 0.000000
1649622635944844759 176.508308 0.000000
1649622636002435757 88.346727 0.000000
1649622636007595981 88.523188 0.000000
1649622636058969904 88.409055 0.000000
1649622636147373839 88.391862 0.000000
1649622636220174962 88.760945 0.000000
1649622636220211341 88.797343 0.000000
1649622636369933521 88.387434 0.000000
1649622636401558089 88.462485 0.000000
1649622636442585465 88.369510 0.000000
1649622636525381346 176.794374 0.000000
1649622636702010139 176.617903 0.000000
1649622636765110617 176.617112 0.000000
1649622636893200623 176.779456 0.000000
1649622636941709334 176.594509 0.000000
1649622636944258723 88.322562 0.000000
1649622637053658710 88.512147 0.000000
1649622637198420602 88.439151 0.000000
1649622637286947797 88.561911 0.000000
1649622637328656551 88.410337 0.000000
1649622637375360007 88.431637 0.000000
1649622637435855601 88.422809 0.000000
1649622637463828964 88.460691 0.000000
1649622637529968609 88.657019 0.000000
1649622637545747681 88.400999 0.000000
1649622637546073892 88.456553 0.000000
1649622637602278601 88.536603 0.000000
1649622637681070567 176.679649 0.000000
1649622637747307483 88.412661 0.000000
1649622637922993930 88.476982 0.000000
1649622638011736219 88.326138 0.000000
1649622638052734430 176.471488 0.000000
1649622638181571827 88.384057 0.000000
1649622638301257157 176.744780 0.000000
1649622638301855038 88.440844 0.000000
1649622638343055438 88.411178 0.000000
1649622638431168467 176.561347 0.000000
1649622638477514554 88.450822 0.000000
1649622638487660956 176.626259 0.000000
1649622638575074313 88.396010 0.000000
1649622638576013865 176.520630 0.000000
1649622638632287543 88.403614 0.000000
1649622638679496478 176.594098 0.000000
1649622638720629522 88.335647 0.000000
1649622638751978784 176.619967 0.000000
1649622638762143901 88.469427 0.000000
1649622638762206849 88.551832 0.000000
1649622638834496073 88.395219 0.000000
1649622639052488342 88.427989 0.000000
1649622639067749112 88.408663 0.000000
1649622639068186883 176.656616 0.000000
1649622639124870730 88.362176 0.000000
1649622639226921610 88.475638 0.000000
1649622639299195615 88.460882 0.000000
1649622639410528255 88.552754 0.000000
1649622639611416388 88.364190 0.000000
1649622639838977166 88.416988 0.000000
1649622639973736415 88.504544 0.000000
1649622640081832057 88.528669 0.000000
1649622640112655443 88.388426 0.000000
1649622640201095345 88.429462 0.000000
1649622640256407701 176.622092 0.000000
1649622640458407228 88.648022 0.000000
1649622640522390651 176.659070 0.000000
1649622640610585463 176.708292 0.000000
1649622640691593222 88.430414 0.000000
1649622640770683075 88.425175 0.000000
1649622640981017638 88.401190 0.000000
1649622641013612246 88.592970 0.000000
1649622641198701279 88.544448 0.000000
1649622641254561052 88.443889 0.000000
1649622641416151041 88.567461 0.000000
1649622641488100308 88.427519 0.000000
1649622641510695027 88.405287 0.000000
1649622641721649382 88.396290 0.000000
1649622641728045934 88.424413 0.000000
1649622641850913108 88.549958 0.000000
1649622641915001247 88.378687 0.000000
1649622642090557089 88.418492 0.000000
1649622642156740937 88.456113 0.000000
1649622642229282454 88.432378 0.000000
1649622642251450422 88.410256 0.000000
1649622642251579354 176.631227 0.000000
1649622642267037414 176.772162 0.000000
1649622642430944367 88.511767 0.000000
1649622642430961660 88.483414 0.000000
1649622642468780160 88.436245 0.000000
1649622642469107383 176.635297 0.000000
1649622642525973393 88.458026 0.000000
1649622642573900804 88.438489 0.000000
1649622642607501757 176.537202 0.000000
1649622642645750845 176.635276 0.000000
1649622642701565833 176.690980 0.000000
1649622642791396733 88.443539 0.000000
1649622642919050832 176.828087 0.000000
1649622643010299720 88.444240 0.000000
1649622643079919499 176.645585 0.000000
1649622643177883306 88.452245 0.000000
1649622643193553613 88.581818 0.000000
1649622643297962443 88.562101 0.000000
1649622643372355651 88.399566 0.000000
1649622643410513137 88.549117 0.000000
1649622643444817559 88.443719 0.000000
1649622643612773533 88.425575 0.000000
1649622643621629175 88.519862 0.000000
1649622643772813046 88.559997 0.000000
1649622643895394364 88.424593 0.000000
1649622643896092753 88.376242 0.000000
1649622644040432162 88.436436 0.000000
1649622644112759758 176.573700 0.000000
1649622644113351888 88.344924 0.000000
1649622644135166525 88.559456 0.000000
1649622644169334060 88.384127 0.000000
1649622644223540434 88.367196 0.000000
1649622644255342223 176.527263 0.000000
1649622644264883371 88.479867 0.000000
1649622644274506672 176.790236 0.000000
1649622644343735158 88.382735 0.000000
1649622644475736656 88.435924 0.000000
1649622644765600757 88.392444 0.000000
1649622644907235135 176.532764 0.000000
1649622644979657759 176.591194 0.000000
1649622645020594314 88.652771 0.000000
1649622645036492128 88.421517 0.000000
1649622645181138774 176.624265 0.000000
1649622645199395810 176.757705 0.000000
1649622645199553866 88.400278 0.000000
1649622645366767960 88.450772 0.000000
1649622645511665726 88.484826 0.000000
1649622645801396476 88.483523 0.000000
1649622645817415548 88.426717 0.000000
1649622645955959392 176.619847 0.000000
1649622645962365191 88.440733 0.000000
1649622646141555106 88.428982 0.000000
1649622646285347359 88.382333 0.000000
1649622646286285668 88.390669 0.000000
1649622646414120566 88.414585 0.000000
1649622646486452129 88.449470 0.000000
1649622646573381689 176.540858 0.000000
1649622646614235740 88.433139 0.000000
1649622646792164040 88.444401 0.000000
1649622646920661399 88.335586 0.000000
1649622647010137944 88.325907 0.000000
1649622647025879656 176.501925 0.000000
1649622647065785770 88.439210 0.000000
1649622647154266989 88.471591 0.000000
1649622647155045639 88.360703 0.000000
1649622647210604648 88.406599 0.000000
1649622647226366648 176.584580 0.000000
1649622647299006088 88.391341 0.000000
1649622647299889934 88.439651 0.000000
1649622647444592284 88.390399 0.000000
1649622647444646696 88.330507 0.000000
1649622647572211167 88.432298 0.000000
1649622647636992705 88.409345 0.000000
1649622647733745542 88.432679 0.000000
1649622647734608039 88.361876 0.000000
1649622648006458047 88.345845 0.000000
1649622648095803297 88.371394 0.000000
1649622648127701447 88.399686 0.000000
1649622648151363748 88.397632 0.000000
1649622648256200690 88.386191 0.000000
1649622648296015002 88.446935 0.000000
1649622648313019170 88.310008 0.000000
1649622648475042382 88.417360 0.000000
1649622648530112615 88.371043 0.000000
1649622648531336208 88.429583 0.000000
1649622648561312616 88.520803 0.000000
1649622648619726507 88.384137 0.000000
1649622648649778647 88.460019 0.000000
1649622648658151314 88.429322 0.000000
1649622648674875648 88.319717 0.000000
1649622648692911169 88.354271 0.000000
1649622648818998511 88.507509 0.000000
1649622648819052201 88.429632 0.000000
1649622648907210285 176.641547 0.000000
1649622648982778015 88.571519 0.000000
1649622648998923433 88.569665 0.000000
1649622649108909108 88.465009 0.000000
1649622649232244680 88.432839 0.000000
1649622649248443639 88.527626 0.000000
1649622649320978343 88.585546 0.000000
1649622649761023474 88.481269 0.000000
1649622649827096494 176.582928 0.000000
1649622649978022662 88.344674 0.000000
1649622649994012378 176.611671 0.000000
1649622650012547406 88.446564 0.000000
1649622650060354973 176.646166 0.000000
1649622650196768744 88.658793 0.000000
1649622650662323208 88.400458 0.000000
1649622650848188527 88.433039 0.000000
1649622651065379464 88.356476 0.000000
1649622651097320214 176.686892 0.000000
1649622651114412218 176.566096 0.000000
1649622651210460874 88.541843 0.000000
1649622651387221685 176.791208 0.000000
1649622651387654116 88.524431 0.000000
1649622651493898566 88.451413 0.000000
1649622651515788394 176.668788 0.000000
1649622651661134290 88.325978 0.000000
1649622651764466561 176.615138 0.000000
1649622651821247591 88.598940 0.000000
1649622651856495832 88.591547 0.000000
1649622651966198917 88.639515 0.000000
1649622652038943385 88.399146 0.000000
1649622652054731052 88.523078 0.000000
1649622652079560261 88.422800 0.000000
1649622652126604666 176.568580 0.000000
1649622652143151327 88.409705 0.000000
1649622652167992919 88.365462 0.000000
1649622652234766482 176.576024 0.000000
1649622652273108032 88.353719 0.000000
1649622652288934633 176.595771 0.000000
1649622652361726960 88.613798 0.000000
1649622652363850631 88.504874 0.000000
1649622652562742692 88.407360 0.000000
1649622652586531821 88.376773 0.000000
1649622652635074776 88.372705 0.000000
1649622652654271014 88.453167 0.000000
1649622652658739141 88.431546 0.000000
1649622652803594387 88.329184 0.000000
1649622652871456050 88.431246 0.000000
1649622652887574979 88.412651 0.000000
1649622652908686247 88.449561 0.000000
1649622652924502989 176.547091 0.000000
1649622653069344810 88.458126 0.000000
1649622653125532317 88.402622 0.000000
1649622653197579066 88.477994 0.000000
1649622653233884529 88.547303 0.000000
1649622653254328537 88.504092 0.000000
1649622653359189373 88.671226 0.000000
1649622653451220478 88.425605 0.000000
1649622653487424040 88.440493 0.000000
1649622653520141938 177.128430 0.000000
1649622653539651573 88.420526 0.000000
1649622653575818236 88.387324 0.000000
1649622653596406053 88.518430 0.000000
1649622653628348697 88.687627 0.000000
1649622653632442472 88.430134 0.000000
1649622653648509845 88.547985 0.000000
1649622653753021326 176.845439 0.000000
1649622653761161717 88.371413 0.000000
1649622653814343520 88.464208 0.000000
1649622654047133991 176.575793 0.000000
1649622654107425182 88.421287 0.000000
1649622654268224699 88.434662 0.000000
1649622654284150085 176.719744 0.000000
1649622654324602743 88.483052 0.000000
1649622654477885640 176.530479 0.000000
1649622654517727803 88.717532 0.000000
1649622654606423083 88.686574 0.000000
1649622654626997776 176.667265 0.000000
1649622654663037040 176.651085 0.000000
1649622654751538838 176.736926 0.000000
1649622654895809217 88.496578 0.000000
1649622654953175875 176.643050 0.000000
1649622654992355306 176.567748 0.000000
1649622655024621366 88.462614 0.000000
1649622655121688643 88.457715 0.000000
1649622655155145095 88.525853 0.000000
1649622655168957710 176.595992 0.000000
1649622655170787260 176.669299 0.000000
1649622655257790528 176.798000 0.000000
1649622655266467756 88.384268 0.000000
1649622655339105904 88.394287 0.000000
1649622655619292721 176.556517 0.000000
1649622655637214630 176.832224 0.000000
1649622655773700566 88.406059 0.000000
1649622655918553478 88.373798 0.000000
1649622655999706398 176.647969 0.000000
1649622656151403321 176.541480 0.000000
1649622656183872311 176.613925 0.000000
1649622656296884280 176.540839 0.000000
1649622656318545138 88.472463 0.000000
1649622656350252832 88.411058 0.000000
1649622656353527291 88.538236 0.000000
1649622656369499835 88.373647 0.000000
1649622656530177874 88.425785 0.000000
1649622656875151921 176.642188 0.000000
1649622656954507613 88.379288 0.000000
1649622657021328976 88.429002 0.000000
1649622657043273616 88.408022 0.000000
1649622657085198615 176.654602 0.000000
1649622657230054331 176.647608 0.000000
1649622657239004491 88.583772 0.000000
1649622657307335363 176.597044 0.000000
1649622657359246794 88.401951 0.000000
1649622657379815304 176.645354 0.000000
1649622657382672330 176.538323 0.000000
1649622657421927063 88.470158 0.000000
1649622657471319591 88.363459 0.000000
1649622657509650371 176.569371 0.000000
1649622657528794882 88.493552 0.000000
1649622657535969342 176.713893 0.000000
1649622657584368077 88.747177 0.000000
1649622657657006706 88.384217 0.000000
1649622657672618774 176.728399 0.000000
1649622657711390642 88.546001 0.000000
1649622657745387968 88.371965 0.000000
1649622657783948619 88.632694 0.000000
1649622657806414176 88.555749 0.000000
1649622657874308540 88.727791 0.000000
1649622657946635595 88.618427 0.000000
1649622658072399199 176.529768 0.000000
1649622658145369690 88.346437 0.000000
1649622658218054996 88.384798 0.000000
1649622658306219321 176.579650 0.000000
1649622658309638441 88.540642 0.000000
1649622658341235036 88.526724 0.000000
1649622658486189278 88.581778 0.000000
1649622658542676717 176.665241 0.000000
1649622658545822915 176.595450 0.000000
1649622658646875884 176.714604 0.000000
1649622658724258987 88.567792 0.000000
1649622658744338010 88.640618 0.000000
1649622658747343594 88.428740 0.000000
1649622658797524300 88.559816 0.000000
1649622658885922073 88.388716 0.000000
1649622659009663857 176.627700 0.000000
1649622659029464217 176.666924 0.000000
1649622659034366508 88.487060 0.000000
1649622659049972546 176.594380 0.000000
1649622659066419649 88.490506 0.000000
1649622659066512282 176.583157 0.000000
1649622659195028027 176.617191 0.000000
1649622659215831968 88.432538 0.000000
1649622659250451471 88.471371 0.000000
1649622659251600505 88.527075 0.000000
1649622659322739542 88.396360 0.000000
1649622659398613757 88.459679 0.000000
1649622659428714167 88.586115 0.000000
1649622659444747165 88.590414 0.000000
1649622659468881510 88.553254 0.000000
1649622659556967820 176.631258 0.000000
1649622659594135028 88.435384 0.000000
1649622659757610292 88.462955 0.000000
1649622659758880493 88.488102 0.000000
1649622659868242779 88.542334 0.000000
1649622659993354231 176.651445 0.000000
1649622660013056467 88.458777 0.000000
1649622660138159804 176.696812 0.000000
1649622660246169763 176.765890 0.000000
1649622660265893751 88.690682 0.000000
1649622660410649530 88.329685 0.000000
1649622660410864704 88.513830 0.000000
1649622660629343024 88.502049 0.000000
1649622660700515724 88.532556 0.000000
1649622660769981915 176.835510 0.000000
1649622660806284794 88.410306 0.000000
1649622660846488115 88.338953 0.000000
1649622660862807740 88.335336 0.000000
1649622660894890687 88.593971 0.000000
1649622660898870828 176.631628 0.000000
1649622661023715129 88.434501 0.000000
1649622661152815650 88.441776 0.000000
1649622661204808472 176.642168 0.000000
1649622661280307743 88.396750 0.000000
1649622661329574916 176.651966 0.000000
1649622661353527461 88.399906 0.000000
1649622661390540241 88.453938 0.000000
1649622661639962993 88.428821 0.000000
1649622661643802602 88.618477 0.000000
1649622661857248227 88.548916 0.000000
1649622661913765232 88.582340 0.000000
1649622661933882766 88.404946 0.000000
1649622662002194774 88.366434 0.000000
1649622662005884952 88.334665 0.000000
1649622662093213189 88.534558 0.000000
1649622662093269605 88.419553 0.000000
1649622662094660743 88.519400 0.000000
1649622662178792569 176.589680 0.000000
1649622662183181276 88.516335 0.000000
1649622662508790279 176.580633 0.000000
1649622662525160448 88.391180 0.000000
1649622662613760531 88.594442 0.000000
1649622662726680906 88.602026 0.000000
1649622662960824956 88.571769 0.000000
1649622662962060603 88.470770 0.000000
1649622662977809527 176.526151 0.000000
1649622663011692028 88.466111 0.000000
1649622663068352191 88.441936 0.000000
1649622663386710640 176.568500 0.000000
1649622663396339753 88.463627 0.000000
1649622663398137743 88.435784 0.000000
1649622663563393615 176.677364 0.000000
1649622663753004476 88.376302 0.000000
1649622663831397723 88.556300 0.000000
1649622663847366771 88.448168 0.000000
1649622663976207854 88.498230 0.000000
1649622664066324830 88.511626 0.000000
1649622664136949052 176.591012 0.000000
1649622664155003820 88.395680 0.000000
1649622664193605338 88.497520 0.000000
1649622664404882978 88.584482 0.000000
1649622664517234308 88.475078 0.000000
1649622664589429845 88.577399 0.000000
1649622664661748705 176.690348 0.000000
1649622664693388541 88.309558 0.000000
1649622664734327280 88.601464 0.000000
1649622664766068617 88.426046 0.000000
1649622664781776596 176.655263 0.000000
1649622664789088924 176.839838 0.000000
1649622664870160031 88.374549 0.000000
1649622665023983180 88.445613 0.000000
1649622665056244081 88.434632 0.000000
1649622665144859240 88.615390 0.000000
1649622665151498247 88.406317 0.000000
1649622665241680505 88.402202 0.000000
1649622665361742360 176.641917 0.000000
1649622665386402282 88.415006 0.000000
1649622665418515325 88.513300 0.000000
1649622665418591197 88.536754 0.000000
1649622665659923973 88.617194 0.000000
1649622665748364185 88.442807 0.000000
1649622665820679758 88.499664 0.000000
1649622665836871403 88.474767 0.000000
1649622665836920014 88.491378 0.000000
1649622665852810474 88.461081 0.000000
1649622665948601728 88.379348 0.000000
