1649622517779820161 61.940898 770.086811 768 48 0.000000
1649622518777442935 59.760644 801.906288 800 48 0.000000
1649622519784714618 58.490316 820.036829 826 48 0.000000
1649622520782627166 59.727213 814.700771 813 48 0.000000
1649622521789625416 61.484377 777.558475 783 48 0.000000
1649622522786977693 58.400030 816.160895 814 48 0.000000
1649622523793540477 64.012466 746.103528 751 48 0.000000
1649622524792373319 62.462774 770.899770 770 48 0.000000
1649622525794096749 62.623419 768.675257 770 48 0.000000
1649622526796769700 64.898284 742.016610 744 48 0.000000
1649622527799537599 62.838900 758.899391 761 48 0.000000
1649622528801392987 64.832479 740.625852 742 48 0.000000
1649622529798621079 57.480326 837.321052 835 48 0.000000
1649622530805007792 65.989061 731.329188 736 48 0.000000
1649622531803404164 62.822949 760.219109 759 48 0.000000
1649622532801068084 63.551493 754.763187 753 48 0.000000
1649622533807609335 63.311747 755.060888 760 48 0.000000
1649622534811183625 64.754031 740.353828 743 48 0.000000
1649622535811157023 61.230366 786.020909 786 48 0.000000
1649622536809362447 63.787145 749.344719 748 48 0.000000
1649622537816056454 64.906669 749.979698 755 48 0.000000
1649622538813087606 66.094398 713.117064 711 48 0.000000
1649622539818695267 66.965278 727.918134 732 48 0.000000
1649622540815694680 62.788087 759.278281 757 48 0.000000
1649622541820975817 65.290221 735.117735 739 48 0.000000
1649622542823666680 66.331885 721.059684 723 48 0.000000
1649622543825488091 65.041376 742.647386 744 48 0.000000
1649622544825979890 63.059669 761.625433 762 48 0.000000
1649622545826429450 67.611770 703.683645 704 48 0.000000
1649622546829162941 64.735537 747.955478 750 48 0.000000
1649622547829307950 67.735981 706.897479 707 48 0.000000
1649622548823796162 64.554995 749.128995 745 48 0.000000
1649622549837232769 65.204962 729.201992 739 48 0.000000
1649622550834434518 67.337299 709.986742 708 48 0.000000
1649622551838957063 64.905877 744.632419 748 48 0.000000
1649622552842560525 67.418324 712.432768 715 48 0.000000
1649622553839859295 64.825763 741.001600 739 48 0.000000
1649622554845276437 65.839048 728.056032 732 48 0.000000
1649622555846178794 66.993626 718.351740 719 48 0.000000
1649622556848439447 65.189665 726.358000 728 48 0.000000
1649622557842672781 63.176160 773.460310 769 48 0.000000
1649622558850248969 65.339619 723.518488 729 48 0.000000
1649622559848216613 66.018971 733.490647 732 48 0.000000
1649622560855011647 66.599643 721.100137 726 48 0.000000
1649622561853236333 68.292294 697.237823 696 48 0.000000
1649622562858525392 67.801722 709.248691 713 48 0.000000
1649622563856669367 69.099801 702.303571 701 48 0.000000
1649622564861273753 65.554894 718.690805 722 48 0.000000
1649622565859572186 65.517873 740.259646 739 48 0.000000
1649622566864999806 66.586823 719.097008 723 48 0.000000
1649622567863815278 64.578591 743.881147 743 48 0.000000
1649622568868082201 63.057205 756.770895 760 48 0.000000
1649622569869260172 64.347214 751.115238 752 48 0.000000
1649622570866893990 65.680504 729.726659 728 48 0.000000
1649622571872470787 67.726672 710.040243 714 48 0.000000
1649622572875244089 65.361310 735.958986 738 48 0.000000
1649622573877265160 65.590900 728.527594 730 48 0.000000
1649622574879101626 66.352000 721.674676 723 48 0.000000
1649622575879909883 67.073067 716.420876 717 48 0.000000
1649622576878212373 65.522153 736.249865 735 48 0.000000
1649622577876932476 64.744998 739.946975 739 48 0.000000
1649622578882147093 64.409254 743.124881 747 48 0.000000
1649622579887347785 64.444966 742.140445 746 48 0.000000
1649622580885276764 66.869651 718.487982 717 48 0.000000
1649622581890879077 63.285909 758.749257 763 48 0.000000
1649622582881893803 61.088973 797.162742 790 48 0.000000
1649622583894458300 63.642564 745.631500 755 48 0.000000
1649622584893828640 62.947038 762.480118 762 48 0.000000
1649622585891412671 65.711710 734.775172 733 48 0.000000
1649622586897942343 65.228156 729.238334 734 48 0.000000
1649622587897593199 63.489710 763.266475 763 48 0.000000
1649622588895659183 65.107978 734.420314 733 48 0.000000
1649622589901954225 66.639990 725.433447 730 48 0.000000
1649622590899742068 65.243105 720.594002 719 48 0.000000
1649622591905499772 65.166637 740.735111 745 48 0.000000
1649622592897146782 65.214852 745.224826 739 48 0.000000
1649622593911129766 63.347886 758.395332 769 48 0.000000
1649622594908070720 64.860773 740.264569 738 48 0.000000
1649622595914957701 67.813170 705.143647 710 48 0.000000
1649622596913172363 68.157233 701.251972 700 48 0.000000
1649622597918685187 64.764543 740.915456 745 48 0.000000
1649622598916533512 61.603444 778.675511 777 48 0.000000
1649622599922003315 64.080384 751.887332 756 48 0.000000
1649622600922408623 67.693983 708.712746 709 48 0.000000
1649622601920449258 63.738273 751.472424 750 48 0.000000
1649622602925832188 67.633289 708.187853 712 48 0.000000
1649622603924951194 65.858985 728.641951 728 48 0.000000
1649622604922280165 64.714598 740.979162 739 48 0.000000
1649622605929071675 66.914348 721.102624 726 48 0.000000
1649622606928491685 66.406108 719.417255 719 48 0.000000
1649622607933530569 64.942322 745.244805 749 48 0.000000
1649622608935135495 64.297105 740.811068 742 48 0.000000
1649622609930429670 65.535427 732.446700 729 48 0.000000
1649622610936127389 65.787879 731.830237 736 48 0.000000
1649622611935343186 66.653689 717.562787 717 48 0.000000
1649622612941875098 65.461467 734.204213 739 48 0.000000
1649622613943305225 64.706427 732.951786 734 48 0.000000
1649622614944825582 65.740446 736.879680 738 48 0.000000
1649622615945469776 66.309204 720.535835 721 48 0.000000
1649622616946131843 65.832086 730.516320 731 48 0.000000
1649622617949575295 65.305405 735.467424 738 48 0.000000
1649622618951330992 65.777931 731.715330 733 48 0.000000
1649622619953224978 64.228649 753.572826 755 48 0.000000
1649622620943217042 65.309089 727.278485 720 48 0.000000
1649622621950051910 66.028956 730.010467 735 48 0.000000
1649622622956122166 68.524212 694.782548 699 48 0.000000
1649622623959026285 66.524103 724.894746 727 48 0.000000
1649622624953767431 65.135273 742.906906 739 48 0.000000
1649622625963244293 65.080700 736.024824 743 48 0.000000
1649622626956409654 66.965683 716.899744 712 48 0.000000
1649622627960272130 65.751507 728.187401 731 48 0.000000
1649622628967668661 66.333610 719.676866 725 48 0.000000
1649622629965290978 66.424540 720.713629 719 48 0.000000
1649622630971608055 67.287151 710.511608 715 48 0.000000
1649622631970249061 65.272168 746.013888 745 48 0.000000
1649622632974917477 64.707608 738.552065 742 48 0.000000
1649622633973764580 65.105441 742.856504 742 48 0.000000
1649622634976646756 67.238450 703.971011 706 48 0.000000
1649622635978490706 67.957413 704.700567 706 48 0.000000
1649622636977053886 68.009192 712.023056 711 48 0.000000
1649622637980936027 67.259324 714.227255 717 48 0.000000
1649622638985577883 68.050073 707.714875 711 48 0.000000
1649622639985691157 66.756605 718.918551 719 48 0.000000
1649622640987873231 66.311971 715.438845 717 48 0.000000
1649622641987924530 67.577017 710.963571 711 48 0.000000
1649622642992702530 69.367112 692.690333 696 48 0.000000
1649622643991453590 66.738053 718.897860 718 48 0.000000
1649622644996662247 65.202707 736.165567 740 48 0.000000
1649622645996611725 66.538429 724.036536 724 48 0.000000
1649622646999781979 64.587770 745.636196 748 48 0.000000
1649622648000270417 65.987241 719.648496 720 48 0.000000
1649622648998923433 68.567025 699.942812 699 48 0.000000
1649622650005049550 63.610919 758.354248 763 48 0.000000
1649622651002231378 67.827723 707.995231 706 48 0.000000
1649622652006580352 65.205830 732.813008 736 48 0.000000
1649622653004891737 64.601304 752.270250 751 48 0.000000
1649622654011114985 63.392593 751.324330 756 48 0.000000
1649622655008644354 63.637277 753.862569 752 48 0.000000
1649622656014246928 65.108967 739.854893 744 48 0.000000
1649622657012716078 67.666636 701.073265 700 48 0.000000
1649622658012026426 64.124988 757.522344 757 48 0.000000
1649622659018406036 67.162256 709.473897 714 48 0.000000
1649622660013156254 67.090862 716.762863 713 48 0.000000
1649622661020289366 68.454924 702.985511 708 48 0.000000
1649622662023435254 67.752856 716.745165 719 48 0.000000
1649622663020309875 66.320634 720.250899 718 48 0.000000
1649622664025929149 67.242653 711.004875 715 48 0.000000
1649622665023983180 64.176789 738.436894 737 48 0.000000
1649622666030085630 67.255823 719.608703 724 48 0.000000
