1649623819233099520 637.360165 0.000000
1649623819784191778 455.974850 0.000000
1649623820258708361 474.776710 0.000000
1649623820827464385 458.405326 0.000000
1649623821061522182 558.815659 0.000000
1649623821061578668 341.420712 0.000000
1649623821766280335 130.432327 0.000000
1649623822523868277 757.576130 0.000000
1649623823314646372 215.581657 0.000000
1649623824462444215 563.463142 0.000000
1649623824462489790 563.587065 0.000000
1649623824937594585 475.019224 0.000000
1649623825484825052 547.226139 0.000000
1649623826132259022 107.725247 0.000000
1649623826662585048 539.299219 0.000000
1649623827816606697 1154.061704 0.000000
1649623829077623994 383.314897 0.000000
1649623829370462062 346.222032 0.000000
1649623829746017768 375.538835 0.000000
1649623829762673576 479.591857 0.000000
1649623830802480994 656.628029 0.000000
1649623830908317848 762.387577 0.000000
1649623831376359970 467.972120 0.000000
1649623831469217230 560.829751 0.000000
1649623831472417770 364.080072 0.000000
1649623831831168282 566.491938 0.000000
1649623831877156312 534.365259 0.000000
1649623832120108042 288.933347 0.000000
1649623833416182631 544.215102 0.000000
1649623834202517486 259.016108 0.000000
1649623834812863670 869.321115 0.000000
1649623835344347234 531.478725 0.000000
1649623835925930605 374.456688 0.000000
1649623836068539219 463.911918 0.000000
1649623837352601949 785.309249 0.000000
1649623837352673914 733.195826 0.000000
1649623838016905293 244.593487 0.000000
1649623838590382768 689.781252 0.000000
1649623838590575429 603.544414 0.000000
1649623838728474454 548.673081 0.000000
1649623839136437748 545.869102 0.000000
1649623839173993628 583.648090 0.000000
1649623839174024776 583.662578 0.000000
1649623839174141766 445.658506 0.000000
1649623839630930250 456.799785 0.000000
1649623839815547684 531.588511 0.000000
1649623839815580215 641.488453 0.000000
1649623840896929842 651.698472 0.000000
1649623840897274688 619.354603 0.000000
1649623841915279717 228.832668 0.000000
1649623842091074298 404.641675 0.000000
1649623842091094947 362.519825 0.000000
1649623842370616829 512.434811 0.000000
1649623842370690908 279.594017 0.000000
1649623843205527338 592.216513 0.000000
1649623844673545667 297.685444 0.000000
1649623844673576756 368.238327 0.000000
1649623844844337700 459.458118 0.000000
1649623846672507714 275.050617 0.000000
1649623847857886606 693.180793 0.000000
1649623848379415674 521.501186 0.000000
1649623848379445350 521.506146 0.000000
1649623849208836480 306.653096 0.000000
1649623850193559607 300.074441 0.000000
1649623850371285411 477.772643 0.000000
1649623850606374969 184.870927 0.000000
1649623850859068501 427.715986 0.000000
1649623851015814190 503.515996 0.000000
1649623851922453596 654.702683 0.000000
1649623852281801204 206.507522 0.000000
1649623852872221930 387.621445 0.000000
1649623853804121094 603.505227 0.000000
1649623853911002546 550.524699 0.000000
1649623854758387941 775.563544 0.000000
1649623854946606104 565.867242 0.000000
1649623855026409279 599.203311 0.000000
1649623855299891585 353.281463 0.000000
1649623855914747975 458.974782 0.000000
1649623856258575916 478.500096 0.000000
1649623856499539867 240.937341 0.000000
1649623856499554775 240.927182 0.000000
1649623856970839623 471.369416 0.000000
1649623857172007613 514.519796 0.000000
1649623857565638256 393.548368 0.000000
1649623858514450626 853.129775 0.000000
1649623859081032048 566.576783 0.000000
1649623861506328920 128.581016 0.000000
1649623861653708148 276.062425 0.000000
1649623862127967402 474.247402 0.000000
1649623862127996827 465.913387 0.000000
1649623863554252097 589.886782 0.000000
1649623865294616453 707.955991 0.000000
1649623865294621894 707.970387 0.000000
1649623865294738131 638.152752 0.000000
1649623866414924282 184.585934 0.000000
1649623867059379067 572.302594 0.000000
1649623867059494444 675.771047 0.000000
1649623867500085779 440.571348 0.000000
1649623868644527753 430.303695 0.000000
1649623868758474299 461.383873 0.000000
1649623868863282545 218.747248 0.000000
1649623869346068294 587.545634 0.000000
1649623870708616374 354.048872 0.000000
1649623870867250070 301.255324 0.000000
1649623871082740353 374.120423 0.000000
1649623871504413285 421.634179 0.000000
1649623871879228291 375.061318 0.000000
1649623872344357066 465.100112 0.000000
1649623872776975309 489.873365 0.000000
1649623872875969343 435.286425 0.000000
1649623873051130276 273.995828 0.000000
1649623873306651848 430.644243 0.000000
1649623873698088916 523.810993 0.000000
1649623874725156384 249.287656 0.000000
1649623875290343468 617.800212 0.000000
1649623876384147455 581.648837 0.000000
1649623876450783584 228.655353 0.000000
1649623876545064531 322.863385 0.000000
1649623876878246922 447.008162 0.000000
1649623876878274664 447.017720 0.000000
1649623876878825066 656.605574 0.000000
1649623877294120313 415.824749 0.000000
1649623877793083970 366.812149 0.000000
1649623877988503793 343.897199 0.000000
1649623877988549478 343.899143 0.000000
1649623878704749843 537.043710 0.000000
1649623878704960868 490.136760 0.000000
1649623879393510192 189.216004 0.000000
1649623879797086394 592.854793 0.000000
1649623881143965687 317.424498 0.000000
1649623881445515903 466.634185 0.000000
1649623881578482409 132.967527 0.000000
1649623882019465784 522.596333 0.000000
1649623882149765610 373.786123 0.000000
1649623882258537817 373.017262 0.000000
1649623883083172140 374.702260 0.000000
1649623883236237557 345.429361 0.000000
1649623884616641449 450.063531 0.000000
1649623884659547629 470.957230 0.000000
1649623884787570046 302.196558 0.000000
1649623885083795577 424.243620 0.000000
1649623885655421263 418.775821 0.000000
1649623889071943905 403.828548 0.000000
1649623889110370196 402.437210 0.000000
1649623889712521076 499.126701 0.000000
1649623889746642908 125.552126 0.000000
1649623890435225070 212.386842 0.000000
1649623890696703218 441.690379 0.000000
1649623890727848149 472.499942 0.000000
1649623890999520349 302.828062 0.000000
1649623890999554644 271.699942 0.000000
1649623891175568975 478.898878 0.000000
1649623891175601997 447.765770 0.000000
1649623891619843300 444.261862 0.000000
1649623892661850412 355.380367 0.000000
1649623892730747460 387.641378 0.000000
1649623893143278091 709.141377 0.000000
1649623893458450866 315.155101 0.000000
1649623893462539090 233.092582 0.000000
1649623893554538791 325.092272 0.000000
1649623894418822328 440.695646 0.000000
1649623894738773520 319.968174 0.000000
1649623896037524958 984.513287 0.000000
1649623896640175080 602.151107 0.000000
1649623896914110514 273.849262 0.000000
1649623896940327404 337.667838 0.000000
1649623897017730460 103.610889 0.000000
1649623897479574824 539.310728 0.000000
1649623897737725934 258.266286 0.000000
1649623898234130621 603.252575 0.000000
1649623899117660017 414.948675 0.000000
1649623899588361547 541.916301 0.000000
1649623900050383944 349.227169 0.000000
1649623900873757731 403.445208 0.000000
1649623900873804118 513.952034 0.000000
1649623900873832551 513.980498 0.000000
1649623901432468379 437.357296 0.000000
1649623901432507021 437.377774 0.000000
1649623903485439166 397.991653 0.000000
1649623903660748355 423.867735 0.000000
1649623904089034944 428.295766 0.000000
1649623905888785981 486.631158 0.000000
1649623906133967032 299.495540 0.000000
1649623906985650391 309.260392 0.000000
1649623906993808568 317.390005 0.000000
1649623906993836330 317.450188 0.000000
1649623907521117813 553.083335 0.000000
1649623908024338779 199.074884 0.000000
1649623909470160055 500.612776 0.000000
1649623910081042303 610.938333 0.000000
1649623910138060890 443.177294 0.000000
1649623910138104302 443.215987 0.000000
1649623910370136596 346.695305 0.000000
1649623911223186815 802.845426 0.000000
1649623911298291126 473.363748 0.000000
1649623911585198691 361.971721 0.000000
1649623911929146802 630.850556 0.000000
1649623911929155248 630.832352 0.000000
1649623912180471375 251.307873 0.000000
1649623913290985926 442.381261 0.000000
1649623913834739885 359.222195 0.000000
1649623915499344931 525.771436 0.000000
1649623916737646378 556.765246 0.000000
1649623917969890014 610.183352 0.000000
1649623917969923787 610.195936 0.000000
1649623920195847779 666.148710 0.000000
1649623920538755963 325.994176 0.000000
1649623921293303868 365.916256 0.000000
1649623921293341438 365.980667 0.000000
1649623921358464703 137.085755 0.000000
1649623921457710172 164.370859 0.000000
1649623922081329295 674.225277 0.000000
1649623922207709987 385.757059 0.000000
1649623922592543875 384.831373 0.000000
1649623922592549886 384.862341 0.000000
1649623922592574352 384.859355 0.000000
1649623924096381699 396.557490 0.000000
1649623924792450474 536.232499 0.000000
1649623924994220932 384.927954 0.000000
1649623925660609342 868.140093 0.000000
1649623925762639041 852.114572 0.000000
1649623925762675529 768.452143 0.000000
1649623926261563881 341.723476 0.000000
1649623927318922644 736.477966 0.000000
1649623927857948831 538.833286 0.000000
1649623927908832494 121.321244 0.000000
1649623928602236550 132.012340 0.000000
1649623929753064835 665.994616 0.000000
1649623929881231738 360.524942 0.000000
1649623929881271683 450.061475 0.000000
1649623931063724869 495.919615 0.000000
1649623931063812864 304.168145 0.000000
1649623931371443550 307.641406 0.000000
1649623931538816367 475.000548 0.000000
1649623932368083132 408.398541 0.000000
1649623933014390051 531.045398 0.000000
1649623933014398216 646.303784 0.000000
1649623933266353886 194.535578 0.000000
1649623933591890610 520.100796 0.000000
1649623933707190212 538.229040 0.000000
1649623934369247245 661.989717 0.000000
1649623934369251943 662.065178 0.000000
1649623934792969879 418.514909 0.000000
1649623935313533742 512.060939 0.000000
1649623936393846149 293.726937 0.000000
1649623936450027333 349.884196 0.000000
1649623936984544743 590.687323 0.000000
1649623937113667122 219.196050 0.000000
1649623937525700429 360.935922 0.000000
1649623937641723655 284.227803 0.000000
1649623938072208809 400.460524 0.000000
1649623938768426015 359.941987 0.000000
1649623939160288877 495.751217 0.000000
1649623939409538971 520.335965 0.000000
1649623939517304147 295.952902 0.000000
1649623940442258799 198.255454 0.000000
1649623940808122488 365.833462 0.000000
1649623940808127257 365.825838 0.000000
1649623940967812396 285.106720 0.000000
1649623941161914622 303.717067 0.000000
1649623941413970697 292.431544 0.000000
1649623942389936261 501.854034 0.000000
1649623942621580885 231.670373 0.000000
1649623943094989935 705.074463 0.000000
1649623943095061389 473.473230 0.000000
1649623943095096044 660.916028 0.000000
1649623943158390319 222.945201 0.000000
1649623943868924816 154.174445 0.000000
1649623944469525766 354.002179 0.000000
1649623944620179339 341.854177 0.000000
1649623945441573331 245.100784 0.000000
1649623947116771038 497.225179 0.000000
1649623947373632221 256.945531 0.000000
1649623947728364427 331.432216 0.000000
1649623948130352720 416.577160 0.000000
1649623949140795679 362.467789 0.000000
1649623949349518809 364.742385 0.000000
1649623949671010905 512.861545 0.000000
1649623949671050799 371.777235 0.000000
1649623950369449168 407.067860 0.000000
1649623950612076520 434.866423 0.000000
1649623951089629728 477.631435 0.000000
1649623951703736890 613.696622 0.000000
1649623951969577271 470.772870 0.000000
1649623953018754626 265.962490 0.000000
1649623954208246928 497.080522 0.000000
1649623956009893766 585.977051 0.000000
1649623956889357518 415.864762 0.000000
1649623956989445004 515.568568 0.000000
1649623957252965282 285.723533 0.000000
1649623957747092274 334.075047 0.000000
1649623958843713307 150.341095 0.000000
1649623960780219274 637.102213 0.000000
1649623961653513704 381.646598 0.000000
1649623962438790139 320.332467 0.000000
1649623962594371882 475.819092 0.000000
1649623963335889565 707.561502 0.000000
1649623963762769510 380.870943 0.000000
1649623964012916893 305.037378 0.000000
1649623964128803630 365.957477 0.000000
1649623964128837063 115.916674 0.000000
1649623964308747385 295.817999 0.000000
1649623964308773704 218.575590 0.000000
1649623964671969764 363.193485 0.000000
1649623964672005521 363.250692 0.000000
1649623964980642988 515.347910 0.000000
1649623965023406514 444.814935 0.000000
1649623965141427385 469.446069 0.000000
1649623965477712354 497.059147 0.000000
1649623965756503899 321.798646 0.000000
1649623965835766883 401.104581 0.000000
1649623965835823179 336.764207 0.000000
1649623966630803991 486.018235 0.000000
1649623966934682633 303.867652 0.000000
1649623967592080209 326.619074 0.000000
1649623967807820765 264.686925 0.000000
