1649623820107840522 487.916369 137.607280 128 48 0.000000
1649623821174616273 453.836786 112.488489 120 48 0.000000
1649623822141455020 469.413454 73.435204 71 48 0.000000
1649623823175374373 648.927170 79.309865 82 48 0.000000
1649623824149881956 470.560733 110.825195 108 48 0.000000
1649623825044383343 485.441375 118.501773 106 48 0.000000
1649623826180783087 490.794211 96.796923 110 48 0.000000
1649623827111522002 440.892542 95.622950 89 48 0.000000
1649623828123410865 761.766936 48.424290 49 48 0.000000
1649623829166460607 532.654893 103.542521 108 48 0.000000
1649623830145942083 391.517720 142.932780 140 48 0.000000
1649623831146126967 570.004253 63.988166 64 48 0.000000
1649623832155127828 506.936381 112.983065 114 48 0.000000
1649623833173170610 450.155176 100.192249 102 48 0.000000
1649623834179343347 463.381357 106.343563 107 48 0.000000
1649623835147967488 648.573964 71.235066 69 48 0.000000
1649623836159472223 405.533915 123.578262 125 48 0.000000
1649623837185317061 471.287124 92.606599 95 48 0.000000
1649623838179790712 454.785266 111.616826 111 48 0.000000
1649623839183101404 513.869880 98.673324 99 48 0.000000
1649623840184194176 375.139918 114.874468 115 48 0.000000
1649623841121997291 435.086366 125.825983 118 48 0.000000
1649623842173386840 408.942993 109.379067 115 48 0.000000
1649623843007629549 431.055138 111.478349 93 48 0.000000
1649623844183109403 426.159312 104.638108 123 48 0.000000
1649623845189073845 408.668476 112.330025 113 48 0.000000
1649623846182860087 423.433470 123.769069 123 48 0.000000
1649623847174202707 459.758941 123.065417 122 48 0.000000
1649623848137513885 473.846120 80.970720 78 48 0.000000
1649623849176027668 392.057088 131.919289 137 48 0.000000
1649623850182900172 463.865689 96.337917 97 48 0.000000
1649623851168276809 390.318162 129.899571 128 48 0.000000
1649623852075333066 529.501512 104.734417 95 48 0.000000
1649623853150361208 375.060864 109.764561 118 48 0.000000
1649623854162015135 408.064180 123.560048 125 48 0.000000
1649623855101872418 393.725365 122.359004 115 48 0.000000
1649623856181863314 422.385976 99.074909 107 48 0.000000
1649623857180548857 445.395324 136.178999 136 48 0.000000
1649623858186487607 391.378409 79.527699 80 48 0.000000
1649623859197433989 419.426717 146.397482 148 48 0.000000
1649623859935545464 361.291515 113.803953 84 48 0.000000
1649623861136329042 496.527691 94.938003 114 48 0.000000
1649623862198545252 368.355966 144.038474 153 48 0.000000
1649623863192164224 324.568652 134.860550 134 48 0.000000
1649623864199139798 521.282912 102.286497 103 48 0.000000
1649623865132137806 431.772814 83.601465 78 48 0.000000
1649623866180155166 488.668785 104.960095 110 48 0.000000
1649623867196999149 476.430578 115.061890 117 48 0.000000
1649623868198959820 425.770106 104.794536 105 48 0.000000
1649623869046049497 362.403248 126.314852 107 48 0.000000
1649623870189532103 448.500166 102.318997 117 48 0.000000
1649623871197579293 381.930881 126.978184 128 48 0.000000
1649623872139319981 380.489049 113.619387 107 48 0.000000
1649623873174339148 385.014235 144.924859 150 48 0.000000
1649623874159260021 384.335509 111.684093 110 48 0.000000
1649623875198401906 413.217911 114.517562 119 48 0.000000
1649623876199620663 408.437844 108.867327 109 48 0.000000
1649623877206230938 406.269927 129.146309 130 48 0.000000
1649623878177282747 375.694371 139.024498 135 48 0.000000
1649623879204527335 450.079852 118.764321 122 48 0.000000
1649623880158698787 375.141672 95.370697 91 48 0.000000
1649623881144000522 388.540780 142.088463 140 48 0.000000
1649623882149796939 401.280122 116.325719 117 48 0.000000
1649623883146751829 351.005879 128.390972 128 48 0.000000
1649623884188579197 362.187365 129.579998 135 48 0.000000
1649623885083795577 446.077027 105.002559 94 48 0.000000
1649623886146353282 366.757951 138.345421 147 48 0.000000
1649623887198265835 383.787647 134.041556 141 48 0.000000
1649623888188455239 377.560527 123.208761 122 48 0.000000
1649623889213381802 440.555264 112.203151 115 48 0.000000
1649623890209282674 392.397391 97.399261 97 48 0.000000
1649623891209245602 400.043923 157.005824 157 48 0.000000
1649623892087855136 398.604363 91.052949 80 48 0.000000
1649623893196427506 511.666315 94.716422 105 48 0.000000
1649623894165172004 377.212321 135.226567 131 48 0.000000
1649623895179946620 417.357699 125.150950 127 48 0.000000
1649623896169876557 576.557380 82.834140 82 48 0.000000
1649623897049018118 422.581686 108.059958 95 48 0.000000
1649623898181204105 515.186702 83.908472 95 48 0.000000
1649623899206546292 404.037443 131.663370 135 48 0.000000
1649623900187272894 409.036844 113.181396 111 48 0.000000
1649623901207130727 377.825682 127.468747 130 48 0.000000
1649623902198807037 398.835494 114.956856 114 48 0.000000
1649623903190471232 375.797747 131.092777 130 48 0.000000
1649623904216054320 414.419692 124.807047 128 48 0.000000
1649623905211441142 387.197820 114.528340 114 48 0.000000
1649623906208452064 407.649708 103.308793 103 48 0.000000
1649623907215258070 414.628252 126.141488 127 48 0.000000
1649623908169479020 387.177344 133.092856 127 48 0.000000
1649623909203150230 402.457503 115.123646 119 48 0.000000
1649623910187982711 427.915802 122.863535 121 48 0.000000
1649623911223281232 383.169889 110.113167 114 48 0.000000
1649623912188067269 367.967088 145.109896 140 48 0.000000
1649623913210770370 370.759407 104.624699 107 48 0.000000
1649623914192189144 386.093299 136.537025 134 48 0.000000
1649623915194947384 428.066630 128.645170 129 48 0.000000
1649623916225420391 384.214930 120.333077 124 48 0.000000
1649623917211802531 355.250362 106.449626 105 48 0.000000
1649623918224535520 449.727038 114.541537 116 48 0.000000
1649623919211444946 393.516154 127.671290 126 48 0.000000
1649623920212830365 417.431173 105.853355 106 48 0.000000
1649623921222083760 390.455749 115.927276 117 48 0.000000
1649623922207722430 400.311094 152.185593 150 48 0.000000
1649623923131191462 392.144079 108.287333 100 48 0.000000
1649623924228684054 410.192663 111.162476 122 48 0.000000
1649623925075524356 389.926664 133.437200 113 48 0.000000
1649623926178877806 516.292371 88.820138 98 48 0.000000
1649623927169023322 359.612145 103.015159 102 48 0.000000
1649623928041362496 511.958826 123.805049 108 48 0.000000
1649623929212099114 408.452344 118.728669 139 48 0.000000
1649623929906144062 413.054907 116.707149 81 48 0.000000
1649623931220137120 534.292934 86.758449 114 48 0.000000
1649623932230637453 375.145328 121.721880 123 48 0.000000
1649623933224526565 416.279881 129.793141 129 48 0.000000
1649623934105822739 390.625149 96.448850 85 48 0.000000
1649623935237259589 389.197989 138.761615 157 48 0.000000
1649623936204021351 365.057075 124.125722 120 48 0.000000
1649623937238624754 357.526006 138.217209 143 48 0.000000
1649623938237792661 417.374760 116.096610 116 48 0.000000
1649623939221371082 397.357142 106.753056 105 48 0.000000
1649623940205212387 412.032232 115.872342 114 48 0.000000
1649623941168914428 365.270173 155.649767 150 48 0.000000
1649623942219128919 415.818703 100.931766 106 48 0.000000
1649623943223035107 435.277564 121.525290 122 48 0.000000
1649623944241966184 361.276730 132.491785 135 48 0.000000
1649623945221606188 368.059762 137.805737 135 48 0.000000
1649623946243878689 350.510291 95.864844 98 48 0.000000
1649623947197064456 438.638378 125.893621 120 48 0.000000
1649623948238658326 406.952011 129.609058 135 48 0.000000
1649623949227420822 367.166120 134.511566 133 48 0.000000
1649623950234536009 392.885992 123.123948 124 48 0.000000
1649623951248116560 365.803166 130.231389 132 48 0.000000
1649623952202452247 420.073498 113.167732 108 48 0.000000
1649623953197701323 420.557806 102.486909 102 48 0.000000
1649623954242128981 418.898315 134.044701 140 48 0.000000
1649623955236624783 378.743460 119.658630 119 48 0.000000
1649623956148310964 477.989264 103.105646 94 48 0.000000
1649623957221798210 369.689819 123.895284 133 48 0.000000
1649623957920827748 402.575552 124.458264 87 48 0.000000
1649623959213537538 529.033327 88.960411 115 48 0.000000
1649623960158943997 354.586614 136.449249 129 48 0.000000
1649623961249183642 407.775819 111.902000 122 48 0.000000
1649623962253046150 402.439917 122.526738 123 48 0.000000
1649623963235264324 385.052248 92.647449 91 48 0.000000
1649623964211760244 454.035179 128.008727 125 48 0.000000
1649623965204816837 413.765438 126.880988 126 48 0.000000
1649623966215293204 366.597375 129.641816 131 48 0.000000
1649623967239378888 388.313218 114.248259 117 48 0.000000
1649623968223194005 359.903422 126.039933 124 48 0.000000
