1649642988756229150 182.584794 0.000000
1649642988938819093 182.462204 0.000000
1649642989115609917 156.627565 0.000000
1649642989145189677 150.091723 0.000000
1649642989463001147 160.433930 0.000000
1649642989583521625 151.269951 0.000000
1649642989595324049 182.843849 0.000000
1649642989734089430 150.458290 0.000000
1649642989751347401 167.223036 0.000000
1649642989830777802 150.108314 0.000000
1649642989954753477 182.054811 0.000000
1649642989988910768 164.796237 0.000000
1649642990053680175 192.208845 0.000000
1649642990066796453 150.683702 0.000000
1649642990229569478 156.771565 0.000000
1649642990452842827 150.617949 0.000000
1649642990461019175 151.428178 0.000000
1649642990623689096 155.712499 0.000000
1649642990786183168 156.291003 0.000000
1649642990861440886 182.469478 0.000000
1649642990876373528 168.113174 0.000000
1649642990896046708 152.486772 0.000000
1649642990954694178 152.453198 0.000000
1649642990960289627 157.990409 0.000000
1649642991047028499 150.308599 0.000000
1649642991262947251 150.910357 0.000000
1649642991318269138 183.202201 0.000000
1649642991498431220 151.207604 0.000000
1649642991503953872 156.753320 0.000000
1649642991543489707 151.849698 0.000000
1649642991622116711 152.094207 0.000000
1649642991649301912 145.344785 0.000000
1649642991663394420 177.617161 0.000000
1649642991775930231 182.691214 0.000000
1649642991868609928 151.351454 0.000000
1649642991923686665 155.891023 0.000000
1649642991963314080 187.365354 0.000000
1649642992022692050 182.023441 0.000000
1649642992075808653 152.119174 0.000000
1649642992153611663 151.982757 0.000000
1649642992692456212 187.983494 0.000000
1649642992864057567 167.917338 0.000000
1649642992960754826 155.850147 0.000000
1649642993172856001 157.166015 0.000000
1649642993323229902 150.397685 0.000000
1649642993414348594 182.269172 0.000000
1649642993547226557 150.757390 0.000000
1649642993552823429 150.461165 0.000000
1649642993704102858 150.481843 0.000000
1649642993999373143 150.467978 0.000000
1649642994017698906 150.570720 0.000000
1649642994082509611 155.500422 0.000000
1649642994312993767 149.988409 0.000000
1649642994470712707 156.054891 0.000000
1649642994559610475 162.226089 0.000000
1649642994678384900 187.611276 0.000000
1649642994794279707 150.252774 0.000000
1649642994799496957 155.391587 0.000000
1649642994953806687 182.158595 0.000000
1649642995518063234 150.794190 0.000000
1649642995580177573 182.414956 0.000000
1649642995719483606 150.511089 0.000000
1649642995749897540 153.667986 0.000000
1649642995762890026 182.315770 0.000000
1649642995888572491 149.374427 0.000000
1649642995941979658 150.218449 0.000000
1649642995958056907 165.840906 0.000000
1649642995969733064 182.932134 0.000000
1649642996025277428 161.242345 0.000000
1649642996030296858 160.663209 0.000000
1649642996192131253 150.271249 0.000000
1649642996295361128 177.022426 0.000000
1649642996431786081 154.920064 0.000000
1649642996437360801 160.362015 0.000000
1649642996488279012 150.607760 0.000000
1649642996506757032 182.333763 0.000000
1649642996520635087 155.382281 0.000000
1649642996773118543 150.331602 0.000000
1649642996853136165 182.637353 0.000000
1649642996996406209 150.556994 0.000000
1649642997128587727 150.320591 0.000000
1649642997139305398 161.070753 0.000000
1649642997250233805 207.918745 0.000000
1649642997403970409 153.201871 0.000000
1649642997453033444 202.798076 0.000000
1649642997462666653 155.341273 0.000000
1649642997546488224 161.881012 0.000000
1649642997643700609 150.894227 0.000000
1649642997685402173 156.269824 0.000000
1649642997856260184 150.134082 0.000000
1649642997866944522 160.640057 0.000000
1649642997958864576 162.165776 0.000000
1649642998030992227 182.897421 0.000000
1649642998037356106 182.612977 0.000000
1649642998110214828 149.744602 0.000000
1649642998240968168 150.962035 0.000000
1649642998305537840 185.787898 0.000000
1649642998330402282 154.362468 0.000000
1649642998412584611 151.159313 0.000000
1649642998429440540 166.864605 0.000000
1649642998496288433 190.748889 0.000000
1649642998592525799 162.265703 0.000000
1649642998616712940 150.850504 0.000000
1649642998674156175 172.031080 0.000000
1649642998701125751 182.970007 0.000000
1649642998774038462 182.680012 0.000000
1649642998857196892 183.285546 0.000000
1649642999040217745 183.019430 0.000000
1649642999164946832 155.660491 0.000000
1649642999311743999 182.783358 0.000000
1649642999358668072 150.963507 0.000000
1649642999406747412 161.242766 0.000000
1649642999412069469 166.470737 0.000000
1649642999414302946 187.929262 0.000000
1649642999520759129 162.081028 0.000000
1649642999651117759 150.480120 0.000000
1649642999720381511 150.640991 0.000000
1649642999889372792 150.676317 0.000000
1649642999929967692 161.834906 0.000000
1649643000044274601 150.154851 0.000000
1649643000128703643 155.984029 0.000000
1649643000133749612 160.810346 0.000000
1649643000139135549 177.249553 0.000000
1649643000404033026 182.739715 0.000000
1649643000410691708 182.886460 0.000000
1649643000455074008 156.342791 0.000000
1649643000522015456 191.583223 0.000000
1649643000577501381 150.708058 0.000000
1649643000606815984 150.278633 0.000000
1649643000616371156 182.474998 0.000000
1649643000685133568 150.748453 0.000000
1649643000766736762 183.349988 0.000000
1649643000853409098 155.623382 0.000000
1649643000924659243 182.632604 0.000000
1649643001046311784 155.290829 0.000000
1649643001059810860 183.276011 0.000000
1649643001132416376 188.121904 0.000000
1649643001333424326 184.323544 0.000000
1649643001440325813 189.888054 0.000000
1649643001635910196 156.477232 0.000000
1649643001672948919 150.300975 0.000000
1649643001677782570 183.161214 0.000000
1649643001678590755 155.912093 0.000000
1649643001704743702 193.409275 0.000000
1649643001713562634 166.162378 0.000000
1649643001756322462 154.143789 0.000000
1649643001798139251 155.520259 0.000000
1649643001906456073 155.071127 0.000000
1649643001936168091 149.954225 0.000000
1649643002033989407 161.973696 0.000000
1649643002231635535 149.970785 0.000000
1649643002396001837 164.364408 0.000000
1649643002552590468 156.586707 0.000000
1649643002573814043 150.487012 0.000000
1649643002582704540 150.495970 0.000000
1649643002786746448 156.129601 0.000000
1649643002791816021 160.610441 0.000000
1649643002798865225 152.573655 0.000000
1649643002827888493 183.306808 0.000000
1649643003028046119 159.853463 0.000000
1649643003106764685 150.515828 0.000000
1649643003144918267 150.253295 0.000000
1649643003290521616 150.229972 0.000000
1649643003526350802 155.528144 0.000000
1649643003604063392 150.370856 0.000000
1649643003692897872 150.241974 0.000000
1649643003849994034 194.999126 0.000000
1649643003922810045 150.750649 0.000000
1649643004029060252 150.649207 0.000000
1649643004050466741 150.281338 0.000000
1649643004055383067 154.953396 0.000000
1649643004067819761 145.007301 0.000000
1649643004117227141 151.342808 0.000000
1649643004135179304 150.085692 0.000000
1649643004309158706 183.226728 0.000000
1649643004348407933 152.503804 0.000000
1649643004431265197 150.348394 0.000000
1649643004437256007 151.196603 0.000000
1649643004648915274 155.281510 0.000000
1649643004654166829 150.995807 0.000000
1649643004756442145 186.384558 0.000000
1649643004788063542 183.930887 0.000000
1649643004832222212 150.290766 0.000000
1649643004838531660 156.583342 0.000000
1649643004888368875 161.530936 0.000000
1649643004977499259 189.435046 0.000000
1649643005041286144 152.915466 0.000000
1649643005092795955 150.265679 0.000000
1649643005171348119 150.690756 0.000000
1649643005242846279 150.048481 0.000000
1649643005448379192 190.157450 0.000000
1649643005486607775 171.148395 0.000000
1649643005634698045 150.953929 0.000000
1649643005897839051 183.222510 0.000000
1649643005931359437 154.292898 0.000000
1649643006114943445 162.113739 0.000000
1649643006463750770 150.763924 0.000000
1649643006562420166 150.629460 0.000000
1649643006582255479 182.731510 0.000000
1649643006672726446 159.733156 0.000000
1649643006712692237 150.270298 0.000000
1649643007075669866 145.097721 0.000000
1649643007137870487 156.276156 0.000000
1649643007177952334 183.105972 0.000000
1649643007501126718 149.940078 0.000000
1649643007544822149 189.343895 0.000000
1649643007574498260 185.350579 0.000000
1649643007579078547 166.078031 0.000000
1649643008019751904 150.499096 0.000000
1649643008111142745 156.377224 0.000000
1649643008364677793 186.608367 0.000000
1649643008564961967 186.733121 0.000000
1649643008729312959 187.111730 0.000000
1649643008805360768 150.298170 0.000000
1649643008835982362 150.807574 0.000000
1649643008872205206 150.737002 0.000000
1649643008913079067 182.970076 0.000000
1649643009080628657 150.086793 0.000000
1649643009089289102 182.459260 0.000000
1649643009252257652 156.250327 0.000000
1649643009334990324 149.875398 0.000000
1649643009477855670 182.648103 0.000000
1649643009601263390 156.895917 0.000000
1649643009604548659 145.316882 0.000000
1649643009642715827 155.721566 0.000000
1649643009751905293 185.168016 0.000000
1649643010017211757 150.053941 0.000000
1649643010330590809 155.363735 0.000000
1649643010410119484 162.292765 0.000000
1649643010467209585 182.747319 0.000000
1649643010639091866 150.571211 0.000000
1649643010670183641 144.882888 0.000000
1649643010739092378 183.199978 0.000000
1649643010923195218 184.101708 0.000000
1649643011017620146 189.125785 0.000000
1649643011110889550 150.057078 0.000000
1649643011138312937 182.279623 0.000000
1649643011157868005 150.666170 0.000000
1649643011179458700 155.305126 0.000000
1649643011256978037 154.286345 0.000000
1649643011494747781 152.777777 0.000000
1649643011589499242 150.448281 0.000000
1649643011673956396 149.914660 0.000000
1649643011752605261 150.539501 0.000000
1649643011831508113 150.382627 0.000000
1649643011897552159 150.843050 0.000000
1649643012273519399 151.001269 0.000000
1649643012296399690 187.751100 0.000000
1649643012447123037 155.987685 0.000000
1649643012455607913 182.935202 0.000000
1649643012709214193 150.075352 0.000000
1649643012809751781 156.303797 0.000000
1649643012916541790 182.602948 0.000000
1649643013006265417 151.711549 0.000000
1649643013078061776 156.764952 0.000000
1649643013319757419 161.555282 0.000000
1649643013470333349 150.573645 0.000000
1649643013479935510 150.492644 0.000000
1649643013570078702 182.979544 0.000000
1649643013766190374 150.315672 0.000000
1649643013809511593 150.614803 0.000000
1649643013997525585 150.212348 0.000000
1649643014075922879 155.847372 0.000000
1649643014214524602 150.575409 0.000000
1649643014285647169 182.924471 0.000000
1649643014433749161 150.968666 0.000000
1649643014564433082 183.617661 0.000000
1649643014572952382 150.111930 0.000000
1649643014732342726 183.342434 0.000000
1649643014802616431 150.425247 0.000000
1649643014838671930 150.424226 0.000000
1649643014915626480 183.193335 0.000000
1649643015006430251 154.643535 0.000000
1649643015037291433 155.385386 0.000000
1649643015617897880 155.479833 0.000000
1649643015768741722 150.955643 0.000000
1649643015909789200 181.956416 0.000000
1649643015923727419 154.983592 0.000000
1649643016002571881 150.645210 0.000000
1649643016183175651 177.043265 0.000000
1649643016237553227 150.371055 0.000000
1649643016465983754 155.055117 0.000000
1649643016549058236 154.753391 0.000000
1649643016705283276 156.017621 0.000000
1649643016710745154 161.383429 0.000000
1649643016922279597 183.044736 0.000000
1649643017080633708 151.647828 0.000000
1649643017138185625 152.796563 0.000000
1649643017189877847 182.645717 0.000000
1649643017289519295 151.347176 0.000000
1649643017461938013 182.966880 0.000000
1649643017708976322 150.427562 0.000000
1649643017896075929 150.153408 0.000000
1649643018052084773 183.115570 0.000000
1649643018085828730 152.397745 0.000000
1649643018164071755 150.099036 0.000000
1649643018182835920 183.146708 0.000000
1649643018351590447 151.287624 0.000000
1649643018423051258 182.758920 0.000000
1649643018577970991 161.044875 0.000000
1649643018639870187 150.616756 0.000000
1649643018679068689 154.653794 0.000000
1649643018739856081 155.333158 0.000000
1649643018901571623 160.964524 0.000000
1649643018907303308 154.664335 0.000000
1649643019011260086 182.595554 0.000000
1649643019017422438 188.500103 0.000000
1649643019063419775 155.218162 0.000000
1649643019283554619 183.700506 0.000000
1649643019371381140 155.943712 0.000000
1649643019389091239 161.615805 0.000000
1649643019567667078 188.590502 0.000000
1649643019833329720 149.767614 0.000000
1649643020034596665 188.114499 0.000000
1649643020139799960 193.256820 0.000000
1649643020146719001 150.455685 0.000000
1649643020429871910 189.346970 0.000000
1649643020439143920 150.797815 0.000000
1649643020671954759 182.726429 0.000000
1649643020694269430 167.700822 0.000000
1649643020720986975 197.897169 0.000000
1649643020922650053 149.715558 0.000000
1649643020944304176 183.320714 0.000000
1649643020990383706 150.348122 0.000000
1649643021254422254 155.241726 0.000000
1649643021333999389 161.868570 0.000000
1649643021415021484 182.656889 0.000000
1649643021490233266 150.270547 0.000000
1649643021509254253 188.419642 0.000000
1649643021527243045 156.042187 0.000000
1649643021542813142 153.415092 0.000000
1649643021610314901 188.609057 0.000000
1649643021902527504 150.710252 0.000000
1649643021905830285 182.483404 0.000000
1649643021911893962 188.493931 0.000000
1649643022114910237 145.407341 0.000000
1649643022512012746 155.102946 0.000000
1649643022839664493 156.186227 0.000000
1649643022839701944 156.236571 0.000000
1649643022845083091 161.602491 0.000000
1649643023348017373 145.219248 0.000000
1649643023358780821 150.292249 0.000000
1649643023478293930 150.254247 0.000000
1649643023626099046 155.615527 0.000000
1649643023716369888 167.808464 0.000000
1649643023721817160 155.312370 0.000000
1649643023877422829 155.604617 0.000000
1649643023883540156 161.115157 0.000000
1649643023961271150 155.854565 0.000000
1649643024059629433 188.310727 0.000000
1649643024095106298 149.948954 0.000000
1649643024144809332 151.062583 0.000000
1649643024188984973 182.787795 0.000000
1649643024190374308 155.031973 0.000000
1649643024194663999 188.303765 0.000000
1649643024419588854 155.984068 0.000000
1649643024799238887 150.119414 0.000000
1649643024996886638 154.918150 0.000000
1649643025407784808 160.704016 0.000000
1649643025438696877 182.747158 0.000000
1649643025444020236 160.469977 0.000000
1649643025703644428 150.639169 0.000000
1649643025819415132 150.560412 0.000000
1649643025969736365 149.862903 0.000000
1649643026193553864 150.710352 0.000000
1649643026224592309 150.053140 0.000000
1649643026267274060 182.710730 0.000000
1649643026746657433 183.093298 0.000000
1649643026758289519 183.110240 0.000000
1649643026810744000 182.639336 0.000000
1649643026815634959 182.282527 0.000000
1649643026961484698 150.739497 0.000000
1649643027003048815 149.833628 0.000000
1649643027111968907 150.092123 0.000000
1649643027178151122 184.205112 0.000000
1649643027262809323 150.381946 0.000000
1649643027648443033 150.691367 0.000000
1649643027654162625 150.571261 0.000000
1649643027719651621 186.527837 0.000000
1649643027725445322 191.222998 0.000000
1649643027825788194 187.653816 0.000000
1649643027877034891 155.995207 0.000000
1649643027924721305 152.832510 0.000000
1649643028141730601 150.404238 0.000000
1649643028262999091 182.781133 0.000000
1649643028398516162 153.048235 0.000000
1649643028615523285 160.774148 0.000000
1649643028777201887 157.677763 0.000000
1649643028816121476 150.200207 0.000000
1649643028894155248 155.501693 0.000000
1649643028978654050 183.381187 0.000000
1649643029160877898 150.063289 0.000000
1649643029238787867 155.628672 0.000000
1649643029317041912 150.676719 0.000000
1649643029394675916 155.885754 0.000000
1649643029407158876 155.655051 0.000000
1649643029508576013 150.144021 0.000000
1649643029662515248 153.867992 0.000000
1649643029842021642 194.707119 0.000000
1649643030017340334 162.252549 0.000000
1649643030264351332 150.652844 0.000000
1649643030306194611 155.210718 0.000000
1649643030331492565 155.918465 0.000000
1649643030337892121 155.989478 0.000000
1649643030368927711 151.192296 0.000000
1649643030585530285 150.677520 0.000000
1649643030747942944 182.381083 0.000000
1649643031032899524 150.881793 0.000000
1649643031147133908 156.529381 0.000000
1649643031171116817 150.488386 0.000000
1649643031196175341 182.437708 0.000000
1649643031214953503 183.066016 0.000000
1649643031352357420 150.444804 0.000000
1649643031468796929 182.814335 0.000000
1649643031469377638 183.180441 0.000000
1649643031518311499 151.231920 0.000000
1649643031560780882 156.869958 0.000000
1649643031657453635 182.894334 0.000000
1649643031770156578 150.680866 0.000000
1649643031840044461 182.589724 0.000000
1649643031881153884 157.356150 0.000000
1649643031881183890 157.538351 0.000000
1649643031887282052 163.570479 0.000000
1649643031911923185 183.280538 0.000000
1649643031917499077 182.106938 0.000000
1649643032061382281 157.215526 0.000000
1649643032094645056 182.684562 0.000000
1649643032100872389 183.371099 0.000000
1649643032213111854 150.217679 0.000000
1649643032406747674 150.630913 0.000000
1649643032426164443 146.981031 0.000000
1649643032482348646 187.630854 0.000000
1649643032489832455 188.651687 0.000000
1649643032583903160 183.117262 0.000000
1649643032630357463 150.887595 0.000000
1649643032767253870 182.543887 0.000000
1649643033056459876 200.522370 0.000000
1649643033064526507 144.786317 0.000000
1649643033150349832 184.462144 0.000000
1649643033154743108 154.571379 0.000000
1649643033241541811 150.541074 0.000000
1649643033307989834 187.208951 0.000000
1649643033392442180 150.898976 0.000000
1649643033397646536 155.012497 0.000000
1649643033638605698 151.319844 0.000000
1649643033649605428 162.201082 0.000000
1649643033667730175 167.242644 0.000000
1649643033697822927 161.351119 0.000000
1649643033812420371 156.908089 0.000000
1649643033906880317 161.316394 0.000000
1649643034111485831 182.993290 0.000000
1649643034310461682 151.354470 0.000000
1649643034472502383 162.033137 0.000000
1649643034507850547 150.379883 0.000000
1649643034514818028 157.307190 0.000000
1649643034658530372 150.677851 0.000000
1649643034713074971 150.431980 0.000000
1649643035116276354 189.318507 0.000000
1649643035156080581 154.700412 0.000000
1649643035293028133 183.049395 0.000000
1649643035397834062 161.499487 0.000000
1649643035412397894 190.631027 0.000000
1649643035512569116 151.042456 0.000000
1649643035628336303 150.840737 0.000000
1649643035634331131 156.600394 0.000000
1649643035875857116 156.350806 0.000000
1649643035961108759 169.075621 0.000000
1649643036001117259 150.416872 0.000000
1649643036017318860 185.626826 0.000000
1649643036027399317 151.541229 0.000000
1649643036111179071 191.093795 0.000000
1649643036209060039 156.946382 0.000000
1649643036297900440 151.046923 0.000000
1649643036418047848 150.770274 0.000000
1649643036444294741 156.308656 0.000000
1649643036506273777 151.728039 0.000000
1649643036696611484 155.046090 0.000000
1649643037022498643 150.386124 0.000000
1649643037137811971 150.910638 0.000000
1649643037193945117 185.839727 0.000000
1649643037317161058 150.915727 0.000000
1649643037546168286 183.363684 0.000000
1649643037645553954 194.021212 0.000000
1649643037658748168 156.582380 0.000000
1649643037868579058 150.687649 0.000000
1649643037983441389 150.172694 0.000000
1649643038105850978 178.550662 0.000000
1649643038123916184 162.405907 0.000000
1649643038372449765 157.370276 0.000000
1649643038373074316 182.908039 0.000000
1649643038384792253 190.133295 0.000000
1649643038541971381 182.588301 0.000000
1649643038546269979 150.653686 0.000000
1649643038957955837 157.644661 0.000000
1649643039036272089 151.022988 0.000000
1649643039130140123 183.232909 0.000000
1649643039270543614 151.072421 0.000000
1649643039284539661 156.961311 0.000000
1649643039401770403 182.772816 0.000000
1649643039436563816 158.651538 0.000000
1649643039493820279 150.496221 0.000000
1649643039632759485 153.399352 0.000000
1649643039889167719 183.974660 0.000000
1649643039902504850 150.499557 0.000000
1649643039927082514 148.892143 0.000000
1649643040116904174 183.012555 0.000000
1649643040198192257 150.193713 0.000000
1649643040211381622 182.872473 0.000000
1649643040394346739 182.534029 0.000000
1649643040729791815 150.743003 0.000000
1649643040771620888 155.853143 0.000000
1649643040794910146 195.350284 0.000000
1649643041035429194 150.988254 0.000000
1649643041047852542 156.590014 0.000000
1649643041155878559 183.418888 0.000000
1649643041349348938 150.378440 0.000000
1649643041354770552 155.831281 0.000000
1649643041562432295 187.454474 0.000000
1649643041638926481 161.858631 0.000000
1649643041712797991 188.936090 0.000000
1649643041759681138 150.831700 0.000000
1649643042001426876 156.642843 0.000000
1649643042085100180 155.823337 0.000000
1649643042194068422 183.127421 0.000000
1649643042236507558 156.305941 0.000000
1649643042250631776 188.421466 0.000000
1649643042308543177 150.742613 0.000000
1649643042406359534 150.282300 0.000000
1649643042557335113 185.985289 0.000000
1649643042579626450 160.327701 0.000000
1649643042610697837 155.291269 0.000000
1649643042761721686 151.020955 0.000000
1649643042847475971 150.450766 0.000000
1649643042968590974 156.333884 0.000000
1649643042998777492 151.208245 0.000000
1649643043158640551 179.894712 0.000000
1649643043182177033 183.397287 0.000000
1649643043272821755 183.551124 0.000000
1649643043332090842 177.569683 0.000000
1649643043357373446 173.460620 0.000000
1649643043492665946 172.893006 0.000000
1649643043542986527 151.036924 0.000000
1649643043816643866 185.064632 0.000000
1649643043837349361 149.281504 0.000000
1649643043881442077 156.393516 0.000000
1649643043965530339 156.143708 0.000000
1649643044050122336 151.406076 0.000000
1649643044061830043 163.060463 0.000000
1649643044094037359 183.053272 0.000000
1649643044139693466 168.358615 0.000000
1649643044232045379 164.326387 0.000000
1649643044254743058 151.046913 0.000000
1649643044346686325 151.762724 0.000000
1649643044347023086 151.198928 0.000000
1649643044421343197 183.412316 0.000000
1649643044540884670 150.978124 0.000000
1649643044632584711 162.561528 0.000000
1649643044697187976 183.038064 0.000000
1649643044873871227 155.214054 0.000000
1649643044977172426 175.199500 0.000000
1649643045128408504 151.234635 0.000000
1649643045133827582 156.423402 0.000000
1649643045339189905 151.268778 0.000000
1649643045567822731 150.215905 0.000000
1649643045628127418 150.594274 0.000000
1649643045689969267 156.208398 0.000000
1649643045766607664 183.020100 0.000000
1649643045987801304 153.229925 0.000000
1649643046013386425 151.114099 0.000000
1649643046031864865 182.548125 0.000000
1649643046127635718 183.282001 0.000000
1649643046217884318 150.150082 0.000000
1649643046236973022 150.713949 0.000000
1649643046526373012 155.518565 0.000000
1649643046611822165 157.399722 0.000000
1649643046846920521 150.919824 0.000000
1649643046907829381 150.655419 0.000000
1649643046975519653 196.682201 0.000000
1649643047009899903 162.975546 0.000000
1649643047055403143 150.116019 0.000000
1649643047188185237 150.637997 0.000000
1649643047213619847 150.660850 0.000000
1649643047628796588 183.124435 0.000000
1649643047636707798 154.875419 0.000000
1649643047682206189 183.050376 0.000000
1649643047827482094 154.298098 0.000000
1649643047916479339 154.121587 0.000000
1649643047954499531 183.537349 0.000000
1649643047995117374 160.360722 0.000000
1649643048200666677 151.346174 0.000000
1649643048380485336 150.326192 0.000000
1649643048423545416 157.018326 0.000000
1649643048526272388 184.229296 0.000000
1649643048531194175 151.319524 0.000000
1649643048619788805 150.513192 0.000000
1649643048712357995 186.083453 0.000000
1649643048776863047 151.067532 0.000000
1649643048835878908 155.690999 0.000000
1649643048895470118 151.030873 0.000000
1649643048928696985 151.395176 0.000000
1649643048983276649 155.546308 0.000000
1649643049040603164 145.130451 0.000000
1649643049091749664 187.503224 0.000000
1649643049193015787 152.410429 0.000000
1649643049303010514 150.358692 0.000000
1649643049371263551 182.732931 0.000000
1649643049410670153 182.758039 0.000000
1649643049485419238 151.635636 0.000000
1649643049599835402 188.847554 0.000000
1649643049771516196 183.354747 0.000000
1649643049954579026 183.060856 0.000000
1649643050114952352 156.727792 0.000000
1649643050138085849 183.504919 0.000000
1649643050320149706 151.015724 0.000000
1649643050385468041 189.934512 0.000000
1649643050574892958 183.147799 0.000000
1649643050668307063 156.923870 0.000000
1649643050688367838 182.852365 0.000000
1649643050734147277 150.804148 0.000000
1649643050790374180 152.825768 0.000000
1649643050826207382 151.212293 0.000000
1649643050856918464 186.816777 0.000000
1649643050911557120 151.582828 0.000000
1649643050917749418 157.326575 0.000000
1649643051142600785 151.189140 0.000000
1649643051236818646 173.039961 0.000000
1649643051321341463 167.391413 0.000000
1649643051502233313 183.301738 0.000000
1649643051585833109 151.027386 0.000000
1649643051634431622 157.094039 0.000000
1649643051676104522 151.218404 0.000000
1649643051682428297 151.410765 0.000000
1649643051906297012 151.318593 0.000000
1649643051921828196 179.007147 0.000000
1649643052068585388 182.980356 0.000000
1649643052106121463 150.364734 0.000000
1649643052402170598 150.176161 0.000000
1649643052552605003 150.433604 0.000000
1649643052606635067 183.002166 0.000000
1649643052882881099 162.652990 0.000000
1649643052955530257 162.989761 0.000000
1649643053034012170 157.096243 0.000000
1649643053060179563 187.142938 0.000000
1649643053191063709 150.682050 0.000000
1649643053247966338 187.786255 0.000000
1649643053385559120 157.068792 0.000000
1649643053557402749 184.873785 0.000000
1649643053562509582 150.596749 0.000000
1649643053610455983 151.511474 0.000000
1649643053616276954 157.003690 0.000000
1649643053647059940 151.170235 0.000000
1649643053740197797 182.792053 0.000000
1649643053761143222 150.684935 0.000000
1649643053859353477 151.328802 0.000000
1649643053876256363 184.150128 0.000000
1649643054142654403 150.176682 0.000000
1649643054287525469 150.862767 0.000000
1649643054325547735 183.031130 0.000000
1649643054361399633 184.138075 0.000000
1649643054379585144 156.685894 0.000000
1649643054426888449 152.541584 0.000000
1649643054510271279 155.680249 0.000000
1649643054544839130 183.314883 0.000000
1649643054822249614 151.373967 0.000000
1649643054918595955 183.489620 0.000000
1649643054989289628 152.131186 0.000000
1649643055104790657 186.186356 0.000000
1649643055106102476 150.910327 0.000000
1649643055118386834 150.724048 0.000000
1649643055154992946 150.985278 0.000000
1649643055233837227 157.343125 0.000000
1649643055324575916 213.500529 0.000000
1649643055431373950 150.993602 0.000000
1649643055471103698 154.326040 0.000000
1649643055583019065 151.055990 0.000000
1649643055583046206 151.261866 0.000000
1649643055658168530 150.500359 0.000000
1649643055865516094 181.328610 0.000000
1649643055882954414 156.483584 0.000000
1649643055949576934 157.592843 0.000000
1649643056142974418 150.820178 0.000000
1649643056185997309 151.333710 0.000000
1649643056210642139 157.130727 0.000000
1649643056222725009 182.409546 0.000000
1649643056446501942 151.448646 0.000000
1649643056614994038 182.403254 0.000000
1649643056769353360 182.432989 0.000000
1649643057085962416 307.448303 0.000000
1649643057173888742 307.277313 0.000000
1649643057409947810 182.297956 0.000000
1649643057699012211 150.816381 0.000000
1649643057762004908 151.667767 0.000000
1649643057919662172 151.198397 0.000000
1649643057982383740 158.730598 0.000000
1649643058100097857 150.285074 0.000000
1649643058143624552 191.327123 0.000000
1649643058167424959 168.134155 0.000000
1649643058173525534 173.076820 0.000000
1649643058324265012 150.737373 0.000000
1649643058582075254 155.306359 0.000000
1649643058603803826 145.145500 0.000000
1649643058620864188 150.932319 0.000000
1649643058706026953 150.265779 0.000000
1649643058726109380 187.179647 0.000000
1649643058743451780 155.927332 0.000000
1649643058908240063 182.091560 0.000000
1649643058929333996 150.635091 0.000000
1649643058985191136 156.928258 0.000000
1649643059062791686 150.355847 0.000000
1649643059113433158 150.175769 0.000000
1649643059215312301 150.869600 0.000000
1649643059409862426 150.915076 0.000000
1649643059449614064 155.797508 0.000000
1649643059536035731 153.265032 0.000000
1649643059551563539 190.951488 0.000000
1649643059736678055 150.816281 0.000000
1649643059984838256 151.971377 0.000000
1649643060147759389 151.590462 0.000000
1649643060194750799 149.914269 0.000000
1649643060299858013 150.560711 0.000000
1649643060483497284 182.880809 0.000000
1649643060739798237 186.448317 0.000000
1649643060762485897 160.538055 0.000000
1649643060828556974 176.951834 0.000000
1649643060960429743 155.453172 0.000000
1649643061041333575 150.195336 0.000000
1649643061140477000 167.814155 0.000000
1649643061192034931 150.700274 0.000000
1649643061291812223 182.327021 0.000000
1649643061366062864 182.464087 0.000000
1649643061405062853 150.848801 0.000000
1649643061494687484 162.619036 0.000000
1649643061572420041 156.260256 0.000000
1649643061576472378 182.802401 0.000000
1649643061657357105 182.518249 0.000000
1649643061735523195 150.745739 0.000000
1649643061741746021 156.438390 0.000000
1649643062018397953 150.123031 0.000000
1649643062060807164 155.866839 0.000000
1649643062259687084 150.945524 0.000000
1649643062303946824 182.256138 0.000000
1649643062341902937 144.935106 0.000000
1649643062448780650 182.102450 0.000000
1649643062675683633 188.104411 0.000000
1649643062710289364 150.594825 0.000000
1649643062771298502 151.295289 0.000000
1649643062868842759 150.376998 0.000000
1649643063124463286 182.210191 0.000000
1649643063159155480 151.192396 0.000000
1649643063212701037 150.464822 0.000000
1649643063237467484 156.900696 0.000000
1649643063363509132 150.790732 0.000000
1649643063382585753 145.116206 0.000000
1649643063397636858 182.280383 0.000000
1649643063406657938 152.018483 0.000000
1649643063519280972 155.769066 0.000000
1649643063660258098 151.409322 0.000000
1649643063671226089 151.942792 0.000000
1649643063677681280 149.882360 0.000000
1649643063701830350 161.923873 0.000000
1649643063793066231 144.730372 0.000000
1649643063996893837 149.984121 0.000000
1649643064001745632 162.934217 0.000000
1649643064045387032 156.771965 0.000000
1649643064070894248 182.117147 0.000000
1649643064129225365 156.905435 0.000000
1649643064249150438 177.070467 0.000000
1649643064251477079 171.713725 0.000000
1649643064389524453 187.559048 0.000000
1649643064630478807 156.053358 0.000000
1649643064784759201 182.460792 0.000000
1649643064831804673 151.168842 0.000000
1649643064886594662 156.555329 0.000000
1649643065158842869 163.889738 0.000000
1649643065321694110 162.850008 0.000000
1649643065327649504 162.589761 0.000000
1649643065412385952 157.999175 0.000000
1649643065649381083 158.239265 0.000000
1649643065693463510 187.274514 0.000000
1649643065787933294 182.662980 0.000000
1649643065811420783 156.517067 0.000000
1649643065876400656 182.935673 0.000000
1649643066058366088 155.797659 0.000000
1649643066088166232 150.031079 0.000000
1649643066232631567 161.885582 0.000000
1649643066257840253 150.526328 0.000000
1649643066330865396 182.420697 0.000000
1649643066402011026 163.180068 0.000000
1649643066457248714 151.284768 0.000000
1649643066575558288 162.360151 0.000000
1649643066614261301 183.390695 0.000000
1649643066928398944 164.930579 0.000000
1649643067075838063 150.960030 0.000000
1649643067454520222 156.600313 0.000000
1649643067496596238 156.978051 0.000000
1649643067502639086 156.244596 0.000000
1649643067845920743 150.963787 0.000000
1649643067956688187 151.112606 0.000000
1649643068010850941 150.722705 0.000000
1649643068262582679 150.832602 0.000000
1649643068364842715 184.002782 0.000000
1649643068370589749 189.732474 0.000000
1649643068414406919 151.333540 0.000000
1649643068528764123 150.399610 0.000000
1649643068555934997 150.953818 0.000000
1649643068654200847 153.078852 0.000000
1649643068773633155 145.003254 0.000000
1649643068843501731 163.072416 0.000000
1649643069047001241 161.365406 0.000000
1649643069212038731 188.406827 0.000000
1649643069224617671 151.108799 0.000000
1649643069234367067 150.814608 0.000000
1649643069395477445 183.391175 0.000000
1649643069520425794 151.123508 0.000000
1649643069828916632 156.800618 0.000000
1649643070187958423 151.576757 0.000000
1649643070385416468 151.717901 0.000000
1649643070481207819 185.122912 0.000000
1649643070529740488 149.961277 0.000000
1649643070610311698 151.162050 0.000000
1649643070773235284 151.078071 0.000000
1649643071103295917 172.868059 0.000000
1649643071166857179 157.349938 0.000000
1649643071191571478 175.508008 0.000000
1649643071290668566 150.822913 0.000000
1649643071332667087 156.519162 0.000000
1649643071382637261 182.298016 0.000000
1649643071390634462 151.059727 0.000000
1649643071448162003 159.017644 0.000000
1649643071454636280 163.966432 0.000000
1649643071836360151 187.439434 0.000000
1649643071932016919 156.234888 0.000000
1649643071938131752 162.327910 0.000000
1649643071961564159 149.973772 0.000000
1649643072058599682 185.722136 0.000000
1649643072092282373 153.827645 0.000000
1649643072198189117 150.912481 0.000000
1649643072349361455 151.171396 0.000000
1649643072388937875 151.161298 0.000000
1649643072394709424 156.367807 0.000000
1649643072463508645 150.292710 0.000000
1649643072565167505 182.240027 0.000000
1649643072570658117 187.569318 0.000000
1649643072619398967 155.889401 0.000000
1649643072742111014 176.941315 0.000000
1649643072940694698 151.090575 0.000000
1649643072946606932 156.819274 0.000000
1649643073019061286 157.210468 0.000000
1649643073022178980 185.527350 0.000000
1649643073389518797 187.074582 0.000000
1649643073760200678 182.197238 0.000000
1649643073768530272 150.478278 0.000000
1649643073866739594 189.457928 0.000000
1649643073890015248 157.271281 0.000000
1649643073973386045 150.718176 0.000000
1649643073986554992 149.967870 0.000000
1649643074052191674 156.960298 0.000000
1649643074058457992 157.733007 0.000000
1649643074122661247 184.982438 0.000000
1649643074142465442 157.236005 0.000000
1649643074203518072 151.288927 0.000000
1649643074331153917 182.180165 0.000000
1649643074381184425 154.763691 0.000000
1649643074388995638 160.480116 0.000000
1649643074439378926 151.336816 0.000000
1649643074446131184 156.711321 0.000000
1649643074557166461 167.434514 0.000000
1649643074635518110 173.620078 0.000000
1649643074871954083 153.053825 0.000000
1649643074950423001 156.917929 0.000000
1649643074962007187 155.161095 0.000000
1649643075026546382 183.253226 0.000000
1649643075136503127 150.935133 0.000000
1649643075163742621 187.418686 0.000000
1649643075440258258 182.646379 0.000000
1649643075520862598 159.379784 0.000000
1649643075599230958 162.806277 0.000000
1649643075634886729 183.047111 0.000000
1649643075671696051 150.831229 0.000000
1649643075725337568 157.012235 0.000000
1649643075842586032 151.921552 0.000000
1649643075848747603 157.980050 0.000000
1649643075876486352 151.146680 0.000000
1649643076002321292 182.481660 0.000000
1649643076085071466 151.419721 0.000000
1649643076090821556 156.638255 0.000000
1649643076169223156 151.376860 0.000000
1649643076267154369 157.274878 0.000000
1649643076309956937 152.205795 0.000000
1649643076448488018 187.976521 0.000000
1649643076654286569 157.321145 0.000000
1649643076660934741 157.002717 0.000000
1649643076754447731 172.360648 0.000000
1649643076852771629 151.080436 0.000000
1649643077305484636 158.468105 0.000000
1649643077419961464 153.282163 0.000000
1649643077425765905 150.099447 0.000000
1649643077486784641 151.112937 0.000000
1649643077511565716 157.015912 0.000000
1649643077546584723 156.618297 0.000000
1649643077613037906 151.182528 0.000000
1649643077718899093 185.848783 0.000000
1649643077836064583 162.953924 0.000000
1649643077878281112 157.000904 0.000000
1649643077968028572 161.538430 0.000000
1649643078214088948 153.744850 0.000000
1649643078219517685 183.061979 0.000000
1649643078290083327 152.841948 0.000000
1649643078382011075 161.575460 0.000000
1649643078417950357 156.096739 0.000000
1649643078471472850 161.696717 0.000000
1649643078550580416 151.157019 0.000000
1649643078568657202 150.705001 0.000000
1649643078583062046 186.071089 0.000000
1649643078840328047 150.701565 0.000000
1649643078864179519 144.909938 0.000000
1649643079094832111 183.225506 0.000000
1649643079173123386 151.064004 0.000000
1649643079191680233 191.322143 0.000000
1649643079377349980 150.687790 0.000000
1649643079377782020 144.885933 0.000000
1649643079426084919 151.093190 0.000000
1649643079673998217 150.991629 0.000000
1649643079706662460 151.277646 0.000000
1649643079812822538 163.006653 0.000000
1649643079839886312 182.746868 0.000000
1649643079897519751 150.993824 0.000000
1649643080050400232 210.511085 0.000000
1649643080056657652 211.360537 0.000000
1649643080063215515 158.949007 0.000000
1649643080159579369 196.083669 0.000000
1649643080175791230 150.728616 0.000000
1649643080509718731 182.169586 0.000000
1649643080598726766 158.095636 0.000000
1649643080613276200 181.992293 0.000000
1649643080684867225 164.041602 0.000000
1649643080809023078 156.738021 0.000000
1649643080936384380 177.818129 0.000000
1649643080963705747 183.559862 0.000000
1649643081093273615 151.551388 0.000000
1649643081171746390 181.908325 0.000000
1649643081189554323 151.177448 0.000000
1649643081243788540 150.560510 0.000000
1649643081251063178 149.681233 0.000000
1649643081444565267 156.165107 0.000000
1649643081504319583 185.794571 0.000000
1649643081784983065 150.886482 0.000000
1649643081808621648 182.033331 0.000000
1649643082026433859 156.133418 0.000000
1649643082040187692 181.979218 0.000000
1649643082308003561 166.461139 0.000000
1649643082347292662 182.878925 0.000000
1649643082427517542 155.407768 0.000000
1649643082533311744 156.609321 0.000000
1649643082684552000 151.076138 0.000000
1649643082685571040 182.170718 0.000000
1649643082724260247 151.122725 0.000000
1649643082862413149 176.537498 0.000000
1649643082874181439 187.991439 0.000000
1649643082900635500 150.096190 0.000000
1649643083088698603 150.919603 0.000000
1649643083156242461 193.424965 0.000000
1649643083184522015 158.785921 0.000000
1649643083210842274 150.846046 0.000000
1649643083520873710 182.077953 0.000000
1649643083571599832 156.844541 0.000000
1649643083582176629 153.279759 0.000000
1649643083791842800 182.444621 0.000000
1649643083806139851 151.176295 0.000000
1649643083867279213 150.509947 0.000000
1649643083898479441 188.576606 0.000000
1649643083996371840 157.062540 0.000000
1649643084016686763 176.514114 0.000000
1649643084095170789 157.058482 0.000000
1649643084288009094 182.818892 0.000000
1649643084365320903 150.648275 0.000000
1649643084487774435 162.526744 0.000000
1649643084611436011 161.945793 0.000000
1649643084638188532 150.411272 0.000000
1649643084680365627 156.149578 0.000000
1649643084795533441 151.305718 0.000000
1649643084995360376 158.891918 0.000000
1649643085007258421 182.387945 0.000000
1649643085121616086 151.810134 0.000000
1649643085264180698 182.469066 0.000000
1649643085399764934 183.045508 0.000000
1649643085404332737 151.144946 0.000000
1649643085438999975 160.331338 0.000000
1649643085469874642 151.360861 0.000000
1649643085511179082 152.987991 0.000000
1649643085517050939 150.948267 0.000000
1649643085653732783 160.485877 0.000000
1649643085665852703 154.671248 0.000000
1649643085892168316 184.207075 0.000000
1649643086041542702 150.003086 0.000000
1649643086353131528 160.460991 0.000000
1649643086516706997 177.291011 0.000000
1649643086589503582 156.650838 0.000000
1649643086667918408 156.759592 0.000000
1649643086728825274 145.090777 0.000000
1649643086746401253 151.571186 0.000000
1649643086813317905 150.215414 0.000000
1649643086975731426 150.586310 0.000000
1649643087301166537 151.126893 0.000000
1649643087422882225 182.910364 0.000000
1649643087609373843 150.598393 0.000000
1649643087784095837 156.380952 0.000000
1649643087940149656 155.438226 0.000000
1649643088097110796 151.248402 0.000000
1649643088181146770 156.433260 0.000000
1649643088240899082 161.098656 0.000000
1649643088392384146 145.062073 0.000000
1649643088410262752 150.275437 0.000000
1649643088537337266 150.599635 0.000000
1649643088673783598 182.304930 0.000000
1649643088688034183 150.638317 0.000000
1649643088712401702 150.923601 0.000000
1649643088867552858 155.148892 0.000000
1649643088905793535 145.099053 0.000000
1649643088923755817 150.731041 0.000000
1649643089077948998 161.569568 0.000000
1649643089114341890 156.439070 0.000000
1649643089206295016 155.415102 0.000000
1649643089241426954 150.677671 0.000000
1649643089433734064 154.852096 0.000000
1649643089435323053 182.754172 0.000000
1649643089445968298 193.439302 0.000000
1649643089451038863 197.945719 0.000000
1649643089599955282 157.102546 0.000000
1649643089626496957 150.814577 0.000000
1649643089668518351 153.137902 0.000000
1649643089699831451 151.012329 0.000000
1649643089825106592 161.448852 0.000000
1649643089894010439 182.012361 0.000000
1649643089936294284 152.325930 0.000000
1649643089980190231 182.390049 0.000000
1649643090000290752 193.608729 0.000000
1649643090042832260 144.864794 0.000000
1649643090057067997 158.239706 0.000000
1649643090300648423 151.151498 0.000000
1649643090313952653 153.711859 0.000000
1649643090437898814 150.169609 0.000000
1649643090516361540 150.744877 0.000000
1649643090802511628 150.361709 0.000000
1649643090885781485 150.119024 0.000000
1649643090891912308 157.089660 0.000000
1649643091073366713 151.139176 0.000000
1649643091182226332 151.137924 0.000000
1649643091249279730 150.314860 0.000000
1649643091297300500 151.228894 0.000000
1649643091334231040 151.441853 0.000000
1649643091448115839 150.813325 0.000000
1649643091473233805 151.210049 0.000000
1649643091635477307 150.479590 0.000000
1649643091917872756 150.707116 0.000000
1649643092013859243 150.473028 0.000000
1649643092069228066 151.353256 0.000000
1649643092441280779 155.762744 0.000000
1649643092531458636 148.477406 0.000000
1649643092636471303 182.354362 0.000000
1649643092719946746 157.502245 0.000000
1649643093056156636 161.480942 0.000000
1649643093056293773 161.697488 0.000000
1649643093298263501 157.017586 0.000000
1649643093466517269 167.615963 0.000000
1649643093552920881 183.566434 0.000000
1649643093843831945 153.069886 0.000000
1649643094000682978 151.118588 0.000000
1649643094102934408 188.372473 0.000000
1649643094217855418 155.136868 0.000000
1649643094312396847 150.442701 0.000000
1649643094509420448 199.472311 0.000000
1649643094581868499 189.922158 0.000000
1649643094625373464 196.658637 0.000000
1649643094699685059 150.914415 0.000000
1649643094705993975 157.066857 0.000000
1649643094761892684 151.182848 0.000000
1649643094930408183 167.973323 0.000000
1649643095322402957 156.092021 0.000000
1649643095418776248 150.339858 0.000000
1649643095697806810 156.787414 0.000000
1649643095727752426 150.928320 0.000000
1649643095776182193 156.256218 0.000000
1649643095858805689 182.251821 0.000000
1649643095903340614 156.177390 0.000000
1649643096024142570 182.691193 0.000000
1649643096084261639 182.604642 0.000000
1649643096131170034 151.113297 0.000000
1649643096156833543 150.542487 0.000000
1649643096235015724 150.338165 0.000000
1649643096269979938 185.715934 0.000000
1649643096386032440 150.297238 0.000000
1649643096616122628 155.728089 0.000000
1649643097003893814 156.915304 0.000000
1649643097097730170 156.497941 0.000000
1649643097267326416 150.597832 0.000000
1649643097375241333 182.371615 0.000000
1649643097424902578 156.665206 0.000000
1649643097425176803 156.852577 0.000000
1649643097582065066 157.160464 0.000000
1649643097653419186 188.824932 0.000000
1649643097700358629 156.586166 0.000000
1649643097757051275 156.401400 0.000000
1649643097794021870 182.324064 0.000000
1649643097805654036 150.866525 0.000000
1649643097919223784 155.180192 0.000000
1649643097925360017 182.747369 0.000000
1649643097931327293 167.026437 0.000000
1649643098014842351 156.880588 0.000000
1649643098198804728 150.602229 0.000000
1649643098281129453 151.166227 0.000000
1649643098327128162 155.266603 0.000000
1649643098412754137 156.607637 0.000000
1649643098567324035 182.297926 0.000000
1649643098655543922 156.818873 0.000000
1649643098789237033 152.889678 0.000000
1649643098833435778 183.095762 0.000000
1649643098867237593 151.753748 0.000000
1649643099025075928 150.888687 0.000000
1649643099074039796 152.100829 0.000000
1649643099339922950 156.682458 0.000000
1649643099479779957 156.751557 0.000000
1649643099643792736 151.839970 0.000000
1649643099649241459 157.261613 0.000000
1649643100000871706 150.537357 0.000000
1649643100246467100 153.201813 0.000000
1649643100276084902 176.851195 0.000000
1649643100362922348 151.035512 0.000000
1649643100549664766 184.919491 0.000000
1649643100617246233 151.230547 0.000000
1649643100720221812 185.414088 0.000000
1649643100949866435 156.349333 0.000000
1649643101108261392 151.314313 0.000000
1649643101181259315 151.901215 0.000000
1649643101299364374 188.389636 0.000000
1649643101422707954 156.203679 0.000000
1649643101508210207 150.585288 0.000000
1649643101512309692 156.009555 0.000000
1649643101555611045 161.273884 0.000000
1649643101844360475 162.104662 0.000000
1649643101934508747 159.728037 0.000000
1649643102163600805 156.415287 0.000000
1649643102178264924 182.885017 0.000000
1649643102277199266 167.014696 0.000000
1649643102317730857 154.127868 0.000000
1649643102404080558 157.275398 0.000000
1649643102430349102 152.238908 0.000000
1649643102430723754 187.460504 0.000000
1649643102468079320 194.354066 0.000000
1649643102581425430 151.042795 0.000000
1649643102766989428 162.857042 0.000000
1649643102774189766 150.885420 0.000000
1649643102838540698 172.469341 0.000000
1649643102838551057 179.089641 0.000000
1649643103021560197 162.483111 0.000000
1649643103114711890 165.830016 0.000000
1649643103148871465 150.684423 0.000000
1649643103302255479 151.431985 0.000000
1649643103350946184 162.197314 0.000000
1649643103357276441 155.144374 0.000000
1649643103445123029 150.793679 0.000000
1649643103806163647 150.858620 0.000000
1649643103871531906 150.597129 0.000000
1649643104127948585 156.305411 0.000000
1649643104168299807 151.321406 0.000000
1649643104169527168 183.363583 0.000000
1649643104174479592 157.340410 0.000000
1649643104341997502 189.759854 0.000000
1649643104354506601 151.011185 0.000000
1649643104559607274 144.914617 0.000000
1649643104663071999 155.943191 0.000000
1649643104784556334 157.347093 0.000000
1649643104826847924 163.774131 0.000000
1649643104856257255 150.671860 0.000000
1649643104916962724 150.245201 0.000000
1649643104977785923 179.455148 0.000000
1649643105083994992 182.914461 0.000000
1649643105267352515 183.355369 0.000000
1649643105340905407 151.180163 0.000000
1649643105432190351 150.578435 0.000000
1649643105447213072 151.358547 0.000000
1649643105450157321 182.803534 0.000000
1649643105455744565 150.864681 0.000000
1649643105633021760 182.861583 0.000000
1649643105879331733 150.745798 0.000000
1649643105906453696 161.959370 0.000000
1649643105974470791 151.359609 0.000000
1649643106072568275 156.916446 0.000000
1649643106077954753 162.212134 0.000000
1649643106161710090 151.075717 0.000000
1649643106165599381 188.178159 0.000000
1649643106230593980 150.811541 0.000000
1649643106302364521 150.739056 0.000000
1649643106420987291 150.461937 0.000000
1649643106439472154 183.885753 0.000000
1649643106565722693 144.733047 0.000000
1649643106592121631 151.634635 0.000000
1649643106629067910 189.423183 0.000000
1649643106634236058 145.221713 0.000000
1649643106670856848 150.772499 0.000000
1649643106676557304 156.179264 0.000000
1649643106719607536 153.882328 0.000000
1649643106815936214 151.177959 0.000000
1649643106994696619 183.127472 0.000000
1649643107228984315 152.060173 0.000000
1649643107269857786 144.672322 0.000000
1649643107451608637 182.755294 0.000000
1649643107469914122 150.176320 0.000000
1649643107552070674 194.604146 0.000000
1649643107829880366 189.053029 0.000000
1649643107915902764 151.350713 0.000000
1649643107983140137 156.519221 0.000000
1649643108012970176 183.088308 0.000000
1649643108026027533 156.009355 0.000000
1649643108282710502 154.189343 0.000000
1649643108284376456 182.705380 0.000000
1649643108384904837 188.104541 0.000000
1649643108554507284 157.074924 0.000000
1649643108605704318 150.263004 0.000000
1649643109132132150 157.316856 0.000000
1649643109137677897 162.650385 0.000000
1649643109221458202 183.042562 0.000000
1649643109361663511 151.185233 0.000000
1649643109380842003 176.949700 0.000000
1649643109382541889 150.377188 0.000000
1649643109422990575 176.995547 0.000000
1649643109607155441 184.163293 0.000000
1649643109921801607 182.981027 0.000000
1649643110094732564 157.026863 0.000000
1649643110240377190 156.836206 0.000000
1649643110322444583 183.017525 0.000000
1649643110357062588 152.827821 0.000000
1649643110370721393 182.722251 0.000000
1649643110537237485 151.069225 0.000000
1649643110631178787 154.952234 0.000000
1649643110770384743 154.939730 0.000000
1649643111063648867 155.608143 0.000000
1649643111091562303 162.255154 0.000000
1649643111099397601 156.053429 0.000000
1649643111409022445 157.312809 0.000000
1649643111502546465 151.006528 0.000000
1649643111810490888 191.737953 0.000000
1649643111839382378 150.790493 0.000000
1649643111905234375 183.226407 0.000000
1649643111991503224 152.118641 0.000000
1649643112010960169 189.251130 0.000000
1649643112038844962 156.347259 0.000000
1649643112110560721 188.744181 0.000000
1649643112189821753 150.973405 0.000000
1649643112265162717 150.651292 0.000000
1649643112268104092 150.789651 0.000000
1649643112274597223 156.121105 0.000000
1649643112425462546 150.869390 0.000000
1649643112451489606 163.024557 0.000000
1649643112688391714 156.636371 0.000000
1649643112767352003 150.611356 0.000000
1649643112839159984 150.765164 0.000000
1649643112873021060 157.027304 0.000000
1649643112932579388 182.927406 0.000000
1649643113031593180 193.512619 0.000000
1649643113115570183 182.989021 0.000000
1649643113169727207 151.100734 0.000000
1649643113217232299 153.615106 0.000000
1649643113247743195 156.303186 0.000000
1649643113263329935 150.691278 0.000000
1649643113381156202 157.485192 0.000000
1649643113381171791 157.614003 0.000000
1649643113414052600 150.718818 0.000000
1649643113459537145 162.910382 0.000000
1649643113627962095 182.726300 0.000000
1649643113700480749 161.299002 0.000000
1649643113924740657 150.405411 0.000000
1649643114026699448 182.676896 0.000000
1649643114147963601 156.842267 0.000000
1649643114450022361 150.810500 0.000000
1649643114491066723 182.785590 0.000000
1649643114514921711 149.108970 0.000000
1649643114538381599 188.880706 0.000000
1649643114810370721 183.245322 0.000000
1649643114900691406 150.503515 0.000000
1649643114901731947 150.146204 0.000000
1649643115185642937 150.816351 0.000000
1649643115431402547 154.009085 0.000000
1649643115515838563 154.719318 0.000000
1649643115613534113 182.507110 0.000000
1649643115635650332 155.896084 0.000000
1649643115765687069 182.873965 0.000000
1649643115768958642 151.198005 0.000000
1649643115805629365 144.786227 0.000000
1649643115859720895 182.426496 0.000000
1649643115909962698 198.634681 0.000000
1649643116087764366 150.597400 0.000000
1649643116105736196 150.457448 0.000000
1649643116173841777 182.735226 0.000000
1649643116256939382 150.229140 0.000000
1649643116311468974 150.619061 0.000000
1649643116407787682 156.660666 0.000000
1649643116446146039 183.385665 0.000000
1649643116601983934 164.498259 0.000000
1649643116673719479 156.499064 0.000000
1649643116680770066 150.640371 0.000000
1649643116818029583 182.943596 0.000000
1649643117150851442 150.260970 0.000000
1649643117192991448 155.242558 0.000000
1649643117198851192 161.112141 0.000000
1649643117356094922 155.604467 0.000000
1649643117622594973 151.102256 0.000000
1649643117669869394 156.422671 0.000000
1649643117677704742 186.193168 0.000000
1649643117711841255 155.803339 0.000000
1649643117855013756 182.825805 0.000000
1649643117857132708 144.997763 0.000000
1649643117934656865 149.820223 0.000000
1649643117976122918 160.931483 0.000000
1649643118013106647 155.973057 0.000000
1649643118152221843 152.068538 0.000000
1649643118278196986 150.921938 0.000000
1649643118363878466 162.760111 0.000000
1649643118397789715 177.067440 0.000000
1649643118491697765 150.663273 0.000000
1649643118599655844 157.024468 0.000000
1649643118612675280 156.820286 0.000000
1649643118678897150 150.899787 0.000000
1649643118727384244 163.173535 0.000000
1649643118968831281 151.642430 0.000000
1649643119042416384 185.749797 0.000000
1649643119115052538 176.512441 0.000000
1649643119152613470 217.439624 0.000000
1649643119322112533 150.267522 0.000000
1649643119404191128 167.899615 0.000000
1649643119429039408 184.829502 0.000000
1649643119446062330 157.506442 0.000000
1649643119687641084 152.562885 0.000000
1649643119693503433 157.003309 0.000000
1649643119891528281 189.265578 0.000000
1649643119899800188 197.227503 0.000000
1649643120165716285 177.094742 0.000000
1649643120169408496 161.544582 0.000000
1649643120286069058 150.371117 0.000000
1649643120348094091 182.376434 0.000000
1649643120399167313 155.823958 0.000000
1649643120435224756 148.781887 0.000000
1649643120585508027 150.281638 0.000000
1649643120653695572 161.201479 0.000000
1649643120660799389 164.032415 0.000000
1649643120739382791 153.278036 0.000000
1649643121059367916 150.845836 0.000000
1649643121125547988 151.119399 0.000000
1649643121137857634 150.886944 0.000000
1649643121177103033 182.210322 0.000000
1649643121228088922 157.009201 0.000000
1649643121760569832 151.222182 0.000000
1649643122039507629 150.816431 0.000000
1649643122073358485 182.754632 0.000000
1649643122174369021 188.520171 0.000000
1649643122268175019 171.317542 0.000000
1649643122357467186 183.096041 0.000000
1649643122738547962 150.687109 0.000000
1649643122749577317 160.505784 0.000000
1649643122763306384 182.744814 0.000000
1649643122828330268 151.388914 0.000000
1649643122911057007 188.472941 0.000000
1649643122979227240 150.849032 0.000000
1649643122990294306 150.141516 0.000000
1649643123057575662 151.239043 0.000000
1649643123136013952 156.751156 0.000000
1649643123136314426 151.288947 0.000000
1649643123183643879 150.783208 0.000000
1649643123213279875 150.389840 0.000000
1649643123300135605 182.281555 0.000000
1649643123593179997 150.164889 0.000000
1649643123636570346 150.636263 0.000000
1649643123650853462 150.899918 0.000000
1649643123661397628 150.541495 0.000000
1649643123801704237 150.790201 0.000000
1649643124005369858 150.910447 0.000000
1649643124032424746 148.142738 0.000000
1649643124034428131 150.300733 0.000000
1649643124113380737 184.368508 0.000000
1649643124282109085 156.291765 0.000000
1649643124505806769 150.862748 0.000000
1649643124613761160 182.011108 0.000000
1649643124619360798 149.858305 0.000000
1649643124697315181 155.938712 0.000000
1649643124748914309 182.004736 0.000000
1649643124829880900 151.408731 0.000000
1649643124857103661 159.692039 0.000000
1649643124918924952 150.387107 0.000000
1649643124987133665 151.142691 0.000000
1649643125080735782 150.944701 0.000000
1649643125131978292 151.038067 0.000000
1649643125151128200 182.248844 0.000000
1649643125159450952 150.843391 0.000000
1649643125356224274 151.337087 0.000000
1649643125481074930 182.515505 0.000000
1649643125669694897 187.686417 0.000000
1649643125760552458 156.402151 0.000000
1649643125783395209 188.626520 0.000000
1649643125962953851 150.839304 0.000000
1649643125972389579 188.802079 0.000000
1649643126026240779 150.846708 0.000000
1649643126155204455 182.813062 0.000000
1649643126157941145 154.948387 0.000000
1649643126169839669 156.807221 0.000000
1649643126189758809 154.221243 0.000000
1649643126321714044 151.234806 0.000000
1649643126453572535 192.208523 0.000000
1649643126466528613 151.184901 0.000000
1649643126582213787 150.650079 0.000000
1649643126733787337 151.571246 0.000000
1649643126812652138 157.721766 0.000000
1649643126861744055 151.154855 0.000000
1649643127088015504 182.645687 0.000000
1649643127266786448 156.286245 0.000000
1649643127271645857 183.054244 0.000000
1649643127273676133 163.004929 0.000000
1649643127288235497 182.631611 0.000000
1649643127418444978 160.784156 0.000000
1649643127504434764 153.061569 0.000000
1649643127576165531 155.733960 0.000000
1649643127582660717 159.062940 0.000000
1649643127699204761 182.681034 0.000000
1649643128025809996 193.882283 0.000000
1649643128109764047 169.228787 0.000000
1649643128279599020 169.104003 0.000000
1649643128499815227 189.874559 0.000000
1649643128568526354 182.524211 0.000000
1649643128654411454 150.581291 0.000000
1649643128777285945 155.976063 0.000000
1649643128842213187 161.805733 0.000000
1649643128872015294 157.051219 0.000000
1649643128949015910 182.913531 0.000000
1649643128987168561 151.193407 0.000000
1649643129310261972 145.096978 0.000000
1649643129378996533 150.879168 0.000000
1649643129653713037 188.185743 0.000000
1649643129683595053 155.538051 0.000000
1649643129695766881 150.854783 0.000000
1649643129847250593 151.481387 0.000000
1649643129862914016 150.750107 0.000000
1649643130077384784 150.409248 0.000000
1649643130121774206 165.593032 0.000000
1649643130135693679 194.797337 0.000000
1649643130333931927 158.075550 0.000000
1649643130417916094 151.111474 0.000000
1649643130527202312 189.155992 0.000000
1649643130532777453 157.198615 0.000000
1649643130574902451 156.984193 0.000000
1649643130823602525 157.068331 0.000000
1649643130829871536 156.931103 0.000000
1649643130903311247 198.651322 0.000000
1649643130946420720 182.629017 0.000000
1649643131087951203 155.993677 0.000000
1649643131132126644 185.703560 0.000000
1649643131272224603 178.016190 0.000000
1649643131443258172 155.610377 0.000000
1649643131462555778 151.097127 0.000000
1649643131558051534 150.867806 0.000000
1649643131585541908 241.176710 0.000000
1649643131687531929 154.607467 0.000000
1649643132100572426 187.364844 0.000000
1649643132151233986 150.826318 0.000000
1649643132204807816 161.361730 0.000000
1649643132327043078 151.341535 0.000000
1649643132372349099 182.990485 0.000000
1649643132434753913 150.853670 0.000000
1649643132521851026 151.186655 0.000000
1649643132774592344 157.008498 0.000000
1649643132876322638 150.653426 0.000000
1649643132935389826 182.524481 0.000000
1649643132968269723 156.288569 0.000000
1649643133041612080 182.704738 0.000000
1649643133089176796 150.730761 0.000000
1649643133119228240 150.956282 0.000000
1649643133200591915 160.410717 0.000000
1649643133207192929 183.022143 0.000000
1649643133275764444 193.045204 0.000000
1649643133301869079 182.617346 0.000000
1649643133472413001 156.025617 0.000000
1649643133479193562 156.586116 0.000000
1649643133648045101 156.922147 0.000000
1649643133662132800 188.890584 0.000000
1649643133781954409 156.965649 0.000000
1649643133902837727 150.661892 0.000000
1649643133938738847 156.782775 0.000000
1649643134084216249 182.815075 0.000000
1649643134169249132 151.080596 0.000000
1649643134353167806 159.408498 0.000000
1649643134392622549 150.690776 0.000000
1649643134397430872 189.053300 0.000000
1649643134511865071 150.987953 0.000000
1649643134814697912 151.129948 0.000000
1649643134833495068 156.201134 0.000000
1649643134946030759 183.206650 0.000000
1649643135115870821 182.893362 0.000000
1649643135212613696 157.062259 0.000000
1649643135471484706 150.797836 0.000000
1649643135761783671 145.166881 0.000000
1649643135784948206 188.518959 0.000000
1649643135791408466 189.123001 0.000000
1649643135857871067 154.776175 0.000000
1649643135893867696 156.302576 0.000000
1649643135930001213 183.296700 0.000000
1649643136105795877 163.233577 0.000000
1649643136145524733 183.047511 0.000000
1649643136201923318 183.158891 0.000000
1649643136211141919 160.257128 0.000000
1649643136240508439 182.955870 0.000000
1649643136485108478 150.986881 0.000000
1649643136564933918 185.449174 0.000000
1649643136599918401 150.793298 0.000000
1649643136629773377 156.728945 0.000000
1649643136715557408 150.527439 0.000000
1649643136731876991 204.799618 0.000000
1649643136745743104 167.061524 0.000000
1649643136925470812 150.289413 0.000000
1649643136982672832 152.118812 0.000000
1649643136988771756 155.718661 0.000000
1649643137187817668 150.722545 0.000000
1649643137309260525 157.165923 0.000000
1649643137319978707 182.680062 0.000000
1649643137388114384 150.842711 0.000000
1649643137503460292 151.033417 0.000000
1649643137865519279 182.961389 0.000000
