1649642988731381140 151.250374 0.000000
1649642988736967662 156.232443 0.000000
1649642989030617559 150.122620 0.000000
1649642989129888963 150.353313 0.000000
1649642989246641669 150.441549 0.000000
1649642989273895799 182.287346 0.000000
1649642989362705803 160.172371 0.000000
1649642989400091857 189.721402 0.000000
1649642989421140845 154.135923 0.000000
1649642989440287578 150.296506 0.000000
1649642989440634809 157.814259 0.000000
1649642989499140303 153.641275 0.000000
1649642989634615926 176.993693 0.000000
1649642989671016643 182.402583 0.000000
1649642989709823029 160.026146 0.000000
1649642989722256437 182.471772 0.000000
1649642989891918336 156.165358 0.000000
1649642989942780653 155.257616 0.000000
1649642990091128756 150.324760 0.000000
1649642990223948170 151.442354 0.000000
1649642990235961310 158.091068 0.000000
1649642990235984493 158.089896 0.000000
1649642990254441102 177.144555 0.000000
1649642990355905007 150.423464 0.000000
1649642990466598483 155.905611 0.000000
1649642990617143685 150.534613 0.000000
1649642990701873962 151.357706 0.000000
1649642990880743370 177.120951 0.000000
1649642990986664610 151.261094 0.000000
1649642991220668856 150.522841 0.000000
1649642991509390884 159.084770 0.000000
1649642991660725147 149.967441 0.000000
1649642991660739013 150.833094 0.000000
1649642991739015179 156.545740 0.000000
1649642991845563385 150.531527 0.000000
1649642991847482953 150.392246 0.000000
1649642991865094769 168.030251 0.000000
1649642991907824580 156.978342 0.000000
1649642991990330846 160.001609 0.000000
1649642991997772937 150.288671 0.000000
1649642992063322527 155.497055 0.000000
1649642992225136243 160.837937 0.000000
1649642992448552249 150.653044 0.000000
1649642992460598672 156.282468 0.000000
1649642992768484676 156.484937 0.000000
1649642992857843648 161.763662 0.000000
1649642992876245434 155.742415 0.000000
1649642992884304151 191.142426 0.000000
1649642992936439855 146.048853 0.000000
1649642993009151611 151.305518 0.000000
1649642993128456269 150.322284 0.000000
1649642993389510172 150.234831 0.000000
1649642993588884509 155.923664 0.000000
1649642993594740908 156.264203 0.000000
1649642993818589866 156.609391 0.000000
1649642993824967010 156.752819 0.000000
1649642994024786873 144.915369 0.000000
1649642994197145988 150.035076 0.000000
1649642994259861245 150.085010 0.000000
1649642994319838347 150.099005 0.000000
1649642994476308086 155.912314 0.000000
1649642994565070471 162.148384 0.000000
1649642994584416186 182.597638 0.000000
1649642994642597583 150.081864 0.000000
1649642994903435761 150.281938 0.000000
1649642995010946541 149.876969 0.000000
1649642995059298031 150.367329 0.000000
1649642995354937427 150.471054 0.000000
1649642995447108341 145.025535 0.000000
1649642995888485258 150.454773 0.000000
1649642995947195005 155.079292 0.000000
1649642996008262052 150.308500 0.000000
1649642996072159373 160.954967 0.000000
1649642996077402122 166.230176 0.000000
1649642996271126999 150.717926 0.000000
1649642996367923484 150.410530 0.000000
1649642996515404232 150.098526 0.000000
1649642996737917926 150.299673 0.000000
1649642996754930328 160.015506 0.000000
1649642996816303017 150.063290 0.000000
1649642996897503566 153.576004 0.000000
1649642997151684104 203.670301 0.000000
1649642997164861085 150.488567 0.000000
1649642997320376876 155.513526 0.000000
1649642997372998260 160.903260 0.000000
1649642997378624166 164.220868 0.000000
1649642997456266965 166.314915 0.000000
1649642997481703419 161.324169 0.000000
1649642997540442541 161.816312 0.000000
1649642997587971309 161.491703 0.000000
1649642997639231501 157.526860 0.000000
1649642997796272931 162.113047 0.000000
1649642997886162949 150.453430 0.000000
1649642997933974888 155.450818 0.000000
1649642997946469290 150.194235 0.000000
1649642997951639963 155.244903 0.000000
1649642998102062666 150.420519 0.000000
1649642998199060158 150.629040 0.000000
1649642998262174081 151.940299 0.000000
1649642998401930118 186.731357 0.000000
1649642998502678211 191.383087 0.000000
1649642998774313548 170.670578 0.000000
1649642998905287663 160.093491 0.000000
1649642998912654083 167.045804 0.000000
1649642999046783733 183.941638 0.000000
1649642999098724381 150.970520 0.000000
1649642999400530397 155.231779 0.000000
1649642999514863857 156.216905 0.000000
1649642999526954342 162.625058 0.000000
1649642999756565281 150.700464 0.000000
1649642999846440511 157.022214 0.000000
1649642999888057516 162.634624 0.000000
1649642999959565877 183.308190 0.000000
1649643000123155522 150.505589 0.000000
1649643000196855600 147.166299 0.000000
1649643000213553964 150.773691 0.000000
1649643000327696275 155.989719 0.000000
1649643000480922623 152.887042 0.000000
1649643000681681126 182.301935 0.000000
1649643000800612345 150.078487 0.000000
1649643000848194592 156.263352 0.000000
1649643001025196731 151.927724 0.000000
1649643001145852002 151.840560 0.000000
1649643001166492916 160.829762 0.000000
1649643001232929257 183.925166 0.000000
1649643001244383389 150.098666 0.000000
1649643001315412461 164.866079 0.000000
1649643001553177315 144.988035 0.000000
1649643001624953006 150.262763 0.000000
1649643001911937458 159.593765 0.000000
1649643001950359584 150.456035 0.000000
1649643002077968891 183.117011 0.000000
1649643002353414562 150.371858 0.000000
1649643002359738256 155.591312 0.000000
1649643002365340999 156.071513 0.000000
1649643002403154194 157.185069 0.000000
1649643002588724174 156.462084 0.000000
1649643002727445842 153.125239 0.000000
1649643002928691949 195.088303 0.000000
1649643002962835885 162.655825 0.000000
1649643003054288171 150.412714 0.000000
1649643003211691982 150.661641 0.000000
1649643003257704747 150.481653 0.000000
1649643003289719041 253.043246 0.000000
1649643003669535837 150.892413 0.000000
1649643003731309899 150.100008 0.000000
1649643003838072676 183.062819 0.000000
1649643003843805283 188.793673 0.000000
1649643003944104535 189.810109 0.000000
1649643004039039991 151.260915 0.000000
1649643004218568555 150.329047 0.000000
1649643004325548540 150.275727 0.000000
1649643004392631654 184.340406 0.000000
1649643004491462403 150.749786 0.000000
1649643004505508624 196.364135 0.000000
1649643004539120853 161.907111 0.000000
1649643004596504054 158.378957 0.000000
1649643004596528740 158.545500 0.000000
1649643004674587650 156.027530 0.000000
1649643004681083907 156.590886 0.000000
1649643004692819327 187.309711 0.000000
1649643004756476279 186.428310 0.000000
1649643005119807610 154.531054 0.000000
1649643005142644842 150.881904 0.000000
1649643005164016394 182.559356 0.000000
1649643005229510129 150.315602 0.000000
1649643005348713698 156.095166 0.000000
1649643005447187007 151.786570 0.000000
1649643005471800047 164.385007 0.000000
1649643005558883473 172.560533 0.000000
1649643005574091121 151.702361 0.000000
1649643005725017709 150.002566 0.000000
1649643005754431688 150.567485 0.000000
1649643005874840597 149.821676 0.000000
1649643005977208406 155.917383 0.000000
1649643006067650830 157.456017 0.000000
1649643006270788042 154.945932 0.000000
1649643006302933161 151.219517 0.000000
1649643006348742114 153.381350 0.000000
1649643006455065288 183.228130 0.000000
1649643006505484644 156.257720 0.000000
1649643006511230696 161.762500 0.000000
1649643006592289630 151.115512 0.000000
1649643006646726707 191.588502 0.000000
1649643006666859358 154.443821 0.000000
1649643006671011702 151.357265 0.000000
1649643006738287627 154.286495 0.000000
1649643007040561601 149.850580 0.000000
1649643007091165905 177.032246 0.000000
1649643007095250671 150.415720 0.000000
1649643007191180081 149.863705 0.000000
1649643007210147989 151.045220 0.000000
1649643007324295019 150.128512 0.000000
1649643007460831650 192.516281 0.000000
1649643007474928386 144.933764 0.000000
1649643007484383000 159.325141 0.000000
1649643007500720236 169.370663 0.000000
1649643007632653498 151.954895 0.000000
1649643007660904057 150.537859 0.000000
1649643007662966243 155.678977 0.000000
1649643008032154645 149.970786 0.000000
1649643008033870631 150.565962 0.000000
1649643008226413533 150.645841 0.000000
1649643008497964944 150.040346 0.000000
1649643008521980503 150.460063 0.000000
1649643008543297314 149.988489 0.000000
1649643008551652988 154.373229 0.000000
1649643008648820768 150.823443 0.000000
1649643008665241281 153.089492 0.000000
1649643008918541357 152.046007 0.000000
1649643008969527316 157.064353 0.000000
1649643009002984435 156.361336 0.000000
1649643009007466296 183.511551 0.000000
1649643009069339814 150.795572 0.000000
1649643009195489034 151.071058 0.000000
1649643009279000355 182.576088 0.000000
1649643009365126637 150.442399 0.000000
1649643009394227229 150.594204 0.000000
1649643009544799702 176.994514 0.000000
1649643009558496629 150.316954 0.000000
1649643009738219438 150.302858 0.000000
1649643009816812840 183.197763 0.000000
1649643009866522576 153.103469 0.000000
1649643009910732281 182.547253 0.000000
1649643010096567287 150.653655 0.000000
1649643010205416367 150.736481 0.000000
1649643010225139781 151.201944 0.000000
1649643010302356912 145.124570 0.000000
1649643010324846841 149.840141 0.000000
1649643010454186843 182.548146 0.000000
1649643010475270797 150.420699 0.000000
1649643010520294568 144.871407 0.000000
1649643010902693585 182.459058 0.000000
1649643010973486523 150.673694 0.000000
1649643010990286286 150.005510 0.000000
1649643011023435718 154.659376 0.000000
1649643011210499458 150.614853 0.000000
1649643011273842141 182.941813 0.000000
1649643011378032677 150.419206 0.000000
1649643011475804099 191.939400 0.000000
1649643011505860473 163.067176 0.000000
1649643011615530591 151.151469 0.000000
1649643011620441697 161.646893 0.000000
1649643011811663563 182.388606 0.000000
1649643011919507978 158.949467 0.000000
1649643011975753225 154.460852 0.000000
1649643012199226489 150.814086 0.000000
1649643012362339261 150.269325 0.000000
1649643012440765388 156.175968 0.000000
1649643012464145327 182.956842 0.000000
1649643012524566322 161.901060 0.000000
1649643012677300948 151.258019 0.000000
1649643012755561646 157.072047 0.000000
1649643012886278018 182.406520 0.000000
1649643012992976445 150.607018 0.000000
1649643013038175485 150.075512 0.000000
1649643013071642643 150.426650 0.000000
1649643013307812368 150.348254 0.000000
1649643013367872736 150.664867 0.000000
1649643013495918501 150.201138 0.000000
1649643014015577165 150.613440 0.000000
1649643014233216222 156.038681 0.000000
1649643014458551145 150.281609 0.000000
1649643014552396097 156.003754 0.000000
1649643014917282074 150.492364 0.000000
1649643015121692111 183.095441 0.000000
1649643015213463906 150.051056 0.000000
1649643015327470274 155.447513 0.000000
1649643015393051933 182.687987 0.000000
1649643015442151985 150.444634 0.000000
1649643015447846481 151.003060 0.000000
1649643015532175064 155.439628 0.000000
1649643015599036442 150.339256 0.000000
1649643015677393429 150.180448 0.000000
1649643015933156665 182.776823 0.000000
1649643015991994412 155.642709 0.000000
1649643016005628381 182.966390 0.000000
1649643016015014225 151.099041 0.000000
1649643016147070839 150.588424 0.000000
1649643016240584880 150.949210 0.000000
1649643016251604728 144.963960 0.000000
1649643016298134183 150.230643 0.000000
1649643016383915168 183.230925 0.000000
1649643016424474741 156.709789 0.000000
1649643016556905566 150.349555 0.000000
1649643016581071287 156.593741 0.000000
1649643016607956797 150.357039 0.000000
1649643017029113649 150.666099 0.000000
1649643017105120000 182.249224 0.000000
1649643017113598565 150.270979 0.000000
1649643017230941596 150.228409 0.000000
1649643017264399015 150.798166 0.000000
1649643017396836422 183.210215 0.000000
1649643017850853865 155.935026 0.000000
1649643017881890567 150.675346 0.000000
1649643018180110099 150.495920 0.000000
1649643018320552894 154.578603 0.000000
1649643018446757137 157.926148 0.000000
1649643018572236792 155.434378 0.000000
1649643018645581584 184.700500 0.000000
1649643018655380383 154.492462 0.000000
1649643018698298146 156.422290 0.000000
1649643018818392776 150.209984 0.000000
1649643018930067001 150.446657 0.000000
1649643018936056880 150.353673 0.000000
1649643018960297722 150.636483 0.000000
1649643019214320173 150.856707 0.000000
1649643019365797753 150.933130 0.000000
1649643019378098853 182.836646 0.000000
1649643019394703530 155.217631 0.000000
1649643019521350613 151.085786 0.000000
1649643019582648502 150.072186 0.000000
1649643019593944468 155.562518 0.000000
1649643019635733857 155.475286 0.000000
1649643019757605287 183.072157 0.000000
1649643019769950820 151.198558 0.000000
1649643019786322400 150.581339 0.000000
1649643019805939665 150.648887 0.000000
1649643019844962317 182.971790 0.000000
1649643019937531146 151.206883 0.000000
1649643019996156205 161.489418 0.000000
1649643019996220766 153.491085 0.000000
1649643020029048515 150.320120 0.000000
1649643020068220757 154.782946 0.000000
1649643020134482852 187.971391 0.000000
1649643020219151693 150.929303 0.000000
1649643020330137688 156.073186 0.000000
1649643020441971131 150.170009 0.000000
1649643020648585401 166.827295 0.000000
1649643020699978091 172.869392 0.000000
1649643020720962669 202.686396 0.000000
1649643020838257009 182.623015 0.000000
1649643020844291281 186.935048 0.000000
1649643021002641495 150.977202 0.000000
1649643021074780317 156.787494 0.000000
1649643021110808145 151.165536 0.000000
1649643021164934059 156.187399 0.000000
1649643021170133536 160.778435 0.000000
1649643021261958882 151.149785 0.000000
1649643021485898951 150.844343 0.000000
1649643021506720322 155.112134 0.000000
1649643021663074445 197.941832 0.000000
1649643021678401807 186.995652 0.000000
1649643021679832619 216.875154 0.000000
1649643021713720496 180.052808 0.000000
1649643021744545510 165.256981 0.000000
1649643021958630835 144.951255 0.000000
1649643022085144167 150.258514 0.000000
1649643022355606807 152.449272 0.000000
1649643022399611860 182.267890 0.000000
1649643022506615018 150.200306 0.000000
1649643022662414150 150.447099 0.000000
1649643022672663744 159.868811 0.000000
1649643022721968590 148.386245 0.000000
1649643022756391650 155.303231 0.000000
1649643022800096860 150.331852 0.000000
1649643022944714561 150.065173 0.000000
1649643023163723636 144.997824 0.000000
1649643023296382258 186.504221 0.000000
1649643023308997566 150.690105 0.000000
1649643023433834927 160.965657 0.000000
1649643023529901023 150.639169 0.000000
1649643023632622815 153.961456 0.000000
1649643023760670073 145.257901 0.000000
1649643023805426664 155.376519 0.000000
1649643023835741653 150.224492 0.000000
1649643023955348858 155.463122 0.000000
1649643023965440777 182.771775 0.000000
1649643024179104201 145.107178 0.000000
1649643024198341012 145.000459 0.000000
1649643024330899226 182.528048 0.000000
1649643024347693469 151.295519 0.000000
1649643024359611089 150.224021 0.000000
1649643024400986742 154.832759 0.000000
1649643024476926499 150.169117 0.000000
1649643024643472827 150.526858 0.000000
1649643024857371613 150.324278 0.000000
1649643025011693695 150.447298 0.000000
1649643025059703124 150.312005 0.000000
1649643025080789062 156.413734 0.000000
1649643025090048819 145.127917 0.000000
1649643025095817915 150.298289 0.000000
1649643025143722787 182.769069 0.000000
1649643025194566239 155.604036 0.000000
1649643025210818926 151.051191 0.000000
1649643025595755669 150.293381 0.000000
1649643025772606054 182.662660 0.000000
1649643025783368599 150.357640 0.000000
1649643025792442980 150.215524 0.000000
1649643025813968302 145.419675 0.000000
1649643026062756300 150.355326 0.000000
1649643026104159143 154.474707 0.000000
1649643026480925171 183.112543 0.000000
1649643026633300294 182.815717 0.000000
1649643026897254262 176.944700 0.000000
1649643026898300363 171.731067 0.000000
1649643027055699154 150.263214 0.000000
1649643027346208484 150.809318 0.000000
1649643027445093113 150.581380 0.000000
1649643027497505204 150.580147 0.000000
1649643027667781155 149.983150 0.000000
1649643027799117307 150.341610 0.000000
1649643027893173384 150.064811 0.000000
1649643027943899316 150.457629 0.000000
1649643028002564419 155.756983 0.000000
1649643028026961584 160.810865 0.000000
1649643028312723365 150.563126 0.000000
1649643028317844434 144.757233 0.000000
1649643028329333050 177.038216 0.000000
1649643028406848302 149.904331 0.000000
1649643028594256457 150.017404 0.000000
1649643028616348812 145.191757 0.000000
1649643028630397457 150.271058 0.000000
1649643028802312831 150.422553 0.000000
1649643028942369681 150.326653 0.000000
1649643029036276249 150.486462 0.000000
1649643029233297264 150.224261 0.000000
1649643029513845472 145.185085 0.000000
1649643029620440946 157.620565 0.000000
1649643029740180870 171.967712 0.000000
1649643029745146649 155.300387 0.000000
1649643029747234012 195.008513 0.000000
1649643029927016002 150.474099 0.000000
1649643030012047382 162.782052 0.000000
1649643030102602868 155.038275 0.000000
1649643030180978912 150.634690 0.000000
1649643030379667945 161.637296 0.000000
1649643030572788729 156.330749 0.000000
1649643030585667111 150.581440 0.000000
1649643030752861554 149.832537 0.000000
1649643030845292776 150.429084 0.000000
1649643030977054557 150.334507 0.000000
1649643031135062690 150.440025 0.000000
1649643031170891074 155.975292 0.000000
1649643031393770023 150.122130 0.000000
1649643031411045869 150.342693 0.000000
1649643031717593945 150.870382 0.000000
1649643031759683556 156.737571 0.000000
1649643031953759091 157.596802 0.000000
1649643032018955969 151.084464 0.000000
1649643032066653713 150.994274 0.000000
1649643032156709792 162.563973 0.000000
1649643032159992035 161.904697 0.000000
1649643032211827456 150.295174 0.000000
1649643032229915163 163.259918 0.000000
1649643032292271857 150.970801 0.000000
1649643032308770545 145.881339 0.000000
1649643032438351178 158.682316 0.000000
1649643032469609435 158.540551 0.000000
1649643032532511962 151.065808 0.000000
1649643032539680159 151.817598 0.000000
1649643032590155230 151.802889 0.000000
1649643032950435412 156.330677 0.000000
1649643032955867485 161.495701 0.000000
1649643033050787212 152.503092 0.000000
1649643033054271313 151.260262 0.000000
1649643033354946871 150.525495 0.000000
1649643033511658883 161.385043 0.000000
1649643033513638334 185.823104 0.000000
1649643033526148626 197.820134 0.000000
1649643033539113730 153.864224 0.000000
1649643033625618963 161.734618 0.000000
1649643033654723904 166.911583 0.000000
1649643033828410877 160.647701 0.000000
1649643033853999235 156.014695 0.000000
1649643034058342818 150.794440 0.000000
1649643034096126357 150.957546 0.000000
1649643034244414690 182.572632 0.000000
1649643034267562622 150.731572 0.000000
1649643034358201814 153.171815 0.000000
1649643034367392995 150.337523 0.000000
1649643034593183522 150.841277 0.000000
1649643034613114565 186.331958 0.000000
1649643034828503323 151.035743 0.000000
1649643034884053899 150.453500 0.000000
1649643035032300552 156.375982 0.000000
1649643035037375997 153.321036 0.000000
1649643035116336176 189.480781 0.000000
1649643035156165871 154.833652 0.000000
1649643035210526004 194.815782 0.000000
1649643035271610293 152.514193 0.000000
1649643035350131970 152.980427 0.000000
1649643035428842331 156.424183 0.000000
1649643035627781332 150.515257 0.000000
1649643035712526596 156.468977 0.000000
1649643035719332814 157.446660 0.000000
1649643035847714069 153.005785 0.000000
1649643035876825612 156.672800 0.000000
1649643036043696478 154.997268 0.000000
1649643036117191542 196.653057 0.000000
1649643036366065242 150.829516 0.000000
1649643036395911491 150.276538 0.000000
1649643036414552295 160.307303 0.000000
1649643036457068808 162.388575 0.000000
1649643036516591899 150.524142 0.000000
1649643036683824103 150.790052 0.000000
1649643036726619979 157.341313 0.000000
1649643036729159659 340.231629 0.000000
1649643036846804557 150.244109 0.000000
1649643036853091683 155.427095 0.000000
1649643036968083496 151.197145 0.000000
1649643037147458614 150.959890 0.000000
1649643037191158063 150.522169 0.000000
1649643037233359834 155.549744 0.000000
1649643037457941937 151.007589 0.000000
1649643037973283738 156.020587 0.000000
1649643038129845429 156.559888 0.000000
1649643038287396885 156.869317 0.000000
1649643038293752720 162.899011 0.000000
1649643038379149054 188.948323 0.000000
1649643038480745167 183.684075 0.000000
1649643038576222278 155.985762 0.000000
1649643039023506688 187.726343 0.000000
1649643039205238353 150.378941 0.000000
1649643039449344545 182.633315 0.000000
1649643039461024871 150.833613 0.000000
1649643039485439419 151.232211 0.000000
1649643039554626808 171.740896 0.000000
1649643039598707020 182.826847 0.000000
1649643039898805636 150.631704 0.000000
1649643039971207271 183.039517 0.000000
1649643040026475516 155.745292 0.000000
1649643040032424398 161.489158 0.000000
1649643040038414096 167.380121 0.000000
1649643040325675317 176.868077 0.000000
1649643040397444686 151.215869 0.000000
1649643040486265519 150.903213 0.000000
1649643040498486600 162.247750 0.000000
1649643040498514001 148.528973 0.000000
1649643040700223366 186.394896 0.000000
1649643040811857205 155.735552 0.000000
1649643041162755740 150.758212 0.000000
1649643041368006324 160.116405 0.000000
1649643041596747913 155.876115 0.000000
1649643041608761324 161.105719 0.000000
1649643041635565751 200.513162 0.000000
1649643041766289908 156.513371 0.000000
1649643041767698879 150.974408 0.000000
1649643041820268085 150.786484 0.000000
1649643041844503226 150.434405 0.000000
1649643041923297464 150.962545 0.000000
1649643042043815988 156.455282 0.000000
1649643042164900434 151.045210 0.000000
1649643042169974465 156.277728 0.000000
1649643042211707117 153.780077 0.000000
1649643042284556181 154.938789 0.000000
1649643042434848369 150.290675 0.000000
1649643042655319755 150.850545 0.000000
1649643042731719534 149.686512 0.000000
1649643042738565738 152.575027 0.000000
1649643042834648665 183.502905 0.000000
1649643042882875712 151.152300 0.000000
1649643042926417124 150.420549 0.000000
1649643042937505771 150.563217 0.000000
1649643042987961827 150.786886 0.000000
1649643043047150191 163.119344 0.000000
1649643043106198233 182.768609 0.000000
1649643043182280637 171.410877 0.000000
1649643043196622242 167.082352 0.000000
1649643043261063093 189.092084 0.000000
1649643043531584303 183.600007 0.000000
1649643043548806418 156.805789 0.000000
1649643043560608232 167.822331 0.000000
1649643043802588097 156.720739 0.000000
1649643043832755399 151.129900 0.000000
1649643043917474203 151.132152 0.000000
1649643044383263814 183.001045 0.000000
1649643044389608597 157.400965 0.000000
1649643044584009192 157.570302 0.000000
1649643044789207747 156.291665 0.000000
1649643044795352907 162.272998 0.000000
1649643044820193273 151.172348 0.000000
1649643044964387740 169.032889 0.000000
1649643045012726776 150.734297 0.000000
1649643045018864953 151.929197 0.000000
1649643045187715361 150.618400 0.000000
1649643045199573290 150.926848 0.000000
1649643045248172574 150.462347 0.000000
1649643045253317338 155.639152 0.000000
1649643045288872600 182.695652 0.000000
1649643045321393795 150.378210 0.000000
1649643045442373854 151.340002 0.000000
1649643045549547732 150.685284 0.000000
1649643045562569273 156.229478 0.000000
1649643045604617136 155.288394 0.000000
1649643045646703741 150.690575 0.000000
1649643045683557888 150.784110 0.000000
1649643045725957691 156.898853 0.000000
1649643045776862899 165.577413 0.000000
1649643045848621277 182.840364 0.000000
1649643046224114337 185.606469 0.000000
1649643046318761793 185.377219 0.000000
1649643046605762876 151.337699 0.000000
1649643046659087779 150.969357 0.000000
1649643046752254800 182.940009 0.000000
1649643046866391892 182.837658 0.000000
1649643046955373006 150.910568 0.000000
1649643047067620646 165.796593 0.000000
1649643047109523266 156.676506 0.000000
1649643047135191585 157.285909 0.000000
1649643047188098795 150.546386 0.000000
1649643047195210135 157.612762 0.000000
1649643047201020548 163.166633 0.000000
1649643047280102034 163.535785 0.000000
1649643047352224085 151.199890 0.000000
1649643047406557448 144.922452 0.000000
1649643047540472255 151.658099 0.000000
1649643047587256567 155.299214 0.000000
1649643047737909511 150.651642 0.000000
1649643047961807592 151.166608 0.000000
1649643047984310476 151.182658 0.000000
1649643048058020402 198.315953 0.000000
1649643048073158701 150.284113 0.000000
1649643048084779765 161.757201 0.000000
1649643048112737244 150.925835 0.000000
1649643048280785128 151.068303 0.000000
1649643048416021542 151.104250 0.000000
1649643048468442861 150.796745 0.000000
1649643048609923150 151.199630 0.000000
1649643048970922100 157.391296 0.000000
1649643049139058659 182.830905 0.000000
1649643049174179507 151.217122 0.000000
1649643049176945542 151.073603 0.000000
1649643049258527015 156.995725 0.000000
1649643049327298925 150.351008 0.000000
1649643049333484381 149.796419 0.000000
1649643049476276119 156.563645 0.000000
1649643049491372708 157.010081 0.000000
1649643049505326365 182.994272 0.000000
1649643049555116883 151.151879 0.000000
1649643049569983662 157.094420 0.000000
1649643049643647813 151.232912 0.000000
1649643049694171415 145.186737 0.000000
1649643049727603707 157.560844 0.000000
1649643049794501234 150.851718 0.000000
1649643049878968927 151.404974 0.000000
1649643050108939069 150.912942 0.000000
1649643050419436399 151.679699 0.000000
1649643050498547630 163.968365 0.000000
1649643050510625903 162.782472 0.000000
1649643050577030445 157.590469 0.000000
1649643050746853907 163.226886 0.000000
1649643050854912283 156.730648 0.000000
1649643050855195754 150.716653 0.000000
1649643051092273681 151.129858 0.000000
1649643051318628026 183.265290 0.000000
1649643051592200225 151.277667 0.000000
1649643051607195786 150.985989 0.000000
1649643051610364867 151.435782 0.000000
1649643051682168830 151.160897 0.000000
1649643051911945009 149.919119 0.000000
1649643051918993623 157.032413 0.000000
1649643051942593493 144.831772 0.000000
1649643052652904203 150.802585 0.000000
1649643052671786089 154.738283 0.000000
1649643052707857289 154.215493 0.000000
1649643052791988872 150.391905 0.000000
1649643052942910871 150.920005 0.000000
1649643053254173965 193.950691 0.000000
1649643053294012817 174.666520 0.000000
1649643053809172297 150.663935 0.000000
1649643053960091270 150.917621 0.000000
1649643054184059220 151.169383 0.000000
1649643054294674882 151.199119 0.000000
1649643054372950217 157.224143 0.000000
1649643054510235873 156.529311 0.000000
1649643054604237298 145.101097 0.000000
1649643054728273416 183.452059 0.000000
1649643054742000068 151.057222 0.000000
1649643054809165126 152.354444 0.000000
1649643054823570310 183.477838 0.000000
1649643055038571662 151.117796 0.000000
1649643055110886864 192.268988 0.000000
1649643055141003120 183.100109 0.000000
1649643055494269194 150.588634 0.000000
1649643055499566775 155.849917 0.000000
1649643055647685298 153.414050 0.000000
1649643055667481338 163.084208 0.000000
1649643055762505390 151.066600 0.000000
1649643055817094914 169.081631 0.000000
1649643055859490569 175.589050 0.000000
1649643055891273069 151.010715 0.000000
1649643055955690746 163.698950 0.000000
1649643055961526546 150.172444 0.000000
1649643056132415014 151.905452 0.000000
1649643056184038447 149.937954 0.000000
1649643056252254916 156.093304 0.000000
1649643056349406036 156.300331 0.000000
1649643056463585317 150.428775 0.000000
1649643056778420287 150.273773 0.000000
1649643056823585444 202.148578 0.000000
1649643057239869120 514.604568 0.000000
1649643057372420902 185.676659 0.000000
1649643057463791395 151.260122 0.000000
1649643057547448038 182.432128 0.000000
1649643057584300071 152.184926 0.000000
1649643057615760647 151.214146 0.000000
1649643057907709796 182.789156 0.000000
1649643057997788338 156.576338 0.000000
1649643058143159551 160.775400 0.000000
1649643058155329245 156.070250 0.000000
1649643058263096785 156.355946 0.000000
1649643058421501201 151.443957 0.000000
1649643058439327518 151.004905 0.000000
1649643058499794890 156.357838 0.000000
1649643058596683388 151.099261 0.000000
1649643058626116764 182.441556 0.000000
1649643059220904344 156.511787 0.000000
1649643059227018105 162.403422 0.000000
1649643059432175394 150.738786 0.000000
1649643059546327153 185.739147 0.000000
1649643059585297807 152.922919 0.000000
1649643059819941631 161.791255 0.000000
1649643060063318165 152.115627 0.000000
1649643060116103347 150.545944 0.000000
1649643060266858443 150.753062 0.000000
1649643060350175439 182.571850 0.000000
1649643060450881573 150.988343 0.000000
1649643060565260758 150.416481 0.000000
1649643060636750022 155.903708 0.000000
1649643060743848739 150.096611 0.000000
1649643060828460794 176.905337 0.000000
1649643060891170660 150.730279 0.000000
1649643060936301442 162.119760 0.000000
1649643061003149315 156.428000 0.000000
1649643061087107013 150.822823 0.000000
1649643061092829610 156.294089 0.000000
1649643061140565205 156.982540 0.000000
1649643061206828162 150.045856 0.000000
1649643061253260544 160.229636 0.000000
1649643061483204728 156.544209 0.000000
1649643061488853728 156.850653 0.000000
1649643061578109627 156.726800 0.000000
1649643061690975596 182.384879 0.000000
1649643061820034460 151.208886 0.000000
1649643061940056053 156.062846 0.000000
1649643062149082664 166.201141 0.000000
1649643062233134108 155.543963 0.000000
1649643062380499299 150.179397 0.000000
1649643062488848220 156.400990 0.000000
1649643062543697311 188.550267 0.000000
1649643062591654611 182.995293 0.000000
1649643062614648977 155.790475 0.000000
1649643062644229789 150.130595 0.000000
1649643062692953056 162.709075 0.000000
1649643062704376580 167.750677 0.000000
1649643063097971896 150.236644 0.000000
1649643063176706942 150.981821 0.000000
1649643063485242814 150.614293 0.000000
1649643063491552783 157.091564 0.000000
1649643063581748975 163.553888 0.000000
1649643063585207088 186.380730 0.000000
1649643063619678789 182.289150 0.000000
1649643063749415353 161.954821 0.000000
1649643063917077974 156.580025 0.000000
1649643063961592129 150.760264 0.000000
1649643063990476967 157.702079 0.000000
1649643063996477406 157.636986 0.000000
1649643064123238042 150.889428 0.000000
1649643064140918606 150.439364 0.000000
1649643064157470725 150.319710 0.000000
1649643064256651609 160.457014 0.000000
1649643064284998789 178.226134 0.000000
1649643064357452100 191.796834 0.000000
1649643064456744814 176.322674 0.000000
1649643064607632148 150.885190 0.000000
1649643064616903999 150.727003 0.000000
1649643064680550220 144.694395 0.000000
1649643064709619454 155.488309 0.000000
1649643064874094168 151.178710 0.000000
1649643064937918314 155.736905 0.000000
1649643064976550523 150.963176 0.000000
1649643065064164676 161.095260 0.000000
1649643065088258502 150.338395 0.000000
1649643065091558198 144.895382 0.000000
1649643065145105106 182.925792 0.000000
1649643065147200134 160.141261 0.000000
1649643065153205191 165.807584 0.000000
1649643065177953214 160.735485 0.000000
1649643065237427063 156.820486 0.000000
1649643065339856969 159.718028 0.000000
1649643065363582505 156.073366 0.000000
1649643065384168355 150.222458 0.000000
1649643065491164130 151.304666 0.000000
1649643065594403503 182.655727 0.000000
1649643065654928964 157.076326 0.000000
1649643065805338452 155.960344 0.000000
1649643065836797966 151.235758 0.000000
1649643065889413089 155.483881 0.000000
1649643066028354408 150.460313 0.000000
1649643066142453589 156.535111 0.000000
1649643066184673824 161.710784 0.000000
1649643066311159605 151.310957 0.000000
1649643066390212688 157.339469 0.000000
1649643066425589686 188.902348 0.000000
1649643066648763147 161.805881 0.000000
1649643066805707526 151.113277 0.000000
1649643066811239436 186.020154 0.000000
1649643066812990188 158.379018 0.000000
1649643066857043270 182.496258 0.000000
1649643067204211773 150.652734 0.000000
1649643067273610809 150.860113 0.000000
1649643067339898171 150.902272 0.000000
1649643067427750660 150.852739 0.000000
1649643067725213965 151.698674 0.000000
1649643067750766656 182.928699 0.000000
1649643067934605771 183.837652 0.000000
1649643068075508448 150.580207 0.000000
1649643068162093320 151.243812 0.000000
1649643068561924355 156.794778 0.000000
1649643068643598601 150.780574 0.000000
1649643068759016745 151.310307 0.000000
1649643068805900062 150.554239 0.000000
1649643068963459995 155.884802 0.000000
1649643068993983614 150.738044 0.000000
1649643069019538400 190.574081 0.000000
1649643069049280644 144.716716 0.000000
1649643069103554306 150.843742 0.000000
1649643069270240837 150.554570 0.000000
1649643069363192635 150.897243 0.000000
1649643069393113083 152.529311 0.000000
1649643069435333250 157.793701 0.000000
1649643069441347053 163.625282 0.000000
1649643069460263454 151.211572 0.000000
1649643069496392371 151.149455 0.000000
1649643069598932623 157.086514 0.000000
1649643069968076892 150.964899 0.000000
1649643069980276221 151.128316 0.000000
1649643070110518473 185.000933 0.000000
1649643070131008794 150.731031 0.000000
1649643070192741219 151.751314 0.000000
1649643070252312411 151.151539 0.000000
1649643070294769721 155.746964 0.000000
1649643070300796339 161.287862 0.000000
1649643070354938103 151.113087 0.000000
1649643070466839233 150.577773 0.000000
1649643070694967884 157.632588 0.000000
1649643070924576910 151.307021 0.000000
1649643070935599563 150.193443 0.000000
1649643070960596352 151.009834 0.000000
1649643071009361728 151.093621 0.000000
1649643071087787354 157.441490 0.000000
1649643071272691215 184.901738 0.000000
1649643071363734716 163.073908 0.000000
1649643071483500469 150.854321 0.000000
1649643071599327148 151.128887 0.000000
1649643071720484139 150.161724 0.000000
1649643071931408058 150.243376 0.000000
1649643071974541917 157.159241 0.000000
1649643072196517283 182.339795 0.000000
1649643072401122395 155.326535 0.000000
1649643072625009364 150.994425 0.000000
1649643072704021050 151.413841 0.000000
1649643072782633908 151.218976 0.000000
1649643072952588746 162.747798 0.000000
1649643072958893355 157.888229 0.000000
1649643073036329716 187.802375 0.000000
1649643073037427064 152.570659 0.000000
1649643073103859668 151.269299 0.000000
1649643073110116608 145.765302 0.000000
1649643073157880997 151.015674 0.000000
1649643073188155710 150.727063 0.000000
1649643073199402092 156.585335 0.000000
1649643073242084646 162.644143 0.000000
1649643073306223411 186.496187 0.000000
1649643073376497277 151.603227 0.000000
1649643073423923742 161.670909 0.000000
1649643073472722870 150.732534 0.000000
1649643073574361042 150.224972 0.000000
1649643073653519804 156.956212 0.000000
1649643073732656593 156.394888 0.000000
1649643073761972579 151.316541 0.000000
1649643073766328895 188.314616 0.000000
1649643073800533335 153.040549 0.000000
1649643073890045114 157.236496 0.000000
1649643073890644648 150.347441 0.000000
1649643073957914352 152.855393 0.000000
1649643074059952864 193.168375 0.000000
1649643074136735731 151.667696 0.000000
1649643074189949596 159.562656 0.000000
1649643074404329122 151.067361 0.000000
1649643074549365959 160.218567 0.000000
1649643074678233274 157.116500 0.000000
1649643074714325182 151.751634 0.000000
1649643074837718876 182.752077 0.000000
1649643074925793480 169.618797 0.000000
1649643075120781726 150.273593 0.000000
1649643075430026648 152.340969 0.000000
1649643075436337087 157.639401 0.000000
1649643075446004720 187.022092 0.000000
1649643075726428233 169.442248 0.000000
1649643075921071662 157.163870 0.000000
1649643075927169402 151.402539 0.000000
1649643075933497796 157.660320 0.000000
1649643076225080908 151.070126 0.000000
1649643076267465052 157.034197 0.000000
1649643076339075483 156.448278 0.000000
1649643076388089745 163.006632 0.000000
1649643076442485255 182.731368 0.000000
1649643076490685040 157.233079 0.000000
1649643076507995491 155.901203 0.000000
1649643076665399411 150.940975 0.000000
1649643076734020367 182.702736 0.000000
1649643077173449732 150.963425 0.000000
1649643077255099754 144.939884 0.000000
1649643077330268156 156.816370 0.000000
1649643077343630154 185.885242 0.000000
1649643077360402835 150.883407 0.000000
1649643077377831788 167.752369 0.000000
1649643077461810815 156.322863 0.000000
1649643077464636251 189.076182 0.000000
1649643077655006781 156.995985 0.000000
1649643077690722253 156.389118 0.000000
1649643077703150531 155.044878 0.000000
1649643077703665316 169.206165 0.000000
1649643077712757911 186.576637 0.000000
1649643077733576438 150.511519 0.000000
1649643077746924961 162.483813 0.000000
1649643077793519277 162.397420 0.000000
1649643078028569272 150.241233 0.000000
1649643078095794563 187.093696 0.000000
1649643078171698433 161.543179 0.000000
1649643078328701641 157.000533 0.000000
1649643078556535860 157.189678 0.000000
1649643078712298302 155.760137 0.000000
1649643078882831775 150.326212 0.000000
1649643078935997349 151.010884 0.000000
1649643078954457144 156.322913 0.000000
1649643079021950417 151.056281 0.000000
1649643079238800655 151.013921 0.000000
1649643079329959412 156.621303 0.000000
1649643079330004847 156.164687 0.000000
1649643079402447518 156.682969 0.000000
1649643079512496766 182.991807 0.000000
1649643079517551241 150.371315 0.000000
1649643079625879344 150.934021 0.000000
1649643079700224531 150.621294 0.000000
1649643079855071769 168.551908 0.000000
1649643080063034877 187.728266 0.000000
1649643080193566922 167.931905 0.000000
1649643080308108632 162.388354 0.000000
1649643080349976719 154.900377 0.000000
1649643080391590498 156.028962 0.000000
1649643080434599543 156.949729 0.000000
1649643080514310670 151.838747 0.000000
1649643080579438167 151.286061 0.000000
1649643080585209637 150.607740 0.000000
1649643080678465144 163.703228 0.000000
1649643080774671873 151.046271 0.000000
1649643080802971764 150.731622 0.000000
1649643080895594244 191.433190 0.000000
1649643080925871823 167.372076 0.000000
1649643080959802129 150.613390 0.000000
1649643081001558806 156.086791 0.000000
1649643081047998853 151.222993 0.000000
1649643081087226158 145.614999 0.000000
1649643081245522471 150.136967 0.000000
1649643081354736003 181.900451 0.000000
1649643081412660048 150.458019 0.000000
1649643081529120525 156.821308 0.000000
1649643081628603626 150.505518 0.000000
1649643081983695832 151.030782 0.000000
1649643082061714016 150.802976 0.000000
1649643082067878411 161.655980 0.000000
1649643082255301506 150.888556 0.000000
1649643082258023027 181.913385 0.000000
1649643082262684666 150.869891 0.000000
1649643082336464944 185.167575 0.000000
1649643082338532781 162.472000 0.000000
1649643082363409165 156.093704 0.000000
1649643082374767015 160.678577 0.000000
1649643082458771691 150.804899 0.000000
1649643082527226767 150.787086 0.000000
1649643082599168509 150.455464 0.000000
1649643082678431837 151.202936 0.000000
1649643082749529306 150.357261 0.000000
1649643082802220952 150.991399 0.000000
1649643082989188051 150.435717 0.000000
1649643083066569591 145.033380 0.000000
1649643083145107678 182.335556 0.000000
1649643083161439163 189.858099 0.000000
1649643083202182761 155.580331 0.000000
1649643083493338793 151.335714 0.000000
1649643083535393389 154.899996 0.000000
1649643083587576372 152.178725 0.000000
1649643083664379607 151.107176 0.000000
1649643083752974287 165.395731 0.000000
1649643083971372076 155.922994 0.000000
1649643083985900591 192.957218 0.000000
1649643084001723162 162.358868 0.000000
1649643084101158924 157.363574 0.000000
1649643084137356902 182.121737 0.000000
1649643084403666045 151.270311 0.000000
1649643084542757937 150.963085 0.000000
1649643084554654118 150.985899 0.000000
1649643084563123153 150.032000 0.000000
1649643084767018005 182.933507 0.000000
1649643085043732144 169.457405 0.000000
1649643085127300803 157.485113 0.000000
1649643085167007477 151.161918 0.000000
1649643085314916858 150.827902 0.000000
1649643085360891573 159.989808 0.000000
1649643085397049144 154.047118 0.000000
1649643085559113710 156.272849 0.000000
1649643085595138242 156.106297 0.000000
1649643085647543852 160.152032 0.000000
1649643085689037606 182.313085 0.000000
1649643085707658242 159.924575 0.000000
1649643085713962881 182.476230 0.000000
1649643085737881379 168.235926 0.000000
1649643085791970214 169.136153 0.000000
1649643085888497043 150.612930 0.000000
1649643086033780171 151.759078 0.000000
1649643086040349916 182.191336 0.000000
1649643086155067838 157.030891 0.000000
1649643086185530523 151.309976 0.000000
1649643086226929029 156.440534 0.000000
1649643086316947979 161.878969 0.000000
1649643086611431798 156.076481 0.000000
1649643086613787785 145.117337 0.000000
1649643086689385079 155.973278 0.000000
1649643086840138302 150.506571 0.000000
1649643086908784446 149.930230 0.000000
1649643087059942628 156.600123 0.000000
1649643087143815276 150.832932 0.000000
1649643087222542538 150.597400 0.000000
1649643087327665512 182.309237 0.000000
1649643087380042648 157.498157 0.000000
1649643087531277143 150.797746 0.000000
1649643087603813810 151.209417 0.000000
1649643087657748737 150.898204 0.000000
1649643087687171062 155.612251 0.000000
1649643087797069808 150.545985 0.000000
1649643087929047043 157.174660 0.000000
1649643087959252386 151.193057 0.000000
1649643087970357755 161.361028 0.000000
1649643088135012166 186.395277 0.000000
1649643088138521014 156.305902 0.000000
1649643088418700449 150.015489 0.000000
1649643088642661316 151.039819 0.000000
1649643088693538000 156.194022 0.000000
1649643088753592879 155.365218 0.000000
1649643088796319985 156.342190 0.000000
1649643088837737276 161.735830 0.000000
1649643088959252449 150.090390 0.000000
1649643088987732718 149.992436 0.000000
1649643089054222671 285.684335 0.000000
1649643089108818356 156.268902 0.000000
1649643089250511033 196.227067 0.000000
1649643089440500768 187.848751 0.000000
1649643089511804845 156.993530 0.000000
1649643089677926838 156.305200 0.000000
1649643089711190765 155.923976 0.000000
1649643089819970644 156.769971 0.000000
1649643089900295721 188.233132 0.000000
1649643089976507829 150.379031 0.000000
1649643090101271581 188.384917 0.000000
1649643090208169322 159.147398 0.000000
1649643090414682462 150.684754 0.000000
1649643090464472980 150.512031 0.000000
1649643090766378202 150.445886 0.000000
1649643090796784972 182.994491 0.000000
1649643090885726122 150.944351 0.000000
1649643091051022096 182.417431 0.000000
1649643091253093840 186.380900 0.000000
1649643091532282809 183.162667 0.000000
1649643091604793777 155.828576 0.000000
1649643091742794033 150.739937 0.000000
1649643091784696003 156.304459 0.000000
1649643091898559331 155.698643 0.000000
1649643091924057069 156.710540 0.000000
1649643092007788162 167.602067 0.000000
1649643092153064897 182.909362 0.000000
1649643092164999180 150.448231 0.000000
1649643092243125957 150.435667 0.000000
1649643092357265693 150.484258 0.000000
1649643092507761022 150.492995 0.000000
1649643092575556282 182.998410 0.000000
1649643092797961603 151.509430 0.000000
1649643092809530670 162.946070 0.000000
1649643092815458703 168.712529 0.000000
1649643092929756376 156.307244 0.000000
1649643093050586755 156.143908 0.000000
1649643093208868941 151.483732 0.000000
1649643093214692207 156.983152 0.000000
1649643093303875360 150.297568 0.000000
1649643093448995242 150.701084 0.000000
1649643093580850388 150.307085 0.000000
1649643093674408533 144.914226 0.000000
1649643093887895977 182.421268 0.000000
1649643093921796125 153.003980 0.000000
1649643094006114510 156.169656 0.000000
1649643094110991793 182.460541 0.000000
1649643094113938407 150.658846 0.000000
1649643094161900426 155.783452 0.000000
1649643094324767006 161.951875 0.000000
1649643094413426838 150.452849 0.000000
1649643094415934870 156.544288 0.000000
1649643094482133556 150.651993 0.000000
1649643094719830283 202.636502 0.000000
1649643094839758110 156.193480 0.000000
1649643094845477311 161.941776 0.000000
1649643095052060603 150.977262 0.000000
1649643095183683954 150.835978 0.000000
1649643095203147480 151.084522 0.000000
1649643095315208331 183.242588 0.000000
1649643095354100007 145.045363 0.000000
1649643095479590873 150.503625 0.000000
1649643095571661218 150.616527 0.000000
1649643095650255150 150.492173 0.000000
1649643095728582212 150.258936 0.000000
1649643095764204680 182.679642 0.000000
1649643095897666959 157.155374 0.000000
1649643095999919843 150.908344 0.000000
1649643096156861185 156.939288 0.000000
1649643096610754394 150.596969 0.000000
1649643096626270331 150.966282 0.000000
1649643096708733236 150.873789 0.000000
1649643096768065670 151.282785 0.000000
1649643096791065616 183.107113 0.000000
1649643096925468478 150.931697 0.000000
1649643097333433059 187.536546 0.000000
1649643097373234652 150.861405 0.000000
1649643097503601928 157.084921 0.000000
1649643097509213919 157.378141 0.000000
1649643097665739292 162.135019 0.000000
1649643097672663161 152.933309 0.000000
1649643097842822251 182.853818 0.000000
1649643097851639951 166.222450 0.000000
1649643097871779555 150.426189 0.000000
1649643098019633653 188.674690 0.000000
1649643098321785237 182.731519 0.000000
1649643098484419842 156.397182 0.000000
1649643098563571310 150.763342 0.000000
1649643099030997969 155.224354 0.000000
1649643099169421398 150.786104 0.000000
1649643099297952552 150.635131 0.000000
1649643099322824247 152.623778 0.000000
1649643099333694835 150.925626 0.000000
1649643099491947116 150.822623 0.000000
1649643099558933187 150.758122 0.000000
1649643099601580805 157.307318 0.000000
1649643099624460244 150.693209 0.000000
1649643099832802143 182.649956 0.000000
1649643099993859111 151.215098 0.000000
1649643100093172895 150.474460 0.000000
1649643100109017648 150.721333 0.000000
1649643100252229623 159.006674 0.000000
1649643100370448226 182.573653 0.000000
1649643100477574134 151.163230 0.000000
1649643100561843105 162.530239 0.000000
1649643100586551634 150.595918 0.000000
1649643100598491356 150.703869 0.000000
1649643100622763426 150.682038 0.000000
1649643100919608082 150.786405 0.000000
1649643100943573267 151.276543 0.000000
1649643101028422977 150.802865 0.000000
1649643101033652500 156.313415 0.000000
1649643101187107447 157.271512 0.000000
1649643101265607814 151.136520 0.000000
1649643101287418831 182.560879 0.000000
1649643101416195816 150.585908 0.000000
1649643101472243073 150.720861 0.000000
1649643101928466862 153.733419 0.000000
1649643102012932000 150.857517 0.000000
1649643102061711392 163.138430 0.000000
1649643102096273352 182.871352 0.000000
1649643102136088209 194.060756 0.000000
1649643102176662731 150.938721 0.000000
1649643102182894242 157.171234 0.000000
1649643102182905252 157.161756 0.000000
1649643102395715367 156.643154 0.000000
1649643102402370222 153.059285 0.000000
1649643102402955589 156.168042 0.000000
1649643102481405601 151.460168 0.000000
1649643102502488304 152.435987 0.000000
1649643102512247137 198.556174 0.000000
1649643102603551357 150.327996 0.000000
1649643102652937005 150.446637 0.000000
1649643102705021333 150.943680 0.000000
1649643102738345081 151.120632 0.000000
1649643102823264041 163.747582 0.000000
1649643102961090821 151.195461 0.000000
1649643103050328907 150.703058 0.000000
1649643103081956215 151.213094 0.000000
1649643103114710958 165.848801 0.000000
1649643103123887370 156.925523 0.000000
1649643103345156030 156.738161 0.000000
1649643103465556102 156.661428 0.000000
1649643103582050924 150.714601 0.000000
1649643103711513125 151.552381 0.000000
1649643103792253180 182.894705 0.000000
1649643103957056280 150.581501 0.000000
1649643104013586382 156.419394 0.000000
1649643104048137161 182.398204 0.000000
1649643104275798405 167.634257 0.000000
1649643104905837358 151.477500 0.000000
1649643104984450145 157.404631 0.000000
1649643105484870064 183.038344 0.000000
1649643105570316803 150.140784 0.000000
1649643105592487635 159.218632 0.000000
1649643105673212040 188.340563 0.000000
1649643105744455483 151.243961 0.000000
1649643105859157083 151.281172 0.000000
1649643106065793465 150.655259 0.000000
1649643106323827185 150.461677 0.000000
1649643106533214132 181.970753 0.000000
1649643106954515806 151.459597 0.000000
1649643106987670598 152.625382 0.000000
1649643107031822785 182.570346 0.000000
1649643107082665996 164.244543 0.000000
1649643107088323161 169.920043 0.000000
1649643107235172485 157.587033 0.000000
1649643107313469280 157.789874 0.000000
1649643107553337819 155.372031 0.000000
1649643107572681630 150.690534 0.000000
1649643107754264867 151.132273 0.000000
1649643107825907489 150.580108 0.000000
1649643107997897151 150.871324 0.000000
1649643108019717004 150.934231 0.000000
1649643108068038448 156.164106 0.000000
1649643108116630729 162.499822 0.000000
1649643108268293326 150.937728 0.000000
1649643108324671342 159.677040 0.000000
1649643108347276388 157.158851 0.000000
1649643108419272703 150.921709 0.000000
1649643108475572292 150.898435 0.000000
1649643108508536366 161.258737 0.000000
1649643108514525514 153.299235 0.000000
1649643108539036191 162.007358 0.000000
1649643108648672145 156.739173 0.000000
1649643108669687410 151.048566 0.000000
1649643108670861842 150.348343 0.000000
1649643108737441894 150.423194 0.000000
1649643109106259650 150.787276 0.000000
1649643109126065478 151.256015 0.000000
1649643109185406990 150.926928 0.000000
1649643109407075160 150.950262 0.000000
1649643109443064665 150.818664 0.000000
1649643109605011021 150.978365 0.000000
1649643109944191809 156.724645 0.000000
1649643110032311589 150.511439 0.000000
1649643110047223413 150.582082 0.000000
1649643110183645350 151.329633 0.000000
1649643110234413560 150.909154 0.000000
1649643110387083435 152.665076 0.000000
1649643110573151449 151.129288 0.000000
1649643110647465569 151.264110 0.000000
1649643110947429371 182.748951 0.000000
1649643111079489833 150.883848 0.000000
1649643111086205341 157.376609 0.000000
1649643111213597671 155.993075 0.000000
1649643111309793070 150.788850 0.000000
1649643111455174993 144.869503 0.000000
1649643111612768708 183.083519 0.000000
1649643111660051595 150.904817 0.000000
1649643111724810282 156.063387 0.000000
1649643111745320731 151.703464 0.000000
1649643111829409643 150.508803 0.000000
1649643111910464629 188.480296 0.000000
1649643112045348994 154.509914 0.000000
1649643112077951932 169.606114 0.000000
1649643112104760988 194.293894 0.000000
1649643112310787776 157.088649 0.000000
1649643112324292623 150.843291 0.000000
1649643112343932820 150.972934 0.000000
1649643112439232179 151.041824 0.000000
1649643112442514101 157.081445 0.000000
1649643112646429982 151.031043 0.000000
1649643112660852929 151.521473 0.000000
1649643112666756426 151.294577 0.000000
1649643113133573903 151.022187 0.000000
1649643113493202915 150.937638 0.000000
1649643113537538266 162.481148 0.000000
1649643113650047696 156.786002 0.000000
1649643113695032335 156.404857 0.000000
1649643113725401074 150.805801 0.000000
1649643113876379809 150.974337 0.000000
1649643114105726032 150.831940 0.000000
1649643114153374444 161.588524 0.000000
1649643114165043078 145.100425 0.000000
1649643114176251129 151.348779 0.000000
1649643114219514490 186.559645 0.000000
1649643114456412170 153.134738 0.000000
1649643114544830829 150.205606 0.000000
1649643114558499132 150.360146 0.000000
1649643114622793027 150.806842 0.000000
1649643114816242949 189.074028 0.000000
1649643114840574922 150.605495 0.000000
1649643114850391023 153.362364 0.000000
1649643115155673076 157.016535 0.000000
1649643115234117287 162.952391 0.000000
1649643115276433683 156.777365 0.000000
1649643115499914171 150.785202 0.000000
1649643115546260702 151.080606 0.000000
1649643115593449362 152.528671 0.000000
1649643115677485417 156.144540 0.000000
1649643115696966726 150.704291 0.000000
1649643115739635944 156.965398 0.000000
1649643115761724010 168.271472 0.000000
1649643115886997658 160.668259 0.000000
1649643115889160312 162.597375 0.000000
1649643115937144794 166.530238 0.000000
1649643115954506230 188.744872 0.000000
1649643116002747874 150.843041 0.000000
1649643116037557698 150.558798 0.000000
1649643116383557892 155.317359 0.000000
1649643116413208775 156.305331 0.000000
1649643116431734924 167.123902 0.000000
1649643116432866586 151.309566 0.000000
1649643116480029757 161.575138 0.000000
1649643116517045557 157.675559 0.000000
1649643116546379507 185.911400 0.000000
1649643116583596926 150.728336 0.000000
1649643116637072220 151.052684 0.000000
1649643116757341968 151.099591 0.000000
1649643116817977595 182.904964 0.000000
1649643117005792664 150.977642 0.000000
1649643117090382527 150.493195 0.000000
1649643117302218715 151.013581 0.000000
1649643117349715693 150.738475 0.000000
1649643117387042977 156.687357 0.000000
1649643117393017016 162.651317 0.000000
1649643117544253955 151.234444 0.000000
1649643117579351389 182.484777 0.000000
1649643117584969972 150.084209 0.000000
1649643117664006744 150.905668 0.000000
1649643117664018406 155.991061 0.000000
1649643117893621891 150.701044 0.000000
1649643117940860805 155.268387 0.000000
1649643117946847017 154.608990 0.000000
1649643118101484371 150.780724 0.000000
1649643118141721459 163.458399 0.000000
1649643118170849653 150.527629 0.000000
1649643118177829367 157.484270 0.000000
1649643118321846873 156.793826 0.000000
1649643118478655336 150.732513 0.000000
1649643118484933435 157.010784 0.000000
1649643118684871520 156.758480 0.000000
1649643118763301174 150.660078 0.000000
1649643118853211962 155.700698 0.000000
1649643118932718323 157.249219 0.000000
1649643118932747287 151.693193 0.000000
1649643119017105026 182.906788 0.000000
1649643119037775524 153.623303 0.000000
1649643119115007484 176.582723 0.000000
1649643119135665530 190.390337 0.000000
1649643119143873837 214.890455 0.000000
1649643119229129286 170.518213 0.000000
1649643119350679815 151.425962 0.000000
1649643119356636622 157.206289 0.000000
1649643119362511324 163.231644 0.000000
1649643119518534356 156.018263 0.000000
1649643119536490637 162.693656 0.000000
1649643119560680954 150.825649 0.000000
1649643119928520086 150.136116 0.000000
1649643120033227822 150.460324 0.000000
1649643120163494119 156.150039 0.000000
1649643120356216748 150.156434 0.000000
1649643120447173906 153.577176 0.000000
1649643120643107302 156.054611 0.000000
1649643120654423166 161.208602 0.000000
1649643120697871705 182.454059 0.000000
1649643120901769632 151.306419 0.000000
1649643120905087441 182.231110 0.000000
1649643120908216307 157.649490 0.000000
1649643120944050573 150.521328 0.000000
1649643121143837394 156.849020 0.000000
1649643121221966905 150.785193 0.000000
1649643121348431907 150.232176 0.000000
1649643121609271036 151.051402 0.000000
1649643121622799727 182.385240 0.000000
1649643121663681394 150.613882 0.000000
1649643121687159947 182.462965 0.000000
1649643121766265017 156.901007 0.000000
1649643121852338742 150.496832 0.000000
1649643122107688140 152.659266 0.000000
1649643122185185317 150.651994 0.000000
1649643122214070636 157.167077 0.000000
1649643122328683138 150.513302 0.000000
1649643122351517142 182.099122 0.000000
1649643122381989095 150.075833 0.000000
1649643122537095598 155.104859 0.000000
1649643122615350866 155.898056 0.000000
1649643122624088395 150.290134 0.000000
1649643122960395337 155.912503 0.000000
1649643123053137853 150.025398 0.000000
1649643123059452270 153.273006 0.000000
1649643123360245968 150.373360 0.000000
1649643123436092520 182.393084 0.000000
1649643123495025847 182.302896 0.000000
1649643123510756816 150.369603 0.000000
1649643123566715207 150.392347 0.000000
1649643123717511288 150.794108 0.000000
1649643123811860296 150.361228 0.000000
1649643123841942718 150.320050 0.000000
1649643123940292585 150.644178 0.000000
1649643124047623136 150.869429 0.000000
1649643124314616193 156.386413 0.000000
1649643124594473704 152.822161 0.000000
1649643124814542736 153.242410 0.000000
1649643124860731792 182.959816 0.000000
1649643125137868454 150.761849 0.000000
1649643125143410212 155.469163 0.000000
1649643125224998978 186.644384 0.000000
1649643125295045457 151.633283 0.000000
1649643125524780680 151.401967 0.000000
1649643125597081726 145.140130 0.000000
1649643126050383727 150.820138 0.000000
1649643126123768745 187.665729 0.000000
1649643126350534150 150.294002 0.000000
1649643126725015624 182.173473 0.000000
1649643126968740160 151.199430 0.000000
1649643127092903707 150.140733 0.000000
1649643127194247507 183.163349 0.000000
1649643127242235565 152.713927 0.000000
1649643127245615381 150.697979 0.000000
1649643127251627932 156.842629 0.000000
1649643127330097722 157.227138 0.000000
1649643127386726378 192.477118 0.000000
1649643127412597957 160.968932 0.000000
1649643127467122559 150.360997 0.000000
1649643127540467632 152.931115 0.000000
1649643127570555144 150.414247 0.000000
1649643127770004723 150.981140 0.000000
1649643127770610398 157.781808 0.000000
1649643127923545942 152.199574 0.000000
1649643128031837264 194.240293 0.000000
1649643128077157993 183.742233 0.000000
1649643128096560896 182.795469 0.000000
1649643128103112197 169.019143 0.000000
1649643128309887518 183.261081 0.000000
1649643128358341320 154.947404 0.000000
1649643128364501558 161.089539 0.000000
1649643128493739037 183.849555 0.000000
1649643128524452913 159.053271 0.000000
1649643128699459160 151.096085 0.000000
1649643128811670773 182.723174 0.000000
1649643128878299363 161.601398 0.000000
1649643128890123560 173.415265 0.000000
1649643129004574821 150.612568 0.000000
1649643129083946992 183.620857 0.000000
1649643129088941215 151.477891 0.000000
1649643129110646904 182.920533 0.000000
1649643129112285255 156.466843 0.000000
1649643129160843081 169.070190 0.000000
1649643129209269993 183.118574 0.000000
1649643129392817040 150.039254 0.000000
1649643129461968261 150.979987 0.000000
1649643129639430232 151.323340 0.000000
1649643129677785904 152.936245 0.000000
1649643129738198123 173.666025 0.000000
1649643129797768694 150.428293 0.000000
1649643129928555688 182.758971 0.000000
1649643130049778132 166.344711 0.000000
1649643130124033551 183.495611 0.000000
1649643130243092549 151.427497 0.000000
1649643130291743871 163.805811 0.000000
1649643130312395595 150.865743 0.000000
1649643130327177174 157.150385 0.000000
1649643130394271770 151.145047 0.000000
1649643130586371581 182.912749 0.000000
1649643130665938207 151.849487 0.000000
1649643130889798035 156.928539 0.000000
1649643130908345845 151.029240 0.000000
1649643130914513797 156.848098 0.000000
1649643131065934451 151.419121 0.000000
1649643131091118230 177.515010 0.000000
1649643131180784018 151.047694 0.000000
1649643131266722688 158.148305 0.000000
1649643131463571432 299.685050 0.000000
1649643131648990750 151.066450 0.000000
1649643131934029304 158.052527 0.000000
1649643131948181052 151.050790 0.000000
1649643132210791382 152.707996 0.000000
1649643132378739488 189.349675 0.000000
1649643132410997459 162.440661 0.000000
1649643132538593621 156.887643 0.000000
1649643132570316619 184.870368 0.000000
1649643132650671993 183.239131 0.000000
1649643132854239622 150.603342 0.000000
1649643132938168194 155.825050 0.000000
1649643132960836659 150.118021 0.000000
1649643133272379689 153.132694 0.000000
1649643133569076897 150.520235 0.000000
1649643133938972014 150.565230 0.000000
1649643133965335095 148.145235 0.000000
1649643134215365732 150.526136 0.000000
1649643134321280160 151.278848 0.000000
1649643134444916820 182.942365 0.000000
1649643134479489298 151.699365 0.000000
1649643134604488914 150.969578 0.000000
1649643134747374217 151.017258 0.000000
1649643134749771160 145.279742 0.000000
1649643134839600324 153.157218 0.000000
1649643134905365798 187.384331 0.000000
1649643134921787983 150.497964 0.000000
1649643134975205470 154.886000 0.000000
1649643135001257337 151.141621 0.000000
1649643135040355750 182.581298 0.000000
1649643135177777322 183.146317 0.000000
1649643135211840687 156.421498 0.000000
1649643135236334313 162.324975 0.000000
1649643135399349631 151.069486 0.000000
1649643135486068996 151.302742 0.000000
1649643135513728236 150.446898 0.000000
1649643135532512589 150.711805 0.000000
1649643135593986388 151.039299 0.000000
1649643135731333058 150.951342 0.000000
1649643135737526459 151.246597 0.000000
1649643135851718964 156.499174 0.000000
1649643135937144373 150.647504 0.000000
1649643136184866483 151.024160 0.000000
1649643136436477374 152.622276 0.000000
1649643136438475129 183.255121 0.000000
1649643136486844292 150.901250 0.000000
1649643136498759949 162.127204 0.000000
1649643136540795458 163.261702 0.000000
1649643136620896706 182.419474 0.000000
1649643136636040585 156.824734 0.000000
1649643136734085521 155.930929 0.000000
1649643136739855447 161.688542 0.000000
1649643136830504187 174.371707 0.000000
1649643136974338489 150.890560 0.000000
1649643137024715486 157.522842 0.000000
1649643137089263268 151.048757 0.000000
1649643137109028339 151.122213 0.000000
1649643137139810814 151.038667 0.000000
1649643137240531355 151.204658 0.000000
1649643137275174648 187.087345 0.000000
1649643137291104831 151.292214 0.000000
1649643137318917999 150.776035 0.000000
1649643137442274524 151.168141 0.000000
1649643137569564662 145.160669 0.000000
1649643137618380823 151.391138 0.000000
1649643137634789502 156.558234 0.000000
