1649623312609788627 79.893390 616.147524 613 9614 0.000000
1649623313615179436 78.522054 613.691766 617 10232 0.000000
1649623314608858880 78.149147 607.841880 604 10835 0.000000
1649623315612690256 78.338247 600.698498 603 11442 0.000000
1649623316618337746 79.480963 613.535024 617 12055 0.000000
1649623317617560240 77.879206 625.486363 625 12680 0.000000
1649623318606290547 79.239434 596.724907 590 13270 0.000000
1649623319624179125 78.002985 618.928278 630 13900 0.000000
1649623320624259187 78.315650 601.951752 602 14502 0.000000
1649623321612600593 80.274791 614.160270 607 15109 0.000000
1649623322630101515 78.942857 606.387681 617 15728 0.000000
1649623323626902590 78.612460 604.935093 603 16329 0.000000
1649623324629251185 79.174718 597.596518 599 16928 0.000000
1649623325611076346 78.561401 624.347426 613 17544 0.000000
1649623326628779475 79.471873 605.284551 616 18157 0.000000
1649623327635927478 80.434867 581.840970 586 18743 0.000000
1649623328636718822 78.613651 617.511398 618 19361 0.000000
1649623329639799731 79.474757 599.154007 601 19962 0.000000
1649623330634298369 80.149312 611.363361 608 20570 0.000000
1649623331643256415 78.871179 593.681784 599 21188 0.000000
1649623332640312057 79.212107 612.804254 611 21780 0.000000
1649623333642876336 79.721188 598.465422 600 22380 0.000000
1649623334646219615 79.825120 603.980670 606 22986 0.000000
1649623335643368701 78.283613 620.769811 619 23605 0.000000
1649623336648032256 79.028862 600.200930 603 24208 0.000000
1649623337646973422 78.661037 618.655072 618 24826 0.000000
1649623338641262728 78.175694 606.463272 603 25429 0.000000
1649623339649266864 78.191550 616.068950 621 26050 0.000000
1649623340640346812 78.817832 605.400140 600 26659 0.000000
1649623341658798936 80.338670 595.020671 606 27256 0.000000
1649623342658652873 78.749186 616.089988 616 27872 0.000000
1649623343656473768 79.822668 597.301570 596 28468 0.000000
1649623344658597161 78.514533 619.684180 621 29089 0.000000
1649623345652701679 78.817345 601.546352 598 29687 0.000000
1649623346656950255 78.701620 616.381313 619 30306 0.000000
1649623347647920025 78.841938 605.467450 600 30907 0.000000
1649623348655541384 79.406732 609.355947 614 31521 0.000000
1649623349644468627 78.983693 601.662033 595 32117 0.000000
1649623350663902109 77.596161 620.933065 633 32748 0.000000
1649623351672426149 78.287096 612.776728 618 33366 0.000000
1649623352659244928 78.281904 614.094516 606 33972 0.000000
1649623353671427497 79.342119 605.621969 613 34585 0.000000
1649623354676043461 79.829264 585.298220 588 35173 0.000000
1649623355676347812 80.740589 607.815066 608 35781 0.000000
1649623356650913351 79.135336 611.554561 596 36380 0.000000
1649623357671776522 78.794948 609.288326 622 36999 0.000000
1649623358667740456 78.466343 600.423300 598 37597 0.000000
1649623359669359280 79.324908 614.006075 615 38212 0.000000
1649623360671482500 79.404095 596.733016 598 38813 0.000000
1649623361668680467 78.539329 621.742136 620 39430 0.000000
1649623362686060808 78.916172 606.459527 617 40047 0.000000
1649623363688249442 79.160246 593.700595 595 40642 0.000000
1649623364685160881 78.686483 623.927049 622 41264 0.000000
1649623365674547344 78.818199 606.436417 600 41864 0.000000
1649623366684093428 78.385786 613.146867 619 42483 0.000000
1649623367679780222 78.762582 600.590452 598 43084 0.000000
1649623368690321202 79.477403 610.564056 617 43698 0.000000
1649623369692035936 78.297123 602.966068 604 44302 0.000000
1649623370695802957 78.697722 614.684452 617 44919 0.000000
1649623371701147122 80.208691 605.762746 609 45528 0.000000
1649623372681014761 78.810571 610.286509 598 46126 0.000000
1649623373698265139 78.119720 612.435260 623 46749 0.000000
1649623374703677254 79.047631 600.748661 604 47353 0.000000
1649623375698521577 78.170371 622.207922 619 47972 0.000000
1649623376700532375 78.802720 596.799896 598 48570 0.000000
1649623377701207730 79.454277 614.584974 615 49185 0.000000
1649623378693347644 78.236227 607.777205 603 49793 0.000000
1649623379695630564 79.369227 612.601480 614 50402 0.000000
1649623380713241464 78.618931 608.287509 619 51021 0.000000
1649623381708448529 79.717196 597.865483 595 51616 0.000000
1649623382711581754 79.026960 612.082258 614 52230 0.000000
1649623383709607243 78.223878 606.196888 605 52835 0.000000
1649623384711512104 78.251005 619.819386 621 53456 0.000000
1649623385700002432 79.154008 606.986212 600 54056 0.000000
1649623386709539762 79.257647 606.218296 612 54668 0.000000
1649623387725305700 78.872519 593.640698 603 55284 0.000000
1649623388716679181 78.246210 628.421086 623 55894 0.000000
1649623389725676007 79.149740 609.516288 615 56509 0.000000
1649623390720102992 78.581518 597.328857 594 57103 0.000000
1649623391731184374 79.272816 616.172030 623 57726 0.000000
1649623392727541957 78.943299 599.182412 597 58323 0.000000
1649623393724476040 77.811796 624.916002 623 58946 0.000000
1649623394732505989 79.039379 594.228365 599 59545 0.000000
1649623395723401679 79.321908 616.613850 611 60156 0.000000
1649623396719646027 79.485694 601.258062 599 60755 0.000000
1649623397731750322 78.917466 608.632946 616 61371 0.000000
1649623398740702617 78.260636 619.454498 625 61999 0.000000
1649623399736593179 78.953089 600.467590 598 62594 0.000000
1649623400740048282 77.370180 624.841110 627 63221 0.000000
1649623401739839207 79.159304 601.125650 601 63822 0.000000
1649623402739268473 78.539953 619.353518 619 64441 0.000000
1649623403727772253 78.986390 602.931384 596 65037 0.000000
1649623404740886697 79.728449 602.103792 610 65647 0.000000
1649623405742988511 79.556442 598.741545 600 66247 0.000000
1649623406737744109 79.120193 618.242324 615 66862 0.000000
1649623407719285922 79.139158 603.132737 592 67467 0.000000
1649623408747087191 79.069876 600.310557 617 68071 0.000000
1649623409754075826 79.821713 607.752669 612 68683 0.000000
1649623410736309443 78.570686 613.906924 603 69286 0.000000
1649623411753053827 77.996484 608.805914 619 69905 0.000000
1649623412752245359 80.280416 593.479798 593 70498 0.000000
1649623413759646514 78.881671 612.467037 617 71117 0.000000
1649623414745386633 78.085707 614.766516 606 71721 0.000000
1649623415761927913 78.950199 609.911287 620 72341 0.000000
1649623416743550611 78.863957 612.251506 601 72942 0.000000
1649623417761727227 78.717975 605.985263 617 73559 0.000000
1649623418769314427 78.800842 606.399129 611 74170 0.000000
1649623419762820965 78.701395 615.999954 612 74782 0.000000
1649623420771805613 79.345810 590.692798 596 75378 0.000000
1649623421756902832 78.397081 626.334165 617 75995 0.000000
1649623422774464090 78.697373 608.317197 619 76614 0.000000
1649623423756757359 79.479118 606.743443 596 77210 0.000000
1649623424773771751 79.118877 604.711189 615 77825 0.000000
1649623425752908581 77.995140 614.827227 602 78429 0.000000
1649623426769885360 78.843197 612.599995 623 79050 0.000000
1649623427781511516 79.524259 599.035585 606 79656 0.000000
1649623428768678200 80.367223 597.670035 590 80246 0.000000
1649623429785130324 78.808166 612.916281 623 80869 0.000000
1649623430763885083 78.401666 610.980433 598 81467 0.000000
1649623431779152103 79.478345 602.797055 612 82079 0.000000
1649623432790013903 79.111631 588.606690 595 82675 0.000000
1649623433778486121 79.563755 625.207259 618 83292 0.000000
1649623434785657520 79.118186 588.777582 593 83895 0.000000
1649623435776847291 78.772158 620.466495 615 84500 0.000000
1649623436794766561 78.820988 614.980019 626 85126 0.000000
1649623437775935412 78.367971 613.553932 602 85728 0.000000
1649623438792869103 79.250178 603.775846 614 86342 0.000000
1649623439795654734 78.668995 597.336030 599 86941 0.000000
1649623440791715936 79.390601 618.435906 616 87557 0.000000
1649623441790036394 79.199728 594.999297 594 88151 0.000000
1649623442790447822 79.256193 612.747935 613 88764 0.000000
1649623443806862886 80.680762 591.293844 601 89374 0.000000
1649623444804606109 77.939420 613.384241 612 89977 0.000000
1649623445806104614 79.143667 612.082828 613 90590 0.000000
1649623446799163132 79.736646 599.159070 595 91185 0.000000
1649623447806168150 79.530941 607.742757 612 91797 0.000000
1649623448786821106 78.832851 610.817507 599 92396 0.000000
1649623449815750189 78.723337 605.483894 623 93019 0.000000
1649623450806805469 77.741539 615.505525 610 93629 0.000000
1649623451811083370 78.901524 611.384503 614 94243 0.000000
1649623452820438921 78.851364 591.466552 597 94854 0.000000
1649623453808580857 78.130858 633.512241 626 95466 0.000000
1649623454820909721 78.835231 609.485715 617 96083 0.000000
1649623455802998303 80.528287 596.687550 586 96669 0.000000
1649623456823171706 80.125406 597.937559 610 97279 0.000000
1649623457814948604 78.673387 604.974775 600 97879 0.000000
1649623458818995796 79.519499 610.529066 613 98492 0.000000
1649623459800636078 79.083286 606.128345 595 99087 0.000000
1649623460830244197 79.340485 602.170748 620 99707 0.000000
