1659032003643457533 0.000000 159.983765 160 80 0.000000
1659032004643673024 0.000000 160.965312 161 80 0.000000
1659032005643886434 0.000000 160.965650 161 80 0.000000
1659032006644065790 0.000000 239.956960 240 80 0.000000
1659032007644264520 0.000000 160.968011 161 80 0.000000
1659032008644441709 0.000000 160.971478 161 80 0.000000
1659032009644624946 0.000000 239.956036 240 80 0.000000
1659032010644825336 0.000000 160.967739 161 80 0.000000
1659032011645005076 0.000000 159.971248 160 80 0.000000
1659032012645162488 0.000000 240.962072 241 80 0.000000
1659032013645335060 0.000000 160.972222 161 80 0.000000
1659032014645511579 0.000000 161.971404 162 80 0.000000
1659032015645659284 0.000000 240.964425 241 80 0.000000
1659032016645875089 0.000000 160.965257 161 80 0.000000
1659032017645982350 0.000000 159.982835 160 80 0.000000
1659032018642428450 434.359204 225.802502 225 80 0.000000
1659032019562102614 425.325174 193.546797 178 80 0.000000
1659032020450847672 428.546470 183.404672 163 80 0.000000
1659032021648464797 427.181627 149.463468 179 80 0.000000
1659032022581830932 421.178019 245.348502 229 80 0.000000
1659032023440157524 425.762620 189.904407 163 80 0.000000
1659032024331020183 422.358456 184.091227 164 80 0.000000
1659032025593485343 420.546653 194.064755 245 80 0.000000
1659032026454549916 423.080064 189.300577 163 80 0.000000
1659032027638143177 410.460957 144.475305 171 80 0.000000
1659032028614562138 420.703331 249.892736 244 80 0.000000
1659032029570916916 417.186413 173.575739 166 80 0.000000
1659032030632109575 409.663639 158.312448 168 80 0.000000
1659032031648866759 412.924989 248.830307 253 80 0.000000
1659032032488629633 408.433631 196.484040 165 80 0.000000
1659032033653137944 412.210873 144.266888 168 80 0.000000
1659032034637691795 415.794826 250.875051 247 80 0.000000
1659032035532519824 407.835342 191.098184 171 80 0.000000
1659032036370684683 405.317882 200.437878 168 80 0.000000
1659032037656437374 410.393088 195.994162 252 80 0.000000
1659032038561670188 408.324181 187.796972 170 80 0.000000
1659032039376598318 421.117199 198.790539 162 80 0.000000
1659032040634209371 402.244874 190.838028 240 80 0.000000
1659032041537834440 397.380826 211.370837 191 80 0.000000
1659032042416389534 397.979392 196.914228 173 80 0.000000
1659032043642413375 407.524870 191.676545 235 80 0.000000
1659032044539855882 390.985199 217.284102 195 80 0.000000
1659032045506049566 388.291380 184.228069 178 80 0.000000
1659032046641699329 401.442334 207.810550 236 80 0.000000
1659032047626577906 407.074625 199.009316 196 80 0.000000
1659032048463382522 395.180176 206.738829 173 80 0.000000
1659032049665115670 406.521716 153.944323 185 80 0.000000
1659032050592516896 401.657203 259.865949 241 80 0.000000
1659032051517657097 394.213706 186.998666 173 80 0.000000
1659032052662515859 387.478147 169.453229 194 80 0.000000
1659032053628234484 400.581582 249.555094 241 80 0.000000
1659032054666520613 405.613398 166.620727 173 80 0.000000
1659032055637983433 392.822220 186.316968 181 80 0.000000
1659032056618904703 390.825190 261.998606 257 80 0.000000
1659032057522193675 401.958771 190.415253 172 80 0.000000
1659032058664588279 397.057418 158.439122 181 80 0.000000
1659032059622140459 400.303757 260.038029 249 80 0.000000
1659032060545267179 398.977101 184.156736 170 80 0.000000
1659032061663356930 397.004119 161.883245 181 80 0.000000
1659032062622927685 401.859958 258.448923 248 80 0.000000
1659032063487142662 380.310570 214.067102 185 80 0.000000
1659032064671728739 389.634353 151.951810 180 80 0.000000
1659032065681424948 390.617298 261.464760 264 80 0.000000
1659032066510412500 403.503773 203.863158 169 80 0.000000
1659032067663621218 393.087380 156.953373 181 80 0.000000
1659032068682721418 396.190936 251.201979 256 80 0.000000
1659032069533932320 386.699139 209.113853 178 80 0.000000
1659032070672952447 374.680677 164.176209 187 80 0.000000
1659032071678389268 391.855054 258.594083 260 80 0.000000
1659032072544818320 397.677985 201.978456 175 80 0.000000
1659032073417130192 397.702628 199.469944 174 80 0.000000
1659032074685304398 395.565626 190.825504 242 80 0.000000
1659032075589475733 385.782755 220.091037 199 80 0.000000
1659032076445602207 393.140024 204.409063 175 80 0.000000
1659032077680632469 393.481676 197.566009 244 80 0.000000
1659032078580697582 392.703359 216.650988 195 80 0.000000
1659032079526235643 379.401623 192.482985 182 80 0.000000
1659032080692795954 389.190131 209.161941 244 80 0.000000
1659032081652321671 385.833343 206.351932 198 80 0.000000
1659032082464109478 392.142938 214.341721 174 80 0.000000
1659032083692858785 393.374870 196.948234 242 80 0.000000
1659032084606420870 381.154305 221.112502 202 80 0.000000
1659032085457405285 387.849360 206.819299 176 80 0.000000
1659032086695286401 388.994981 198.726686 246 80 0.000000
1659032087629126086 378.655185 215.240357 201 80 0.000000
1659032088649549655 390.434899 174.437373 178 80 0.000000
1659032089697822191 373.231896 190.790074 200 80 0.000000
1659032090618785959 408.209174 259.510766 239 80 0.000000
1659032091505750667 378.919038 205.194164 182 80 0.000000
1659032092698810588 401.557579 168.474369 201 80 0.000000
1659032093631133474 387.372924 246.695626 230 80 0.000000
1659032094488851385 391.419140 205.195690 176 80 0.000000
1659032095694955159 389.040318 161.677628 195 80 0.000000
1659032096625974637 396.251421 261.004212 243 80 0.000000
1659032097676721463 363.368579 183.678869 193 80 0.000000
1659032098700505765 382.688757 188.516278 193 80 0.000000
1659032099706205365 393.041631 246.594493 248 80 0.000000
1659032100697620973 371.340831 192.653833 191 80 0.000000
1659032101677243192 387.148645 184.765103 181 80 0.000000
1659032102703462606 385.076002 255.306013 262 80 0.000000
1659032103560400524 365.660365 217.051911 186 80 0.000000
1659032104689129565 369.847069 170.988779 193 80 0.000000
1659032105647955349 394.495209 262.821468 252 80 0.000000
1659032106511068491 373.422681 214.340366 185 80 0.000000
1659032107650112391 364.243968 174.707927 199 80 0.000000
1659032108693891568 389.220038 245.262619 256 80 0.000000
1659032109667014701 384.297301 184.971436 180 80 0.000000
1659032110688031645 381.179169 180.212502 184 80 0.000000
1659032111702982771 383.101659 263.066831 267 80 0.000000
1659032112653496027 401.939636 182.006934 173 80 0.000000
1659032113715911499 374.439184 173.190251 184 80 0.000000
1659032114703182456 396.530511 261.326435 258 80 0.000000
1659032115559855765 397.420510 200.776651 172 80 0.000000
1659032116606447506 372.063924 183.452633 192 80 0.000000
1659032117722237578 369.720737 242.877211 271 80 0.000000
1659032118619135541 374.979709 206.266503 185 80 0.000000
1659032119682427095 378.414034 172.107071 183 80 0.000000
1659032120713181770 388.857065 254.182701 262 80 0.000000
1659032121596817648 369.749402 210.493941 186 80 0.000000
1659032122657430739 384.186176 174.427425 185 80 0.000000
1659032123694865005 370.672512 260.257440 270 80 0.000000
1659032124694603176 389.849743 179.046880 179 80 0.000000
1659032125712725428 390.551641 177.778258 181 80 0.000000
1659032126708979217 379.262692 265.996495 265 80 0.000000
1659032127596953731 374.889616 211.717774 188 80 0.000000
1659032128655879539 382.017925 171.872293 182 80 0.000000
1659032129706188559 406.079340 223.743679 235 80 0.000000
1659032130641794724 393.044088 208.421014 195 80 0.000000
1659032131724402501 382.130730 169.036294 183 80 0.000000
1659032132730245178 391.004555 241.588467 243 80 0.000000
1659032133633308726 380.690413 223.683055 202 80 0.000000
1659032134579885584 379.309403 193.328185 183 80 0.000000
1659032135726853067 380.811865 187.450837 215 80 0.000000
1659032136642111564 388.800892 249.109932 228 80 0.000000
1659032137513222898 375.116538 211.224436 184 80 0.000000
1659032138738120004 392.776088 197.567626 242 80 0.000000
1659032139645775922 381.959526 217.042583 197 80 0.000000
1659032140735860138 381.383083 173.381109 189 80 0.000000
1659032141734514624 382.572152 242.326051 242 80 0.000000
1659032142732671699 383.298004 204.376642 204 80 0.000000
1659032143744685335 374.123293 181.815738 184 80 0.000000
1659032144746616505 376.286208 216.581750 217 80 0.000000
1659032145672076629 376.345624 256.088813 237 80 0.000000
1659032146722166919 395.191036 168.556934 177 80 0.000000
1659032147749773856 369.331038 212.143384 218 80 0.000000
1659032148665443771 392.410043 248.997997 228 80 0.000000
1659032149517732108 407.959132 195.943085 167 80 0.000000
1659032150729089040 375.301308 167.580665 203 80 0.000000
1659032151693560673 387.652386 258.172445 249 80 0.000000
1659032152540326318 390.047440 207.849712 176 80 0.000000
1659032153754932876 390.200569 200.064800 243 80 0.000000
1659032154706081653 374.820064 216.580208 206 80 0.000000
1659032155706235557 369.389650 185.971378 186 80 0.000000
1659032156733660010 384.657185 187.848360 193 80 0.000000
1659032157657676782 380.922465 272.722322 252 80 0.000000
1659032158530826045 390.339432 202.714465 177 80 0.000000
1659032159758707296 377.308658 189.757776 233 80 0.000000
1659032160675723612 375.741003 242.089458 222 80 0.000000
1659032161544889771 383.018898 207.095056 180 80 0.000000
1659032162753490175 381.552307 162.998456 197 80 0.000000
1659032163718849695 357.656375 283.832056 274 80 0.000000
1659032164562998562 375.439427 214.417162 181 80 0.000000
1659032165754896863 384.994809 161.926575 193 80 0.000000
1659032166684923797 391.246345 267.734179 249 80 0.000000
1659032167769063546 0.000000 165.107856 179 80 0.000000
1659032168769217341 0.000000 189.970793 190 80 0.000000
1659032169769321619 0.000000 252.973608 253 80 0.000000
1659032170769496853 0.000000 195.965662 196 80 0.000000
1659032171769659875 0.000000 184.969840 185 80 0.000000
1659032172769918084 0.000000 263.931858 264 80 0.000000
1659032173770088199 0.000000 186.968192 187 80 0.000000
1659032174770200607 0.000000 177.979995 178 80 0.000000
1659032175770383026 0.000000 263.951847 264 80 0.000000
1659032176770591644 0.000000 193.959539 194 80 0.000000
1659032177770880714 0.000000 182.947112 183 80 0.000000
1659032178771076851 0.000000 272.946468 273 80 0.000000
1659032179771254222 0.000000 180.967903 181 80 0.000000
1659032180771413250 0.000000 186.970265 187 80 0.000000
1659032181771600181 0.000000 259.951399 260 80 0.000000
