1649641073136468697 203.353230 0.000000
1649641073450590602 314.230288 0.000000
1649641073464290224 328.142078 0.000000
1649641075756373297 303.331207 0.000000
1649641076113218299 382.071631 0.000000
1649641076554456340 441.423959 0.000000
1649641076750331974 195.867829 0.000000
1649641077237728533 549.211686 0.000000
1649641077295086364 598.326084 0.000000
1649641077571337358 424.792083 0.000000
1649641078564058093 528.279907 0.000000
1649641078669719563 240.068818 0.000000
1649641078924459181 360.357406 0.000000
1649641078924478657 360.372604 0.000000
1649641079475361226 551.407733 0.000000
1649641079766657571 560.259317 0.000000
1649641079917122920 150.633103 0.000000
1649641080794309078 550.272984 0.000000
1649641081948179701 503.833411 0.000000
1649641082249661652 323.966619 0.000000
1649641082336242993 388.016333 0.000000
1649641082860746936 414.747986 0.000000
1649641083855289996 827.007213 0.000000
1649641085199340055 674.827012 0.000000
1649641085602892121 403.228259 0.000000
1649641086506850607 641.557686 0.000000
1649641087447317600 304.201768 0.000000
1649641088235344012 351.920811 0.000000
1649641089481180922 246.599808 0.000000
1649641089481240153 485.262048 0.000000
1649641089694391652 323.272177 0.000000
1649641089832332291 351.088732 0.000000
1649641090323980460 240.476430 0.000000
1649641090324001129 466.999523 0.000000
1649641090698140271 507.128179 0.000000
1649641090887523142 696.458221 0.000000
1649641090995011667 803.961003 0.000000
1649641090995048075 296.856778 0.000000
1649641091446576750 451.495292 0.000000
1649641091655905088 372.693951 0.000000
1649641091734791007 288.207785 0.000000
1649641091853365674 206.319363 0.000000
1649641092249720569 523.549030 0.000000
1649641092286203439 432.887538 0.000000
1649641093233051954 357.291548 0.000000
1649641093671796663 506.265301 0.000000
1649641093960074731 337.912481 0.000000
1649641094529564159 292.906494 0.000000
1649641094589341426 352.729457 0.000000
1649641096671420563 651.798143 0.000000
1649641097108423867 560.452939 0.000000
1649641097248345631 576.905942 0.000000
1649641097599215091 350.766587 0.000000
1649641099636170429 525.952815 0.000000
1649641100857432132 464.141643 0.000000
1649641100946421409 217.757923 0.000000
1649641100946482603 166.270033 0.000000
1649641101509973690 652.562638 0.000000
1649641102733424803 329.784352 0.000000
1649641103399715215 326.757701 0.000000
1649641103572776321 173.065133 0.000000
1649641103916075169 343.255186 0.000000
1649641104250484923 334.402381 0.000000
1649641104682437260 376.629090 0.000000
1649641105669063701 985.925317 0.000000
1649641106160268851 491.167830 0.000000
1649641106545551349 385.356918 0.000000
1649641106703024937 208.459072 0.000000
1649641107920789794 320.235576 0.000000
1649641108138732613 217.895189 0.000000
1649641109112628411 485.925632 0.000000
1649641109112658027 494.800269 0.000000
1649641109439430148 355.855991 0.000000
1649641110452836417 201.634358 0.000000
1649641110767082824 344.519135 0.000000
1649641111011393444 588.567383 0.000000
1649641111495284241 137.850671 0.000000
1649641111861598754 504.103769 0.000000
1649641112107267148 245.565381 0.000000
1649641112540710267 441.930681 0.000000
1649641112703192161 413.068014 0.000000
1649641113357229120 410.626198 0.000000
1649641114136471094 303.627781 0.000000
1649641114195609024 178.808850 0.000000
1649641114880600740 269.089508 0.000000
1649641116150797165 492.161562 0.000000
1649641116242907983 102.054609 0.000000
1649641116943439059 723.053967 0.000000
1649641117194433947 251.022359 0.000000
1649641117718489767 524.076579 0.000000
1649641118418689823 306.790351 0.000000
1649641118830510380 411.817331 0.000000
1649641118830524617 642.571467 0.000000
1649641119230478659 399.964903 0.000000
1649641119265168169 256.786246 0.000000
1649641119551862277 321.376143 0.000000
1649641119776644426 511.388482 0.000000
1649641119777103346 225.226874 0.000000
1649641120171918587 395.326790 0.000000
1649641121119929271 487.685272 0.000000
1649641121752151898 455.651212 0.000000
1649641122166537012 414.406805 0.000000
1649641123695202937 447.938062 0.000000
1649641124298247757 467.429030 0.000000
1649641124758035233 343.312426 0.000000
1649641125955913340 590.201686 0.000000
1649641125955940682 590.184453 0.000000
1649641126465664767 414.898218 0.000000
1649641127008299856 518.964266 0.000000
1649641127260003322 414.198636 0.000000
1649641130277548900 453.991001 0.000000
1649641130829109197 486.389752 0.000000
1649641131222414248 334.292767 0.000000
1649641132223185606 259.063434 0.000000
1649641132696650449 353.199588 0.000000
1649641133216237683 430.236720 0.000000
1649641133474700450 258.408645 0.000000
1649641133540205293 157.062174 0.000000
1649641134422298289 399.393742 0.000000
1649641134576989280 378.152283 0.000000
1649641134656172747 233.864739 0.000000
1649641134834421706 257.319794 0.000000
1649641135163408836 328.955470 0.000000
1649641136410194248 834.017781 0.000000
1649641137999951664 547.178930 0.000000
1649641138357429837 357.528979 0.000000
1649641138434299296 181.438310 0.000000
1649641138835674010 478.227593 0.000000
1649641139166900409 430.903701 0.000000
1649641139258427947 422.744799 0.000000
1649641139765116969 458.297041 0.000000
1649641139765156423 498.035111 0.000000
1649641140219763237 258.017794 0.000000
1649641141517589307 245.876063 0.000000
1649641143062579492 432.252650 0.000000
1649641143210213892 370.438101 0.000000
1649641143420715403 358.145499 0.000000
1649641143986648375 565.990550 0.000000
1649641143995774823 564.518901 0.000000
1649641144164342725 301.457685 0.000000
1649641144210343398 214.563305 0.000000
1649641144913645799 263.194288 0.000000
1649641144974306873 323.751447 0.000000
1649641145557076689 333.480375 0.000000
1649641145570608274 346.983337 0.000000
1649641145973129148 117.633353 0.000000
1649641147232266961 369.132465 0.000000
1649641147749840650 517.607302 0.000000
1649641148824850404 1065.790051 0.000000
1649641148976158092 151.273433 0.000000
1649641149156222786 317.991177 0.000000
1649641149557733165 719.477511 0.000000
1649641150070403475 512.611359 0.000000
1649641150070434423 512.503627 0.000000
1649641150187649690 117.256724 0.000000
1649641150210822910 140.357920 0.000000
1649641150596463742 390.095262 0.000000
1649641151939974791 398.401023 0.000000
1649641151940135683 398.873299 0.000000
1649641151955669621 264.000707 0.000000
1649641152025689199 85.682277 0.000000
1649641152544815027 312.397711 0.000000
1649641152787265678 423.932502 0.000000
1649641153568833033 442.498354 0.000000
1649641154690572634 222.719892 0.000000
1649641155032532944 439.423893 0.000000
1649641155170511424 479.933520 0.000000
1649641155170579281 433.367447 0.000000
1649641155842244257 371.737620 0.000000
1649641156091506538 100.805639 0.000000
1649641156286342120 295.619791 0.000000
1649641156535119311 443.531350 0.000000
1649641157192171994 354.245108 0.000000
1649641157236239712 398.298830 0.000000
1649641157276206923 84.015863 0.000000
1649641157533045977 296.841151 0.000000
1649641157777808022 245.043572 0.000000
1649641159152731354 141.669968 0.000000
1649641160498206775 537.812807 0.000000
1649641160554383664 299.480086 0.000000
1649641160784804964 230.386014 0.000000
1649641160819406067 265.026220 0.000000
1649641161514985741 333.925696 0.000000
1649641162469118903 533.189032 0.000000
1649641162721979298 658.768048 0.000000
1649641162722005848 684.010257 0.000000
1649641163697205641 340.442014 0.000000
1649641164405010852 569.420310 0.000000
1649641164622568059 680.155330 0.000000
1649641164622597074 680.165249 0.000000
1649641164642417819 237.391958 0.000000
1649641164985149755 352.421411 0.000000
1649641165178030615 364.804403 0.000000
1649641165473708043 295.715230 0.000000
1649641165627012403 448.978071 0.000000
1649641165929029006 302.018426 0.000000
1649641166830372589 470.171178 0.000000
1649641166864015755 402.302986 0.000000
1649641166864020113 183.560647 0.000000
1649641168713496701 185.538214 0.000000
1649641169202574423 211.393412 0.000000
1649641169418428307 426.878605 0.000000
1649641169587482340 432.987917 0.000000
1649641169631875930 213.364747 0.000000
1649641169792817787 374.355156 0.000000
1649641169844165552 425.731945 0.000000
1649641170078943801 286.122918 0.000000
1649641171568920169 356.767436 0.000000
1649641172281903829 310.445854 0.000000
1649641172340515171 369.042157 0.000000
1649641172340544716 369.052215 0.000000
1649641172600634173 508.315544 0.000000
1649641172918601144 545.270347 0.000000
1649641172918670324 318.051339 0.000000
1649641172970197555 369.565767 0.000000
1649641173278049967 359.441210 0.000000
1649641173336724087 285.077839 0.000000
1649641173981107920 384.987187 0.000000
1649641174586754109 511.607556 0.000000
1649641174653628358 566.198810 0.000000
1649641174653681448 552.619506 0.000000
1649641176039547785 482.191052 0.000000
1649641176159228516 554.225396 0.000000
1649641176756410355 333.167976 0.000000
1649641177672703425 367.679882 0.000000
1649641178196723718 377.131130 0.000000
1649641178565831056 443.710857 0.000000
1649641178838138015 272.270981 0.000000
1649641178838166839 272.317118 0.000000
1649641178863712517 297.839923 0.000000
1649641179253376851 415.232263 0.000000
1649641179509449899 256.067007 0.000000
1649641180014690400 505.344065 0.000000
1649641180117791860 501.279666 0.000000
1649641180142286177 127.605856 0.000000
1649641180473059382 238.591053 0.000000
1649641181874238295 663.280648 0.000000
1649641182239445832 520.482000 0.000000
1649641183246031615 631.560308 0.000000
1649641183246075527 453.400164 0.000000
1649641183246095615 510.930279 0.000000
1649641183342096713 315.629480 0.000000
1649641183342141988 315.682890 0.000000
1649641183689153166 347.075429 0.000000
1649641184041064489 351.901665 0.000000
1649641184232997130 499.981902 0.000000
1649641184780118359 299.734224 0.000000
1649641185578951419 326.864210 0.000000
1649641185991204558 412.348848 0.000000
1649641186576136395 499.168607 0.000000
1649641186788425056 212.353713 0.000000
1649641187393814182 195.944362 0.000000
1649641187526817066 328.939712 0.000000
1649641188169870766 288.807019 0.000000
1649641188649776634 768.584857 0.000000
1649641189528042698 203.200954 0.000000
1649641189894124495 365.811841 0.000000
1649641190222079661 332.147705 0.000000
1649641190261568616 371.643633 0.000000
1649641190914204669 145.870113 0.000000
1649641190981328909 212.979144 0.000000
1649641191518644536 704.781474 0.000000
1649641192357862741 279.545056 0.000000
1649641192904913107 399.747867 0.000000
1649641192904959845 304.231574 0.000000
1649641194328695119 356.661506 0.000000
1649641194354011918 188.512539 0.000000
1649641195233515041 359.651233 0.000000
1649641195968764609 696.494019 0.000000
1649641196048716865 386.593638 0.000000
1649641196838737416 440.806043 0.000000
1649641197207479600 368.710685 0.000000
1649641197207566133 368.833886 0.000000
1649641197425511426 218.047115 0.000000
1649641197425540511 218.114852 0.000000
1649641198213553680 940.821799 0.000000
1649641199073002407 460.486124 0.000000
1649641201017198356 408.726538 0.000000
1649641201307789238 290.545336 0.000000
1649641201429388797 340.152081 0.000000
1649641201499129691 409.915327 0.000000
1649641201708895813 279.499432 0.000000
1649641201769706576 210.605435 0.000000
1649641201797943709 238.819073 0.000000
1649641202439760044 377.626051 0.000000
1649641204023874949 263.641705 0.000000
1649641204244962744 484.522923 0.000000
1649641204331226542 307.299104 0.000000
1649641205203614748 382.806068 0.000000
1649641205203641288 527.750447 0.000000
1649641205549458587 188.847348 0.000000
1649641205958571088 418.615624 0.000000
1649641206335638728 638.691272 0.000000
1649641206894858958 443.874095 0.000000
1649641207411998945 516.961673 0.000000
1649641207422418887 235.033586 0.000000
1649641208256419693 479.289623 0.000000
1649641208646014016 389.604442 0.000000
1649641208646056706 437.950350 0.000000
1649641209577270724 463.532646 0.000000
1649641209936330789 494.859541 0.000000
1649641210964704790 303.370228 0.000000
1649641211352076927 387.348423 0.000000
1649641211438303566 367.438621 0.000000
1649641211509568417 216.038079 0.000000
1649641211509598834 216.098021 0.000000
1649641211992002246 310.249538 0.000000
1649641212095237415 361.384120 0.000000
1649641212335630459 343.594340 0.000000
1649641212509523214 414.304264 0.000000
1649641212509571956 345.580305 0.000000
1649641212616344379 172.535699 0.000000
1649641213058801507 349.153635 0.000000
1649641213362854136 332.061423 0.000000
1649641213362916593 332.195396 0.000000
1649641213797041832 434.232029 0.000000
1649641214645975641 380.568504 0.000000
1649641214967126872 387.589946 0.000000
1649641215096561906 129.727243 0.000000
1649641215676379598 405.088708 0.000000
1649641216789339111 389.835436 0.000000
1649641216789378074 390.031863 0.000000
1649641216814018605 270.725494 0.000000
1649641217657038678 415.490316 0.000000
1649641218220444002 165.577046 0.000000
1649641218686664977 466.392637 0.000000
1649641218753094103 411.242775 0.000000
1649641218753125653 411.224952 0.000000
1649641218986693563 299.960758 0.000000
1649641219378362966 391.665816 0.000000
1649641219932658153 559.912026 0.000000
1649641219932685334 468.533691 0.000000
1649641220070146705 431.629421 0.000000
1649641220190709819 258.078105 0.000000
1649641220190716352 125.189908 0.000000
1649641220599160389 408.628252 0.000000
1649641220996028790 396.891464 0.000000
1649641220996066009 396.883809 0.000000
1649641221281633075 285.563789 0.000000
1649641221281655808 285.536659 0.000000
1649641221299103093 101.198417 0.000000
1649641221750466466 459.678570 0.000000
