1649641073202688122 453.373432 0.000000
1649641073632611283 476.227993 0.000000
1649641075507206345 89.388334 0.000000
1649641076181888707 429.170831 0.000000
1649641077200662219 503.612497 0.000000
1649641077692330819 179.236142 0.000000
1649641078126648577 467.865517 0.000000
1649641078597050871 530.437413 0.000000
1649641078931926299 334.866532 0.000000
1649641082916068388 530.827594 0.000000
1649641084401854692 1239.463154 0.000000
1649641087077213413 472.296473 0.000000
1649641087879738243 418.994716 0.000000
1649641088103529927 372.487125 0.000000
1649641088226452705 346.740480 0.000000
1649641088463662521 583.919959 0.000000
1649641089130495107 557.803532 0.000000
1649641089771212989 369.243124 0.000000
1649641090002579472 600.623573 0.000000
1649641090381700072 320.366320 0.000000
1649641091758601371 444.867938 0.000000
1649641092243028695 484.506543 0.000000
1649641092488466504 245.420648 0.000000
1649641093175101792 531.375040 0.000000
1649641093282704511 467.168450 0.000000
1649641093653156730 670.993856 0.000000
1649641094206592426 493.469424 0.000000
1649641094469224849 508.587964 0.000000
1649641094892632247 423.386579 0.000000
1649641094897289056 428.087402 0.000000
1649641095834569915 411.150998 0.000000
1649641097191417915 512.877125 0.000000
1649641097689494565 426.287045 0.000000
1649641098067180855 632.646370 0.000000
1649641098443960837 376.789039 0.000000
1649641098786443375 629.836012 0.000000
1649641098786476768 390.294865 0.000000
1649641099178479156 392.026634 0.000000
1649641099178484816 392.004762 0.000000
1649641099178497029 392.039828 0.000000
1649641099460952680 506.436109 0.000000
1649641099762980193 302.054745 0.000000
1649641100412312395 606.298442 0.000000
1649641100889684542 454.990031 0.000000
1649641102149755546 371.876479 0.000000
1649641103111706031 347.380911 0.000000
1649641103389569247 335.118837 0.000000
1649641103609490263 219.938108 0.000000
1649641105703334334 205.391141 0.000000
1649641106332002177 190.372236 0.000000
1649641106650961940 370.197061 0.000000
1649641107115598154 464.592783 0.000000
1649641107115616528 464.648067 0.000000
1649641107936537123 330.744223 0.000000
1649641111387272525 510.343376 0.000000
1649641111387292843 510.406263 0.000000
1649641112335196457 317.404919 0.000000
1649641112648909284 567.771508 0.000000
1649641112834343795 339.585689 0.000000
1649641113418174686 236.833028 0.000000
1649641113817880354 265.343916 0.000000
1649641114044832432 383.005762 0.000000
1649641114044879761 362.436894 0.000000
1649641115239416796 555.729065 0.000000
1649641116824380064 1050.265078 0.000000
1649641117039158803 395.006208 0.000000
1649641117483461820 444.307105 0.000000
1649641118215698320 239.128643 0.000000
1649641118215738646 453.837992 0.000000
1649641118699880456 484.139225 0.000000
1649641118842710250 379.948783 0.000000
1649641118971044171 493.239142 0.000000
1649641119704136065 717.503042 0.000000
1649641120393149499 689.083215 0.000000
1649641120393184415 689.045415 0.000000
1649641120393234468 689.200566 0.000000
1649641120536323660 552.917644 0.000000
1649641121083002872 422.057951 0.000000
1649641121410422982 327.368132 0.000000
1649641121502685415 390.209375 0.000000
1649641121550531345 430.174683 0.000000
1649641122086102983 468.041117 0.000000
1649641122086130204 389.976128 0.000000
1649641122275017457 405.751080 0.000000
1649641123640690299 511.229146 0.000000
1649641123713460522 334.042707 0.000000
1649641123726633495 243.143680 0.000000
1649641123914447768 295.227356 0.000000
1649641124850907778 190.557284 0.000000
1649641125284499929 495.530748 0.000000
1649641125636274385 328.588884 0.000000
1649641127071929956 276.883318 0.000000
1649641129256415781 490.801993 0.000000
1649641129329366142 251.321570 0.000000
1649641129831381065 549.861475 0.000000
1649641130962029818 581.820474 0.000000
1649641130962121730 559.073293 0.000000
1649641131362848932 400.722333 0.000000
1649641131362866354 400.661979 0.000000
1649641131504984455 472.262931 0.000000
1649641132266730043 899.119926 0.000000
1649641133352218058 698.755977 0.000000
1649641133413442247 453.630413 0.000000
1649641133413601756 254.764905 0.000000
1649641135149133626 494.683518 0.000000
1649641135539986777 563.753706 0.000000
1649641136019644632 412.667566 0.000000
1649641136691101265 517.069975 0.000000
1649641136872432294 698.389723 0.000000
1649641137105627734 426.894835 0.000000
1649641137371638530 266.008371 0.000000
1649641137371661122 266.040290 0.000000
1649641137897829755 518.094796 0.000000
1649641138384645195 605.405225 0.000000
1649641138564239398 322.011995 0.000000
1649641139990256719 506.913285 0.000000
1649641140380968849 282.399598 0.000000
1649641140380999487 235.169735 0.000000
1649641140475876129 309.629723 0.000000
1649641140812319427 431.302037 0.000000
1649641143075887608 264.212595 0.000000
1649641143223746941 306.017933 0.000000
1649641143270802109 194.909262 0.000000
1649641143589964442 366.181745 0.000000
1649641144052453251 462.446219 0.000000
1649641144052487485 398.499846 0.000000
1649641146050567811 1048.215654 0.000000
1649641146050650907 982.040526 0.000000
1649641146716042802 586.302657 0.000000
1649641146854644791 530.902395 0.000000
1649641147030638574 314.581425 0.000000
1649641147465559506 434.943935 0.000000
1649641147880017086 414.411364 0.000000
1649641147919290828 453.723798 0.000000
1649641148913864087 115.823891 0.000000
1649641149253154932 427.101182 0.000000
1649641149253200457 357.923934 0.000000
1649641150128251825 93.686132 0.000000
1649641150734868060 377.916601 0.000000
1649641150734943422 323.304847 0.000000
1649641150993828834 453.623673 0.000000
1649641151488169688 472.453828 0.000000
1649641153946808586 574.523195 0.000000
1649641154811947741 306.068877 0.000000
1649641154816397844 310.578161 0.000000
1649641155135169885 601.344214 0.000000
1649641155135175466 629.303275 0.000000
1649641156032038209 278.631555 0.000000
1649641156757027644 272.473772 0.000000
1649641157165142935 544.588690 0.000000
1649641158290918333 356.527937 0.000000
1649641158869516759 649.775152 0.000000
1649641159169182674 299.672026 0.000000
1649641159662835822 461.190214 0.000000
1649641160551025829 605.559256 0.000000
1649641160605464157 319.880058 0.000000
1649641161091093023 485.495726 0.000000
1649641161091158917 304.278632 0.000000
1649641161411994957 514.431289 0.000000
1649641161490836953 399.766031 0.000000
1649641162054060785 267.172894 0.000000
1649641163187031731 375.357294 0.000000
1649641163187052741 375.467331 0.000000
1649641163555550157 743.872524 0.000000
1649641164157310170 315.632477 0.000000
1649641164843345122 206.741772 0.000000
1649641164959218173 236.457517 0.000000
1649641165143279280 299.973562 0.000000
1649641167427448231 576.035361 0.000000
1649641167795300296 367.847897 0.000000
1649641167862532177 435.142415 0.000000
1649641167862556583 435.090177 0.000000
1649641168796611546 137.015074 0.000000
1649641169072822494 389.758922 0.000000
1649641169166689885 483.691825 0.000000
1649641169166708310 483.660167 0.000000
1649641169536836562 370.159661 0.000000
1649641169917892258 381.048152 0.000000
1649641170046920060 403.689436 0.000000
1649641170079818891 436.559953 0.000000
1649641170079846513 436.583397 0.000000
1649641170406805471 488.896612 0.000000
1649641170543910514 137.101867 0.000000
1649641171008132282 190.130323 0.000000
1649641171987093144 358.094222 0.000000
1649641172281408962 652.384603 0.000000
1649641172311345088 324.243007 0.000000
1649641172645331881 334.005017 0.000000
1649641173064644262 471.438867 0.000000
1649641173064685520 419.345724 0.000000
1649641173522933058 234.356288 0.000000
1649641174073221965 198.872180 0.000000
1649641174229872437 225.578564 0.000000
1649641174697801083 331.238730 0.000000
1649641174842279368 411.738915 0.000000
1649641175127260375 323.775009 0.000000
1649641175399644530 272.374737 0.000000
1649641175399657554 375.238000 0.000000
1649641175672148409 272.461219 0.000000
1649641176099997623 427.786667 0.000000
1649641176500875567 435.858038 0.000000
1649641176528725515 432.902177 0.000000
1649641176625458226 407.123813 0.000000
1649641177266333414 306.541675 0.000000
1649641179010450117 396.191629 0.000000
1649641180236479449 458.884603 0.000000
1649641182641652068 391.410778 0.000000
1649641183131187448 489.582047 0.000000
1649641183249201607 440.804834 0.000000
1649641183646447631 87.225761 0.000000
1649641184514605325 306.258954 0.000000
1649641185163572152 648.873081 0.000000
1649641186499968112 669.379100 0.000000
1649641187219936885 413.523440 0.000000
1649641187958656159 407.000132 0.000000
1649641188549888256 380.085277 0.000000
1649641189922162975 389.335568 0.000000
1649641190056881474 247.352651 0.000000
1649641190975689267 283.069756 0.000000
1649641191097244622 316.528256 0.000000
1649641191168017378 387.279091 0.000000
1649641191444138038 276.113627 0.000000
1649641191840819617 396.707347 0.000000
1649641192189653762 348.800712 0.000000
1649641193353891139 347.853478 0.000000
1649641194148276873 794.347983 0.000000
1649641195333989577 439.951321 0.000000
1649641195411089376 516.955011 0.000000
1649641195881556643 547.531479 0.000000
1649641195983000255 484.317778 0.000000
1649641197187550763 250.753586 0.000000
1649641197227848363 217.431862 0.000000
1649641197595041694 367.183652 0.000000
1649641197632928797 372.772350 0.000000
1649641198090796733 574.675973 0.000000
1649641198524382401 198.414683 0.000000
1649641198828389424 322.592735 0.000000
1649641198990139895 484.320093 0.000000
1649641199535307343 545.170664 0.000000
1649641199734186908 198.929598 0.000000
1649641200154819944 619.454772 0.000000
1649641201375560832 377.599337 0.000000
1649641201987732352 612.106437 0.000000
1649641203790286560 363.872334 0.000000
1649641204172621597 360.357287 0.000000
1649641204274820315 294.475776 0.000000
1649641204601854434 429.247274 0.000000
1649641205546568349 471.031012 0.000000
1649641205824717468 278.218129 0.000000
1649641205966087489 419.446894 0.000000
1649641206255609068 500.056382 0.000000
1649641206255667547 430.962472 0.000000
1649641207306766699 401.951477 0.000000
1649641207428783819 277.109442 0.000000
1649641208002260352 304.344388 0.000000
1649641208218923343 308.724696 0.000000
1649641209119534303 356.570707 0.000000
1649641209119562706 356.566378 0.000000
1649641209472127926 307.322949 0.000000
1649641209985555222 384.361473 0.000000
1649641210338292615 352.881473 0.000000
1649641210338583200 200.960935 0.000000
1649641210399399945 261.810742 0.000000
1649641211653654085 402.165065 0.000000
1649641211841463568 351.836591 0.000000
1649641211855845329 318.566637 0.000000
1649641212194950465 169.518594 0.000000
1649641212545820597 471.649761 0.000000
1649641212974275247 788.844727 0.000000
1649641213518607266 972.793883 0.000000
1649641213795487338 876.228595 0.000000
1649641214849817487 458.273998 0.000000
1649641215217723112 256.726583 0.000000
1649641215217752598 266.782063 0.000000
1649641215341194289 380.229729 0.000000
1649641216400825785 334.876521 0.000000
1649641216400831595 439.414113 0.000000
1649641217358540581 233.091267 0.000000
1649641217964586379 344.383542 0.000000
1649641218309726098 228.116921 0.000000
1649641218382291266 194.788675 0.000000
1649641218971566356 222.889964 0.000000
1649641219609760918 403.791145 0.000000
1649641219918029620 605.553344 0.000000
1649641220094917890 176.846913 0.000000
1649641220094934281 281.294628 0.000000
1649641220368031992 317.789800 0.000000
1649641220767125292 355.568879 0.000000
1649641221527772771 299.934394 0.000000
1649641221779853175 252.054696 0.000000
