1649641073175043038 500.712211 0.000000
1649641073632013692 456.845409 0.000000
1649641073705124154 468.741430 0.000000
1649641074684520010 539.498569 0.000000
1649641075563374157 878.929017 0.000000
1649641076674419109 527.378108 0.000000
1649641076723951822 528.557079 0.000000
1649641077685262378 401.326696 0.000000
1649641079075627967 483.114132 0.000000
1649641079196898658 539.216079 0.000000
1649641079515208543 598.143933 0.000000
1649641079987869629 472.703797 0.000000
1649641082405630976 336.281894 0.000000
1649641082975914855 455.037921 0.000000
1649641084016871935 209.915383 0.000000
1649641085157923968 593.938150 0.000000
1649641085882549580 266.345364 0.000000
1649641086139696340 505.260567 0.000000
1649641086815160466 389.614871 0.000000
1649641087170982441 355.814741 0.000000
1649641087330401231 298.001454 0.000000
1649641087832295438 216.860380 0.000000
1649641087967250392 351.828919 0.000000
1649641088259164405 426.864939 0.000000
1649641088633147012 451.524746 0.000000
1649641088683274750 501.660229 0.000000
1649641089406776897 723.511604 0.000000
1649641089605767380 734.598418 0.000000
1649641089779723662 583.890084 0.000000
1649641089945157179 538.332643 0.000000
1649641091709867075 445.434670 0.000000
1649641091709902842 445.480746 0.000000
1649641092300478478 590.565036 0.000000
1649641092934901890 634.315189 0.000000
1649641093071076269 770.535043 0.000000
1649641093071103831 770.617047 0.000000
1649641093459435546 524.511314 0.000000
1649641093749465561 616.613649 0.000000
1649641094422475654 453.615354 0.000000
1649641095230168041 297.622724 0.000000
1649641095424724103 401.805846 0.000000
1649641095888721096 464.014034 0.000000
1649641095973690868 548.959801 0.000000
1649641096183711667 294.983478 0.000000
1649641097274465063 605.702142 0.000000
1649641097274513384 605.734212 0.000000
1649641097374695474 227.120934 0.000000
1649641097619963905 345.452075 0.000000
1649641097980054822 701.171827 0.000000
1649641098398926016 466.305983 0.000000
1649641099468825048 496.277267 0.000000
1649641099807229221 547.282029 0.000000
1649641099807221877 547.299742 0.000000
1649641100496669928 633.190020 0.000000
1649641100956164963 278.734538 0.000000
1649641101549017367 650.076363 0.000000
1649641101977456568 428.435313 0.000000
1649641102871463088 584.393799 0.000000
1649641103011132808 139.704766 0.000000
1649641104527391775 722.211089 0.000000
1649641106199801588 632.002944 0.000000
1649641106777036287 487.043289 0.000000
1649641107808362240 351.512094 0.000000
1649641108123814027 476.467703 0.000000
1649641108593011021 469.242499 0.000000
1649641108691280164 407.452850 0.000000
1649641109011640131 320.357482 0.000000
1649641109434876643 475.890624 0.000000
1649641109571705293 564.664223 0.000000
1649641109571769143 488.954059 0.000000
1649641110288486933 302.766588 0.000000
1649641110978828627 431.008566 0.000000
1649641111383301000 436.454606 0.000000
1649641111477923546 314.075656 0.000000
1649641111969227351 401.858432 0.000000
1649641111969249944 401.845979 0.000000
1649641112657033884 442.309118 0.000000
1649641112704437766 381.781005 0.000000
1649641112704451963 354.452076 0.000000
1649641112761382333 260.807523 0.000000
1649641113514102811 331.627969 0.000000
1649641113934843971 420.771206 0.000000
1649641115183638726 376.960460 0.000000
1649641117068250177 868.836738 0.000000
1649641117155635195 177.882824 0.000000
1649641117411752607 343.498884 0.000000
1649641117662489110 376.597007 0.000000
1649641118184046657 471.948532 0.000000
1649641118779507281 595.387877 0.000000
1649641118779649137 379.682962 0.000000
1649641119268663581 346.587494 0.000000
1649641119992244945 306.835054 0.000000
1649641120332431358 620.402377 0.000000
1649641120435296887 525.276979 0.000000
1649641120513110054 516.836858 0.000000
1649641120567463795 253.637696 0.000000
1649641120712662840 277.359422 0.000000
1649641122591344645 333.294896 0.000000
1649641122715153783 457.144149 0.000000
1649641122972497193 447.275722 0.000000
1649641122972517782 477.118483 0.000000
1649641123564063806 591.520155 0.000000
1649641123755264578 534.434858 0.000000
1649641123755279697 534.461178 0.000000
1649641123988650806 270.624515 0.000000
1649641124801717988 483.470640 0.000000
1649641125850939099 423.380507 0.000000
1649641126123145721 438.930227 0.000000
1649641126621199869 364.926641 0.000000
1649641127041380087 420.147487 0.000000
1649641127618392088 437.450651 0.000000
1649641127886368458 482.785957 0.000000
1649641128141440480 245.998843 0.000000
1649641128507743020 520.301551 0.000000
1649641129015453430 507.701002 0.000000
1649641129176127033 452.226831 0.000000
1649641129876963884 286.199224 0.000000
1649641130396485434 249.548798 0.000000
1649641130483264287 336.304066 0.000000
1649641132158050365 349.613767 0.000000
1649641132458877326 300.817343 0.000000
1649641132463254411 219.070152 0.000000
1649641132521897062 175.944932 0.000000
1649641132772091950 343.287748 0.000000
1649641133318253829 577.137166 0.000000
1649641133318270260 546.168041 0.000000
1649641134381054987 447.048415 0.000000
1649641134680730941 322.242196 0.000000
1649641134915000917 398.562254 0.000000
1649641135585993230 773.630656 0.000000
1649641135586043785 387.922338 0.000000
1649641135699788929 113.826067 0.000000
1649641135906494394 320.447774 0.000000
1649641135945579453 359.542040 0.000000
1649641136212201784 592.556800 0.000000
1649641137556636544 373.607615 0.000000
1649641138457909615 573.032670 0.000000
1649641139291555845 397.652448 0.000000
1649641139505236936 431.941254 0.000000
1649641141310043005 568.439461 0.000000
1649641141310057722 572.817557 0.000000
1649641141361865640 456.057832 0.000000
1649641142192999120 384.176265 0.000000
1649641142193036270 374.536606 0.000000
1649641142505061884 618.463013 0.000000
1649641142505079497 623.452186 0.000000
1649641142696251252 714.730743 0.000000
1649641142785824183 592.784037 0.000000
1649641144524852799 525.179529 0.000000
1649641144829080906 676.428364 0.000000
1649641145046484154 521.599304 0.000000
1649641145633215204 164.691095 0.000000
1649641145860849561 392.324279 0.000000
1649641146495294924 338.715326 0.000000
1649641147297072104 534.272443 0.000000
1649641147411205164 401.755239 0.000000
1649641147411237064 335.159540 0.000000
1649641148012546653 273.898964 0.000000
1649641148863949478 851.397607 0.000000
1649641148864009271 922.701301 0.000000
1649641150000294612 748.165683 0.000000
1649641150463291491 420.347151 0.000000
1649641150463307821 420.340279 0.000000
1649641150463316167 463.003311 0.000000
1649641152092635853 221.924334 0.000000
1649641152451414633 370.741423 0.000000
1649641152533728524 448.946323 0.000000
1649641152668143095 386.364128 0.000000
1649641153307022480 451.995067 0.000000
1649641153971270802 272.372362 0.000000
1649641154168531270 267.391415 0.000000
1649641155412008089 300.514707 0.000000
1649641155954109518 602.085405 0.000000
1649641156625447338 174.388585 0.000000
1649641156890853130 359.337955 0.000000
1649641157261009795 480.387029 0.000000
1649641157748573639 487.579183 0.000000
1649641157748611961 487.627373 0.000000
1649641158140989541 373.630447 0.000000
1649641158407234917 271.278682 0.000000
1649641159584714327 473.549723 0.000000
1649641160332720649 660.612666 0.000000
1649641160691438352 718.026552 0.000000
1649641160915900763 324.934744 0.000000
1649641161027497089 336.066261 0.000000
1649641161027532485 299.785309 0.000000
1649641161027547964 336.105625 0.000000
1649641161129083790 401.397157 0.000000
1649641161418872590 391.320939 0.000000
1649641161579270138 228.513667 0.000000
1649641161732710091 313.783770 0.000000
1649641162205039978 319.842869 0.000000
1649641162344645759 367.602837 0.000000
1649641162344662090 359.226727 0.000000
1649641162692033774 347.402692 0.000000
1649641162943392744 318.739480 0.000000
1649641163241854131 327.966307 0.000000
1649641163241913442 328.017683 0.000000
1649641163556462707 314.620949 0.000000
1649641163556480350 314.667628 0.000000
1649641163654958677 413.033654 0.000000
1649641163769408489 213.027225 0.000000
1649641164331599631 453.905292 0.000000
1649641165494972064 391.484366 0.000000
1649641165623292199 380.834342 0.000000
1649641166664380936 424.788287 0.000000
1649641167052646958 388.251525 0.000000
1649641167661724498 609.067531 0.000000
1649641168660702625 340.314565 0.000000
1649641169290031698 629.301602 0.000000
1649641169387030428 726.323025 0.000000
1649641169431016464 665.656501 0.000000
1649641170022843667 338.212724 0.000000
1649641170052811183 318.479123 0.000000
1649641170347812234 558.320623 0.000000
1649641170868490263 392.846951 0.000000
1649641171392662852 524.140268 0.000000
1649641173090264750 519.363003 0.000000
1649641173769140072 418.831030 0.000000
1649641174362816501 593.677210 0.000000
1649641175661425459 287.657246 0.000000
1649641176034472621 660.699739 0.000000
1649641176034489302 620.743868 0.000000
1649641176034577908 545.260108 0.000000
1649641176200596893 262.470037 0.000000
1649641176498132495 297.529621 0.000000
1649641176734473133 287.954150 0.000000
1649641177635712962 680.104445 0.000000
1649641178002383233 339.733856 0.000000
1649641178874625473 141.430501 0.000000
1649641178976655327 161.975296 0.000000
1649641179438556663 312.931131 0.000000
1649641179451439384 320.157720 0.000000
1649641179669986786 344.568197 0.000000
1649641179724097540 272.647816 0.000000
1649641180433947295 258.150650 0.000000
1649641180536882866 325.216441 0.000000
1649641180741829714 307.847774 0.000000
1649641181250143674 602.789341 0.000000
1649641181250182266 602.827944 0.000000
1649641183764361649 133.188822 0.000000
1649641184270586454 506.221138 0.000000
1649641184780962211 480.216431 0.000000
1649641184780975375 480.216560 0.000000
1649641185021623468 480.424961 0.000000
1649641186258112067 463.257691 0.000000
1649641188743021839 399.301049 0.000000
1649641188875421362 337.215586 0.000000
1649641190073682329 311.689966 0.000000
1649641190073715632 311.701568 0.000000
1649641190692429866 618.740774 0.000000
1649641190923701531 231.235628 0.000000
1649641191259632709 475.553028 0.000000
1649641191259636717 420.440176 0.000000
1649641191407698481 384.985825 0.000000
1649641191870438480 462.667723 0.000000
1649641192319371820 448.904646 0.000000
1649641192357391838 414.380105 0.000000
1649641192357404312 414.395455 0.000000
1649641192386850921 351.030731 0.000000
1649641192785541496 398.678923 0.000000
1649641193099722100 366.611008 0.000000
1649641193819115416 415.233616 0.000000
1649641194961467808 529.887634 0.000000
1649641195098313625 399.312621 0.000000
1649641195320811264 495.707239 0.000000
1649641196595471477 344.015251 0.000000
1649641196674810824 206.024727 0.000000
1649641196770588987 301.736245 0.000000
1649641197240701898 645.226875 0.000000
1649641197240747744 565.930939 0.000000
1649641197883752694 529.585907 0.000000
1649641198126523476 559.553284 0.000000
1649641198744381975 373.743737 0.000000
1649641198990004171 470.051814 0.000000
1649641199654751289 318.148141 0.000000
1649641199765159437 230.728366 0.000000
1649641200576464709 351.707622 0.000000
1649641200965543785 569.634121 0.000000
1649641201340504024 304.739454 0.000000
1649641201340532387 304.781162 0.000000
1649641201692695905 283.772300 0.000000
1649641202307716325 298.973497 0.000000
1649641202643925023 390.729801 0.000000
1649641202960428592 316.625337 0.000000
1649641203993021844 724.602261 0.000000
1649641203997664186 729.218975 0.000000
1649641204643907265 314.176728 0.000000
1649641204817570699 357.479529 0.000000
1649641205742117540 434.416807 0.000000
1649641206557819493 442.538030 0.000000
1649641207245485873 316.546708 0.000000
1649641208040470370 612.376705 0.000000
1649641208040484897 612.382706 0.000000
1649641208818869255 311.873669 0.000000
1649641208920208964 360.065380 0.000000
1649641209134658505 418.913504 0.000000
1649641209203777194 384.848137 0.000000
1649641210767324486 592.443829 0.000000
1649641210843328191 280.344166 0.000000
1649641211316441866 327.517325 0.000000
1649641211852587131 326.609043 0.000000
1649641212443295558 590.728655 0.000000
1649641213910860003 841.305048 0.000000
1649641214549485241 350.780802 0.000000
1649641215007965327 458.428189 0.000000
1649641215392831446 384.838467 0.000000
1649641215715000376 571.053992 0.000000
1649641215715037696 571.059603 0.000000
1649641216027200547 312.003243 0.000000
1649641216323456652 404.959938 0.000000
1649641216323566979 296.343889 0.000000
1649641216983503548 413.338584 0.000000
1649641219414430459 316.164987 0.000000
1649641219971560949 557.118427 0.000000
1649641220326995246 355.371159 0.000000
1649641220408644815 437.024745 0.000000
1649641220594294508 424.764722 0.000000
1649641220674704592 429.643578 0.000000
1649641221259583433 380.727123 0.000000
1649641221452452839 374.900718 0.000000
1649641221922535963 470.043320 0.000000
1649641221922559347 470.144699 0.000000
