1649622267372584548 446.260822 114.166975 112 48 0.000000
1649622268384304999 477.536559 87.968964 89 48 0.000000
1649622269381370810 437.927292 114.335482 114 48 0.000000
1649622270382442933 430.564560 117.873633 118 48 0.000000
1649622271383875032 367.323687 129.814087 130 48 0.000000
1649622272384102624 481.024367 100.977014 101 48 0.000000
1649622273360387757 427.889639 107.550549 105 48 0.000000
1649622274394844178 411.346610 110.202801 114 48 0.000000
1649622275392423703 425.304098 127.308153 127 48 0.000000
1649622276349576289 419.855427 105.521321 101 48 0.000000
1649622277380478096 483.115441 112.522845 116 48 0.000000
1649622278353603845 413.162489 112.010188 109 48 0.000000
1649622279116379532 421.385420 110.124110 84 48 0.000000
1649622280350122595 566.776548 90.780657 112 48 0.000000
1649622281357970690 434.249225 109.143423 110 48 0.000000
1649622282321242226 440.364810 105.889144 102 48 0.000000
1649622283401086507 393.143249 108.348963 117 48 0.000000
1649622284398002095 428.262076 103.318671 103 48 0.000000
1649622285394373828 479.847847 104.378723 104 48 0.000000
1649622286354662008 485.182454 90.597806 87 48 0.000000
1649622287378407857 447.837319 129.915043 133 48 0.000000
1649622288403159642 422.653551 120.029069 123 48 0.000000
1649622289384644962 377.545429 92.716617 91 48 0.000000
1649622290404329369 464.406046 118.664175 121 48 0.000000
1649622291388572147 464.791037 108.713015 107 48 0.000000
1649622292335651255 420.191995 120.370093 114 48 0.000000
1649622293399568474 377.994249 125.009719 133 48 0.000000
1649622294389940104 377.709149 122.176367 121 48 0.000000
1649622295405362639 454.483079 51.210208 52 48 0.000000
1649622296398265984 563.336306 125.893425 125 48 0.000000
1649622297391587804 425.550711 115.773155 115 48 0.000000
1649622298394824803 396.479466 92.699923 93 48 0.000000
1649622299364298171 465.298707 127.904495 124 48 0.000000
1649622300399150671 460.184754 94.699489 98 48 0.000000
1649622301387785653 425.809775 129.471451 128 48 0.000000
1649622302329449899 377.815818 118.938358 112 48 0.000000
1649622303216961151 397.358182 132.956061 118 48 0.000000
1649622304271336919 447.900250 94.842847 100 48 0.000000
1649622305339849822 397.194488 124.472051 133 48 0.000000
1649622306389097309 401.647401 127.710584 134 48 0.000000
1649622307338485052 369.342477 123.237308 117 48 0.000000
1649622308401042248 535.457070 79.995695 85 48 0.000000
1649622309399273562 397.417789 139.246290 139 48 0.000000
1649622310225284875 378.046779 111.378624 92 48 0.000000
1649622311400516719 585.978087 83.387795 98 48 0.000000
1649622312396605004 419.371467 102.400562 102 48 0.000000
1649622313314681917 478.368204 112.191045 103 48 0.000000
1649622314394799132 372.816658 129.615551 140 48 0.000000
1649622315391307825 390.166128 131.458973 131 48 0.000000
1649622316358535862 353.695191 120.964229 117 48 0.000000
1649622317392530291 405.141600 117.989036 122 48 0.000000
1649622318381702411 533.829798 81.886654 81 48 0.000000
1649622319392770986 378.719761 143.412628 145 48 0.000000
1649622320410087337 387.284496 128.770180 131 48 0.000000
1649622321328016740 371.994454 119.834916 110 48 0.000000
1649622322412759800 442.731667 107.859649 117 48 0.000000
1649622323367907889 393.461525 136.104541 130 48 0.000000
1649622324390724270 418.378217 112.434649 115 48 0.000000
1649622325393745069 411.856784 110.665701 111 48 0.000000
1649622326421379643 415.006606 115.799919 119 48 0.000000
1649622327412529436 387.361986 118.044719 117 48 0.000000
1649622328421067899 548.937150 91.221118 92 48 0.000000
1649622329404497280 341.819910 131.173618 129 48 0.000000
1649622330414769211 381.308013 130.657892 132 48 0.000000
1649622331415266759 431.353933 120.939825 121 48 0.000000
1649622332347020429 362.394172 115.910471 108 48 0.000000
1649622333393114098 437.463019 127.139658 133 48 0.000000
1649622334404134002 403.925842 113.746528 115 48 0.000000
1649622335413861352 378.644054 111.911404 113 48 0.000000
1649622336374267996 404.462459 115.576036 111 48 0.000000
1649622337352156684 408.800077 132.939466 130 48 0.000000
1649622338382003531 372.280825 112.638108 116 48 0.000000
1649622339386227895 416.512995 117.503629 118 48 0.000000
1649622340396936945 456.995985 107.845075 109 48 0.000000
1649622341424475786 365.000235 127.489107 131 48 0.000000
1649622342250967714 483.884757 104.054249 86 48 0.000000
1649622343423130385 412.826528 119.437348 140 48 0.000000
1649622344422630049 368.993831 132.066072 132 48 0.000000
1649622345389508115 409.637263 109.631200 106 48 0.000000
1649622346359570227 369.684029 136.073767 132 48 0.000000
1649622347429185622 441.191727 100.970865 108 48 0.000000
1649622348388514301 365.210811 134.469043 129 48 0.000000
1649622349435622781 420.798630 122.241387 128 48 0.000000
1649622350432923320 455.578109 101.273391 101 48 0.000000
1649622351365288719 389.114627 130.849977 122 48 0.000000
1649622352430998120 381.274298 113.539400 121 48 0.000000
1649622353439522230 428.188707 113.036460 114 48 0.000000
1649622354435250302 379.342649 138.592052 138 48 0.000000
1649622355438646117 347.789607 140.522808 141 48 0.000000
1649622356438893679 379.610738 126.968572 127 48 0.000000
1649622357356986871 408.542998 104.564547 96 48 0.000000
1649622358231575649 378.458184 145.211102 127 48 0.000000
1649622359425284150 351.154499 126.496543 151 48 0.000000
1649622360441848031 410.441511 95.419491 97 48 0.000000
1649622361438820572 412.491215 126.382609 126 48 0.000000
1649622362438068633 413.460406 134.100845 134 48 0.000000
1649622363437440242 356.472283 135.084877 135 48 0.000000
1649622364422325313 330.255259 131.995105 130 48 0.000000
1649622365404083931 371.136890 140.564072 138 48 0.000000
1649622366429489549 401.911918 119.952542 123 48 0.000000
1649622367422735412 355.447854 117.795605 117 48 0.000000
1649622368435317197 387.443177 137.272865 139 48 0.000000
1649622369396874933 423.219943 102.957935 99 48 0.000000
1649622370424167918 421.666485 125.572735 129 48 0.000000
1649622371444555236 344.292743 130.342674 133 48 0.000000
1649622372375176932 521.302512 102.082297 95 48 0.000000
1649622373444502909 409.157135 93.516852 100 48 0.000000
1649622374451291121 372.514305 143.029080 144 48 0.000000
1649622375386734908 365.255377 132.557404 124 48 0.000000
1649622376450875975 375.250155 139.079305 148 48 0.000000
1649622377437847694 349.246746 118.544430 117 48 0.000000
1649622378449825024 391.292461 115.615239 117 48 0.000000
1649622379439559764 400.371460 120.234241 119 48 0.000000
1649622380388067952 358.550679 159.197364 151 48 0.000000
1649622381303221587 356.305729 110.363971 101 48 0.000000
1649622382448623157 621.281650 78.575069 90 48 0.000000
1649622383452024859 375.825117 136.535539 137 48 0.000000
1649622384433089023 393.693602 121.296857 119 48 0.000000
1649622385431231295 340.698859 143.266162 143 48 0.000000
1649622386454197504 349.836312 129.036509 132 48 0.000000
1649622387441427897 439.662969 116.487507 115 48 0.000000
1649622388455643682 412.532360 98.598344 100 48 0.000000
1649622389421896777 377.372490 134.540314 130 48 0.000000
1649622390450193868 392.896400 121.560202 125 48 0.000000
1649622391393263891 378.543555 149.511696 141 48 0.000000
1649622392417574109 351.940722 133.748541 137 48 0.000000
1649622393451496246 514.827595 90.915944 94 48 0.000000
1649622394444146954 376.183493 124.918047 124 48 0.000000
1649622395433445248 389.325163 123.319733 122 48 0.000000
1649622396453197914 330.296652 134.346306 137 48 0.000000
1649622397428255937 397.534977 118.967288 116 48 0.000000
1649622398435097735 351.672565 137.062248 138 48 0.000000
1649622399454875514 355.267474 142.187832 145 48 0.000000
1649622400463907668 362.406916 141.719972 143 48 0.000000
1649622401466344928 341.770602 122.700945 123 48 0.000000
1649622402435226409 431.529986 123.854148 120 48 0.000000
1649622403461824705 407.924441 85.719997 88 48 0.000000
1649622404455641301 466.689760 141.877293 141 48 0.000000
1649622405379592177 312.565444 127.712416 118 48 0.000000
1649622406461228096 415.971349 115.565683 125 48 0.000000
1649622407416807015 322.297927 149.647512 143 48 0.000000
1649622408394012261 379.177045 136.102423 133 48 0.000000
1649622409454118435 331.431141 130.175628 138 48 0.000000
1649622410466484398 349.667003 125.448714 127 48 0.000000
1649622411471422175 385.705853 142.297362 143 48 0.000000
1649622412460596817 358.897190 131.422699 130 48 0.000000
1649622413302268246 330.832614 135.444783 114 48 0.000000
1649622414425934411 469.164380 106.793287 120 48 0.000000
1649622415462612522 347.049622 150.480645 156 48 0.000000
