1659032197113377967 0.000000 279.994272 280 280 0.000000
1659032198113637912 0.000000 430.888001 431 711 0.000000
1659032199113878932 0.000000 447.892054 448 1159 0.000000
1659032200114066571 0.000000 449.915578 450 1609 0.000000
1659032201114245816 0.000000 448.919533 449 2058 0.000000
1659032202114485856 0.000000 440.894168 441 2499 0.000000
1659032203114652127 0.000000 435.927540 436 2935 0.000000
1659032204114781931 0.000000 439.942893 440 3375 0.000000
1659032205114988159 0.000000 440.909051 441 3816 0.000000
1659032206115216267 0.000000 445.898283 446 4262 0.000000
1659032207115427745 0.000000 450.904635 451 4713 0.000000
1659032208115623243 0.000000 433.915200 434 5147 0.000000
1659032209115763930 0.000000 441.937830 442 5589 0.000000
1659032210115941246 0.000000 442.921428 443 6032 0.000000
1659032211116186509 0.000000 446.890408 447 6479 0.000000
1659032212113740740 177.904450 453.108157 452 6931 0.000000
1659032213117135452 178.843475 441.501292 443 7375 0.000000
1659032214112278588 180.565946 450.186459 448 7822 0.000000
1659032215116476973 183.036859 436.168813 438 8260 0.000000
1659032216121027146 183.428869 426.061373 428 8689 0.000000
1659032217117564910 188.649857 428.483477 427 9115 0.000000
1659032218123439240 183.451097 428.482963 431 9546 0.000000
1659032219124303784 182.800095 445.614738 446 9992 0.000000
1659032220120149455 182.606377 442.839724 441 10433 0.000000
1659032221127086172 181.681455 439.948186 443 10876 0.000000
1659032222122726120 178.688596 447.953090 446 11322 0.000000
1659032223129420745 187.260032 428.133834 431 11754 0.000000
1659032224130555496 175.793739 447.492172 448 12201 0.000000
1659032225131634383 183.061040 436.529038 437 12638 0.000000
1659032226131503589 181.336400 446.058346 446 13084 0.000000
1659032227129221574 179.659510 442.008693 441 13525 0.000000
1659032228130275976 183.225897 437.538640 438 13964 0.000000
1659032229136355855 176.539843 453.244361 456 14419 0.000000
1659032230135972580 177.791177 448.171764 448 14868 0.000000
1659032231139481122 180.832018 444.440652 446 15313 0.000000
1659032232137856949 175.740960 457.743432 457 15771 0.000000
1659032233139257180 181.609007 439.384751 440 16211 0.000000
1659032234143416519 179.512844 446.144343 448 16658 0.000000
1659032235142981240 183.129670 433.188563 433 17091 0.000000
1659032236143755943 187.486059 431.665592 432 17523 0.000000
1659032237146286709 180.905342 441.881692 443 17966 0.000000
1659032238146005288 178.877253 442.124428 442 18408 0.000000
1659032239148004722 180.785519 440.120031 441 18849 0.000000
1659032240147786740 182.089017 438.095493 438 19289 0.000000
1659032241150267474 183.895371 432.926004 434 19722 0.000000
1659032242148579736 182.790012 443.748941 443 20164 0.000000
1659032243150051645 181.249915 441.350359 442 20608 0.000000
1659032244155397456 178.792430 451.585912 454 21060 0.000000
1659032245156188654 174.034831 455.639540 456 21516 0.000000
1659032246150927916 182.694530 437.300493 435 21951 0.000000
1659032247155941168 184.115759 444.770286 447 22398 0.000000
1659032248158387420 178.193572 441.918955 443 22841 0.000000
1659032249158276713 176.656239 451.049889 451 23294 0.000000
1659032250159425239 180.144515 439.495237 440 23733 0.000000
1659032251164375043 183.537041 437.832835 440 24172 0.000000
1659032252164953766 178.819714 449.739725 450 24624 0.000000
1659032253165769722 182.709263 436.643674 437 25059 0.000000
1659032254167529033 183.301036 442.222052 443 25502 0.000000
1659032255166780775 179.335050 444.332426 444 25946 0.000000
1659032256165267918 179.878740 438.663675 438 26384 0.000000
1659032257162221775 181.725531 447.362726 446 26831 0.000000
1659032258170700089 179.602746 447.208405 451 27282 0.000000
1659032259171659816 183.810826 430.586776 431 27713 0.000000
1659032260174499097 181.437032 442.742906 444 28157 0.000000
1659032261176796026 186.370005 431.010035 432 28588 0.000000
1659032262176412633 178.372412 442.169511 442 29030 0.000000
1659032263178526760 178.833454 449.050659 450 29481 0.000000
1659032264177511426 178.821412 449.456330 449 29929 0.000000
1659032265175198727 183.936496 433.001376 432 30361 0.000000
1659032266178990902 181.309232 438.337781 440 30801 0.000000
1659032267184131348 178.578662 451.678182 454 31256 0.000000
1659032268179493964 181.269635 447.073246 445 31701 0.000000
1659032269185518304 181.113254 438.359171 441 32141 0.000000
1659032270185835914 188.961323 421.866015 422 32563 0.000000
1659032271188374488 180.784039 441.878228 443 33006 0.000000
1659032272182216231 178.672184 451.782236 449 33456 0.000000
1659032273189835885 187.040973 426.748313 430 33886 0.000000
1659032274189927504 177.167614 447.958954 448 34333 0.000000
1659032275189680460 181.037167 443.109480 443 34776 0.000000
1659032276194376088 179.398641 441.924886 444 35220 0.000000
1659032277194440127 183.916844 435.972042 436 35657 0.000000
1659032278193354847 183.052357 443.481306 443 36099 0.000000
1659032279195724176 182.093932 425.990675 427 36527 0.000000
1659032280198820485 184.487138 438.641856 440 36968 0.000000
1659032281198512490 180.461801 443.136466 443 37409 0.000000
1659032282197571381 179.404540 452.425782 452 37863 0.000000
1659032283199852747 183.079488 437.003062 438 38301 0.000000
1659032284203032823 181.137386 434.617847 436 38735 0.000000
1659032285202412165 180.710474 450.279520 450 39185 0.000000
1659032286200246378 180.652567 440.955001 440 39625 0.000000
1659032287206064998 181.581173 435.466174 438 40064 0.000000
1659032288205036658 189.474129 429.441625 429 40492 0.000000
1659032289208854188 181.428505 442.311467 444 40938 0.000000
1659032290209412806 179.130383 434.757132 435 41371 0.000000
1659032291210278438 181.969262 449.610803 450 41821 0.000000
1659032292213755773 184.570690 426.516862 428 42249 0.000000
1659032293214236175 180.507196 444.786324 445 42695 0.000000
1659032294216178892 177.725836 447.131359 448 43143 0.000000
1659032295216422552 182.895541 445.891318 446 43588 0.000000
1659032296213409704 179.179912 442.332677 441 44032 0.000000
1659032297212934040 178.959082 446.212287 446 44475 0.000000
1659032298220660741 183.153588 433.649321 437 44912 0.000000
1659032299220758991 175.480426 451.955600 452 45365 0.000000
1659032300221166379 187.204434 430.824483 431 45795 0.000000
1659032301216639121 181.446233 448.028294 446 46241 0.000000
1659032302218768689 180.002860 441.060740 442 46683 0.000000
1659032303224064849 181.409734 446.634539 449 47133 0.000000
1659032304226721863 182.193065 434.844646 436 47568 0.000000
1659032305225367619 187.604822 424.574978 424 47993 0.000000
1659032306227577118 181.899505 445.016692 446 48438 0.000000
1659032307231393431 179.557907 442.312021 444 48882 0.000000
1659032308232688761 183.357087 432.439883 433 49316 0.000000
1659032309233839562 181.864390 441.491917 442 49757 0.000000
1659032310231548036 181.959862 441.010600 440 50197 0.000000
1659032311226357201 184.530190 431.238475 429 50627 0.000000
1659032312237099705 180.296167 442.249111 447 51075 0.000000
1659032313236748168 182.568832 437.153667 437 51511 0.000000
1659032314239420685 180.767286 444.811270 446 51956 0.000000
1659032315239647639 173.182635 463.894717 464 52421 0.000000
1659032316240063368 179.134938 449.813000 450 52870 0.000000
1659032317243699567 176.638299 452.355128 454 53324 0.000000
1659032318239543037 176.179847 448.865715 447 53771 0.000000
1659032319245361197 186.386814 436.460611 439 54211 0.000000
1659032320246725490 181.757777 438.401865 439 54650 0.000000
1659032321248042867 182.728729 438.422463 439 55089 0.000000
1659032322248550501 185.254720 425.783866 426 55514 0.000000
1659032323248252141 185.631192 429.128052 429 55944 0.000000
1659032324251092510 180.981105 450.719776 452 56395 0.000000
1659032325249170801 181.126751 438.843338 438 56833 0.000000
1659032326252498075 181.140212 440.534226 442 57275 0.000000
1659032327251450273 184.939583 435.456233 435 57711 0.000000
1659032328255863550 173.330227 455.987623 458 58170 0.000000
1659032329255705927 175.070300 450.070910 450 58618 0.000000
1659032330258179393 180.083897 456.869998 458 59077 0.000000
1659032331253904569 177.568212 451.931929 450 59528 0.000000
1659032332259426957 182.040470 434.599927 437 59963 0.000000
1659032333261627571 180.827349 442.027300 443 60407 0.000000
1659032334263011650 183.568564 436.395967 437 60843 0.000000
1659032335262537006 180.710051 441.209421 441 61285 0.000000
1659032336263832845 176.420057 452.413786 453 61737 0.000000
1659032337259484466 181.851167 443.930360 442 62179 0.000000
1659032338265583747 180.942644 439.320452 442 62623 0.000000
1659032339262231384 179.636090 442.483347 441 63062 0.000000
1659032340268899612 181.699746 448.012590 451 63513 0.000000
1659032341266530461 181.006732 441.044889 440 63953 0.000000
1659032342271665007 181.218820 431.782990 434 64388 0.000000
1659032343272837920 186.865464 431.493895 432 64821 0.000000
1659032344271948741 183.584753 439.390653 439 65258 0.000000
1659032345262745474 179.033872 449.133559 445 65704 0.000000
1659032346274916379 181.638971 438.661093 444 66147 0.000000
1659032347276253198 180.261558 444.405896 445 66592 0.000000
1659032348275310467 180.246251 441.416115 441 67034 0.000000
1659032349276510303 179.259435 445.465537 446 67479 0.000000
1659032350280401151 178.826367 448.255909 450 67929 0.000000
1659032351280005098 182.070903 442.175134 442 68371 0.000000
1659032352283469282 182.066628 431.505152 433 68804 0.000000
1659032353283202454 184.749332 442.117965 442 69246 0.000000
1659032354279492824 181.858164 442.642038 441 69687 0.000000
1659032355282369045 181.460047 437.741004 439 70126 0.000000
1659032356286502990 181.808875 436.196734 438 70567 0.000000
1659032357288639923 180.101617 444.051128 445 71009 0.000000
1659032358286542905 180.723933 443.930887 443 71452 0.000000
1659032359293520390 179.044830 443.902733 447 71899 0.000000
1659032360291495300 184.287087 436.884683 436 72335 0.000000
1659032361295983516 0.000000 436.042945 438 72773 0.000000
1659032362296180904 0.000000 444.912215 445 73218 0.000000
1659032363296352315 0.000000 431.925959 432 73650 0.000000
1659032364296509412 0.000000 436.931342 437 74087 0.000000
1659032365296630803 0.000000 445.945871 446 74533 0.000000
1659032366296812560 0.000000 441.919696 442 74975 0.000000
1659032367296952650 0.000000 437.938645 438 75413 0.000000
1659032368297085659 0.000000 439.941488 440 75853 0.000000
1659032369297292478 0.000000 436.909613 437 76290 0.000000
1659032370297475114 0.000000 450.917669 451 76741 0.000000
1659032371297610753 0.000000 441.940060 442 77183 0.000000
1659032372297700890 0.000000 443.959983 444 77627 0.000000
1659032373297873022 0.000000 433.925308 434 78061 0.000000
1659032374298013986 0.000000 437.938266 438 78499 0.000000
1659032375298201060 0.000000 427.919914 428 78927 0.000000
