1649622804325815735 145.187446 0.000000
1649622804409395944 176.706505 0.000000
1649622804409433254 176.686919 0.000000
1649622804499468465 176.761227 0.000000
1649622804675491379 176.747091 0.000000
1649622804766360153 177.305138 0.000000
1649622804852056499 176.926748 0.000000
1649622804853886530 176.678412 0.000000
1649622804854529065 177.077280 0.000000
1649622804943143933 176.751199 0.000000
1649622805118675456 176.913073 0.000000
1649622805119312220 176.670228 0.000000
1649622805296084809 176.771237 0.000000
1649622805472707867 177.264100 0.000000
1649622805707202059 144.981570 0.000000
1649622805740590643 176.593182 0.000000
1649622805829228495 176.967746 0.000000
1649622805829962440 176.771338 0.000000
1649622806094056473 177.011607 0.000000
1649622806094986476 176.633188 0.000000
1649622806272816688 176.782718 0.000000
1649622806450943346 177.371562 0.000000
1649622806537764011 176.896763 0.000000
1649622806626988102 176.901993 0.000000
1649622806723934719 145.000335 0.000000
1649622806803216610 177.144094 0.000000
1649622806901833640 144.973074 0.000000
1649622806982420508 176.986391 0.000000
1649622806983276733 176.781206 0.000000
1649622807160681638 176.944572 0.000000
1649622807246903129 176.982493 0.000000
1649622807336232948 176.705795 0.000000
1649622807337708655 177.103911 0.000000
1649622807424495114 176.866445 0.000000
1649622807603674146 176.926709 0.000000
1649622807780665214 176.989565 0.000000
1649622807870436490 177.138505 0.000000
1649622807885996340 145.135308 0.000000
1649622807958939008 176.768081 0.000000
1649622808135042423 176.897904 0.000000
1649622808136775422 176.791986 0.000000
1649622808249112271 145.012498 0.000000
1649622808301245507 145.048516 0.000000
1649622808489886656 177.028369 0.000000
1649622808539700763 145.180372 0.000000
1649622808645615425 145.083020 0.000000
1649622808666162644 176.869581 0.000000
1649622808755452618 177.084825 0.000000
1649622808830321826 145.204026 0.000000
1649622808843588899 177.024702 0.000000
1649622808846742872 176.887265 0.000000
1649622808932117155 177.201593 0.000000
1649622809377862132 176.780344 0.000000
1649622809467203642 177.050861 0.000000
1649622809552935084 177.206082 0.000000
1649622809555228434 176.823895 0.000000
1649622809589998298 145.041442 0.000000
1649622809730018677 177.080577 0.000000
1649622809820702664 177.100292 0.000000
1649622809973723397 145.077201 0.000000
1649622810173114909 177.240095 0.000000
1649622810173803079 177.066570 0.000000
1649622810263881200 177.068334 0.000000
1649622810351709413 176.911400 0.000000
1649622810352036957 176.715132 0.000000
1649622810618959313 176.627127 0.000000
1649622810647211939 145.119548 0.000000
1649622810706886050 176.937388 0.000000
1649622810796471459 176.857929 0.000000
1649622810897883137 145.111374 0.000000
1649622811009854993 177.277516 0.000000
1649622811149655911 176.892996 0.000000
1649622811283074663 145.272686 0.000000
1649622811328125621 176.889027 0.000000
1649622811416338185 176.935886 0.000000
1649622811504155728 176.937519 0.000000
1649622811541894048 177.068243 0.000000
1649622811594711435 176.979727 0.000000
1649622811646647641 145.298233 0.000000
1649622811948229092 176.781836 0.000000
1649622812036575076 176.816232 0.000000
1649622812215248639 176.953979 0.000000
1649622812340050848 177.128706 0.000000
1649622812480142531 177.824091 0.000000
1649622812682123308 144.904515 0.000000
1649622812737678238 145.176325 0.000000
1649622812835684232 176.978986 0.000000
1649622812925419079 176.938189 0.000000
1649622813076872533 145.178380 0.000000
1649622813101267266 177.385248 0.000000
1649622813174047990 145.250184 0.000000
1649622813190882609 145.091294 0.000000
1649622813192387150 176.686107 0.000000
1649622813279657387 176.911740 0.000000
1649622813369846808 177.028349 0.000000
1649622813626722118 144.953729 0.000000
1649622813723032772 177.058285 0.000000
1649622813724003843 176.992051 0.000000
1649622813730836372 144.977402 0.000000
1649622813811182989 177.005845 0.000000
1649622813813309305 176.827841 0.000000
1649622813902069977 176.828223 0.000000
1649622813990239260 176.809378 0.000000
1649622813990927821 176.915698 0.000000
1649622814062419197 144.938920 0.000000
1649622814166447481 177.016496 0.000000
1649622814166465154 176.777137 0.000000
1649622814265294471 145.244833 0.000000
1649622814425466889 145.100051 0.000000
1649622814530446357 145.087778 0.000000
1649622814610078665 176.893576 0.000000
1649622814787522324 176.687221 0.000000
1649622814966832088 177.011065 0.000000
1649622815143571304 176.929583 0.000000
1649622815501831922 145.202373 0.000000
1649622815940261455 176.712887 0.000000
1649622815982449466 144.984475 0.000000
1649622816028969007 177.098680 0.000000
1649622816068371867 177.160837 0.000000
1649622816117166703 176.904256 0.000000
1649622816207977017 176.902853 0.000000
1649622816208280386 177.166808 0.000000
1649622816383350794 176.726423 0.000000
1649622816385401759 177.288286 0.000000
1649622816385457483 177.175946 0.000000
1649622816533095754 144.965359 0.000000
1649622816561218646 177.131481 0.000000
1649622816648976989 177.087190 0.000000
1649622816648997517 177.033469 0.000000
1649622816652351836 176.953699 0.000000
1649622816917052847 176.741833 0.000000
1649622817182732901 176.797356 0.000000
1649622817360552984 176.904065 0.000000
1649622817625299712 176.873330 0.000000
1649622817716787163 176.829726 0.000000
1649622817802359187 177.058383 0.000000
1649622817802570814 177.135819 0.000000
1649622817841724918 176.838063 0.000000
1649622817982324110 176.803957 0.000000
1649622818334245364 177.125671 0.000000
1649622818422684022 145.064173 0.000000
1649622818426172692 176.729005 0.000000
1649622818557954546 145.032655 0.000000
1649622818601695328 176.767870 0.000000
1649622818779811897 176.942728 0.000000
1649622818786269823 145.240956 0.000000
1649622819032347650 145.062741 0.000000
1649622819045008757 177.163270 0.000000
1649622819139678486 145.104120 0.000000
1649622819399840827 176.811902 0.000000
1649622819487383114 176.994072 0.000000
1649622819577544111 176.865213 0.000000
1649622819578508539 176.829516 0.000000
1649622819842232728 177.021696 0.000000
1649622819876021191 145.247068 0.000000
1649622820230641979 145.050062 0.000000
1649622820374078400 176.995237 0.000000
1649622820457694306 145.126312 0.000000
1649622820462628957 176.904987 0.000000
1649622820552686750 177.018520 0.000000
1649622820553056433 176.815339 0.000000
1649622820591148564 177.729594 0.000000
1649622820748452485 145.106985 0.000000
1649622820819423326 176.673022 0.000000
1649622820905926425 176.879689 0.000000
1649622821065749338 145.106915 0.000000
1649622821083306723 176.850715 0.000000
1649622821102532156 145.090515 0.000000
1649622821260380126 177.071129 0.000000
1649622821439520494 176.973005 0.000000
1649622821528819276 177.248603 0.000000
1649622821655978212 177.100304 0.000000
1649622821705566285 176.746449 0.000000
1649622821792790736 177.369429 0.000000
1649622821884266367 177.088791 0.000000
1649622822325165259 176.949851 0.000000
1649622822327255267 177.014061 0.000000
1649622822502607032 177.059156 0.000000
1649622822503763070 176.774503 0.000000
1649622822504186523 177.163432 0.000000
1649622822592825647 176.860534 0.000000
1649622822770242174 176.755447 0.000000
1649622822808587480 177.146741 0.000000
1649622822848579587 145.292094 0.000000
1649622822858345214 177.123810 0.000000
1649622822947270542 176.939281 0.000000
1649622823125613184 176.671529 0.000000
1649622823125896546 176.779563 0.000000
1649622823214455559 176.822142 0.000000
1649622823219066773 145.142051 0.000000
1649622823391224040 176.685586 0.000000
1649622823566379237 176.714370 0.000000
1649622823654868468 176.799950 0.000000
1649622823745754394 177.009653 0.000000
1649622823834085791 176.947697 0.000000
1649622823866723961 145.345375 0.000000
1649622824009194141 177.099523 0.000000
1649622824050468518 177.168519 0.000000
1649622824098967560 177.142151 0.000000
1649622824116899407 145.013680 0.000000
1649622824186255902 177.060619 0.000000
1649622824227494982 177.025853 0.000000
1649622824277702137 176.786725 0.000000
1649622824521012295 145.197935 0.000000
1649622824540555273 176.741701 0.000000
1649622824717751626 176.987121 0.000000
1649622824720746902 176.740339 0.000000
1649622824809000853 176.889107 0.000000
1649622824896050197 177.331297 0.000000
1649622824896265370 176.928051 0.000000
1649622824897047937 176.995858 0.000000
1649622824986489495 177.009483 0.000000
1649622824988515883 145.124567 0.000000
1649622825251166078 176.890099 0.000000
1649622825339835860 176.839554 0.000000
1649622825496992204 145.154364 0.000000
1649622825517687561 177.461871 0.000000
1649622825521185339 179.052713 0.000000
1649622825609836485 177.191414 0.000000
1649622825831001978 145.237727 0.000000
1649622825860281047 145.135485 0.000000
1649622825872857846 176.747289 0.000000
1649622825960110150 176.777559 0.000000
1649622826226053669 176.903094 0.000000
1649622826315556501 176.898274 0.000000
1649622826319295180 176.746770 0.000000
1649622826491895627 176.939281 0.000000
1649622826495887972 177.020794 0.000000
1649622826673724054 177.095234 0.000000
1649622826703671247 145.221810 0.000000
1649622826846903006 176.931236 0.000000
1649622826848864604 145.192545 0.000000
1649622826939021733 176.878978 0.000000
1649622827027473776 177.053907 0.000000
1649622827113379185 176.716565 0.000000
1649622827115809030 176.786055 0.000000
1649622827201503493 176.745238 0.000000
1649622827204411645 176.936897 0.000000
1649622827294088924 176.816402 0.000000
1649622827358414777 145.278346 0.000000
1649622827378424319 176.919884 0.000000
1649622827378846501 177.068393 0.000000
1649622827468184374 176.885490 0.000000
1649622827558592634 176.623329 0.000000
1649622827644171442 177.077091 0.000000
1649622827644786986 177.157963 0.000000
1649622827824265466 176.827430 0.000000
1649622827910263169 177.271685 0.000000
1649622827910612464 176.950604 0.000000
1649622828091114994 145.126231 0.000000
1649622828442287103 176.901909 0.000000
1649622828443080831 176.883956 0.000000
1649622828620207804 176.727574 0.000000
1649622828709863473 177.050230 0.000000
1649622828745974030 145.292051 0.000000
1649622828885917635 176.922490 0.000000
1649622828886907371 176.770075 0.000000
1649622829065407097 176.811001 0.000000
1649622829240658804 176.784681 0.000000
1649622829241606551 177.073241 0.000000
1649622829419584390 144.894386 0.000000
1649622829595500363 176.812806 0.000000
1649622829597496435 176.841278 0.000000
1649622829686589942 177.010667 0.000000
1649622829862391568 176.675695 0.000000
1649622829907844510 176.849723 0.000000
1649622829952203741 177.105603 0.000000
1649622830039371195 176.977833 0.000000
1649622830041106989 176.850925 0.000000
1649622830122109277 144.976160 0.000000
1649622830127315316 144.986439 0.000000
1649622830127899842 176.926548 0.000000
1649622830395880029 176.776576 0.000000
1649622830417877077 145.119558 0.000000
1649622830572477600 176.952426 0.000000
1649622830660459221 176.722614 0.000000
1649622830661411055 176.955450 0.000000
1649622830781397405 145.377361 0.000000
1649622830924878232 177.071479 0.000000
1649622830925482344 176.738645 0.000000
1649622831060160006 177.139286 0.000000
1649622831281628217 177.039628 0.000000
1649622831457704691 176.539242 0.000000
1649622831546229300 177.082941 0.000000
1649622831991635982 176.624572 0.000000
1649622832167683852 176.680116 0.000000
1649622832235848050 145.175623 0.000000
1649622832301910619 145.253849 0.000000
1649622832343752030 176.962073 0.000000
1649622832432017563 176.882344 0.000000
1649622832592416435 145.252016 0.000000
1649622832609126612 177.107225 0.000000
1649622832615255412 145.046051 0.000000
1649622832787744390 177.043326 0.000000
1649622833055031879 176.945553 0.000000
1649622833055137277 176.901040 0.000000
1649622833278271400 177.125840 0.000000
1649622833321261515 176.806543 0.000000
1649622833321562339 177.035152 0.000000
1649622833486880654 145.020774 0.000000
1649622833586169081 176.780624 0.000000
1649622833673949155 177.138645 0.000000
1649622833675335113 176.873889 0.000000
1649622833763301365 176.835998 0.000000
1649622833850190878 144.993663 0.000000
1649622833853105312 176.726402 0.000000
1649622833939635782 177.000375 0.000000
1649622833987201424 177.165055 0.000000
1649622834029510722 176.930474 0.000000
1649622834273067793 145.235646 0.000000
1649622834472639483 176.693349 0.000000
1649622834474131210 177.001598 0.000000
1649622834625474056 145.098119 0.000000
1649622834737760812 177.005968 0.000000
1649622834784422939 176.910186 0.000000
1649622834826470196 176.731963 0.000000
1649622835004424850 176.983694 0.000000
1649622835004781559 176.780072 0.000000
1649622835005306363 176.598812 0.000000
1649622835050206398 177.083902 0.000000
1649622835092012734 177.033318 0.000000
1649622835094148237 176.856897 0.000000
1649622835180764227 176.842019 0.000000
1649622835352463015 144.847769 0.000000
1649622835447371611 176.602811 0.000000
1649622835665691138 145.038616 0.000000
1649622835893069839 177.391519 0.000000
1649622835981897025 176.855394 0.000000
1649622836006051479 145.023449 0.000000
1649622836159096764 176.998842 0.000000
1649622836202870188 177.120812 0.000000
1649622836245753031 176.849995 0.000000
1649622836335675921 177.029651 0.000000
1649622836335824669 177.021425 0.000000
1649622836336446686 177.170976 0.000000
1649622836424487578 176.879369 0.000000
1649622836425682388 176.810801 0.000000
1649622836442009676 144.968935 0.000000
1649622836689953531 176.802375 0.000000
1649622836777838741 177.054877 0.000000
1649622837045440489 176.795181 0.000000
1649622837096486425 145.097026 0.000000
1649622837221228171 177.004363 0.000000
1649622837266683917 176.908965 0.000000
1649622837327534015 145.325715 0.000000
1649622837398112418 176.883176 0.000000
1649622837577774564 177.020282 0.000000
1649622837577921419 176.833092 0.000000
1649622837666599596 176.767738 0.000000
1649622837895707048 145.045489 0.000000
1649622838019439141 177.146630 0.000000
1649622838020131579 177.353187 0.000000
1649622838040927646 145.218775 0.000000
1649622838110356675 176.705994 0.000000
1649622838197566139 176.862197 0.000000
1649622838375246369 177.060058 0.000000
1649622838640650947 176.983463 0.000000
1649622838728005503 176.948649 0.000000
1649622838819673865 176.797927 0.000000
1649622838905049109 176.971080 0.000000
1649622838906270769 176.950321 0.000000
1649622839083748930 176.734667 0.000000
1649622839085164394 176.753733 0.000000
1649622839226549851 145.032265 0.000000
1649622839260999866 176.934883 0.000000
1649622839349080012 176.915956 0.000000
1649622839567349144 145.347044 0.000000
1649622839615159395 177.062091 0.000000
1649622839616471765 177.102948 0.000000
1649622839616621355 177.098620 0.000000
1649622839970117431 176.671169 0.000000
1649622840003584452 144.904124 0.000000
1649622840019638840 145.229885 0.000000
1649622840060073834 176.824115 0.000000
1649622840060202966 176.816641 0.000000
1649622840147838798 176.656160 0.000000
1649622840150265758 177.492188 0.000000
1649622840235819417 177.052023 0.000000
1649622840236845891 176.771586 0.000000
1649622840237145102 176.663995 0.000000
1649622840415076182 176.701755 0.000000
1649622840501987727 177.159634 0.000000
1649622840504413064 176.757280 0.000000
1649622840590694087 177.376531 0.000000
1649622840679203637 177.214838 0.000000
1649622840679726016 176.865573 0.000000
1649622840767983193 176.886892 0.000000
1649622840947871034 177.039481 0.000000
1649622841092570292 145.114988 0.000000
1649622841122665893 176.957584 0.000000
1649622841125066113 176.698348 0.000000
1649622841477468087 177.297672 0.000000
1649622841568220271 176.821680 0.000000
1649622841654824720 177.354208 0.000000
1649622841655996557 176.904085 0.000000
1649622841696703822 145.050048 0.000000
1649622841745183498 176.962736 0.000000
1649622841832802699 176.905238 0.000000
1649622842011452327 176.895029 0.000000
1649622842188520829 176.773740 0.000000
1649622842188824909 176.898665 0.000000
1649622842276334726 176.712416 0.000000
1649622842278035334 176.911058 0.000000
1649622842278064950 176.700904 0.000000
1649622842454954928 177.129257 0.000000
1649622842455476405 176.918280 0.000000
1649622842544558138 176.911118 0.000000
1649622842719666507 177.334432 0.000000
1649622842785906478 145.032054 0.000000
1649622842810235969 177.240575 0.000000
1649622842931056633 145.149264 0.000000
1649622843253846434 176.728256 0.000000
1649622843341536597 176.786885 0.000000
1649622843342524840 176.835387 0.000000
1649622843342675362 176.894678 0.000000
1649622843439273937 145.081706 0.000000
1649622843519632637 177.073773 0.000000
1649622843564044447 177.047646 0.000000
1649622843607557402 176.932749 0.000000
1649622843696780149 177.146971 0.000000
1649622843784173717 177.241297 0.000000
1649622843873398658 177.107006 0.000000
1649622843873417253 177.047624 0.000000
1649622844050909110 177.061129 0.000000
1649622844140848842 176.729038 0.000000
1649622844166536829 145.330363 0.000000
1649622844582852573 177.208265 0.000000
1649622845026866303 176.738254 0.000000
1649622845028673611 176.747652 0.000000
1649622845115064199 177.047945 0.000000
1649622845381418949 177.265693 0.000000
1649622845383349137 177.182547 0.000000
1649622845403267108 145.094521 0.000000
1649622845471946633 176.766498 0.000000
1649622845472320384 145.255273 0.000000
1649622845560027629 176.677700 0.000000
1649622845599398850 145.155106 0.000000
1649622845736822890 176.969799 0.000000
1649622845744499311 145.099790 0.000000
1649622845762883887 145.043886 0.000000
1649622845780799754 176.891431 0.000000
1649622845980600073 145.031412 0.000000
1649622846092110464 176.810740 0.000000
1649622846108303491 145.095393 0.000000
1649622846447902463 176.923532 0.000000
1649622846536452780 177.150728 0.000000
1649622846544092512 145.033407 0.000000
1649622846802194991 176.906189 0.000000
1649622846889076539 177.024711 0.000000
1649622847052690900 145.058474 0.000000
1649622847222542854 145.665382 0.000000
1649622847246181109 177.081999 0.000000
1649622847335180879 177.002771 0.000000
1649622847335430016 177.192306 0.000000
1649622847423771831 176.606317 0.000000
1649622847650228643 144.930443 0.000000
1649622847689386733 176.890629 0.000000
1649622847776249917 177.039560 0.000000
1649622847804879740 145.261153 0.000000
1649622847950234499 145.352775 0.000000
1649622848132495918 176.959790 0.000000
1649622848157962851 144.856085 0.000000
1649622848220606109 176.894847 0.000000
1649622848221358510 176.784129 0.000000
1649622848310282607 177.166046 0.000000
1649622848397757507 177.348959 0.000000
1649622848398200578 176.841036 0.000000
1649622848753470218 176.795772 0.000000
1649622848842277988 177.405626 0.000000
1649622848842882411 176.971312 0.000000
1649622849195087465 176.913322 0.000000
1649622849197431109 176.798267 0.000000
1649622849285951760 176.674154 0.000000
1649622849463047624 176.481222 0.000000
1649622849914948240 145.079093 0.000000
1649622850081847519 176.781216 0.000000
1649622850172377066 176.865243 0.000000
1649622850260005183 176.729076 0.000000
1649622850336205448 144.974046 0.000000
1649622850524454260 177.116363 0.000000
1649622850525830760 176.907662 0.000000
1649622850613792574 145.399262 0.000000
1649622850613927286 176.733845 0.000000
1649622850791900666 176.686777 0.000000
1649622851056419193 176.893233 0.000000
1649622851101109526 177.064427 0.000000
1649622851323115864 176.579607 0.000000
1649622851324844254 176.727384 0.000000
1649622851370000479 145.055798 0.000000
1649622851588450471 176.774862 0.000000
1649622851943364263 176.815579 0.000000
1649622852122075846 176.862437 0.000000
1649622852533975691 145.319993 0.000000
1649622852566730287 176.656871 0.000000
1649622852742306693 176.954008 0.000000
1649622852920430104 177.103249 0.000000
1649622852920684972 176.735900 0.000000
1649622853098141352 177.455539 0.000000
1649622853098245196 176.799178 0.000000
1649622853363648041 176.707726 0.000000
1649622853538806604 176.771306 0.000000
1649622853760505797 176.943159 0.000000
1649622853807471223 177.038166 0.000000
1649622853893600642 176.936826 0.000000
1649622854173681984 144.637895 0.000000
1649622854204074051 177.558732 0.000000
1649622854339626924 176.901500 0.000000
1649622854400427518 144.897281 0.000000
1649622854428771695 177.212553 0.000000
1649622854514113056 177.149324 0.000000
1649622854693098452 177.019241 0.000000
1649622854694014009 176.631654 0.000000
1649622854694429017 176.724969 0.000000
1649622854781801095 176.689563 0.000000
1649622854870443175 177.117707 0.000000
1649622854870742265 176.727535 0.000000
1649622855136115885 177.034269 0.000000
1649622855153804655 145.088159 0.000000
1649622855223115284 177.120061 0.000000
1649622855224964581 176.740289 0.000000
1649622855313111561 176.653475 0.000000
1649622855400156325 177.040580 0.000000
1649622855533976300 177.038108 0.000000
1649622855577384317 177.225918 0.000000
1649622855755760331 177.212423 0.000000
1649622855934153627 177.350922 0.000000
1649622856098381167 145.085824 0.000000
1649622856286340829 177.104240 0.000000
1649622856376256054 176.995055 0.000000
1649622856465984651 176.839515 0.000000
1649622856467133114 176.676058 0.000000
1649622856467408049 176.897082 0.000000
1649622856819899469 176.855243 0.000000
1649622856819942439 176.802594 0.000000
1649622856910119956 176.927447 0.000000
1649622857006269570 144.887082 0.000000
1649622857042837454 177.251957 0.000000
1649622857087774779 176.758172 0.000000
1649622857176102388 176.954098 0.000000
1649622857353416752 177.313071 0.000000
1649622857353462217 177.271413 0.000000
1649622857595518293 145.080265 0.000000
1649622857797603906 177.044709 0.000000
1649622857885621714 144.948978 0.000000
1649622858030712097 145.089030 0.000000
1649622858061822230 176.872926 0.000000
1649622858206318810 144.949990 0.000000
1649622858315376514 144.922551 0.000000
1649622858374304916 177.242389 0.000000
1649622858415802272 176.800380 0.000000
1649622858504778750 176.936757 0.000000
1649622858506618599 176.633488 0.000000
1649622858592767842 176.963927 0.000000
1649622858594024187 176.709359 0.000000
1649622858682204971 176.846143 0.000000
1649622858768812465 177.004192 0.000000
1649622858772307377 177.194379 0.000000
1649622858950391054 176.966342 0.000000
1649622859035825419 176.758282 0.000000
1649622859038624987 176.783909 0.000000
1649622859172719827 177.309044 0.000000
1649622859300842012 177.161801 0.000000
1649622859478299281 176.748971 0.000000
1649622859481664219 177.034015 0.000000
1649622859657066038 176.635952 0.000000
1649622859744954714 176.762840 0.000000
1649622859841230694 144.844380 0.000000
1649622859921795580 176.840064 0.000000
1649622859922358656 176.770194 0.000000
1649622860059320279 177.113848 0.000000
1649622860100177665 176.794469 0.000000
1649622860275689891 176.950462 0.000000
1649622860353880086 144.938890 0.000000
1649622860364891960 176.936015 0.000000
1649622860502570988 177.164904 0.000000
1649622860631016858 176.872184 0.000000
1649622860631512727 176.715490 0.000000
1649622860643972225 144.864590 0.000000
1649622860719260209 176.886893 0.000000
1649622860897750848 177.026585 0.000000
1649622861165232790 176.833712 0.000000
1649622861341988246 176.755086 0.000000
1649622861695181203 176.779442 0.000000
1649622861695366691 176.855545 0.000000
1649622861766657991 145.106984 0.000000
1649622861784745750 177.001678 0.000000
1649622861878541471 145.060588 0.000000
1649622862050219820 176.671510 0.000000
1649622862050263361 176.637415 0.000000
1649622862050661217 177.043136 0.000000
1649622862096180120 144.978433 0.000000
1649622862138155122 177.115581 0.000000
1649622862140543068 176.941815 0.000000
1649622862317399123 176.855594 0.000000
1649622862347951973 145.115972 0.000000
1649622862404162219 177.270120 0.000000
1649622862494066654 176.835155 0.000000
1649622862670472706 177.031344 0.000000
1649622862759957975 177.221279 0.000000
1649622862760435089 176.919683 0.000000
1649622862848239358 177.051451 0.000000
1649622863025984228 177.051480 0.000000
1649622863027317608 177.095804 0.000000
1649622863290443866 176.928592 0.000000
1649622863291263643 176.865915 0.000000
1649622863293362377 176.729168 0.000000
1649622863293957893 176.874771 0.000000
1649622863380073605 176.780784 0.000000
1649622863427302996 177.033387 0.000000
1649622863473995641 144.808844 0.000000
1649622863646078067 176.718307 0.000000
1649622863823671224 177.761693 0.000000
1649622863873849183 144.992120 0.000000
1649622863910975425 176.843162 0.000000
1649622863982806497 145.068432 0.000000
1649622864002426318 176.872905 0.000000
1649622864563570123 145.099290 0.000000
1649622864620448744 177.199930 0.000000
1649622864622350339 176.808676 0.000000
1649622864709103095 145.531789 0.000000
1649622864799323653 176.784330 0.000000
1649622864886200562 177.093511 0.000000
1649622864886363227 177.215650 0.000000
1649622864887398668 177.002900 0.000000
1649622865108417537 145.011016 0.000000
1649622865242167729 177.162118 0.000000
1649622865419944399 176.764933 0.000000
1649622865466603592 177.398983 0.000000
1649622865773916065 176.965169 0.000000
1649622866039487576 177.213916 0.000000
1649622866039856287 177.082600 0.000000
1649622866040674521 177.359950 0.000000
1649622866198860504 144.997539 0.000000
1649622866235650725 145.162107 0.000000
1649622866394230207 176.944661 0.000000
1649622866394895104 176.813265 0.000000
1649622866751578953 176.850694 0.000000
1649622866752231366 177.071718 0.000000
1649622866840750575 177.075697 0.000000
1649622866962264528 144.975958 0.000000
1649622867015663216 177.255944 0.000000
1649622867017298632 177.008520 0.000000
1649622867107179392 177.248108 0.000000
1649622867459323293 177.092349 0.000000
1649622867460117061 177.002120 0.000000
1649622867580558984 144.951863 0.000000
1649622867636424345 177.098088 0.000000
1649622867772393869 177.178498 0.000000
1649622867816820276 177.031905 0.000000
1649622867817089110 176.725139 0.000000
1649622868168276637 176.983164 0.000000
1649622868171685107 176.706966 0.000000
1649622868343688523 145.154423 0.000000
1649622868611518969 176.863719 0.000000
1649622868611803232 176.812884 0.000000
1649622868615124619 177.347156 0.000000
1649622868615262878 176.947386 0.000000
1649622868877717184 176.928329 0.000000
1649622868881162703 176.745006 0.000000
1649622869014209789 177.122013 0.000000
1649622869147120378 177.079884 0.000000
1649622869279780107 176.932939 0.000000
1649622869652822245 144.887312 0.000000
1649622869766806643 177.501204 0.000000
1649622869854948424 176.752632 0.000000
1649622869941466861 177.359228 0.000000
1649622869942580549 177.087509 0.000000
1649622870119401997 176.763770 0.000000
1649622870210106072 176.609812 0.000000
1649622870387217205 176.813114 0.000000
1649622870475704162 176.954819 0.000000
1649622870650806098 177.129868 0.000000
1649622870651010110 176.883516 0.000000
1649622870815585773 145.344610 0.000000
1649622871007689402 176.693309 0.000000
1649622871360895543 176.997139 0.000000
1649622871362785806 176.893955 0.000000
1649622871469225770 145.327857 0.000000
1649622871496092889 177.014661 0.000000
1649622871868786453 144.963706 0.000000
1649622872117121850 177.168740 0.000000
1649622872159721313 176.637835 0.000000
1649622872160986515 176.842379 0.000000
1649622872249410323 176.825938 0.000000
1649622872294080818 176.956503 0.000000
1649622872426492993 177.074635 0.000000
1649622872604234527 176.806681 0.000000
1649622872994610019 144.885018 0.000000
1649622873044868218 176.967904 0.000000
1649622873134393383 176.879058 0.000000
1649622873135233257 176.582942 0.000000
1649622873285836786 145.013149 0.000000
1649622873400917639 176.884898 0.000000
1649622873401169311 176.906449 0.000000
1649622873490254570 176.799218 0.000000
1649622873503487238 145.020702 0.000000
1649622873623640390 176.889347 0.000000
1649622873666057060 176.899907 0.000000
1649622873721885882 145.407067 0.000000
1649622873889719933 177.437754 0.000000
1649622873932547372 176.677328 0.000000
1649622874022028014 177.388233 0.000000
1649622874085002472 145.413248 0.000000
1649622874110639054 176.682610 0.000000
1649622874287992160 177.029249 0.000000
1649622874376349925 177.228593 0.000000
1649622874731581252 176.667121 0.000000
1649622874995159556 177.113287 0.000000
1649622874997618405 176.799809 0.000000
1649622875085850015 176.899776 0.000000
1649622875087081283 177.092447 0.000000
1649622875173441524 176.850364 0.000000
1649622875174407174 176.788128 0.000000
1649622875263524002 177.073411 0.000000
1649622875538110282 145.085533 0.000000
1649622875704585846 176.936886 0.000000
1649622876061397486 177.350932 0.000000
1649622876192619703 144.825099 0.000000
1649622876237990188 177.399324 0.000000
1649622876326064621 176.849603 0.000000
1649622876327237459 176.836057 0.000000
1649622876594176754 177.104400 0.000000
1649622876768830871 176.940614 0.000000
1649622876859416682 176.692406 0.000000
1649622877123922324 176.676537 0.000000
1649622877126560831 176.673301 0.000000
1649622877303355771 176.811351 0.000000
1649622877501597178 144.821720 0.000000
1649622877747749973 177.008941 0.000000
1649622878012218876 176.822492 0.000000
1649622878227919673 145.262777 0.000000
1649622878456565438 177.026955 0.000000
1649622878544237929 177.145537 0.000000
1649622878808643103 177.370839 0.000000
1649622878881527109 145.348356 0.000000
1649622879026360339 144.832219 0.000000
1649622879165453570 176.876272 0.000000
1649622879430979274 177.302782 0.000000
1649622879432059198 177.007348 0.000000
1649622879498617486 144.891599 0.000000
1649622879520163800 176.743775 0.000000
1649622879607997772 177.018048 0.000000
1649622879679837302 145.138112 0.000000
1649622879696607410 177.039908 0.000000
1649622879897763200 145.137281 0.000000
1649622880052958516 177.283656 0.000000
1649622880138675831 176.643235 0.000000
1649622880141639087 176.639699 0.000000
1649622880152472366 144.855102 0.000000
1649622880188665360 145.350434 0.000000
1649622880297578219 145.104941 0.000000
1649622880315914173 177.237169 0.000000
1649622880318577355 176.937857 0.000000
1649622880407000575 176.828423 0.000000
1649622880496198293 176.921426 0.000000
1649622880696928575 144.930403 0.000000
1649622880761666519 176.964588 0.000000
1649622880769417772 144.963234 0.000000
1649622880850422522 176.704270 0.000000
1649622880878634932 145.128124 0.000000
1649622880987231479 145.113056 0.000000
1649622881023402058 144.765362 0.000000
1649622881026171110 176.933319 0.000000
1649622881027349389 176.925905 0.000000
1649622881116828055 176.702456 0.000000
1649622881293798304 176.969858 0.000000
1649622881423492875 144.982031 0.000000
1649622881826594554 176.671218 0.000000
1649622881915306874 177.163641 0.000000
1649622882092159111 176.891932 0.000000
1649622882179964471 177.148564 0.000000
1649622882181329049 177.137122 0.000000
1649622882356851293 177.160886 0.000000
1649622882359375545 176.945442 0.000000
1649622882447010406 176.978525 0.000000
1649622882490754292 177.105862 0.000000
1649622882512748114 145.023808 0.000000
1649622882802333453 176.815408 0.000000
1649622883245954355 176.711442 0.000000
1649622883333148799 176.852157 0.000000
1649622883421037137 176.711215 0.000000
1649622883422855276 176.683464 0.000000
1649622883423493352 176.758244 0.000000
1649622883530122649 145.085183 0.000000
1649622883598639928 177.005621 0.000000
1649622883820727699 145.140668 0.000000
1649622884132267958 176.735398 0.000000
1649622884399892627 176.988673 0.000000
1649622884530410360 177.058173 0.000000
1649622884841666636 176.694882 0.000000
1649622884983232472 145.148292 0.000000
1649622885283771936 176.981870 0.000000
1649622885455607489 145.082359 0.000000
1649622885462970382 176.683661 0.000000
1649622885551665018 176.698769 0.000000
1649622885552184622 176.866653 0.000000
1649622885730036634 176.854041 0.000000
1649622885730353909 176.785172 0.000000
1649622885818665597 176.771336 0.000000
1649622885994682528 176.665436 0.000000
1649622886171256985 176.918832 0.000000
1649622886171848033 176.900788 0.000000
1649622886215207659 177.049433 0.000000
1649622886347588476 177.287684 0.000000
1649622886526923287 177.314704 0.000000
1649622886581089622 144.999140 0.000000
1649622886799617860 145.063212 0.000000
1649622886924417844 177.139386 0.000000
1649622886969768774 177.177667 0.000000
1649622887016383704 144.830375 0.000000
1649622887058550895 176.670326 0.000000
1649622887059361485 176.863438 0.000000
1649622887234136958 145.114366 0.000000
1649622887271155861 144.888547 0.000000
1649622887323096173 177.125171 0.000000
1649622887324981146 176.744557 0.000000
1649622887379213715 145.074773 0.000000
1649622887414355726 176.864028 0.000000
1649622887588989645 176.908843 0.000000
1649622887678670280 177.106804 0.000000
1649622887767423707 176.825336 0.000000
1649622887855792403 177.079843 0.000000
1649622887946020477 177.179442 0.000000
1649622887946537065 176.614433 0.000000
1649622888032781587 144.836276 0.000000
1649622888121998092 177.227308 0.000000
1649622888124083111 176.663942 0.000000
1649622888212115108 176.925967 0.000000
1649622888389543061 177.393710 0.000000
1649622889099372838 176.687318 0.000000
1649622889303511571 144.941936 0.000000
1649622889363701758 176.907059 0.000000
1649622889453634356 176.914020 0.000000
1649622889485232384 144.924031 0.000000
1649622889521320228 145.035181 0.000000
1649622889542845722 177.092708 0.000000
1649622889542940910 177.073101 0.000000
1649622889543183174 176.687839 0.000000
1649622889557826736 144.722661 0.000000
1649622889629441233 177.019430 0.000000
1649622889811570443 144.815197 0.000000
1649622889848233657 145.331303 0.000000
1649622889896676342 177.298862 0.000000
1649622890072771168 177.099881 0.000000
1649622890517577292 177.483280 0.000000
1649622890606254326 176.716853 0.000000
1649622890695967292 176.835877 0.000000
1649622890872167446 177.088981 0.000000
1649622891051150297 176.895830 0.000000
1649622891093407978 177.250774 0.000000
1649622891119157380 144.866271 0.000000
1649622891139689903 176.828141 0.000000
1649622891228232505 176.815648 0.000000
1649622891315444714 176.798036 0.000000
1649622891492405744 176.960359 0.000000
1649622891519053831 144.925754 0.000000
1649622891672526779 176.790632 0.000000
1649622891809042126 144.886801 0.000000
1649622891936019011 176.995115 0.000000
1649622891937638406 177.361983 0.000000
1649622891990511388 144.980617 0.000000
1649622892026627355 176.858869 0.000000
1649622892115205473 176.867997 0.000000
1649622892379976813 177.080994 0.000000
1649622892381307769 176.992249 0.000000
1649622893091600343 176.910457 0.000000
1649622893180370039 176.699599 0.000000
1649622893189581217 144.819114 0.000000
1649622893370863339 144.945531 0.000000
1649622893407117896 144.973009 0.000000
1649622893479851391 145.038736 0.000000
1649622893797989638 176.787084 0.000000
1649622893800621572 176.753100 0.000000
1649622893886681770 176.842520 0.000000
1649622894065003562 176.706814 0.000000
1649622894243769115 176.703337 0.000000
1649622894278688088 144.952414 0.000000
1649622894553007017 177.492807 0.000000
1649622894595361169 177.142662 0.000000
1649622894684202551 176.868768 0.000000
1649622894773621555 177.053925 0.000000
1649622894823997907 145.400173 0.000000
1649622894859866203 145.024393 0.000000
1649622895040573485 176.991396 0.000000
1649622895129144278 176.946613 0.000000
1649622895216368288 176.945842 0.000000
1649622895219042141 176.900045 0.000000
1649622895485102427 176.953235 0.000000
1649622895659361592 176.885660 0.000000
1649622895660265366 176.862145 0.000000
1649622896015247175 176.747882 0.000000
1649622896192088421 176.740457 0.000000
1649622896193533931 176.919663 0.000000
1649622896282882533 177.009331 0.000000
1649622896371613469 176.691686 0.000000
1649622896385229575 145.210747 0.000000
1649622896385246847 144.698407 0.000000
1649622896458924761 176.759272 0.000000
1649622896639761278 144.920153 0.000000
1649622897080666958 176.772557 0.000000
1649622897169114964 176.628729 0.000000
1649622897345668409 177.694895 0.000000
1649622897434071169 177.625897 0.000000
1649622897790176403 176.831747 0.000000
1649622897947092756 145.135417 0.000000
1649622897966166744 176.829243 0.000000
1649622897968002676 176.789790 0.000000
1649622898054604159 176.683749 0.000000
1649622898143487842 176.913394 0.000000
1649622898231478898 176.979416 0.000000
1649622898418858270 144.843009 0.000000
1649622898563948303 145.089532 0.000000
1649622898676865298 176.603420 0.000000
1649622898852397751 176.824855 0.000000
1649622898940425228 177.123527 0.000000
1649622899120057996 176.786251 0.000000
1649622899207323184 176.688220 0.000000
1649622899384959531 176.756688 0.000000
1649622899472487489 145.100698 0.000000
1649622899650612573 176.816561 0.000000
1649622899690217700 145.053011 0.000000
1649622899740809007 176.694883 0.000000
1649622899828034377 176.930723 0.000000
1649622899871900244 145.001695 0.000000
1649622899916183871 176.767035 0.000000
1649622899917381486 177.012656 0.000000
1649622900093405220 177.571585 0.000000
1649622900273113622 176.671168 0.000000
1649622900358947295 176.946955 0.000000
1649622900598154960 145.013938 0.000000
1649622900626556995 177.185079 0.000000
1649622900627574543 176.729997 0.000000
1649622901069066685 177.196895 0.000000
1649622901159698672 176.776183 0.000000
1649622901336242330 176.941324 0.000000
1649622901397204897 145.041401 0.000000
1649622901423684198 177.214916 0.000000
1649622901425003692 176.701605 0.000000
1649622901425867771 176.677990 0.000000
1649622901433373663 144.926044 0.000000
1649622901515351398 177.357013 0.000000
1649622901601625297 176.890028 0.000000
1649622901602563255 177.148133 0.000000
1649622901690850246 176.643394 0.000000
1649622901780151172 176.896450 0.000000
1649622901833021006 145.304906 0.000000
1649622901956850199 177.412465 0.000000
1649622902014635570 145.114949 0.000000
1649622902444041162 177.306209 0.000000
1649622902488385645 176.848530 0.000000
1649622902577684714 177.323658 0.000000
1649622902754850119 177.030762 0.000000
1649622902756155516 176.965991 0.000000
1649622903022595162 176.716742 0.000000
1649622903031653434 144.774829 0.000000
1649622903064346674 176.882882 0.000000
1649622903110063049 176.877984 0.000000
1649622903286068709 144.942255 0.000000
1649622903464393186 177.004542 0.000000
1649622903643573517 177.194638 0.000000
1649622903649629870 145.276870 0.000000
1649622903649754865 145.249790 0.000000
1649622903831120162 144.848007 0.000000
1649622903909204317 176.888773 0.000000
1649622903996451272 176.668875 0.000000
1649622904086075080 176.921417 0.000000
1649622904352484610 176.753732 0.000000
1649622904440591405 176.742412 0.000000
1649622904617507490 176.994812 0.000000
1649622904617942175 176.916916 0.000000
1649622904703040260 145.115870 0.000000
1649622904750289238 177.266394 0.000000
1649622904848096237 145.054274 0.000000
1649622904885316375 177.475736 0.000000
1649622904973419412 177.803129 0.000000
1649622904973532844 176.940562 0.000000
1649622905060709787 176.669024 0.000000
1649622905320419898 144.770001 0.000000
1649622905414669287 177.106643 0.000000
1649622905756061228 144.745456 0.000000
1649622905792305646 145.007196 0.000000
1649622905859550070 177.226717 0.000000
1649622905938281127 145.975191 0.000000
1649622905948142064 177.404411 0.000000
1649622906048200344 145.932671 0.000000
1649622906125566444 176.878588 0.000000
1649622906228363998 145.066568 0.000000
1649622906350388229 177.154774 0.000000
1649622906392611336 177.090174 0.000000
1649622906392925114 176.809287 0.000000
1649622906393632450 176.931065 0.000000
1649622906747140715 176.774161 0.000000
1649622906747142508 176.952936 0.000000
1649622906834805971 177.071297 0.000000
1649622906923918982 176.777285 0.000000
1649622907027845855 145.029498 0.000000
1649622907368893019 176.781894 0.000000
1649622907680220128 177.053875 0.000000
1649622907812910553 176.837378 0.000000
1649622907857194313 176.973083 0.000000
1649622907900865595 177.351703 0.000000
1649622907901876139 176.787956 0.000000
1649622907987997731 177.090092 0.000000
1649622907991388898 177.215978 0.000000
1649622908078126215 176.771093 0.000000
1649622908168581353 176.585657 0.000000
1649622908255972135 176.915094 0.000000
1649622908300239705 177.045851 0.000000
1649622908343628235 177.037654 0.000000
1649622908433882796 176.792585 0.000000
1649622908434352206 176.749885 0.000000
1649622908786974240 177.024950 0.000000
1649622909052429141 176.650419 0.000000
1649622909054527565 176.867716 0.000000
1649622909321240884 176.872854 0.000000
1649622909541262651 177.155634 0.000000
1649622909586026441 177.081166 0.000000
1649622909675818153 179.724871 0.000000
1649622909828273012 145.087106 0.000000
1649622909852899801 177.052072 0.000000
1649622909900923070 144.713786 0.000000
1649622910031052595 177.109949 0.000000
1649622910119595929 176.822730 0.000000
1649622910384904985 177.251194 0.000000
1649622910563730562 177.015033 0.000000
1649622910652176051 176.813875 0.000000
1649622910739844143 177.066738 0.000000
1649622910829002139 177.079844 0.000000
1649622910845811672 145.073030 0.000000
1649622910916909591 176.878047 0.000000
1649622910918737798 176.725070 0.000000
1649622910919006101 176.895439 0.000000
1649622911005483439 176.988141 0.000000
1649622911052582857 177.106573 0.000000
1649622911063766113 145.201219 0.000000
1649622911183964360 176.864851 0.000000
1649622911185703941 176.727904 0.000000
1649622911241434359 145.159572 0.000000
1649622911273543003 177.097146 0.000000
1649622911448681558 177.040110 0.000000
1649622911714388049 176.871759 0.000000
1649622911715244925 176.794494 0.000000
1649622911895711067 145.169691 0.000000
1649622912040802211 145.090833 0.000000
1649622912157561681 176.862555 0.000000
1649622912158074182 176.839893 0.000000
1649622912185944040 145.139365 0.000000
1649622912298137279 144.846014 0.000000
1649622912335207756 177.132372 0.000000
1649622912423604504 176.912319 0.000000
1649622912514231463 176.743653 0.000000
1649622912516198240 144.835845 0.000000
1649622912600716708 176.844081 0.000000
1649622912778722246 177.474874 0.000000
1649622913135127552 176.698038 0.000000
1649622913310708696 177.241556 0.000000
1649622913576790903 177.322217 0.000000
1649622913753996023 176.947627 0.000000
1649622913755362915 176.752591 0.000000
1649622914020936606 176.878475 0.000000
1649622914021700138 176.735518 0.000000
1649622914021892328 176.828321 0.000000
1649622914286355218 176.618739 0.000000
1649622914374698898 177.275478 0.000000
1649622914376228625 177.228740 0.000000
1649622914465520762 177.073591 0.000000
1649622914476638535 144.659244 0.000000
1649622914730767052 176.780843 0.000000
1649622914907669043 176.902722 0.000000
1649622914996158223 177.069472 0.000000
1649622914997590277 176.703095 0.000000
1649622915091471448 145.073110 0.000000
1649622915174094391 177.047783 0.000000
1649622915202877244 144.924905 0.000000
1649622915262369082 176.740548 0.000000
1649622915399952551 176.981127 0.000000
1649622915439862460 176.913100 0.000000
1649622915618645375 177.118996 0.000000
1649622915710822821 144.951462 0.000000
1649622915884360754 176.789319 0.000000
1649622916000903469 144.845805 0.000000
1649622916001156613 144.709609 0.000000
1649622916150545332 176.598490 0.000000
1649622916506541523 177.009212 0.000000
1649622916681048050 176.855050 0.000000
1649622916770481843 177.047702 0.000000
1649622916948001200 176.959337 0.000000
1649622917089253096 145.089380 0.000000
1649622917391984179 177.000795 0.000000
1649622917393888679 177.045258 0.000000
1649622917479789027 176.678722 0.000000
1649622917568822920 176.838150 0.000000
1649622917834430186 177.078691 0.000000
1649622917836455793 177.048614 0.000000
1649622917924791366 144.854249 0.000000
1649622917925187368 176.663423 0.000000
1649622918101938008 176.851859 0.000000
1649622918149030892 176.977583 0.000000
1649622918190934838 176.764152 0.000000
1649622918191186340 176.579045 0.000000
1649622918434086927 145.527311 0.000000
1649622918721809763 177.225065 0.000000
1649622918812341896 176.724468 0.000000
1649622918899227459 176.956431 0.000000
1649622919125319267 176.863378 0.000000
1649622919254019792 176.882142 0.000000
1649622919343140667 177.104640 0.000000
1649622919519412937 177.056720 0.000000
1649622919520238434 177.479713 0.000000
1649622919697181932 176.830807 0.000000
1649622919778606439 145.363774 0.000000
1649622919788290304 176.839352 0.000000
1649622919962869418 177.005574 0.000000
1649622920320190922 176.951442 0.000000
1649622920406726601 176.781033 0.000000
1649622920496508526 177.338178 0.000000
1649622920583714793 176.986409 0.000000
1649622920650208950 145.053382 0.000000
1649622920851269650 177.005324 0.000000
1649622920868058183 145.066668 0.000000
1649622920940942830 145.060877 0.000000
1649622921158668833 145.308752 0.000000
1649622921204728221 176.921536 0.000000
1649622921294030637 176.937435 0.000000
1649622921521553416 144.892943 0.000000
1649622921648831475 177.220446 0.000000
1649622921649445366 176.857216 0.000000
1649622921736804522 176.732363 0.000000
1649622921737242664 176.647504 0.000000
1649622921739160529 176.720541 0.000000
1649622921913626448 176.995811 0.000000
1649622922179908322 176.665699 0.000000
1649622922181098172 176.762770 0.000000
1649622922181504685 176.739437 0.000000
1649622922357882900 176.783665 0.000000
1649622922445501970 177.263557 0.000000
1649622922447127687 176.945851 0.000000
1649622922502471220 144.884717 0.000000
1649622922674362797 177.260461 0.000000
1649622922851888677 177.523797 0.000000
1649622922888663869 176.968343 0.000000
1649622922977691129 176.849729 0.000000
1649622922980048648 176.660724 0.000000
1649622923067153005 176.653815 0.000000
1649622923243270463 177.233951 0.000000
1649622923265370814 145.264388 0.000000
1649622923423727008 176.950332 0.000000
1649622923510938863 176.663533 0.000000
1649622923689105875 176.852849 0.000000
1649622923701647096 144.850984 0.000000
1649622923953317813 177.158410 0.000000
1649622924064678192 145.112593 0.000000
1649622924137302701 145.144725 0.000000
1649622924218977139 177.325905 0.000000
1649622924270914625 177.198605 0.000000
1649622924309004292 176.985186 0.000000
1649622924500376849 145.171354 0.000000
1649622924537310719 145.058902 0.000000
1649622924645709185 145.118905 0.000000
1649622924753498078 176.825095 0.000000
1649622925019276245 176.964437 0.000000
1649622925107811572 176.948608 0.000000
1649622925190909810 145.110432 0.000000
1649622925283067376 177.091956 0.000000
1649622925284502145 176.689531 0.000000
1649622925445275629 144.587911 0.000000
1649622925549029166 176.901649 0.000000
1649622925550905894 177.125278 0.000000
1649622925550939066 176.676196 0.000000
1649622925735935691 145.177205 0.000000
1649622925779280450 176.969126 0.000000
1649622925917749419 145.055698 0.000000
1649622926081339562 177.355881 0.000000
1649622926083239083 176.732352 0.000000
1649622926244251194 144.984494 0.000000
1649622926347099765 177.198265 0.000000
1649622926525365230 176.932207 0.000000
1649622926608108399 145.205125 0.000000
1649622926703726687 176.973635 0.000000
1649622926790594317 176.881972 0.000000
1649622926791728834 177.283354 0.000000
1649622926970769132 144.679849 0.000000
1649622927006891511 145.039864 0.000000
1649622927057626596 176.985596 0.000000
1649622927146416650 176.792785 0.000000
1649622927235150283 177.363427 0.000000
1649622927235962706 176.863659 0.000000
1649622927333937908 145.118225 0.000000
1649622927588735749 177.155974 0.000000
1649622927677365113 176.956881 0.000000
1649622927678321616 176.872253 0.000000
1649622927680585580 177.001355 0.000000
1649622927856180220 176.882314 0.000000
1649622927944748492 176.982724 0.000000
1649622928209398069 177.033787 0.000000
1649622928210122938 177.058913 0.000000
1649622928300543901 176.739875 0.000000
1649622928300583696 176.752710 0.000000
1649622928475324253 177.096564 0.000000
1649622928714261661 144.778737 0.000000
1649622928741886749 176.930612 0.000000
1649622928895294864 145.146387 0.000000
1649622928919733322 177.065388 0.000000
1649622928932072675 144.924653 0.000000
1649622929061253819 177.125709 0.000000
1649622929076863042 144.837185 0.000000
1649622929076898829 144.824141 0.000000
1649622929097719952 177.104216 0.000000
1649622929185562401 145.173788 0.000000
1649622929187329224 176.798686 0.000000
1649622929274760922 176.741028 0.000000
1649622929294398127 144.840083 0.000000
1649622929362485693 176.851798 0.000000
1649622929451275276 177.130358 0.000000
1649622929542073365 176.984051 0.000000
1649622929621196999 145.114497 0.000000
1649622929717661802 176.929360 0.000000
1649622929719323848 176.931945 0.000000
1649622929806061556 177.225946 0.000000
1649622929808136736 176.768448 0.000000
1649622929808800340 177.400202 0.000000
1649622929983195149 177.132071 0.000000
1649622930251383937 176.661991 0.000000
1649622930275180669 144.813255 0.000000
1649622930384071677 145.081694 0.000000
1649622930429544945 176.844359 0.000000
1649622930481771033 177.272633 0.000000
1649622930674684459 145.117722 0.000000
1649622930695436123 176.786021 0.000000
1649622930856424489 145.078540 0.000000
1649622931138241923 176.707795 0.000000
1649622931316222154 177.143142 0.000000
1649622931316281035 177.167878 0.000000
1649622931405586267 176.996305 0.000000
1649622931493238969 176.956441 0.000000
1649622931581411246 176.853898 0.000000
1649622931759416384 177.085293 0.000000
1649622931760457726 176.897461 0.000000
1649622931846794222 177.313171 0.000000
1649622931936143686 176.725659 0.000000
1649622931982691799 145.292260 0.000000
1649622932026518632 176.879126 0.000000
1649622932203407487 176.739545 0.000000
1649622932380891928 176.886189 0.000000
1649622932467769950 176.719949 0.000000
1649622932527386943 145.117131 0.000000
1649622932556548032 177.111362 0.000000
1649622932734053252 177.263748 0.000000
1649622933178741793 176.934110 0.000000
1649622933444754088 176.855823 0.000000
1649622933712080016 176.765895 0.000000
1649622933887987711 177.364827 0.000000
1649622933980065439 144.963512 0.000000
1649622934066214463 177.148641 0.000000
1649622934067098000 176.664674 0.000000
1649622934234776828 144.893281 0.000000
1649622934330651067 177.172789 0.000000
1649622935033065626 145.113855 0.000000
1649622935130837599 176.699149 0.000000
1649622935571661424 177.071757 0.000000
1649622935574435415 176.871612 0.000000
1649622935661015157 176.861413 0.000000
1649622935759601487 144.617754 0.000000
1649622935837425015 176.914716 0.000000
1649622935927210936 176.837228 0.000000
1649622935927523862 176.863037 0.000000
1649622936017761802 176.951360 0.000000
1649622936104125068 176.978764 0.000000
1649622936337837089 177.144854 0.000000
1649622936370871339 176.815437 0.000000
1649622936372177628 176.854741 0.000000
1649622936547715610 177.017236 0.000000
1649622936558613050 144.967110 0.000000
1649622936724969339 176.917147 0.000000
1649622936812430464 144.985456 0.000000
1649622936814670032 176.605435 0.000000
1649622936815299683 176.633607 0.000000
1649622936901845219 176.874467 0.000000
1649622936902062276 176.848348 0.000000
1649622936902670035 176.631221 0.000000
1649622936992214365 176.913881 0.000000
1649622937135998317 176.924031 0.000000
1649622937169367648 177.152070 0.000000
1649622937248586928 145.082156 0.000000
1649622937257767479 176.939530 0.000000
1649622937313317569 177.316086 0.000000
1649622937345276542 177.061936 0.000000
1649622937345357093 176.852002 0.000000
1649622937435836486 176.758580 0.000000
1649622937502896363 144.823210 0.000000
1649622937539077733 145.284504 0.000000
1649622937611018093 177.016076 0.000000
1649622937700727499 176.685274 0.000000
1649622937901625705 144.961581 0.000000
1649622937966929300 177.312158 0.000000
1649622937967998084 176.958926 0.000000
1649622938056022703 177.158078 0.000000
1649622938056166883 177.016793 0.000000
1649622938232314628 176.775572 0.000000
1649622938446817739 145.066866 0.000000
1649622938676816870 176.630210 0.000000
1649622938737056241 144.827880 0.000000
1649622938854822017 176.818272 0.000000
1649622938943424130 176.872253 0.000000
1649622939031698207 176.746116 0.000000
1649622939136384465 144.852677 0.000000
1649622939462845642 144.888272 0.000000
1649622939462886329 144.570777 0.000000
1649622939563040729 176.842407 0.000000
1649622939607877494 145.029408 0.000000
1649622939740091757 176.676737 0.000000
1649622939828442609 176.819144 0.000000
1649622939828986018 177.037614 0.000000
1649622939971375206 145.317638 0.000000
1649622940095900564 177.042012 0.000000
1649622940184753187 176.821236 0.000000
1649622940185645630 176.959255 0.000000
1649622940362117734 176.897141 0.000000
1649622940551912914 144.861994 0.000000
1649622940626155467 177.060166 0.000000
1649622940628033167 177.087567 0.000000
1649622940716012272 176.820226 0.000000
1649622940804951496 176.870479 0.000000
1649622940805438399 176.730066 0.000000
1649622940981336897 176.932987 0.000000
1649622940981848887 176.782034 0.000000
1649622941060039162 144.917629 0.000000
1649622941158776734 177.416663 0.000000
1649622941248548991 177.497395 0.000000
1649622941248761650 177.779464 0.000000
1649622941337276681 176.806121 0.000000
1649622941516030521 176.837157 0.000000
1649622941691471621 176.928459 0.000000
1649622941781422953 176.926453 0.000000
1649622941860314003 144.909535 0.000000
1649622941958292852 176.715561 0.000000
1649622942005287193 144.972169 0.000000
1649622942134711294 177.140465 0.000000
1649622942313083151 177.181435 0.000000
1649622942477886578 144.899513 0.000000
1649622942489207201 177.082166 0.000000
1649622942514338033 144.978081 0.000000
1649622942549116142 177.286249 0.000000
1649622942578731372 176.864459 0.000000
1649622942579290129 176.796862 0.000000
1649622942726505324 177.387609 0.000000
1649622942804844017 145.275869 0.000000
1649622942933895470 177.056589 0.000000
1649622943201371209 176.911577 0.000000
1649622943288639521 176.737120 0.000000
1649622943377412985 177.278855 0.000000
1649622943379093084 177.083759 0.000000
1649622943532104767 145.207171 0.000000
1649622943554588808 176.717063 0.000000
1649622943555180677 176.720990 0.000000
1649622943557041155 177.545355 0.000000
1649622943790049377 176.981748 0.000000
1649622943997606194 177.119677 0.000000
1649622943998636296 177.304073 0.000000
1649622944040083096 144.997948 0.000000
1649622944443040774 176.733454 0.000000
1649622944531367019 177.033645 0.000000
1649622944587687975 177.234192 0.000000
1649622944619589330 176.919472 0.000000
1649622944709604271 177.115519 0.000000
1649622944798789438 177.021484 0.000000
1649622944973351850 177.180220 0.000000
1649622945151214250 176.765093 0.000000
1649622945151248634 176.769111 0.000000
1649622945239165264 177.081386 0.000000
1649622945330863591 176.941675 0.000000
1649622945384384075 144.886628 0.000000
1649622945475684406 177.329500 0.000000
1649622945508581438 177.716735 0.000000
1649622945638863379 145.042362 0.000000
1649622945773776921 177.097635 0.000000
1649622945863062075 176.642382 0.000000
1649622945952878875 176.814014 0.000000
1649622946040878418 176.951161 0.000000
1649622946129803707 176.921796 0.000000
1649622946217414071 176.946623 0.000000
1649622946292177340 144.772736 0.000000
1649622946306875404 177.316245 0.000000
1649622946394610683 177.055627 0.000000
1649622946572716418 176.846935 0.000000
1649622946573255369 176.668251 0.000000
1649622946655443046 145.025147 0.000000
1649622946749982151 176.881693 0.000000
1649622946927716829 176.736517 0.000000
1649622946985416018 177.185670 0.000000
1649622947284214738 176.871101 0.000000
1649622947309043464 144.943727 0.000000
1649622947458775330 176.724709 0.000000
1649622947459367029 176.825097 0.000000
1649622947461024867 176.807003 0.000000
1649622947550218016 176.783097 0.000000
1649622947636805911 176.686211 0.000000
1649622947813717589 176.909413 0.000000
1649622947814422431 176.755355 0.000000
1649622947814670155 176.972291 0.000000
1649622947962783383 144.896208 0.000000
1649622947992670613 176.674272 0.000000
1649622948256599713 177.027845 0.000000
1649622948256827129 177.176113 0.000000
1649622948345754251 177.296949 0.000000
1649622948346858241 176.697496 0.000000
1649622948398348531 145.017937 0.000000
1649622948611836257 176.985757 0.000000
1649622948670421427 177.029148 0.000000
1649622948699841851 177.173968 0.000000
1649622948724868829 145.057790 0.000000
1649622948761385017 144.957934 0.000000
1649622948788466826 176.988781 0.000000
1649622948877523292 176.922949 0.000000
1649622948879543780 176.906699 0.000000
1649622949232598602 176.979924 0.000000
1649622949323335207 176.939279 0.000000
1649622949500725371 177.157287 0.000000
1649622949560180652 144.817951 0.000000
1649622949675230427 177.097646 0.000000
1649622949677226760 176.909343 0.000000
1649622950031996237 144.925191 0.000000
1649622950119277776 176.960029 0.000000
1649622950208311547 176.888034 0.000000
1649622950209763750 176.898644 0.000000
1649622950213544698 144.835455 0.000000
1649622950467820972 145.147671 0.000000
1649622950475970359 176.747170 0.000000
1649622950563793881 177.170163 0.000000
1649622950740070558 176.965038 0.000000
1649622950828878356 177.094306 0.000000
1649622951007568969 176.839352 0.000000
1649622951154000174 177.084643 0.000000
1649622951273669329 177.058473 0.000000
1649622951303032495 145.086012 0.000000
1649622951361458758 176.943568 0.000000
1649622951362092405 176.747038 0.000000
1649622951363312272 176.789939 0.000000
1649622951419716203 176.974695 0.000000
1649622951484588990 144.734615 0.000000
1649622951715971334 176.679192 0.000000
1649622951894082089 176.942766 0.000000
1649622951895190197 177.199096 0.000000
1649622951981861159 177.281911 0.000000
1649622951982389880 177.113875 0.000000
1649622951992903810 144.944658 0.000000
1649622952159435017 176.957042 0.000000
1649622952336738519 176.817019 0.000000
1649622952339600815 176.782024 0.000000
1649622952427715023 176.908030 0.000000
1649622952780803900 176.975646 0.000000
1649622952868990274 177.100471 0.000000
1649622953046211942 177.163430 0.000000
1649622953136178785 177.354338 0.000000
1649622953403011618 176.761047 0.000000
1649622953490360670 177.008439 0.000000
