1649640555699513601 177.260689 0.000000
1649640555793469710 182.435741 0.000000
1649640555921542051 152.684248 0.000000
1649640556072222644 189.835862 0.000000
1649640556277410205 182.281361 0.000000
1649640556469045811 150.719145 0.000000
1649640556473095692 183.092331 0.000000
1649640556516300393 153.651952 0.000000
1649640556524252440 184.941428 0.000000
1649640556560202852 187.794556 0.000000
1649640556590454631 155.082685 0.000000
1649640556724649531 150.848849 0.000000
1649640556733257556 182.433877 0.000000
1649640556749410076 182.338849 0.000000
1649640556850745247 153.630874 0.000000
1649640556922003546 188.743575 0.000000
1649640556927361951 189.784536 0.000000
1649640557034242216 188.444635 0.000000
1649640557066434834 182.487647 0.000000
1649640557340302851 182.169531 0.000000
1649640557461515744 184.418867 0.000000
1649640557635560094 166.834125 0.000000
1649640557842980530 150.763097 0.000000
1649640558140373928 188.289514 0.000000
1649640558282274992 151.077206 0.000000
1649640558529321120 153.626165 0.000000
1649640558556294224 156.509901 0.000000
1649640558573461515 182.442232 0.000000
1649640558761668243 150.900365 0.000000
1649640558858374898 151.332736 0.000000
1649640559050315946 183.985376 0.000000
1649640559062853148 155.864931 0.000000
1649640559409997318 182.325925 0.000000
1649640559461915602 150.171178 0.000000
1649640559487949365 186.207621 0.000000
1649640559513733319 154.592977 0.000000
1649640559577551411 150.832127 0.000000
1649640559599523961 183.166040 0.000000
1649640559829024518 150.641921 0.000000
1649640560052454445 187.614700 0.000000
1649640560062808554 196.810006 0.000000
1649640560114122156 182.355941 0.000000
1649640560202435406 150.966528 0.000000
1649640560207794151 155.967904 0.000000
1649640560244921649 182.111662 0.000000
1649640560575240678 150.858346 0.000000
1649640560674247745 159.438681 0.000000
1649640560730230730 150.406209 0.000000
1649640560772482524 150.248373 0.000000
1649640560851276660 151.025689 0.000000
1649640560898599250 151.396685 0.000000
1649640561029627853 182.368434 0.000000
1649640561244291347 150.227062 0.000000
1649640561292469131 145.109630 0.000000
1649640561300646490 182.155295 0.000000
1649640561437781179 182.330322 0.000000
1649640561500308792 155.145322 0.000000
1649640561542212143 182.401546 0.000000
1649640561661201308 182.286851 0.000000
1649640561876153343 150.779328 0.000000
1649640561912327153 150.706000 0.000000
1649640562027842546 151.686628 0.000000
1649640562107149894 158.351964 0.000000
1649640562140850960 186.950313 0.000000
1649640562145961730 191.966115 0.000000
1649640562151314815 197.585970 0.000000
1649640562178068277 164.422053 0.000000
1649640562294448019 182.939053 0.000000
1649640562340427241 154.944886 0.000000
1649640562639474549 154.000757 0.000000
1649640562687348403 186.157477 0.000000
1649640562835716961 182.988506 0.000000
1649640562908400051 183.021087 0.000000
1649640562973985817 153.755287 0.000000
1649640562982979847 182.436402 0.000000
1649640563197920621 151.370066 0.000000
1649640563348866120 150.940290 0.000000
1649640563597662789 182.284757 0.000000
1649640563779976781 182.312259 0.000000
1649640563828443035 182.040610 0.000000
1649640563923100198 182.519468 0.000000
1649640563928363504 187.593579 0.000000
1649640564052196449 182.519348 0.000000
1649640564182878342 149.437412 0.000000
1649640564320495717 185.442497 0.000000
1649640564559759476 151.246744 0.000000
1649640565010134930 182.119056 0.000000
1649640565063142107 150.745465 0.000000
1649640565168579226 182.127853 0.000000
1649640565173193466 150.950198 0.000000
1649640565281137967 182.232860 0.000000
1649640565418293275 186.477436 0.000000
1649640565474005292 151.269457 0.000000
1649640565597926823 151.131408 0.000000
1649640565749743745 151.655410 0.000000
1649640566057222779 172.451904 0.000000
1649640566063695974 150.613136 0.000000
1649640566194004548 152.524029 0.000000
1649640566196267760 182.964222 0.000000
1649640566214313789 150.615150 0.000000
1649640566564451691 151.584969 0.000000
1649640566634115450 183.147123 0.000000
1649640566650912318 150.981537 0.000000
1649640566798594400 150.524661 0.000000
1649640566884639428 157.477745 0.000000
1649640567045792021 161.162532 0.000000
1649640567050378348 160.068030 0.000000
1649640567489725009 152.629366 0.000000
1649640567577135607 150.249414 0.000000
1649640567644169086 154.442013 0.000000
1649640567717281050 182.978639 0.000000
1649640567727704831 150.307002 0.000000
1649640567731732441 181.806441 0.000000
1649640567941012453 151.397987 0.000000
1649640567995325607 182.700195 0.000000
1649640568037116607 150.668760 0.000000
1649640568047184521 188.765366 0.000000
1649640568197820530 159.893333 0.000000
1649640568438650104 177.127430 0.000000
1649640568658373142 156.720895 0.000000
1649640568827452374 150.448949 0.000000
1649640568860094866 150.611633 0.000000
1649640569078779327 183.139960 0.000000
1649640569091081879 194.955739 0.000000
1649640569435427904 188.864712 0.000000
1649640569513126505 151.096984 0.000000
1649640569562737295 150.385961 0.000000
1649640569602837176 156.281262 0.000000
1649640569707675112 183.287687 0.000000
1649640569806028714 159.836837 0.000000
1649640569976731800 151.425409 0.000000
1649640569997948653 182.984709 0.000000
1649640570098933017 188.981542 0.000000
1649640570132761270 156.046511 0.000000
1649640570161005185 150.563223 0.000000
1649640570330937166 151.110849 0.000000
1649640570386129479 157.240840 0.000000
1649640570493372895 194.629488 0.000000
1649640570688022071 188.951034 0.000000
1649640570690173474 152.204290 0.000000
1649640570914136069 150.826296 0.000000
1649640570926897722 177.043041 0.000000
1649640571012857190 150.747899 0.000000
1649640571077371717 156.978688 0.000000
1649640571314073183 150.766273 0.000000
1649640571385766167 150.288167 0.000000
1649640571457658666 150.142034 0.000000
1649640571754616296 151.001173 0.000000
1649640571787411423 189.226580 0.000000
1649640571875824130 189.970926 0.000000
1649640571915680925 160.551136 0.000000
1649640572066312306 150.628836 0.000000
1649640572144677076 151.129203 0.000000
1649640572149967504 156.426674 0.000000
1649640572354193040 182.768293 0.000000
1649640572445917395 150.484846 0.000000
1649640572785397186 154.553172 0.000000
1649640572864686681 182.761300 0.000000
1649640573106813888 182.420522 0.000000
1649640573391316210 151.290756 0.000000
1649640573457483977 150.329825 0.000000
1649640573686681095 150.208137 0.000000
1649640573718685380 193.388994 0.000000
1649640573791822721 171.688313 0.000000
1649640574027754875 191.360891 0.000000
1649640574102238390 158.108857 0.000000
1649640574281920339 150.017370 0.000000
1649640574319205983 196.786191 0.000000
1649640574344149683 164.903776 0.000000
1649640574389402562 162.964038 0.000000
1649640574508473120 185.561039 0.000000
1649640574603521115 183.186678 0.000000
1649640574639964009 150.600543 0.000000
1649640574792066488 188.544481 0.000000
1649640574809408537 153.379031 0.000000
1649640575000195652 189.798862 0.000000
1649640575179474455 145.182316 0.000000
1649640575242035080 183.542084 0.000000
1649640575362692552 158.104600 0.000000
1649640575363681115 216.373018 0.000000
1649640575392957857 183.909964 0.000000
1649640575453205285 161.970737 0.000000
1649640575594451543 182.796848 0.000000
1649640575606710001 195.143251 0.000000
1649640575645365404 155.733685 0.000000
1649640575687421222 161.956270 0.000000
1649640575692549595 160.535286 0.000000
1649640575845781250 153.227818 0.000000
1649640575883727032 183.313215 0.000000
1649640575923882186 153.021881 0.000000
1649640575990661409 183.197860 0.000000
1649640576034714109 182.440238 0.000000
1649640576040914472 186.293211 0.000000
1649640576085418198 182.894740 0.000000
1649640576319291613 158.747194 0.000000
1649640576334789495 182.684627 0.000000
1649640576351091744 177.027312 0.000000
1649640576475285115 155.974136 0.000000
1649640576635628812 194.686996 0.000000
1649640576775140277 150.640247 0.000000
1649640577020182017 189.036144 0.000000
1649640577050023818 182.644461 0.000000
1649640577400318263 189.256877 0.000000
1649640577418222937 190.685495 0.000000
1649640577546772142 151.121709 0.000000
1649640577718213082 187.664482 0.000000
1649640578013960614 153.225273 0.000000
1649640578169351547 150.214760 0.000000
1649640578320575458 150.327592 0.000000
1649640578364696066 183.436917 0.000000
1649640578398084054 156.104521 0.000000
1649640578475794889 182.788813 0.000000
1649640578642466268 182.894550 0.000000
1649640578678999212 159.911397 0.000000
1649640578682614640 150.695501 0.000000
1649640579062284250 150.458325 0.000000
1649640579196214954 150.103040 0.000000
1649640579282133325 182.452953 0.000000
1649640579362059633 150.359601 0.000000
1649640579387238393 198.717883 0.000000
1649640579399936887 156.190121 0.000000
1649640579557749850 151.052841 0.000000
1649640579613986941 150.491268 0.000000
1649640579730519801 150.306271 0.000000
1649640579983302923 182.816434 0.000000
1649640580088729243 177.150953 0.000000
1649640580229448022 150.520613 0.000000
1649640580264652525 145.023568 0.000000
1649640580271949314 183.218257 0.000000
1649640580386893065 182.646075 0.000000
1649640580426504189 153.126548 0.000000
1649640580533609386 153.420188 0.000000
1649640580673562519 185.875739 0.000000
1649640580704977319 183.749392 0.000000
1649640580733131096 188.349847 0.000000
1649640581013681449 160.173087 0.000000
1649640581061307448 167.418920 0.000000
1649640581177446510 151.957757 0.000000
1649640581405346898 155.325270 0.000000
1649640581449494276 183.081591 0.000000
1649640581499857455 152.243142 0.000000
1649640581513413898 182.890012 0.000000
1649640581558976168 153.627557 0.000000
1649640581637054592 199.755237 0.000000
1649640581743964964 183.420135 0.000000
1649640581769262376 188.614833 0.000000
1649640581826741395 183.338091 0.000000
1649640581859752176 154.209417 0.000000
1649640582089434794 186.115097 0.000000
1649640582095019844 150.625870 0.000000
1649640582119858307 186.042272 0.000000
1649640582134300258 187.516273 0.000000
1649640582529933815 151.966753 0.000000
1649640582674833000 156.938082 0.000000
1649640582825181691 150.346406 0.000000
1649640583022881264 182.667484 0.000000
1649640583028884298 188.591199 0.000000
1649640583253911208 188.184546 0.000000
1649640583325529843 188.842280 0.000000
1649640583366781373 151.554141 0.000000
1649640583451100676 162.870063 0.000000
1649640583462917066 183.046737 0.000000
1649640583715880156 153.172855 0.000000
1649640583921885870 163.117877 0.000000
1649640583981746474 183.540101 0.000000
1649640584014140769 151.152738 0.000000
1649640584017899976 150.737980 0.000000
1649640584072462739 156.765580 0.000000
1649640584270539709 188.401654 0.000000
1649640584371310892 144.842639 0.000000
1649640584383536811 151.028545 0.000000
1649640584525997405 183.158065 0.000000
1649640584758239792 183.469067 0.000000
1649640584763831283 189.023570 0.000000
1649640584803648975 188.967204 0.000000
1649640584812692468 183.578242 0.000000
1649640585036329603 153.510669 0.000000
1649640585048912361 156.788814 0.000000
1649640585166473078 183.149358 0.000000
1649640585209171700 190.018876 0.000000
1649640585363739750 197.258737 0.000000
1649640585425887290 154.651566 0.000000
1649640585582817408 150.176908 0.000000
1649640585658973619 183.241822 0.000000
1649640585722170527 150.790188 0.000000
1649640585758952377 182.352073 0.000000
1649640585813054435 182.815312 0.000000
1649640585879004444 150.717081 0.000000
1649640585918688375 182.362545 0.000000
1649640585930855384 183.223688 0.000000
1649640586004507930 155.553827 0.000000
1649640586170592530 166.082155 0.000000
1649640586189115552 171.574269 0.000000
1649640586228611270 187.630498 0.000000
1649640586283569634 188.054724 0.000000
1649640586363288854 174.171338 0.000000
1649640586365380605 247.015790 0.000000
1649640586369948357 174.746456 0.000000
1649640586496042822 149.951125 0.000000
1649640586567725307 150.794166 0.000000
1649640586737981235 150.646719 0.000000
1649640586888888612 151.275618 0.000000
1649640586977550516 183.088805 0.000000
1649640587118148148 150.990173 0.000000
1649640587254661453 183.330858 0.000000
1649640587413361098 157.169808 0.000000
1649640587554319856 153.912542 0.000000
1649640587709807951 150.541602 0.000000
1649640587991796852 187.778296 0.000000
1649640588060786929 151.433093 0.000000
1649640588273107761 192.673912 0.000000
1649640588298855177 154.819792 0.000000
1649640588395363369 189.542142 0.000000
1649640588401485786 152.440983 0.000000
1649640588522131536 150.637432 0.000000
1649640588578223706 182.858433 0.000000
1649640588594330549 150.820945 0.000000
1649640588745873058 150.902609 0.000000
1649640588828832552 188.041619 0.000000
1649640588884741508 182.405494 0.000000
1649640588979248960 182.786879 0.000000
1649640589108749949 156.822717 0.000000
1649640589298708993 185.314096 0.000000
1649640589301969785 188.559520 0.000000
1649640589333570443 182.764888 0.000000
1649640589378805791 160.902886 0.000000
1649640589441583502 182.182225 0.000000
1649640589507585428 150.850651 0.000000
1649640589625384011 183.055843 0.000000
1649640589662725400 182.841791 0.000000
1649640589756947467 182.627119 0.000000
1649640589957576051 182.669648 0.000000
1649640590077764704 187.511685 0.000000
1649640590346125117 187.776842 0.000000
1649640590352249157 185.965678 0.000000
1649640590439638785 155.852658 0.000000
1649640590452436125 188.643216 0.000000
1649640590474907580 183.006250 0.000000
1649640590508177437 154.293205 0.000000
1649640590552183420 183.765413 0.000000
1649640590723906378 182.809943 0.000000
1649640590810086790 156.290018 0.000000
1649640590967418010 150.565998 0.000000
1649640591022269173 151.000402 0.000000
1649640591030710046 150.173060 0.000000
1649640591117752554 150.331919 0.000000
1649640591123488487 155.465933 0.000000
1649640591189650633 193.857992 0.000000
1649640591203591476 182.136349 0.000000
1649640591274506372 151.016342 0.000000
1649640591375017668 182.733408 0.000000
1649640591532459485 182.780686 0.000000
1649640591539118639 150.423040 0.000000
1649640591642048198 182.508025 0.000000
1649640591748303221 192.786943 0.000000
1649640591931511170 149.916020 0.000000
1649640592203483093 151.105410 0.000000
1649640592276304833 183.813504 0.000000
1649640592318375107 150.738561 0.000000
1649640592341148858 151.150063 0.000000
1649640592473936509 182.513155 0.000000
1649640592662387445 156.582816 0.000000
1649640592861531126 156.821404 0.000000
1649640592867653984 162.208062 0.000000
1649640593080361541 187.827257 0.000000
1649640593114926856 162.932720 0.000000
1649640593199356377 156.556078 0.000000
1649640593199449151 156.672596 0.000000
1649640593361928461 161.952302 0.000000
1649640593506376791 150.558224 0.000000
1649640593533318265 150.508931 0.000000
1649640593560346792 155.865552 0.000000
1649640593644458726 187.752186 0.000000
1649640593738532124 194.023302 0.000000
1649640593846597080 150.575476 0.000000
1649640593897940548 151.369364 0.000000
1649640593952573532 182.947671 0.000000
1649640594016671478 182.567847 0.000000
1649640594168515853 150.991726 0.000000
1649640594287962605 182.579008 0.000000
1649640594389398675 154.624185 0.000000
1649640594437394518 150.308886 0.000000
1649640594473578307 150.567000 0.000000
1649640594604210006 154.304535 0.000000
1649640594671273442 189.163713 0.000000
1649640594692298946 150.016107 0.000000
1649640594989915672 192.337823 0.000000
1649640595040394198 187.110713 0.000000
1649640595214361233 188.405270 0.000000
1649640595452151770 151.381447 0.000000
1649640595457988993 157.303478 0.000000
1649640595638548827 183.209020 0.000000
1649640595766813128 151.293541 0.000000
1649640595998267218 149.867990 0.000000
1649640596096492008 187.366324 0.000000
1649640596241755405 164.653375 0.000000
1649640596279491194 182.997252 0.000000
1649640596285825518 188.712416 0.000000
1649640596344240462 157.288180 0.000000
1649640596480327037 182.884331 0.000000
1649640596544223115 156.701731 0.000000
1649640596574330965 150.800619 0.000000
1649640596628058211 167.858314 0.000000
1649640596734956059 183.101277 0.000000
1649640596891989281 189.398614 0.000000
1649640597021444665 150.162391 0.000000
1649640597075469089 183.478406 0.000000
1649640597092960567 150.781181 0.000000
1649640597293358439 154.757906 0.000000
1649640597367896717 189.097939 0.000000
1649640597550945797 183.047778 0.000000
1649640597748275477 189.054859 0.000000
1649640597754451665 190.480621 0.000000
1649640597758494373 150.247912 0.000000
1649640597854288096 156.512785 0.000000
1649640597882458103 150.590794 0.000000
1649640597968368679 182.992725 0.000000
1649640598049888083 161.053568 0.000000
1649640598075350575 159.237534 0.000000
1649640598209061517 185.620631 0.000000
1649640598274949520 150.348731 0.000000
1649640598329420990 183.664242 0.000000
1649640598429459109 153.590397 0.000000
1649640598486682830 188.847289 0.000000
1649640598814084841 153.292408 0.000000
1649640598833714729 150.036084 0.000000
1649640598943923515 150.696884 0.000000
1649640598950478302 182.779114 0.000000
1649640598986620744 156.613524 0.000000
1649640599006585950 150.589081 0.000000
1649640599045426490 189.309376 0.000000
1649640599156608991 150.021648 0.000000
1649640599214788342 155.566652 0.000000
1649640599228465171 183.037749 0.000000
1649640599411781952 183.315099 0.000000
1649640599492428190 150.209169 0.000000
1649640599512901870 152.451553 0.000000
1649640599532377438 182.964702 0.000000
1649640599594975583 183.192640 0.000000
1649640599796984725 185.977859 0.000000
1649640600126688301 211.563953 0.000000
1649640600138492850 150.012971 0.000000
1649640600217473815 150.204991 0.000000
1649640600295912125 150.499503 0.000000
1649640600338749076 152.686252 0.000000
1649640600353085761 189.501326 0.000000
1649640600403844522 182.907273 0.000000
1649640600531652208 150.152442 0.000000
1649640600806156609 149.937520 0.000000
1649640600897103927 188.927410 0.000000
1649640600918660397 152.536393 0.000000
1649640600957845231 150.528899 0.000000
1649640600974264160 183.666367 0.000000
1649640601011775117 155.168215 0.000000
1649640601151210259 156.247899 0.000000
1649640601181664698 183.759762 0.000000
1649640601336917071 182.919147 0.000000
1649640601386201519 156.568950 0.000000
1649640601488353752 189.855399 0.000000
1649640601583623412 183.264173 0.000000
1649640601778652289 189.137623 0.000000
1649640601872997557 154.740704 0.000000
1649640601909457223 182.958430 0.000000
1649640602023644968 150.645087 0.000000
1649640602108393305 156.619455 0.000000
1649640602323564119 154.541050 0.000000
1649640602509703001 160.897966 0.000000
1649640602587499037 166.237004 0.000000
1649640602702789568 150.893612 0.000000
1649640602817672565 198.420946 0.000000
1649640602924062732 150.546321 0.000000
1649640602960968645 183.439473 0.000000
1649640603006211757 182.598546 0.000000
1649640603079746304 155.680696 0.000000
1649640603085055496 159.863096 0.000000
1649640603134095946 151.180830 0.000000
1649640603236728359 150.168723 0.000000
1649640603330760249 183.133307 0.000000
1649640603355257802 182.875595 0.000000
1649640603373855685 157.359202 0.000000
1649640603399442359 150.328512 0.000000
1649640603608250687 182.851619 0.000000
1649640603765591695 185.401589 0.000000
1649640603791834650 159.633546 0.000000
1649640603838350077 164.877356 0.000000
1649640604005578841 193.974220 0.000000
1649640604087430518 188.390323 0.000000
1649640604087466436 188.465104 0.000000
1649640604229933852 156.634444 0.000000
1649640604567784700 150.637934 0.000000
1649640604585382188 150.197417 0.000000
1649640604762801465 150.444380 0.000000
1649640604776261867 182.776950 0.000000
1649640604815914760 150.394387 0.000000
1649640604900073843 182.776950 0.000000
1649640604980617969 183.312123 0.000000
1649640605048000944 182.441281 0.000000
1649640605436235942 183.118210 0.000000
1649640605687701763 183.261338 0.000000
1649640605736699073 155.997680 0.000000
1649640605887643972 150.942534 0.000000
1649640605966899202 190.404478 0.000000
1649640605970822355 150.635618 0.000000
1649640606042319763 154.673819 0.000000
1649640606069689550 183.212957 0.000000
1649640606423592540 190.230883 0.000000
1649640606676594753 183.031608 0.000000
1649640606895588073 183.215513 0.000000
1649640606967805671 189.071390 0.000000
1649640607239870508 183.301985 0.000000
1649640607259648273 185.916436 0.000000
1649640607332108205 164.005722 0.000000
1649640607338703859 187.305028 0.000000
1649640607462401710 167.665312 0.000000
1649640607492891346 177.104116 0.000000
1649640607591796922 155.944530 0.000000
1649640607832205117 151.324901 0.000000
1649640607853202558 183.034413 0.000000
1649640608055357443 150.566880 0.000000
1649640608081107234 183.216494 0.000000
1649640608103737275 145.055298 0.000000
1649640608352979019 183.250037 0.000000
1649640608431216150 187.789977 0.000000
1649640608497159656 150.484735 0.000000
1649640608526007754 187.531832 0.000000
1649640608589430335 158.243730 0.000000
1649640608620820679 189.603918 0.000000
1649640608633408456 191.440901 0.000000
1649640608761985513 150.765091 0.000000
1649640608892279349 182.899991 0.000000
1649640609020844606 182.739400 0.000000
1649640609075519999 183.238926 0.000000
1649640609115500095 183.428411 0.000000
1649640609282927611 150.881720 0.000000
1649640609433793151 150.862103 0.000000
1649640609491192390 157.070902 0.000000
1649640609491362379 157.227135 0.000000
1649640609764827851 150.745434 0.000000
1649640609862906117 183.006360 0.000000
1649640610083992451 183.050793 0.000000
1649640610103528533 186.374524 0.000000
1649640610168038733 150.820075 0.000000
1649640610189168963 199.487826 0.000000
1649640610213096316 153.164719 0.000000
1649640610437591901 151.957927 0.000000
1649640610451071410 150.947984 0.000000
1649640610519491358 182.910881 0.000000
1649640610758954100 150.599991 0.000000
1649640610838861604 151.071566 0.000000
1649640610865895100 156.578429 0.000000
1649640610989099436 150.234496 0.000000
1649640611026106138 191.193377 0.000000
1649640611075334440 183.446205 0.000000
1649640611132321588 163.065860 0.000000
1649640611210681860 150.892300 0.000000
1649640611445547915 155.030938 0.000000
1649640611652928807 151.127901 0.000000
1649640611681442638 156.863904 0.000000
1649640611711569063 150.843669 0.000000
1649640611873990615 182.775959 0.000000
1649640611880754033 189.571227 0.000000
1649640612218663181 150.969143 0.000000
1649640612224473223 156.796718 0.000000
1649640612381734181 156.380668 0.000000
1649640612388649033 150.952372 0.000000
1649640612530332570 182.945545 0.000000
1649640612588896153 151.686078 0.000000
1649640612756901622 157.002693 0.000000
1649640612975869645 182.949513 0.000000
1649640613031223440 151.309521 0.000000
1649640613048130614 151.651312 0.000000
1649640613064844285 156.480655 0.000000
1649640613463073417 156.216990 0.000000
1649640613529814889 187.356664 0.000000
1649640613709873914 151.377079 0.000000
1649640613765564521 150.923828 0.000000
1649640613865037731 203.870651 0.000000
1649640613876459001 150.755193 0.000000
1649640613997661365 195.310415 0.000000
1649640614104440451 150.939037 0.000000
1649640614206915057 150.875057 0.000000
1649640614374608232 188.243999 0.000000
1649640614385902384 186.000956 0.000000
1649640614474827652 150.777275 0.000000
1649640614492447160 150.918969 0.000000
1649640614607913341 186.940605 0.000000
1649640614655844351 150.556210 0.000000
1649640614892471207 151.247035 0.000000
1649640614935163748 157.788968 0.000000
1649640615141455248 183.338193 0.000000
1649640615201207589 150.422549 0.000000
1649640615215392068 188.330049 0.000000
1649640615314265995 192.496139 0.000000
1649640615436711099 183.217386 0.000000
1649640615576060651 183.318696 0.000000
1649640615645104128 151.117040 0.000000
1649640615869338503 144.840005 0.000000
1649640615904479007 183.546763 0.000000
1649640616054152331 183.257029 0.000000
1649640616155170157 189.144357 0.000000
1649640616410331247 187.363548 0.000000
1649640616454820436 183.157844 0.000000
1649640616540946757 151.055666 0.000000
1649640616584147089 145.136680 0.000000
1649640616625305583 156.851230 0.000000
1649640616779840952 183.257341 0.000000
1649640616910962140 183.512790 0.000000
1649640617341839544 150.741928 0.000000
1649640617410509712 156.806687 0.000000
1649640617412408381 182.740031 0.000000
1649640617434834992 183.145392 0.000000
1649640617543489292 162.733506 0.000000
1649640617567132062 150.644886 0.000000
1649640617585564575 182.898607 0.000000
1649640617985307385 183.214481 0.000000
1649640618036576524 150.461602 0.000000
1649640618164004718 155.666309 0.000000
1649640618307816505 161.088314 0.000000
1649640618343941654 160.765618 0.000000
1649640618472517600 145.250934 0.000000
1649640618581363901 186.378692 0.000000
1649640618691084150 159.630299 0.000000
1649640618763791546 182.425250 0.000000
1649640618834689981 151.068040 0.000000
1649640618889748281 183.015275 0.000000
1649640618920619602 150.642001 0.000000
1649640619042813174 182.790215 0.000000
1649640619140359663 154.832957 0.000000
1649640619330590956 193.363074 0.000000
1649640619370311656 157.378599 0.000000
1649640619513302113 182.738067 0.000000
1649640619578825051 155.480370 0.000000
1649640619729818450 151.006443 0.000000
1649640619874018865 182.822234 0.000000
1649640619880544689 150.406078 0.000000
1649640619884601233 182.943853 0.000000
1649640620030605420 150.058196 0.000000
1649640620087269311 187.394106 0.000000
1649640620200013368 156.722939 0.000000
1649640620320714432 156.541179 0.000000
1649640620441264754 156.325726 0.000000
1649640620643869853 182.325293 0.000000
1649640620788790758 182.568759 0.000000
1649640620844456759 183.020025 0.000000
1649640620971746634 182.936479 0.000000
1649640620990304111 182.931360 0.000000
1649640621098635728 188.592251 0.000000
1649640621132925817 153.186199 0.000000
1649640621211530458 163.012870 0.000000
1649640621217558849 162.908956 0.000000
1649640621429332635 151.098466 0.000000
1649640621466770776 182.905801 0.000000
1649640621744957850 151.160131 0.000000
1649640621748333267 183.025745 0.000000
1649640621754506610 182.601862 0.000000
1649640622047801314 157.344406 0.000000
1649640622204948950 157.145703 0.000000
1649640622319636261 151.025470 0.000000
1649640622632455234 192.598441 0.000000
1649640622726560873 182.633381 0.000000
1649640622915664774 188.956134 0.000000
1649640622915693468 156.483752 0.000000
1649640623107776302 189.114300 0.000000
1649640623233766681 150.737920 0.000000
1649640623286304387 150.142033 0.000000
1649640623408309074 173.404200 0.000000
1649640623413572291 177.956384 0.000000
1649640623461296614 154.924137 0.000000
1649640623499171383 149.686719 0.000000
1649640623654775495 150.212145 0.000000
1649640623666016277 182.528834 0.000000
1649640623802279484 157.549809 0.000000
1649640623926904693 150.197226 0.000000
1649640623977137909 161.117247 0.000000
1649640624058836189 188.481252 0.000000
1649640624065025732 194.617255 0.000000
1649640624171146874 150.421337 0.000000
1649640624205400366 154.650485 0.000000
1649640624212058186 161.353811 0.000000
1649640624293753951 154.297202 0.000000
1649640624322043743 150.894835 0.000000
1649640624332989201 185.374300 0.000000
1649640624372531196 150.290111 0.000000
1649640624523799380 150.733111 0.000000
1649640624548432637 182.903697 0.000000
1649640624657289388 150.205472 0.000000
1649640624808326970 150.175917 0.000000
1649640625098385758 150.180115 0.000000
1649640625161027746 154.647729 0.000000
1649640625176833144 182.450178 0.000000
1649640625255781258 150.101016 0.000000
1649640625271329334 188.726002 0.000000
1649640625327396406 155.901159 0.000000
1649640625466828023 188.682260 0.000000
1649640625840714663 149.830158 0.000000
1649640626003607608 155.534441 0.000000
1649640626034476274 195.331885 0.000000
1649640626049912641 150.136764 0.000000
1649640626128317457 182.190831 0.000000
1649640626139914998 193.700838 0.000000
1649640626162963744 154.518017 0.000000
1649640626361406501 153.047080 0.000000
1649640626552455127 191.087959 0.000000
1649640626574455529 156.308563 0.000000
1649640626698380887 191.352936 0.000000
1649640626791562273 202.227341 0.000000
1649640626970311873 150.207606 0.000000
1649640627048784315 150.574884 0.000000
1649640627074027586 150.292585 0.000000
1649640627126527331 156.212733 0.000000
1649640627277177117 150.608899 0.000000
1649640627553101348 182.696279 0.000000
1649640627659170143 150.144188 0.000000
1649640628114118560 181.936355 0.000000
1649640628301258709 185.856182 0.000000
1649640628449843653 150.415916 0.000000
1649640628501985678 165.714796 0.000000
1649640628768188736 187.337630 0.000000
1649640629015929215 150.567040 0.000000
1649640629082320451 182.413237 0.000000
1649640629371939886 182.711718 0.000000
1649640629501785983 150.613527 0.000000
1649640629620479844 182.833035 0.000000
1649640629820132489 182.117855 0.000000
1649640630004111412 151.191290 0.000000
1649640630104068149 150.512077 0.000000
1649640630270367740 166.297288 0.000000
1649640630355643697 173.043524 0.000000
1649640630390661741 182.419730 0.000000
1649640630441662537 155.922109 0.000000
1649640630579655315 187.890145 0.000000
1649640630603221291 182.550265 0.000000
1649640630644458983 151.257152 0.000000
1649640630797489623 150.932095 0.000000
1649640630965530580 154.727510 0.000000
1649640631116238132 150.705458 0.000000
1649640631122143292 150.598278 0.000000
1649640631237926156 195.925407 0.000000
1649640631371600840 182.869643 0.000000
1649640631467162558 155.779942 0.000000
1649640631559291702 187.289610 0.000000
1649640631635429608 150.371303 0.000000
1649640631690450249 150.575586 0.000000
1649640631920091289 183.179996 0.000000
1649640631947659338 154.812209 0.000000
1649640631964137878 150.314737 0.000000
1649640632153780027 182.884972 0.000000
1649640632187658676 150.895085 0.000000
1649640632214273206 155.696556 0.000000
1649640632308813049 182.405404 0.000000
1649640632341967389 154.306439 0.000000
1649640632347368244 187.482591 0.000000
1649640632437813701 150.725737 0.000000
1649640632550843745 154.629425 0.000000
1649640632588694980 150.879996 0.000000
1649640632618340783 182.286922 0.000000
1649640632677316098 185.572050 0.000000
1649640632749826684 182.805283 0.000000
1649640632795539757 150.886859 0.000000
1649640632821923606 150.083083 0.000000
1649640632909577671 150.096809 0.000000
1649640633022209938 182.401707 0.000000
1649640633025008946 151.493437 0.000000
1649640633123502560 156.071819 0.000000
1649640633215121026 153.368101 0.000000
1649640633215983733 182.529366 0.000000
1649640633602289133 161.090647 0.000000
1649640633663297308 154.114259 0.000000
1649640633813454390 150.155308 0.000000
1649640633868525084 189.399094 0.000000
1649640633958882777 164.503775 0.000000
1649640633962138269 194.373409 0.000000
1649640634151952331 182.144214 0.000000
1649640634185921048 150.696132 0.000000
1649640634190974751 155.681708 0.000000
1649640634222587532 182.452271 0.000000
1649640634481760753 150.124991 0.000000
1649640634527546933 186.908946 0.000000
1649640634644329641 152.754750 0.000000
1649640634722122470 155.544189 0.000000
1649640634977005619 182.744259 0.000000
1649640635080400421 160.589097 0.000000
1649640635118620638 185.442687 0.000000
1649640635222543199 161.154798 0.000000
1649640635228444642 166.816722 0.000000
1649640635337375491 182.796476 0.000000
1649640635401738264 157.059260 0.000000
1649640635528380796 184.840128 0.000000
1649640635623916465 182.783352 0.000000
1649640635636492239 168.543379 0.000000
1649640635823035310 149.815131 0.000000
1649640635939415523 150.330566 0.000000
1649640636247622672 150.797001 0.000000
1649640636308212633 150.743131 0.000000
1649640636343541199 269.868299 0.000000
1649640636392864019 150.763538 0.000000
1649640636458493416 150.278558 0.000000
1649640636626408297 155.381616 0.000000
1649640636631513276 193.274529 0.000000
1649640636733113854 182.486034 0.000000
1649640636821997273 190.481512 0.000000
1649640636844673672 187.531653 0.000000
1649640636896789858 150.370701 0.000000
1649640637004431381 182.166065 0.000000
1649640637167771043 150.684560 0.000000
1649640637275538352 150.292635 0.000000
1649640637278957051 184.428957 0.000000
1649640637382615667 182.492536 0.000000
1649640637443220085 151.115518 0.000000
1649640637542559946 182.244432 0.000000
1649640637781412794 194.159066 0.000000
1649640638033194249 150.683739 0.000000
1649640638062036065 156.763175 0.000000
1649640638115893785 150.927837 0.000000
1649640638181740130 188.574318 0.000000
1649640638495497112 182.185682 0.000000
1649640638551104172 191.290108 0.000000
1649640638787452977 150.299569 0.000000
1649640638843724984 150.898532 0.000000
1649640639063492505 150.609239 0.000000
1649640639156313595 150.771513 0.000000
1649640639385199811 150.873735 0.000000
1649640639390615744 156.299306 0.000000
1649640639447874490 154.230868 0.000000
1649640639450359438 182.923505 0.000000
1649640639572899689 182.858754 0.000000
1649640639688656154 182.137371 0.000000
1649640639718084981 156.449006 0.000000
1649640639825209965 151.002616 0.000000
1649640639909335896 182.092968 0.000000
1649640640137926297 156.382732 0.000000
1649640640468498461 151.429066 0.000000
1649640640506417884 150.378276 0.000000
1649640640587094718 182.366300 0.000000
1649640640819566626 150.447546 0.000000
1649640640927375773 182.277945 0.000000
1649640640979886789 187.824582 0.000000
1649640640986178413 188.447601 0.000000
1649640641124373291 182.571615 0.000000
1649640641130317323 182.629954 0.000000
1649640641371427192 150.320398 0.000000
1649640641395596219 153.259877 0.000000
1649640641450701529 151.435207 0.000000
1649640641468244745 185.938707 0.000000
1649640641483933826 181.894536 0.000000
1649640641559200970 150.757928 0.000000
1649640641678892871 150.451694 0.000000
1649640641791812308 182.767743 0.000000
1649640641939318089 187.383044 0.000000
1649640642191798615 182.516903 0.000000
1649640642351369573 150.667959 0.000000
1649640642429940270 150.460139 0.000000
1649640642449210794 182.857301 0.000000
1649640642483649142 156.449407 0.000000
1649640642805259105 150.898401 0.000000
1649640642847515027 157.008606 0.000000
1649640642872634466 157.606566 0.000000
1649640642997829083 150.312683 0.000000
1649640643185630181 150.608417 0.000000
1649640643379926645 182.847822 0.000000
1649640643510071773 161.345966 0.000000
1649640643665971048 155.897191 0.000000
1649640643671749471 182.841952 0.000000
1649640643860658265 150.274191 0.000000
1649640643866157403 155.499857 0.000000
1649640644016916995 150.758540 0.000000
1649640644060031166 188.509366 0.000000
1649640644126318967 182.862410 0.000000
1649640644190757223 150.736899 0.000000
1649640644354022135 153.092574 0.000000
1649640644632480377 182.593185 0.000000
1649640644827127379 155.717424 0.000000
1649640644919630704 151.055416 0.000000
1649640644934480401 177.113382 0.000000
1649640644987293563 182.185471 0.000000
1649640645002869271 182.696809 0.000000
1649640645088061721 183.021859 0.000000
1649640645188102916 154.049678 0.000000
1649640645412629289 150.757507 0.000000
1649640645436612057 150.170036 0.000000
1649640646059944804 184.580982 0.000000
1649640646138937462 151.022694 0.000000
1649640646205263435 183.480730 0.000000
1649640646223717158 155.799749 0.000000
1649640646257607448 164.010060 0.000000
1649640646274164736 188.465904 0.000000
1649640646332772811 161.079726 0.000000
1649640646441091203 150.355282 0.000000
1649640646446807609 150.181918 0.000000
1649640646589312506 188.363974 0.000000
1649640646663996096 150.065710 0.000000
1649640646707977994 150.877783 0.000000
1649640646852483881 150.745374 0.000000
1649640647043738764 183.202878 0.000000
1649640647108034191 150.543807 0.000000
1649640647348657949 155.540552 0.000000
1649640647520520108 150.478645 0.000000
1649640647622987492 150.391852 0.000000
1649640647633609915 190.170370 0.000000
1649640647672878567 152.356104 0.000000
1649640647767654452 182.529176 0.000000
1649640647824013591 150.254744 0.000000
1649640647896158763 150.404444 0.000000
1649640648063585959 177.094307 0.000000
1649640648140466698 183.681786 0.000000
1649640648269287893 150.362376 0.000000
1649640648272646540 183.221253 0.000000
1649640648329562733 183.320138 0.000000
1649640648391770878 157.194043 0.000000
1649640648441075904 153.119295 0.000000
1649640648455446573 182.798761 0.000000
1649640648578781574 150.613206 0.000000
1649640648638455207 183.007341 0.000000
1649640648695685660 182.304784 0.000000
1649640648817303242 155.622918 0.000000
1649640648885897688 161.345024 0.000000
1649640648970289918 152.805676 0.000000
1649640649000324911 161.794056 0.000000
1649640649369761459 183.124912 0.000000
1649640649417251012 150.244305 0.000000
1649640649496400414 150.494775 0.000000
1649640649538588519 182.621338 0.000000
1649640649581002387 150.713805 0.000000
1649640649646450284 150.048567 0.000000
1649640649717712561 150.229778 0.000000
1649640650084144948 192.349094 0.000000
1649640650098550041 187.154356 0.000000
1649640650300915732 156.810814 0.000000
1649640650337713283 155.721493 0.000000
1649640650416217495 151.028615 0.000000
1649640650456296867 182.828587 0.000000
1649640650476952197 182.867019 0.000000
1649640650577609467 195.171786 0.000000
1649640650634730505 149.990389 0.000000
1649640650696459060 150.357667 0.000000
1649640650910468938 188.175230 0.000000
1649640650932438362 151.042240 0.000000
1649640650948373143 187.190825 0.000000
1649640651011570010 190.450043 0.000000
1649640651211671407 150.417791 0.000000
1649640651332008689 151.271831 0.000000
1649640651510455952 153.315732 0.000000
1649640651523341247 188.923221 0.000000
1649640651530080279 190.049613 0.000000
1649640651608006849 150.553785 0.000000
1649640651826325505 166.860233 0.000000
1649640651864816549 183.347589 0.000000
1649640651943327023 173.608723 0.000000
1649640651963095491 161.784838 0.000000
1649640652009592122 151.109096 0.000000
1649640652131915808 182.730693 0.000000
1649640652406122580 150.165106 0.000000
1649640652567134159 152.071970 0.000000
1649640652617505464 188.893245 0.000000
1649640652623232641 150.734684 0.000000
1649640652702734032 151.063271 0.000000
1649640652781073937 150.214219 0.000000
1649640652947271497 151.571382 0.000000
1649640653026342031 183.499543 0.000000
1649640653283622143 150.377604 0.000000
1649640653725390123 150.367466 0.000000
1649640653843414760 191.955115 0.000000
1649640653888536454 182.525488 0.000000
1649640653895870182 164.801183 0.000000
1649640653989444494 183.696764 0.000000
1649640654172164668 182.718070 0.000000
1649640654205588624 159.096569 0.000000
1649640654224844891 150.200623 0.000000
1649640654382597221 151.861166 0.000000
1649640654389121671 216.955099 0.000000
1649640654426753926 183.228347 0.000000
1649640654478170580 196.442868 0.000000
1649640654530158015 154.970825 0.000000
1649640654599882138 159.731701 0.000000
1649640654672268883 187.818160 0.000000
1649640654683099676 152.939798 0.000000
1649640654839540537 150.349793 0.000000
1649640654877714287 184.374736 0.000000
1649640654954422963 182.126231 0.000000
1649640655299436028 150.401570 0.000000
1649640655403599501 150.081560 0.000000
1649640655582821787 184.898927 0.000000
1649640655610385578 183.000459 0.000000
1649640655782982734 192.500548 0.000000
1649640655797346691 182.524005 0.000000
1649640655845337654 151.233729 0.000000
1649640655984364241 155.710081 0.000000
1649640656000441820 155.102302 0.000000
1649640656073155046 185.935430 0.000000
1649640656249054243 187.703255 0.000000
1649640656296137024 150.051264 0.000000
1649640656450646544 192.596599 0.000000
1649640656544873600 182.106983 0.000000
1649640656565830386 182.451220 0.000000
1649640656599285029 151.042571 0.000000
1649640656698476411 151.502924 0.000000
1649640656756420161 157.132818 0.000000
1649640656857411407 166.100940 0.000000
1649640656906988864 150.598429 0.000000
1649640656973454970 188.333155 0.000000
1649640657063823594 152.326719 0.000000
1649640657073359680 154.894893 0.000000
1649640657156184151 182.727448 0.000000
1649640657214463660 150.573702 0.000000
1649640657277807063 150.622535 0.000000
1649640657347475331 191.288526 0.000000
1649640657369589816 182.279477 0.000000
1649640657500679324 150.435113 0.000000
1649640657658563420 153.477655 0.000000
1649640657749010061 185.503732 0.000000
1649640657754149274 190.078988 0.000000
1649640657809337149 150.337461 0.000000
1649640657941774914 150.478344 0.000000
1649640658061198151 155.593892 0.000000
1649640658103243309 155.860383 0.000000
1649640658190600908 160.175602 0.000000
1649640658268563705 155.054052 0.000000
1649640658357180043 182.164392 0.000000
1649640658545714396 151.497124 0.000000
1649640658663413002 165.310828 0.000000
1649640658705239218 155.081353 0.000000
1649640658902003208 155.030708 0.000000
1649640659130299137 150.285503 0.000000
1649640659223818156 155.341370 0.000000
1649640659267888038 181.792314 0.000000
1649640659440766373 182.143062 0.000000
1649640659586800826 150.068054 0.000000
1649640659623152510 182.337145 0.000000
1649640659807670113 184.306447 0.000000
1649640659901898652 182.325032 0.000000
1649640660345233729 182.571775 0.000000
1649640660358901821 185.066192 0.000000
1649640660496785605 160.958830 0.000000
1649640660735940079 150.129590 0.000000
1649640660796135010 182.442383 0.000000
1649640660829545289 150.552352 0.000000
1649640660886866032 150.213938 0.000000
1649640661022206709 182.019310 0.000000
1649640661023821917 153.193584 0.000000
1649640661128373978 155.342692 0.000000
1649640661193899842 187.438058 0.000000
1649640661283949256 150.248603 0.000000
1649640661293614695 182.221549 0.000000
1649640661565038951 182.285658 0.000000
1649640661731521396 150.739633 0.000000
1649640661739809573 182.294255 0.000000
1649640661809294659 156.288145 0.000000
1649640661835755892 181.988241 0.000000
1649640661875871481 150.293117 0.000000
1649640661942147532 188.160823 0.000000
1649640662006523339 155.542387 0.000000
1649640662014899972 186.435367 0.000000
1649640662123371560 182.451590 0.000000
1649640662135847327 150.626171 0.000000
1649640662234860346 150.427309 0.000000
1649640662249807215 150.013061 0.000000
1649640662393494277 157.929842 0.000000
1649640662513211487 150.109282 0.000000
1649640662592951346 182.782400 0.000000
1649640662735485097 182.499050 0.000000
1649640662901814184 155.323276 0.000000
1649640663021704127 150.430674 0.000000
1649640663264534782 182.169912 0.000000
1649640663317343817 150.134749 0.000000
1649640663355608557 150.140531 0.000000
1649640663400972366 155.874770 0.000000
1649640663716936575 182.275219 0.000000
1649640664024549350 150.302564 0.000000
1649640664148413283 150.962752 0.000000
1649640664262812784 182.182676 0.000000
1649640664268180126 187.471921 0.000000
1649640664324567018 177.221877 0.000000
1649640664380068560 155.868338 0.000000
1649640664533822223 182.289766 0.000000
1649640664987994825 182.456800 0.000000
1649640665000921368 150.648723 0.000000
1649640665259386391 182.603304 0.000000
1649640665353077583 182.326716 0.000000
1649640665387018979 150.513409 0.000000
1649640665559575139 150.833499 0.000000
1649640665638638630 151.752692 0.000000
1649640665789164883 150.550119 0.000000
1649640666450301006 183.108882 0.000000
1649640666529056108 167.266355 0.000000
1649640666608007860 151.920338 0.000000
1649640666609898595 182.384916 0.000000
1649640666764444003 150.483765 0.000000
1649640666915325892 156.972607 0.000000
1649640666954235160 182.491685 0.000000
1649640667065267099 155.332284 0.000000
1649640667102043389 192.130896 0.000000
1649640667235275734 150.463686 0.000000
1649640667239128456 182.537110 0.000000
1649640667419459410 156.607392 0.000000
1649640667512680061 156.774236 0.000000
1649640667542788541 159.350927 0.000000
1649640667657730619 159.980746 0.000000
1649640667839970933 184.421272 0.000000
1649640667971342591 186.761831 0.000000
1649640668113072704 184.039777 0.000000
1649640668154411437 182.893367 0.000000
1649640668285506686 150.781362 0.000000
1649640668444089252 151.890642 0.000000
1649640668563898123 151.457429 0.000000
1649640668566785505 187.332980 0.000000
1649640668701902393 183.258022 0.000000
1649640668780390014 150.338923 0.000000
1649640668852099459 189.297773 0.000000
1649640668894995822 150.154436 0.000000
1649640669091306682 153.924765 0.000000
1649640669104743952 182.613312 0.000000
1649640669290406641 185.582861 0.000000
1649640669312113082 182.556537 0.000000
1649640669586815233 150.914912 0.000000
1649640669638197242 151.252685 0.000000
1649640669672282749 182.417076 0.000000
1649640669860299772 187.375751 0.000000
1649640669904633158 152.511926 0.000000
1649640669998286799 151.314813 0.000000
1649640670037208852 157.079067 0.000000
1649640670108948974 190.459763 0.000000
1649640670121751975 150.884566 0.000000
1649640670131612019 182.172117 0.000000
1649640670384588943 151.333637 0.000000
1649640670384776154 152.379438 0.000000
1649640670727116950 188.521619 0.000000
1649640670840653062 157.672329 0.000000
1649640670846329533 156.851370 0.000000
1649640670961482186 183.089485 0.000000
1649640671116076696 197.548671 0.000000
1649640671163862845 152.249584 0.000000
1649640671170111368 151.329018 0.000000
1649640671238282500 182.631406 0.000000
1649640671299165591 183.014896 0.000000
1649640671482279933 183.112438 0.000000
1649640671635923200 162.757532 0.000000
1649640671641269462 168.082905 0.000000
1649640671833100604 150.060991 0.000000
1649640671964012670 187.657148 0.000000
1649640672021538216 150.878965 0.000000
1649640672108660594 182.690538 0.000000
1649640672159098363 150.615190 0.000000
1649640672524277531 150.859337 0.000000
1649640672752426775 155.402965 0.000000
1649640672830502054 154.386881 0.000000
1649640673070240081 183.661909 0.000000
1649640673204382291 150.297704 0.000000
1649640673260822193 184.288984 0.000000
1649640673366115834 187.792042 0.000000
1649640673550017212 182.951978 0.000000
1649640673732966806 182.963630 0.000000
1649640673799016561 183.127717 0.000000
1649640673827582430 182.772131 0.000000
1649640673962483433 150.969314 0.000000
1649640674000695074 178.895043 0.000000
1649640674017721923 182.737156 0.000000
1649640674052624019 183.169877 0.000000
1649640674064494681 174.804074 0.000000
1649640674072853110 161.809124 0.000000
1649640674530580566 169.051671 0.000000
1649640674684020392 182.711156 0.000000
1649640674811623604 183.922407 0.000000
1649640674839712049 161.830365 0.000000
1649640674930653816 156.993928 0.000000
1649640674978804588 162.053282 0.000000
1649640675038514831 183.159969 0.000000
1649640675093042877 182.436922 0.000000
1649640675188250402 188.871515 0.000000
1649640675268118771 182.666994 0.000000
1649640675330507303 156.897547 0.000000
1649640675569577920 166.226625 0.000000
1649640675726339032 156.629866 0.000000
1649640675796170336 182.978407 0.000000
1649640675814867245 182.921481 0.000000
1649640675868068264 162.276009 0.000000
1649640675947831938 187.846323 0.000000
1649640676088859656 185.377225 0.000000
1649640676107706996 157.113993 0.000000
1649640676164477177 151.011904 0.000000
1649640676277831458 188.035237 0.000000
1649640676390590374 182.829759 0.000000
1649640676428631094 183.102430 0.000000
1649640676461159552 151.178476 0.000000
1649640676474706486 184.669046 0.000000
1649640676535350448 150.508970 0.000000
1649640676663605142 182.775307 0.000000
1649640676776910081 152.352036 0.000000
1649640676934166150 157.024535 0.000000
1649640676971186648 182.496844 0.000000
1649640677030203781 188.639630 0.000000
1649640677114354438 183.994032 0.000000
1649640677124611255 182.775447 0.000000
1649640677218972242 188.766798 0.000000
1649640677243133925 182.597233 0.000000
1649640677354956556 182.703002 0.000000
1649640677439674235 201.425869 0.000000
1649640677459415452 155.397526 0.000000
1649640677503504550 183.056494 0.000000
1649640677622876853 183.201006 0.000000
1649640677624748392 154.864647 0.000000
1649640677652314767 182.802388 0.000000
1649640677702690401 150.726028 0.000000
1649640677900935256 183.557152 0.000000
1649640677929315768 188.444254 0.000000
1649640678167820143 160.115689 0.000000
1649640678172216405 182.339660 0.000000
1649640678217968481 193.351774 0.000000
1649640678263164254 151.113224 0.000000
1649640678267503017 183.304098 0.000000
1649640678273944923 153.512803 0.000000
1649640678424739279 150.789987 0.000000
1649640678483904879 152.372554 0.000000
1649640678569725086 155.559338 0.000000
1649640678639858136 183.036387 0.000000
1649640678651581373 166.672001 0.000000
1649640678690444805 182.940005 0.000000
1649640678735185675 165.385738 0.000000
1649640678747372601 177.152627 0.000000
1649640678762542618 188.485891 0.000000
1649640678823449914 183.589463 0.000000
1649640678897249257 155.631524 0.000000
1649640678898249001 150.838469 0.000000
1649640678949221763 158.216589 0.000000
1649640678976287049 156.168550 0.000000
1649640678990096727 163.359521 0.000000
1649640678993356517 184.659719 0.000000
1649640679048374323 151.122201 0.000000
1649640679263266775 162.258947 0.000000
1649640679276562109 188.595458 0.000000
1649640679277689372 150.992237 0.000000
1649640679311250335 183.287517 0.000000
1649640679355797161 156.438867 0.000000
1649640679506644206 150.843598 0.000000
1649640679662748417 156.100914 0.000000
1649640679668234050 160.707930 0.000000
1649640679813735443 150.983310 0.000000
1649640679891975370 150.952512 0.000000
1649640679950485322 182.714783 0.000000
1649640680009734299 150.863565 0.000000
1649640680024069221 181.820817 0.000000
1649640680157612779 183.169507 0.000000
1649640680299255800 151.303991 0.000000
1649640680307973181 159.640128 0.000000
1649640680531923234 151.241374 0.000000
1649640680567071993 186.650020 0.000000
1649640680602558556 197.026942 0.000000
1649640680761122626 150.888823 0.000000
1649640680853973172 150.145228 0.000000
1649640680978048451 183.028773 0.000000
1649640681015653335 182.805343 0.000000
1649640681027711298 150.848046 0.000000
1649640681228999670 182.627881 0.000000
1649640681323624291 188.310583 0.000000
1649640681335813380 150.794466 0.000000
1649640681448637258 151.096152 0.000000
1649640681544776128 194.007863 0.000000
1649640681607240653 152.997115 0.000000
1649640681758343176 151.097574 0.000000
1649640681824520201 185.225580 0.000000
1649640682205922710 187.338411 0.000000
1649640682276196904 156.606531 0.000000
1649640682437281009 150.995885 0.000000
1649640682734901984 189.798472 0.000000
1649640683132756564 155.371808 0.000000
1649640683218702747 157.215182 0.000000
1649640683293508708 183.123240 0.000000
1649640683312120376 188.368852 0.000000
1649640683407482119 182.732376 0.000000
1649640683526315141 153.025157 0.000000
1649640683653275849 162.064452 0.000000
1649640683655469011 188.348715 0.000000
1649640683666994396 189.101095 0.000000
1649640683679666872 152.969164 0.000000
1649640683773244831 150.677056 0.000000
1649640683944724323 183.384900 0.000000
1649640684074715622 284.935815 0.000000
1649640684251600366 306.873789 0.000000
1649640684520739029 244.379229 0.000000
1649640684606381873 190.670467 0.000000
1649640684624591218 191.438898 0.000000
1649640684644312327 166.127459 0.000000
1649640685018973279 151.164841 0.000000
1649640685025450721 150.992978 0.000000
1649640685249299594 150.795368 0.000000
1649640685251094238 183.386202 0.000000
1649640685328030251 156.780568 0.000000
1649640685451547743 187.865258 0.000000
1649640685622147878 187.333903 0.000000
1649640685985454574 156.101845 0.000000
1649640686190734238 191.560877 0.000000
1649640686323171953 150.951521 0.000000
1649640686566123005 151.792127 0.000000
1649640686651188557 183.111527 0.000000
1649640686656512387 187.467863 0.000000
1649640686668315903 198.852133 0.000000
1649640686674275535 192.910546 0.000000
1649640686725350479 159.203279 0.000000
1649640686804901334 154.399705 0.000000
1649640686955583790 150.532254 0.000000
1649640686967485591 157.773359 0.000000
1649640687039538710 154.849868 0.000000
1649640687124970018 183.105495 0.000000
1649640687142206900 183.447728 0.000000
1649640687402413037 183.391343 0.000000
1649640687407766242 188.757081 0.000000
1649640687632450722 157.026469 0.000000
1649640687790784540 186.088588 0.000000
1649640687797115959 192.307916 0.000000
1649640687802643231 197.857931 0.000000
1649640687985790214 183.145971 0.000000
1649640688114606330 166.808876 0.000000
1649640688123372684 183.082423 0.000000
1649640688186630576 183.542435 0.000000
1649640688211705831 155.938439 0.000000
1649640688254733219 187.143946 0.000000
1649640688344074006 151.156565 0.000000
1649640688369808267 182.555214 0.000000
1649640688375348804 150.895085 0.000000
1649640688400752164 188.812264 0.000000
1649640688477507547 150.411518 0.000000
1649640688526472867 151.078588 0.000000
1649640688678233094 164.343405 0.000000
1649640689014634065 188.638017 0.000000
1649640689109138151 182.680329 0.000000
1649640689150798596 150.787653 0.000000
1649640689179414649 188.522029 0.000000
1649640689251434086 151.419128 0.000000
1649640689292305933 183.165999 0.000000
1649640689292811170 151.316324 0.000000
1649640689565549560 184.323810 0.000000
1649640689640611279 183.062445 0.000000
1649640689749181753 182.734220 0.000000
1649640689823903816 183.290803 0.000000
1649640689831260025 156.634744 0.000000
1649640689837392201 162.163769 0.000000
1649640690108344513 177.175029 0.000000
1649640690184544787 183.184004 0.000000
1649640690234741123 151.554311 0.000000
1649640690490948454 152.578450 0.000000
1649640690512085377 172.949027 0.000000
1649640690531851180 151.644059 0.000000
1649640690572882406 198.955557 0.000000
1649640690714673976 150.851533 0.000000
1649640690844505836 182.343227 0.000000
1649640690981364779 153.202610 0.000000
1649640691215019885 150.667038 0.000000
1649640691292859491 182.283164 0.000000
1649640691299000342 188.468028 0.000000
1649640691348073374 148.283109 0.000000
1649640691466283428 183.018423 0.000000
1649640691600808696 200.332819 0.000000
1649640691611957064 157.019365 0.000000
1649640691739065710 184.051389 0.000000
1649640691831128930 190.470834 0.000000
1649640692029525891 151.821542 0.000000
1649640692222075390 184.721686 0.000000
1649640692304211341 182.161957 0.000000
1649640692338154039 150.471871 0.000000
1649640692682772144 182.240294 0.000000
1649640692789290922 150.731609 0.000000
1649640692964557343 151.289084 0.000000
1649640693304387631 155.996527 0.000000
1649640693829414728 155.746050 0.000000
1649640693854957118 182.423798 0.000000
1649640693865204077 191.921312 0.000000
1649640693931163844 152.938806 0.000000
1649640693965086775 190.975098 0.000000
1649640694074699933 197.737355 0.000000
1649640694079695488 202.761683 0.000000
1649640694220706745 182.447133 0.000000
1649640694255133822 152.307172 0.000000
1649640694267296672 159.285403 0.000000
1649640694335062133 186.771368 0.000000
1649640694586247450 182.144204 0.000000
1649640694592698854 151.485512 0.000000
1649640694634680683 148.885278 0.000000
1649640694813534699 195.319633 0.000000
1649640695017846147 182.999667 0.000000
1649640695306225487 150.427268 0.000000
1649640695459524128 152.421687 0.000000
1649640695490721950 182.307350 0.000000
1649640695574045928 150.558965 0.000000
1649640695583821733 154.224626 0.000000
1649640695627971466 187.737419 0.000000
1649640695744892413 182.552148 0.000000
1649640695828003442 144.964928 0.000000
1649640695871239201 194.360695 0.000000
1649640695958629440 188.083658 0.000000
1649640696325035318 151.134985 0.000000
1649640696597114933 154.947762 0.000000
1649640696637279364 153.479399 0.000000
1649640696650066806 165.937193 0.000000
1649640696790200757 150.195914 0.000000
1649640696824824603 182.513847 0.000000
1649640696874369178 151.439836 0.000000
1649640696880022095 156.776179 0.000000
1649640697103680280 150.896297 0.000000
1649640697115751078 162.837372 0.000000
1649640697159496612 182.553501 0.000000
1649640697221847704 182.545697 0.000000
1649640697315698025 150.680904 0.000000
1649640697345908036 186.410182 0.000000
1649640697385499833 150.705389 0.000000
1649640697404188316 182.338779 0.000000
1649640697412124583 151.109637 0.000000
1649640697467600668 187.785880 0.000000
1649640697588332309 184.142190 0.000000
1649640697625056442 156.772032 0.000000
1649640697709045155 185.675813 0.000000
1649640697776929159 182.283044 0.000000
1649640698011547370 152.374518 0.000000
1649640698226072424 182.470947 0.000000
1649640698271664109 182.212051 0.000000
1649640698366728696 155.273382 0.000000
1649640698536580326 191.839037 0.000000
1649640698662287424 150.261197 0.000000
1649640698730283429 193.701319 0.000000
1649640698772304089 182.230395 0.000000
1649640698778005868 185.224088 0.000000
1649640698817677004 155.388127 0.000000
1649640698823905340 161.497029 0.000000
1649640698981132986 157.111638 0.000000
1649640699064707643 157.045423 0.000000
1649640699215403514 150.694037 0.000000
1649640699221489863 150.920682 0.000000
1649640699227317758 183.038370 0.000000
1649640699253906892 182.705675 0.000000
1649640699263484356 150.184824 0.000000
1649640699314959591 161.641561 0.000000
1649640699451713347 157.143288 0.000000
1649640699753313449 156.109711 0.000000
1649640699825513665 187.179973 0.000000
1649640699831595195 193.282813 0.000000
1649640699955732290 157.255417 0.000000
1649640700005787903 150.279081 0.000000
1649640700314301718 150.455311 0.000000
1649640700400361974 151.233369 0.000000
1649640700596122192 154.208024 0.000000
1649640700669348280 156.015342 0.000000
1649640700723125050 153.898956 0.000000
1649640700747784004 151.730511 0.000000
1649640700771582838 151.133813 0.000000
1649640700836872378 155.854602 0.000000
1649640701015383041 207.736649 0.000000
1649640701055842415 157.071874 0.000000
1649640701090823940 229.804136 0.000000
1649640701191872584 168.503844 0.000000
1649640701273214216 182.388302 0.000000
1649640701424181676 150.905494 0.000000
1649640701641079610 150.018172 0.000000
1649640701647808833 150.957432 0.000000
1649640701785128300 150.894514 0.000000
1649640701827392397 182.718120 0.000000
1649640701961779086 157.103513 0.000000
1649640702008456547 152.868084 0.000000
1649640702170316816 151.188445 0.000000
1649640702265360804 153.251361 0.000000
1649640702337062033 156.271454 0.000000
1649640702421528924 156.158472 0.000000
1649640702651558813 151.065133 0.000000
1649640702730296764 187.030834 0.000000
1649640702934533552 150.986385 0.000000
1649640702975243967 165.893691 0.000000
1649640703115924755 199.013888 0.000000
1649640703242425651 151.095461 0.000000
1649640703408784925 182.167428 0.000000
1649640703510537738 195.190851 0.000000
1649640703516029814 200.625369 0.000000
1649640703956910890 150.416127 0.000000
1649640703962426791 155.887935 0.000000
1649640704163862919 187.610200 0.000000
1649640704365412349 158.434799 0.000000
1649640704385215221 150.765592 0.000000
1649640704532838383 182.368695 0.000000
1649640704563103878 155.839634 0.000000
1649640704661479211 188.447220 0.000000
