1649622805307271390 90.052733 556.271099 553 8491 0.000000
1649622806307122733 88.310364 540.080319 540 9031 0.000000
1649622807305338819 89.721596 525.938229 525 9556 0.000000
1649622808315057600 89.650087 547.677261 553 10109 0.000000
1649622809302829847 88.497753 540.610402 534 10644 0.000000
1649622810317122232 89.254356 527.461315 535 11179 0.000000
1649622811301759302 89.659666 533.191431 525 11703 0.000000
1649622812319350160 88.990811 553.267533 563 12266 0.000000
1649622813319669058 89.176537 532.830050 533 12799 0.000000
1649622814316960420 90.299767 524.420476 523 13322 0.000000
1649622815322458408 87.571847 565.888795 569 13891 0.000000
1649622816315939416 88.735414 534.484256 531 14422 0.000000
1649622817321217672 90.298436 521.248700 524 14946 0.000000
1649622818313903940 88.397773 539.949102 536 15482 0.000000
1649622819331422723 89.489965 547.409999 557 16039 0.000000
1649622820324662729 88.348863 543.675291 540 16579 0.000000
1649622821330399763 89.042199 527.970997 531 17110 0.000000
1649622822327917539 89.225969 553.373553 552 17662 0.000000
1649622823328151978 89.903317 526.876490 527 18189 0.000000
1649622824335067152 89.058163 533.312044 537 18726 0.000000
1649622825340851364 91.551744 526.952050 530 19271 0.000000
1649622826342651958 89.005349 541.025816 542 19802 0.000000
1649622827335659849 89.594847 534.738926 531 20329 0.000000
1649622828341114712 87.806442 533.092093 536 20865 0.000000
1649622829332336464 89.603589 564.959353 560 21426 0.000000
1649622830340872206 89.423773 521.548204 526 21951 0.000000
1649622831326284795 89.033718 540.890176 533 22484 0.000000
1649622832346875065 88.679658 552.621387 564 23048 0.000000
1649622833341876782 88.908882 534.672433 532 23580 0.000000
1649622834345785438 89.118253 530.924792 533 24113 0.000000
1649622835352756375 90.047760 520.372516 524 24637 0.000000
1649622836337492696 90.101314 557.509671 549 25186 0.000000
1649622837355642620 89.712325 523.498526 533 25719 0.000000
1649622838354909634 89.022376 530.388762 530 26249 0.000000
1649622839351730711 89.413732 560.782702 559 26808 0.000000
1649622840329431212 90.151623 528.791792 517 27325 0.000000
1649622841347096407 89.354212 526.695795 536 27861 0.000000
1649622842350604761 89.841403 524.161031 526 28388 0.000000
1649622843346198708 88.779096 564.487211 562 28949 0.000000
1649622844364061131 90.076695 519.716587 529 29478 0.000000
1649622845345059765 89.184120 532.110783 522 30000 0.000000
1649622846362849883 89.638456 552.176760 562 30562 0.000000
1649622847368276994 89.286704 525.149917 528 31090 0.000000
1649622848361336057 89.801925 534.711452 531 31621 0.000000
1649622849372441514 88.880767 530.112834 536 32167 0.000000
1649622850359595126 87.579047 568.300616 561 32718 0.000000
1649622851370000479 89.556031 526.521375 532 33251 0.000000
1649622852368900983 86.972129 544.598730 544 33794 0.000000
1649622853374748711 89.009265 556.744349 560 34354 0.000000
1649622854355239112 88.278448 538.505999 528 34888 0.000000
1649622855372062517 90.328816 522.214604 531 35413 0.000000
1649622856379406991 88.776269 555.917104 560 35973 0.000000
1649622857381537139 88.353369 535.858547 537 36510 0.000000
1649622858374861089 89.359320 530.541924 527 37037 0.000000
1649622859368830398 87.815136 544.282344 541 37578 0.000000
1649622860385951560 91.096516 536.809193 546 38124 0.000000
1649622861389200916 88.269841 540.244612 542 38666 0.000000
1649622862386500869 89.918160 522.410522 521 39187 0.000000
1649622863383248477 91.076685 545.775086 544 39731 0.000000
1649622864382464090 89.125980 533.418358 533 40264 0.000000
1649622865381538349 88.252867 537.497589 537 40801 0.000000
1649622866396927404 88.944445 549.543100 558 41366 0.000000
1649622867373876583 88.883207 539.434400 527 41887 0.000000
1649622868393973663 90.057756 525.440171 536 42422 0.000000
1649622869398687274 88.799517 531.494741 534 42956 0.000000
1649622870398562674 89.235653 557.069428 557 43513 0.000000
1649622871397085178 88.232975 535.791630 535 44048 0.000000
1649622872384095028 88.753798 539.001697 532 44580 0.000000
1649622873402159858 89.148721 550.063218 560 45140 0.000000
1649622874377542120 89.976805 538.250505 525 45665 0.000000
1649622875397782057 89.210025 525.366608 536 46201 0.000000
1649622876375205746 87.663694 545.311113 533 46734 0.000000
1649622877393587340 89.040872 550.874068 561 47295 0.000000
1649622878409061561 88.055224 527.832203 536 47831 0.000000
1649622879390123772 88.785601 542.269389 532 48363 0.000000
1649622880407774856 91.062032 542.425600 552 48915 0.000000
1649622881386879073 90.199948 532.119028 521 49436 0.000000
1649622882403930182 88.551813 528.980299 538 49974 0.000000
1649622883415398266 88.802111 523.990845 530 50504 0.000000
1649622884402522908 89.019697 571.356418 564 51068 0.000000
1649622885417732155 88.515006 524.029900 532 51608 0.000000
1649622886400064583 89.500406 537.496194 528 52128 0.000000
1649622887416352149 90.424867 545.121360 554 52682 0.000000
1649622888396942593 89.649544 535.391715 525 53207 0.000000
1649622889413540994 88.274004 531.183193 540 53747 0.000000
1649622890393999740 89.263731 535.463625 525 54272 0.000000
1649622891410258311 89.196385 552.024886 561 54833 0.000000
1649622892427540431 89.036803 527.877111 537 55370 0.000000
1649622893407922975 87.341575 548.765432 538 55908 0.000000
1649622894425034716 88.147029 559.427232 569 56477 0.000000
1649622895405939469 89.505170 529.103338 519 56996 0.000000
1649622896423154843 89.166980 527.911801 537 57533 0.000000
1649622897434309576 88.962446 535.031868 541 58081 0.000000
1649622898419694668 88.359595 563.231595 555 58629 0.000000
1649622899436292294 87.735978 531.183613 540 59174 0.000000
1649622900422707507 88.080853 543.381675 536 59705 0.000000
1649622901433415451 89.713167 551.098913 557 60262 0.000000
1649622902414704586 89.477710 535.010509 525 60787 0.000000
1649622903432012441 89.197053 528.846739 538 61325 0.000000
1649622904442446784 88.298746 552.237822 558 61883 0.000000
1649622905442488811 89.051928 533.977516 534 62417 0.000000
1649622906439376737 89.132455 535.667062 534 62951 0.000000
1649622907429534915 89.194855 535.268018 530 63481 0.000000
1649622908445916535 90.650920 541.135310 550 64031 0.000000
1649622909424920974 87.478205 546.473485 535 64566 0.000000
1649622910442262013 88.594375 532.761422 542 65108 0.000000
1649622911449972789 89.324816 534.875693 539 65660 0.000000
1649622912444107311 89.137997 549.221391 546 66193 0.000000
1649622913449110629 88.141904 531.341566 534 66727 0.000000
1649622914437651916 89.222622 536.143515 530 67257 0.000000
1649622915442573332 89.568797 556.262418 559 67818 0.000000
1649622916437308630 88.012497 538.836799 536 68352 0.000000
1649622917453252779 88.413023 533.493899 542 68894 0.000000
1649622918458247421 89.407245 550.251701 553 69448 0.000000
1649622919451859304 87.936122 541.458843 538 69985 0.000000
1649622920455766226 87.779480 540.886808 543 70528 0.000000
1649622921449979015 88.932659 535.096755 532 71060 0.000000
1649622922448916300 88.925293 556.591509 556 71616 0.000000
1649622923447624148 89.149355 530.685706 530 72146 0.000000
1649622924464401577 87.833351 532.073154 541 72687 0.000000
1649622925464064482 88.692419 561.189225 561 73248 0.000000
1649622926462994615 89.675480 530.567615 530 73778 0.000000
1649622927465078658 88.696974 532.889441 534 74312 0.000000
1649622928459824486 88.831797 532.799388 530 74842 0.000000
1649622929454103558 88.944653 563.222204 560 75402 0.000000
1649622930457909069 89.406299 528.986919 531 75933 0.000000
1649622931475313925 89.475393 520.933247 530 76463 0.000000
1649622932471150437 89.139014 559.328742 557 77020 0.000000
1649622933471967777 89.016501 530.566315 531 77551 0.000000
1649622934475589544 89.107781 536.058558 538 78089 0.000000
1649622935470115947 87.702975 542.972020 540 78629 0.000000
1649622936461779685 89.107531 555.631882 551 79180 0.000000
1649622937466294696 90.309742 520.649227 523 79703 0.000000
1649622938483190497 88.939659 531.027859 540 80243 0.000000
1649622939476577265 89.066233 562.721458 559 80802 0.000000
1649622940480856143 88.567902 532.720554 535 81337 0.000000
1649622941484598635 89.847008 522.046246 524 81861 0.000000
1649622942490638414 89.578959 536.758100 540 82407 0.000000
1649622943468574687 88.625465 559.341150 547 82948 0.000000
1649622944476419448 87.901719 537.781224 542 83490 0.000000
1649622945493908261 88.794539 529.735554 539 84029 0.000000
1649622946486731203 89.532713 554.983157 551 84580 0.000000
1649622947491182042 89.900761 523.669217 526 85106 0.000000
1649622948495071437 90.097570 527.946607 530 85636 0.000000
1649622949499978601 89.142467 548.309372 551 86196 0.000000
1649622950476860628 88.655613 548.684473 536 86723 0.000000
1649622951484588990 89.557736 522.958388 527 87250 0.000000
1649622952501519735 89.698151 527.076197 536 87786 0.000000
1649622953492765949 87.840620 568.980747 564 88350 0.000000
