1658266482391484745 0.000000 160.995219 161 80 0.000000
1658266483391653184 0.000000 160.972883 161 80 0.000000
1658266484391816432 0.000000 160.973723 161 80 0.000000
1658266485392003646 0.000000 240.954888 241 80 0.000000
1658266486392141299 0.000000 159.977993 160 80 0.000000
1658266487392302761 0.000000 159.974157 160 80 0.000000
1658266488392452144 0.000000 241.963854 242 80 0.000000
1658266489392794859 0.000000 162.944152 163 80 0.000000
1658266490392965441 0.000000 160.972544 161 80 0.000000
1658266491393130083 0.000000 225.962799 226 80 0.000000
1658266492393289545 0.000000 177.971619 178 80 0.000000
1658266493393433719 0.000000 160.976791 161 80 0.000000
1658266494393566781 0.000000 226.969822 227 80 0.000000
1658266495393695123 0.000000 177.977142 178 80 0.000000
1658266496393847182 0.000000 166.974625 167 80 0.000000
1658266497390110162 422.122260 179.671432 179 80 0.000000
1658266498330840516 417.395918 244.490873 230 80 0.000000
1658266499174664413 420.905766 194.353360 164 80 0.000000
1658266500040021237 421.810886 189.517200 164 80 0.000000
1658266501328356439 418.871832 190.944096 246 80 0.000000
1658266502195695620 423.470900 189.084031 164 80 0.000000
1658266503390580538 421.175364 138.925522 166 80 0.000000
1658266504365782580 426.122376 249.179129 243 80 0.000000
1658266505239364666 418.859872 191.166928 167 80 0.000000
1658266506388450355 415.800957 144.462670 166 80 0.000000
1658266507399739348 420.638745 244.242760 247 80 0.000000
1658266508267682360 417.677199 191.256796 166 80 0.000000
1658266509127509311 414.598284 193.062110 166 80 0.000000
1658266510392331887 420.737864 181.843687 230 80 0.000000
1658266511297796145 403.677815 208.732696 189 80 0.000000
1658266512351327200 402.155720 167.057249 176 80 0.000000
1658266513379612313 401.861360 177.966206 183 79 0.000000
1658266514307453476 408.087225 256.509422 238 80 0.000000
1658266515160938649 390.656829 203.869967 174 80 0.000000
1658266516363594191 409.332118 151.331772 182 80 0.000000
1658266517351819937 391.186568 258.038207 255 80 0.000000
1658266518230084070 396.545956 199.256706 175 80 0.000000
1658266519394081008 386.296925 157.216906 183 80 0.000000
1658266520368232633 401.440098 260.739679 254 80 0.000000
1658266521320986352 380.806000 188.926053 180 80 0.000000
1658266522404276276 399.840427 163.391159 177 80 0.000000
1658266523406364810 403.088354 253.470623 254 80 0.000000
1658266524243067442 402.807550 204.373699 171 80 0.000000
1658266525404199579 391.874909 156.743573 182 80 0.000000
1658266526405219814 405.150422 249.745204 250 80 0.000000
1658266527313506948 391.489757 194.872278 177 80 0.000000
1658266528413066543 385.062277 163.701908 180 80 0.000000
1658266529392641831 388.626740 251.129258 246 80 0.000000
1658266530392758726 394.163324 194.977198 195 80 0.000000
1658266531155954020 398.968285 224.057982 171 80 0.000000
1658266532412531517 395.701550 192.586611 242 80 0.000000
1658266533326536832 394.590060 213.346678 195 80 0.000000
1658266534362393749 384.123392 174.734557 181 80 0.000000
1658266535419247614 385.369977 234.658759 248 80 0.000000
1658266536363048898 393.433794 204.492186 193 80 0.000000
1658266537217851919 399.767600 202.385808 173 80 0.000000
1658266538407837029 400.405236 158.825523 189 80 0.000000
1658266539410538682 406.420561 246.334475 247 80 0.000000
1658266540295466125 387.274867 197.756329 175 80 0.000000
1658266541408162819 400.408610 156.376853 174 80 0.000000
1658266542362416926 403.375761 263.032648 251 80 0.000000
1658266543256521927 391.061888 199.081765 178 80 0.000000
1658266544403270451 392.457672 159.581625 183 80 0.000000
1658266545425164288 396.653875 250.515262 256 80 0.000000
1658266546273656658 394.607789 207.426735 176 80 0.000000
1658266547144879692 392.375943 202.014884 176 80 0.000000
1658266548420109369 387.591707 207.021515 264 80 0.000000
1658266549282033368 378.266830 211.155503 182 80 0.000000
1658266550418533013 380.747408 161.020734 183 80 0.000000
1658266551417907881 390.472373 260.162649 260 80 0.000000
1658266552415365300 400.981781 171.435879 171 80 0.000000
1658266553427111092 392.639034 175.933534 178 80 0.000000
1658266554434096242 401.712223 255.217267 257 80 0.000000
1658266555384579594 399.442562 183.064755 174 80 0.000000
1658266556229953858 390.090396 210.557628 178 80 0.000000
1658266557425114837 399.965245 200.809769 240 80 0.000000
1658266558407115325 393.275146 200.610886 197 80 0.000000
1658266559297000761 390.196280 197.778285 176 80 0.000000
1658266560414464644 390.397385 171.817631 192 80 0.000000
1658266561387478278 406.352527 245.628619 239 80 0.000000
1658266562302516876 400.261942 190.155921 174 80 0.000000
1658266563436610733 395.296394 167.534621 190 80 0.000000
1658266564396678321 376.815647 269.772673 259 80 0.000000
1658266565300920577 395.384380 192.426326 174 80 0.000000
1658266566420456984 378.917179 170.606318 191 80 0.000000
1658266567423751730 406.672422 247.185596 248 80 0.000000
1658266568356141777 383.244914 198.414816 185 80 0.000000
1658266569195537583 371.845629 221.587950 186 80 0.000000
1658266570446977576 392.849301 209.358818 262 80 0.000000
1658266571309140734 388.488545 205.297571 177 80 0.000000
1658266572205181899 385.273075 201.999644 181 80 0.000000
1658266573446787457 379.493133 215.849551 268 80 0.000000
1658266574365778604 389.209705 192.602506 177 80 0.000000
1658266575421961540 390.352614 169.478226 179 80 0.000000
1658266576446833271 396.624977 234.175633 240 80 0.000000
1658266577317256309 407.478447 213.689222 186 80 0.000000
1658266578178738953 385.954109 207.781314 179 80 0.000000
1658266579436941195 395.547211 193.132703 243 80 0.000000
1658266580437175728 380.580293 200.952854 201 80 0.000000
1658266581222651260 398.588341 220.248753 173 80 0.000000
1658266582448894205 387.626354 201.428281 247 80 0.000000
1658266583397733450 378.362699 212.891657 202 80 0.000000
1658266584227331959 388.444515 210.945444 175 80 0.000000
1658266585456564801 386.605456 187.922098 231 80 0.000000
1658266586357359162 380.493782 242.008604 218 80 0.000000
1658266587269805675 381.289480 200.559710 183 80 0.000000
1658266588439072973 401.693002 159.073972 186 80 0.000000
1658266589396704334 387.581296 262.105031 251 80 0.000000
1658266590435301983 394.284523 167.533612 174 80 0.000000
1658266591447372477 379.852466 193.662393 196 80 0.000000
1658266592401417175 378.876766 270.427564 258 80 0.000000
1658266593283418976 384.958896 201.813658 178 80 0.000000
1658266594459087584 376.749235 170.966546 201 80 0.000000
1658266595459481232 381.258531 253.900055 254 80 0.000000
1658266596285009030 389.645151 211.985593 175 80 0.000000
1658266597421023995 388.934855 163.730226 186 80 0.000000
1658266598445057066 391.051772 252.921521 259 80 0.000000
1658266599300428845 350.313585 227.971068 195 80 0.000000
1658266600422771988 395.225848 155.032802 174 80 0.000000
1658266601456907298 376.102014 264.955657 274 80 0.000000
1658266602307356053 377.764628 215.180514 183 80 0.000000
1658266603333888252 366.060215 187.037475 192 80 0.000000
1658266604432765076 389.887103 235.695217 259 80 0.000000
1658266605327552817 402.363230 193.341936 173 80 0.000000
1658266606450704534 387.478113 160.263291 180 80 0.000000
1658266607441620603 392.241896 261.374322 259 80 0.000000
1658266608444397020 382.437015 184.487772 185 80 0.000000
1658266609459710464 364.951033 189.104160 192 80 0.000000
1658266610470003069 382.441712 260.320623 263 80 0.000000
1658266611393420817 391.224306 201.425637 186 80 0.000000
1658266612439742434 383.073010 172.031248 180 80 0.000000
1658266613460136878 372.456055 204.822738 209 80 0.000000
1658266614477432321 378.599545 249.681643 254 80 0.000000
1658266615445695563 375.934272 193.129310 187 80 0.000000
1658266616434809941 382.055070 193.102042 191 80 0.000000
1658266617463518334 368.813412 262.465025 270 80 0.000000
1658266618377236456 389.369620 195.902871 179 80 0.000000
1658266619456115573 380.127566 174.254922 188 80 0.000000
1658266620453251924 383.491702 247.709378 247 80 0.000000
1658266621475451115 391.105061 192.721716 197 80 0.000000
1658266622418229510 379.899071 193.046426 182 80 0.000000
1658266623476660544 369.551946 244.701820 259 80 0.000000
1658266624428036571 380.370623 210.221840 200 80 0.000000
1658266625252755059 379.387614 220.681334 182 80 0.000000
1658266626477603996 390.219191 200.024653 245 80 0.000000
1658266627406738545 356.767272 232.474431 216 80 0.000000
1658266628290188915 384.621929 200.350811 177 80 0.000000
1658266629491295418 407.168330 195.652936 235 80 0.000000
1658266630454852556 370.738678 215.866809 208 80 0.000000
1658266631295922337 379.810484 215.202112 181 80 0.000000
1658266632476902331 371.787646 170.197635 201 80 0.000000
1658266633431462297 379.933777 269.233997 257 80 0.000000
1658266634341878861 365.213014 209.794083 191 80 0.000000
1658266635487952081 357.111160 178.871643 205 80 0.000000
1658266636491714837 378.492794 260.021597 261 80 0.000000
1658266637280850777 397.673907 215.425500 170 80 0.000000
1658266638487883511 388.977920 153.268410 185 80 0.000000
1658266639427467998 401.167951 263.946461 248 80 0.000000
1658266640342680811 368.443684 209.787259 192 80 0.000000
1658266641481605141 378.603283 169.458159 193 80 0.000000
1658266642479398936 374.330804 265.585934 265 80 0.000000
1658266643387243456 387.760018 198.271821 180 80 0.000000
1658266644503480054 381.531073 169.318958 189 80 0.000000
1658266645456965639 382.789064 268.488567 256 80 0.000000
1658266646505041322 0.000000 171.743319 180 80 0.000000
1658266647505242284 0.000000 181.963434 182 80 0.000000
1658266648505431782 0.000000 259.950742 260 80 0.000000
1658266649505608396 0.000000 190.966271 191 80 0.000000
1658266650505769352 0.000000 187.969758 188 80 0.000000
1658266651505876025 0.000000 256.972585 257 80 0.000000
1658266652506012945 0.000000 182.974938 183 80 0.000000
1658266653506193188 0.000000 200.963776 201 80 0.000000
1658266654506353261 0.000000 245.960628 246 80 0.000000
1658266655506514918 0.000000 202.967191 203 80 0.000000
1658266656506655766 0.000000 182.974227 183 80 0.000000
1658266657506792745 0.000000 254.965093 255 80 0.000000
1658266658506978227 0.000000 199.962906 200 80 0.000000
1658266659507119117 0.000000 179.974633 180 80 0.000000
1658266660507270994 0.000000 194.970390 195 80 0.000000
