1649612561661259991 88.506163 0.000000
1649612561693673396 88.401707 0.000000
1649612561822572309 88.428507 0.000000
1649612561878747011 88.435390 0.000000
1649612561894402174 176.600273 0.000000
1649612561911008130 88.426032 0.000000
1649612561966103729 176.669734 0.000000
1649612561996845871 88.551338 0.000000
1649612562095940681 88.349619 0.000000
1649612562096055837 88.394884 0.000000
1649612562167647245 88.471748 0.000000
1649612562384902160 88.532732 0.000000
1649612562401455948 88.416284 0.000000
1649612562675843049 88.397269 0.000000
1649612563053583723 88.421494 0.000000
1649612563053952795 176.766596 0.000000
1649612563110331017 88.346152 0.000000
1649612563110441985 88.393801 0.000000
1649612563142289550 88.327418 0.000000
1649612563156158294 88.405393 0.000000
1649612563244598453 88.430480 0.000000
1649612563382448945 88.414932 0.000000
1649612563398225276 88.401256 0.000000
1649612563462003990 176.777335 0.000000
1649612563470873976 88.368886 0.000000
1649612563487145224 88.569932 0.000000
1649612563617473977 88.423978 0.000000
1649612563744178988 88.408370 0.000000
1649612563865391275 176.516266 0.000000
1649612563904915026 176.609421 0.000000
1649612563978972226 88.306558 0.000000
1649612564010289376 88.386970 0.000000
1649612564051485633 88.354779 0.000000
1649612564124883247 88.344881 0.000000
1649612564139299548 88.454405 0.000000
1649612564212371702 88.392510 0.000000
1649612564212443837 88.381399 0.000000
1649612564429053682 88.361391 0.000000
1649612564500716896 88.526782 0.000000
1649612564790554807 176.546612 0.000000
1649612565082917851 88.424670 0.000000
1649612565139143488 88.322298 0.000000
1649612565500933584 88.358295 0.000000
1649612565586925394 88.509008 0.000000
1649612565643143187 88.403871 0.000000
1649612565804046418 88.339110 0.000000
1649612565837331906 88.438967 0.000000
1649612565948855011 88.588778 0.000000
1649612566127126958 88.423308 0.000000
1649612566439632476 88.500001 0.000000
1649612566514738182 88.419861 0.000000
1649612566568190680 88.390746 0.000000
1649612566584238610 88.511452 0.000000
1649612566705685776 88.585982 0.000000
1649612566747737466 176.719386 0.000000
1649612566803601726 88.366911 0.000000
1649612566817494015 88.454466 0.000000
1649612566889489521 176.544538 0.000000
1649612566945613638 88.350411 0.000000
1649612567021937246 88.453845 0.000000
1649612567093237158 88.356613 0.000000
1649612567109007617 176.463827 0.000000
1649612567163008024 88.412888 0.000000
1649612567235583366 88.481356 0.000000
1649612567252079406 88.518486 0.000000
1649612567291162431 88.385857 0.000000
1649612567310257523 88.415563 0.000000
1649612567311188538 88.318741 0.000000
1649612567383596777 88.392109 0.000000
1649612567525275093 88.574131 0.000000
1649612567580833780 88.465787 0.000000
1649612567599760145 88.459895 0.000000
1649612567688122418 88.351042 0.000000
1649612567760542790 88.376309 0.000000
1649612567887198198 88.444597 0.000000
1649612567904019778 88.573108 0.000000
1649612567919632211 176.608137 0.000000
1649612568031917475 88.401437 0.000000
1649612568104293824 88.377321 0.000000
1649612568208965627 176.652350 0.000000
1649612568305197901 88.788983 0.000000
1649612568484582513 176.624880 0.000000
1649612568538428589 88.541448 0.000000
1649612568755280057 176.667990 0.000000
1649612568787840678 176.665946 0.000000
1649612568830530604 88.378594 0.000000
1649612569134668979 88.468692 0.000000
1649612569278482607 176.829713 0.000000
1649612569278656744 88.424319 0.000000
1649612569279254895 88.404311 0.000000
1649612569318421167 88.376700 0.000000
1649612569409455668 88.354959 0.000000
1649612569554266386 88.445959 0.000000
1649612569626506871 88.342987 0.000000
1649612569642616937 88.345391 0.000000
1649612569656973597 88.357173 0.000000
1649612569700169050 88.369347 0.000000
1649612569771212772 88.376829 0.000000
1649612569785251195 176.602687 0.000000
1649612569785922994 88.366170 0.000000
1649612569801725363 88.370980 0.000000
1649612569859672587 88.456941 0.000000
1649612569931116630 88.587275 0.000000
1649612570059094306 88.510380 0.000000
1649612570134791540 88.452682 0.000000
1649612570147452592 88.369226 0.000000
1649612570278229274 88.375689 0.000000
1649612570278303974 88.381118 0.000000
1649612570422970461 88.479844 0.000000
1649612570437170717 88.570984 0.000000
1649612570493518353 88.481175 0.000000
1649612570581704697 176.659925 0.000000
1649612570581863955 88.339821 0.000000
1649612570767716419 88.349418 0.000000
1649612570800110468 88.443275 0.000000
1649612570856251706 88.500482 0.000000
1649612570945839656 176.751776 0.000000
1649612570947926208 176.605563 0.000000
1649612571161813420 88.420262 0.000000
1649612571290675643 88.473472 0.000000
1649612571306644655 88.545145 0.000000
1649612571382471553 176.566800 0.000000
1649612571395000386 88.345532 0.000000
1649612571451539600 88.474042 0.000000
1649612571596216738 176.631521 0.000000
1649612571725155135 88.509589 0.000000
1649612571740889256 176.706120 0.000000
1649612571781564046 88.409021 0.000000
1649612571801131302 88.393722 0.000000
1649612571870174523 176.781131 0.000000
1649612571870273118 88.677423 0.000000
1649612571943962078 88.467580 0.000000
1649612571958848611 88.569923 0.000000
1649612572361202176 88.405574 0.000000
1649612572667690485 88.452191 0.000000
1649612573047432148 88.436832 0.000000
1649612573248536460 88.274929 0.000000
1649612573406340230 88.327909 0.000000
1649612573481803646 88.516031 0.000000
1649612573550961344 176.812752 0.000000
1649612573553732708 88.309905 0.000000
1649612573623916957 88.503046 0.000000
1649612573623942535 176.944517 0.000000
1649612573626269317 176.592989 0.000000
1649612573753097479 88.352795 0.000000
1649612573825512441 88.562188 0.000000
1649612573897529626 88.373554 0.000000
1649612573929329080 176.643843 0.000000
1649612573986297229 176.596685 0.000000
1649612574171220832 88.320253 0.000000
1649612574203697325 88.359468 0.000000
1649612574316259587 88.509519 0.000000
1649612574581224416 88.368254 0.000000
1649612574767884304 88.447473 0.000000
1649612574814660860 88.465566 0.000000
1649612574839527198 88.438506 0.000000
1649612574959076908 176.548185 0.000000
1649612574985041063 88.304985 0.000000
1649612575145570975 176.565407 0.000000
1649612575202076968 88.492378 0.000000
1649612575202544554 88.410404 0.000000
1649612575233131985 88.343357 0.000000
1649612575275089879 88.473371 0.000000
1649612575482268747 88.336985 0.000000
1649612575492038819 88.470716 0.000000
1649612575506262991 88.385176 0.000000
1649612575522887982 88.375829 0.000000
1649612575723651115 88.427176 0.000000
1649612576014231306 88.399803 0.000000
1649612576175471487 88.399412 0.000000
1649612576230928895 88.401827 0.000000
1649612576392203281 88.364026 0.000000
1649612576392703909 176.559656 0.000000
1649612576423963190 88.566776 0.000000
1649612576521224132 88.420102 0.000000
1649612576641161978 176.748701 0.000000
1649612576665442970 88.305336 0.000000
1649612576738545320 88.348286 0.000000
1649612576754316822 88.406516 0.000000
1649612576825995282 176.482120 0.000000
1649612576842702959 88.379725 0.000000
1649612577059885998 88.384344 0.000000
1649612577099758734 88.499891 0.000000
1649612577148267466 88.374425 0.000000
1649612577261394768 88.448225 0.000000
1649612577349716524 88.356341 0.000000
1649612577437971044 176.797942 0.000000
1649612577510250812 88.486926 0.000000
1649612577535196490 88.494370 0.000000
1649612577535525837 88.447463 0.000000
1649612577582513309 176.559997 0.000000
1649612577783903667 88.390376 0.000000
1649612577825447424 88.475244 0.000000
1649612577839635308 176.631241 0.000000
1649612577841033579 88.422056 0.000000
1649612578042280537 88.344299 0.000000
1649612578105285802 176.584643 0.000000
1649612578396312340 88.396326 0.000000
1649612578404282268 88.425281 0.000000
1649612578436019565 88.402157 0.000000
1649612578597515436 88.411715 0.000000
1649612578621829168 88.344179 0.000000
1649612579015319551 88.557899 0.000000
1649612579128547420 88.350510 0.000000
1649612579145020837 88.402387 0.000000
1649612579160268717 88.517864 0.000000
1649612579176270932 88.426203 0.000000
1649612579217430499 88.446510 0.000000
1649612579578385207 176.731348 0.000000
1649612579627385140 88.374536 0.000000
1649612579683397047 88.533524 0.000000
1649612579724200727 88.329410 0.000000
1649612579771863715 88.463662 0.000000
1649612579997701015 88.480333 0.000000
1649612580335673526 88.496824 0.000000
1649612580359951361 88.441881 0.000000
1649612580553268256 88.604616 0.000000
1649612580575090629 88.404221 0.000000
1649612580665847070 176.727191 0.000000
1649612580867524575 88.516561 0.000000
1649612580935503441 88.472589 0.000000
1649612580987374978 88.526641 0.000000
1649612581059885659 88.404452 0.000000
1649612581069614203 88.456699 0.000000
1649612581152699304 88.468342 0.000000
1649612581286455451 88.398009 0.000000
1649612581387567842 176.672097 0.000000
1649612581431614210 88.476596 0.000000
1649612581494348006 88.413949 0.000000
1649612581629682962 88.526059 0.000000
1649612581727338463 176.561058 0.000000
1649612581866707551 88.619445 0.000000
1649612581938859018 88.460446 0.000000
1649612581999083581 88.550796 0.000000
1649612582011781591 88.593776 0.000000
1649612582023252902 88.511332 0.000000
1649612582111811714 88.491165 0.000000
1649612582154559859 88.367292 0.000000
1649612582200139150 176.853447 0.000000
1649612582228235924 88.396176 0.000000
1649612582228740610 88.517253 0.000000
1649612582281274678 88.479112 0.000000
1649612582281451019 88.400074 0.000000
1649612582312083093 88.444776 0.000000
1649612582384465734 88.412377 0.000000
1649612582385159876 88.369767 0.000000
1649612582426219365 88.419110 0.000000
1649612582446557917 88.923514 0.000000
1649612582498446655 88.448924 0.000000
1649612582535043070 88.481095 0.000000
1649612582590701494 88.332567 0.000000
1649612582591207572 88.469463 0.000000
1649612582896224112 88.455637 0.000000
1649612582969143208 176.581717 0.000000
1649612582996259885 88.365629 0.000000
1649612583093852699 88.370288 0.000000
1649612583182089035 88.385817 0.000000
1649612583388254733 88.568108 0.000000
1649612583399221729 88.473801 0.000000
1649612583487485236 176.638503 0.000000
1649612583616232053 88.303452 0.000000
1649612583648183682 88.376881 0.000000
1649612583678079267 88.376950 0.000000
1649612583838801788 176.797161 0.000000
1649612583920415592 88.407597 0.000000
1649612583966535647 88.414019 0.000000
1649612584008791319 88.367914 0.000000
1649612584098846935 88.390766 0.000000
1649612584112315842 88.403340 0.000000
1649612584255342113 88.401125 0.000000
1649612584630031474 88.359568 0.000000
1649612584850827856 176.655516 0.000000
1649612584967794393 88.356973 0.000000
1649612584990859144 88.354307 0.000000
1649612584995672587 88.359858 0.000000
1649612585196984707 88.412326 0.000000
1649612585225260336 176.505805 0.000000
1649612585269715571 88.480264 0.000000
1649612585285199042 176.757667 0.000000
1649612585285434403 88.440809 0.000000
1649612585374691042 88.466418 0.000000
1649612585515303660 88.436081 0.000000
1649612585571699355 88.599045 0.000000
1649612585631866911 88.472228 0.000000
1649612585866399059 88.555606 0.000000
1649612585881513749 176.709087 0.000000
1649612585994408663 88.395414 0.000000
1649612585995144813 88.394553 0.000000
1649612586004945252 88.464824 0.000000
1649612586067053666 88.344730 0.000000
1649612586228419752 176.705599 0.000000
1649612586356809291 88.506253 0.000000
1649612586445378170 176.730405 0.000000
1649612586575129751 88.757594 0.000000
1649612586590775145 176.836945 0.000000
1649612586647320001 88.563069 0.000000
1649612586658203821 88.472168 0.000000
1649612586719338259 88.373925 0.000000
1649612586735687884 88.357814 0.000000
1649612586792604315 88.621168 0.000000
1649612586937572567 88.528434 0.000000
1649612587024655692 176.511195 0.000000
1649612587025506717 176.566709 0.000000
1649612587081878127 88.388231 0.000000
1649612587234914692 88.424669 0.000000
1649612587379823052 88.446280 0.000000
1649612587444343636 88.357002 0.000000
1649612587444825510 88.304014 0.000000
1649612587445363808 88.578157 0.000000
1649612587487428603 88.394452 0.000000
1649612587500365771 88.569801 0.000000
1649612587517825537 88.677844 0.000000
1649612587533228819 88.398420 0.000000
1649612587645026076 88.451961 0.000000
1649612587660608433 88.367292 0.000000
1649612587669509727 88.585691 0.000000
1649612587734722119 88.460006 0.000000
1649612587968155555 88.412396 0.000000
1649612588051198798 88.587785 0.000000
1649612588107783508 88.488078 0.000000
1649612588176495368 88.566255 0.000000
1649612588184167659 176.501557 0.000000
1649612588192161953 176.680231 0.000000
1649612588228313884 88.599957 0.000000
1649612588249059058 88.530538 0.000000
1649612588445413135 176.623996 0.000000
1649612588530932509 88.586081 0.000000
1649612588558569861 88.339108 0.000000
1649612588614821407 88.609505 0.000000
1649612588807861302 88.498717 0.000000
1649612588823828781 88.496895 0.000000
1649612588952709669 88.529936 0.000000
1649612588977335316 88.553581 0.000000
1649612589170062195 88.645102 0.000000
1649612589186576679 88.356812 0.000000
1649612589225955118 176.574804 0.000000
1649612589226071656 88.474682 0.000000
1649612589271624419 88.615247 0.000000
1649612589344272547 88.505009 0.000000
1649612589403898267 88.396987 0.000000
1649612589443303706 88.547580 0.000000
1649612589706235424 88.381298 0.000000
1649612589722212671 176.658881 0.000000
1649612589749516378 88.601009 0.000000
1649612589996598938 88.386227 0.000000
1649612590069175693 88.322919 0.000000
1649612590111152943 88.535226 0.000000
1649612590151160942 88.419570 0.000000
1649612590272825975 88.430991 0.000000
1649612590359103369 88.462561 0.000000
1649612590384600640 88.459044 0.000000
1649612590447477905 88.366580 0.000000
1649612590463206696 88.494910 0.000000
1649612590618743698 88.412196 0.000000
1649612590787705111 88.421253 0.000000
1649612590794068348 88.472349 0.000000
1649612590827882688 88.428486 0.000000
1649612591133266455 176.587116 0.000000
1649612591141222919 176.562651 0.000000
1649612591141431790 88.316256 0.000000
1649612591197503840 88.545607 0.000000
1649612591237466774 88.424739 0.000000
1649612591358715888 88.347785 0.000000
1649612591446443350 88.689846 0.000000
1649612591446472875 88.690196 0.000000
1649612591470977896 88.351231 0.000000
1649612591599972508 88.530448 0.000000
1649612591704376849 176.745113 0.000000
1649612591823831989 176.580754 0.000000
1649612591881058933 88.439086 0.000000
1649612591986551103 88.474924 0.000000
1649612592026359167 88.449656 0.000000
1649612592041994003 176.848487 0.000000
1649612592107051754 88.455677 0.000000
1649612592276353956 88.394763 0.000000
1649612592316421015 88.510521 0.000000
1649612592316436114 88.434668 0.000000
1649612592347968446 88.481206 0.000000
1649612592404329978 176.431545 0.000000
1649612592476805002 176.634987 0.000000
1649612592549308779 176.536942 0.000000
1649612592854869578 88.667995 0.000000
1649612592894869022 88.419249 0.000000
1649612592942726373 176.500333 0.000000
1649612592968236157 88.295947 0.000000
1649612592968339782 88.415853 0.000000
1649612592975626990 88.405162 0.000000
1649612592975710988 88.503918 0.000000
1649612593088705089 176.828750 0.000000
1649612593088877362 88.438495 0.000000
1649612593145312481 88.412857 0.000000
1649612593185581309 88.430159 0.000000
1649612593265821347 176.699687 0.000000
1649612593330392206 88.457270 0.000000
1649612593337851697 88.415022 0.000000
1649612593337902443 88.464625 0.000000
1649612593435179123 88.401055 0.000000
1649612593523664606 88.524766 0.000000
1649612593627592213 88.379784 0.000000
1649612593668228099 88.515148 0.000000
1649612593708354280 176.578961 0.000000
1649612593715919911 88.318741 0.000000
1649612593797386308 88.371049 0.000000
1649612593829079642 176.507888 0.000000
1649612593869733752 88.450156 0.000000
1649612593900309231 88.422235 0.000000
1649612593917446543 88.358575 0.000000
1649612593948436679 88.408097 0.000000
1649612594133578851 88.414860 0.000000
1649612594189889096 88.351311 0.000000
1649612594334098315 88.486995 0.000000
1649612594406985622 88.563269 0.000000
1649612594422235586 176.594160 0.000000
1649612594503868584 88.552799 0.000000
1649612594702966324 176.598127 0.000000
1649612594769353968 88.798830 0.000000
1649612594904683744 88.423497 0.000000
1649612594947255869 88.452572 0.000000
1649612595101140824 88.406866 0.000000
1649612595131123081 88.469333 0.000000
1649612595131508083 88.666783 0.000000
1649612595146920551 176.719234 0.000000
1649612595155405495 88.433776 0.000000
1649612595243783817 88.368644 0.000000
1649612595251268115 88.444747 0.000000
1649612595339840451 88.565563 0.000000
1649612595412260021 88.536679 0.000000
1649612595412287492 88.596360 0.000000
1649612595453733106 88.374285 0.000000
1649612595557213705 88.421433 0.000000
1649612595710737222 88.369556 0.000000
1649612595855610255 88.478960 0.000000
1649612595871715151 88.383773 0.000000
1649612595918645225 176.512737 0.000000
1649612595968356101 88.418718 0.000000
1649612596000085182 88.356382 0.000000
1649612596088424982 176.623314 0.000000
1649612596121847568 88.490602 0.000000
1649612596330533719 88.471016 0.000000
1649612596354334180 88.415121 0.000000
1649612596362494565 88.442422 0.000000
1649612596459627106 88.400514 0.000000
1649612596507278401 88.645062 0.000000
1649612596523526526 88.373002 0.000000
1649612596869217633 88.623322 0.000000
1649612596909768208 88.439477 0.000000
1649612597086463528 88.615386 0.000000
1649612597174502203 88.370657 0.000000
1649612597247268503 88.360418 0.000000
1649612597256590235 88.338297 0.000000
1649612597335661533 88.383512 0.000000
1649612597366537184 88.357953 0.000000
1649612597376036058 88.469412 0.000000
1649612597464351583 88.310144 0.000000
1649612597473815862 88.388310 0.000000
1649612597552687636 88.329511 0.000000
1649612597618852532 88.460516 0.000000
1649612597665581619 88.378823 0.000000
1649612597729136362 88.365598 0.000000
1649612597833987601 176.589401 0.000000
1649612597857598035 88.471376 0.000000
1649612597947591514 88.292461 0.000000
1649612598100186642 88.448524 0.000000
1649612598236042173 88.440900 0.000000
1649612598317094082 88.379674 0.000000
1649612598671273048 88.518805 0.000000
1649612598679062238 88.659148 0.000000
1649612598794121399 88.434768 0.000000
1649612598816448378 88.359266 0.000000
1649612598961579204 88.502995 0.000000
1649612598969173769 88.574359 0.000000
1649612599049344898 176.777573 0.000000
1649612599178888838 88.506603 0.000000
1649612599234659843 88.567146 0.000000
1649612599249872246 88.407336 0.000000
1649612599258654718 88.419118 0.000000
1649612599307086025 88.547960 0.000000
1649612599323283615 88.402537 0.000000
1649612599474849763 88.285247 0.000000
1649612599475861189 88.427524 0.000000
1649612599596736873 88.362181 0.000000
1649612599685265937 88.343336 0.000000
1649612599757684786 88.332807 0.000000
1649612599781690831 88.455727 0.000000
1649612599838179671 88.535496 0.000000
1649612599870357343 88.660661 0.000000
1649612599926748320 88.573748 0.000000
1649612599975242125 88.497405 0.000000
1649612599982993864 88.640032 0.000000
1649612600015093299 88.338507 0.000000
1649612600055280344 88.529226 0.000000
1649612600071567061 88.481295 0.000000
1649612600127634371 88.689576 0.000000
1649612600192281312 88.357092 0.000000
1649612600216268132 88.365568 0.000000
1649612600272042152 88.362873 0.000000
1649612600321289599 88.853864 0.000000
1649612600482170326 88.416143 0.000000
1649612600489698156 88.545766 0.000000
1649612600595360494 88.443735 0.000000
1649612600683119916 88.594557 0.000000
1649612600700349600 88.341192 0.000000
1649612600788796040 88.443915 0.000000
1649612601044832422 88.449566 0.000000
1649612601214306857 88.509578 0.000000
1649612601247570173 88.388762 0.000000
1649612601358287266 88.383000 0.000000
1649612601447501796 88.440218 0.000000
1649612601479040751 88.410312 0.000000
1649612601568512773 88.346542 0.000000
1649612601647893099 88.455776 0.000000
1649612601648493364 88.420029 0.000000
1649612601663560185 176.553173 0.000000
1649612601720886835 88.452571 0.000000
1649612601729534925 176.550999 0.000000
1649612601874147369 176.495745 0.000000
1649612601983711421 88.933393 0.000000
1649612602009775444 88.411534 0.000000
1649612602058499219 88.643149 0.000000
1649612602203060848 88.456888 0.000000
1649612602275351276 88.412376 0.000000
1649612602299779494 88.529947 0.000000
1649612602329668005 88.427134 0.000000
1649612602363501590 176.548523 0.000000
1649612602580695428 176.519730 0.000000
1649612602734728160 88.364898 0.000000
1649612602807000232 88.425049 0.000000
1649612602945009400 88.378312 0.000000
1649612602951671498 88.346784 0.000000
1649612602997766264 88.536758 0.000000
1649612603214635513 88.383312 0.000000
1649612603232323798 88.527041 0.000000
1649612603241333685 88.449836 0.000000
1649612603257749535 176.571918 0.000000
1649612603386791203 88.354767 0.000000
1649612603522929103 176.727129 0.000000
1649612603740597731 88.299695 0.000000
1649612603883872668 88.365890 0.000000
1649612603893439860 88.374996 0.000000
1649612603965631583 88.548320 0.000000
1649612604012841421 88.531880 0.000000
1649612604038125903 88.387770 0.000000
1649612604247314656 88.384514 0.000000
1649612604286923176 88.558199 0.000000
1649612604327722348 88.388641 0.000000
1649612604689367117 88.387549 0.000000
1649612604737132455 88.368012 0.000000
1649612604835204777 88.425149 0.000000
1649612605099247355 88.594837 0.000000
1649612605116225558 88.363184 0.000000
1649612605116267397 88.394873 0.000000
1649612605197192959 88.367662 0.000000
1649612605315966282 176.623775 0.000000
1649612605340738705 88.466307 0.000000
1649612605341868372 88.389613 0.000000
1649612605388968163 88.405452 0.000000
1649612605486898600 88.440429 0.000000
1649612605662101070 88.406114 0.000000
1649612605766997443 176.567780 0.000000
1649612605807136657 88.650543 0.000000
1649612605984663745 88.479161 0.000000
1649612606024095374 88.582093 0.000000
1649612606024123306 88.599145 0.000000
1649612606282616522 88.386768 0.000000
1649612606474538963 88.403770 0.000000
1649612606531075612 88.437462 0.000000
1649612606563101490 88.552939 0.000000
1649612606572224419 88.339449 0.000000
1649612606645265764 88.367802 0.000000
1649612606717779039 88.376458 0.000000
1649612606998398097 88.493377 0.000000
1649612607126621773 88.428605 0.000000
1649612607215539926 88.450678 0.000000
1649612607240829418 88.599246 0.000000
1649612607457732239 88.405832 0.000000
1649612607488463622 88.443444 0.000000
1649612607504385635 176.667487 0.000000
1649612607560966787 88.469593 0.000000
1649612607618707424 88.375878 0.000000
1649612607658277963 88.361711 0.000000
1649612607803176533 88.427244 0.000000
1649612607803377580 88.422305 0.000000
1649612607850719335 88.596120 0.000000
1649612607908459189 88.429347 0.000000
1649612608028595617 88.350410 0.000000
1649612608181960226 88.465406 0.000000
1649612608253692568 88.388952 0.000000
1649612608342744351 88.355738 0.000000
1649612608615875154 88.376189 0.000000
1649612608761401050 88.375887 0.000000
1649612608792053032 88.627458 0.000000
1649612608979004545 88.497365 0.000000
1649612609034306309 88.364476 0.000000
1649612609081499505 88.502654 0.000000
1649612609154095686 88.696989 0.000000
1649612609155519735 88.353234 0.000000
1649612609196374551 88.506071 0.000000
1649612609226240591 88.480123 0.000000
1649612609459710275 88.407036 0.000000
1649612609459870715 176.529819 0.000000
1649612609468284596 88.571444 0.000000
1649612609574208774 176.663820 0.000000
1649612609588316817 88.395234 0.000000
1649612609685030172 88.459524 0.000000
1649612609733838616 176.650514 0.000000
1649612609749277554 88.382630 0.000000
1649612609757904815 88.398189 0.000000
1649612609790287421 88.455396 0.000000
1649612609806215997 88.407086 0.000000
1649612609848021174 88.335672 0.000000
1649612609878670121 88.377320 0.000000
1649612610054574698 176.534117 0.000000
1649612610210215392 88.350530 0.000000
1649612610529674019 88.433275 0.000000
1649612610618175812 88.464683 0.000000
1649612610714454752 176.654532 0.000000
1649612610717104379 88.328248 0.000000
1649612610748447637 88.411935 0.000000
1649612611036624160 88.552869 0.000000
1649612611077207487 88.532432 0.000000
1649612611125109201 88.516882 0.000000
1649612611133843893 88.338797 0.000000
1649612611149060836 88.347384 0.000000
1649612611254563454 176.572889 0.000000
1649612611286060770 88.429809 0.000000
1649612611341859256 176.699475 0.000000
1649612611341999198 176.653790 0.000000
1649612611358432651 88.374745 0.000000
1649612611366467691 88.407065 0.000000
1649612611455147588 176.485755 0.000000
1649612611543448194 88.378453 0.000000
1649612611672000747 176.643953 0.000000
1649612611776633805 177.056485 0.000000
1649612611776662929 176.879954 0.000000
1649612611832762109 88.411243 0.000000
1649612611848640080 176.584510 0.000000
1649612611873575547 88.439456 0.000000
1649612611937067664 88.417835 0.000000
1649612611945939192 88.770908 0.000000
1649612611977539683 88.497435 0.000000
1649612611993289643 176.642839 0.000000
1649612612081675640 88.382340 0.000000
1649612612194508087 88.413027 0.000000
1649612612428000753 88.358614 0.000000
1649612612453281217 88.424268 0.000000
1649612612541893959 88.484091 0.000000
1649612612670577616 88.373011 0.000000
1649612612734483398 88.444165 0.000000
1649612612758816106 176.656756 0.000000
1649612612815628683 88.430871 0.000000
1649612612904088787 88.331453 0.000000
1649612613040003038 176.569613 0.000000
1649612613121118306 88.526810 0.000000
1649612613121218735 88.457351 0.000000
1649612613323501362 88.376248 0.000000
1649612613338569525 176.752635 0.000000
1649612613424945494 88.401916 0.000000
1649612613530845898 88.368714 0.000000
1649612613675800023 88.362483 0.000000
1649612613716960711 176.595180 0.000000
1649612613748184405 88.404270 0.000000
1649612613787310491 88.567156 0.000000
1649612613901862001 88.417345 0.000000
1649612613931772393 88.371168 0.000000
1649612613990187694 88.316105 0.000000
1649612613991284920 88.407245 0.000000
1649612614004370918 88.409590 0.000000
1649612614063578343 88.336783 0.000000
1649612614353317916 88.411474 0.000000
1649612614438745256 88.405993 0.000000
1649612614527211543 88.456348 0.000000
1649612614671744377 176.582628 0.000000
1649612614698813835 88.440467 0.000000
1649612614698887573 88.514125 0.000000
1649612614800072238 88.432032 0.000000
1649612614892300346 88.370507 0.000000
1649612615061954967 88.504468 0.000000
1649612615076658557 176.695758 0.000000
1649612615133157355 88.544504 0.000000
1649612615149934030 88.572105 0.000000
1649612615396100211 176.568892 0.000000
1649612615524415128 88.482176 0.000000
1649612615527305194 88.488668 0.000000
1649612615544218406 88.380766 0.000000
1649612615551036485 88.486865 0.000000
1649612615596789803 88.363754 0.000000
1649612615655706713 176.572248 0.000000
1649612615669147106 88.373212 0.000000
1649612615758403894 176.580173 0.000000
1649612615761062778 88.386557 0.000000
1649612615921734632 176.594399 0.000000
1649612616163416688 176.695368 0.000000
1649612616324152793 176.701399 0.000000
1649612616420210759 88.365778 0.000000
1649612616453394287 88.319902 0.000000
1649612616525842570 88.479221 0.000000
1649612616637100606 88.537961 0.000000
1649612616702193132 88.362592 0.000000
1649612616797337215 88.444756 0.000000
1649612616830944797 176.560976 0.000000
1649612616854942578 88.539595 0.000000
1649612616943407031 88.458873 0.000000
1649612617072118440 88.505409 0.000000
1649612617232941538 176.935879 0.000000
1649612617305563697 88.415702 0.000000
1649612617321773730 88.551757 0.000000
1649612617479387754 88.482867 0.000000
1649612617578934308 88.456698 0.000000
1649612617628177477 176.560966 0.000000
1649612617876376878 176.568281 0.000000
1649612617930270223 88.589537 0.000000
1649612617957227149 88.447611 0.000000
1649612617957271923 88.399911 0.000000
1649612618028276441 176.661886 0.000000
1649612618102216369 88.445246 0.000000
1649612618229355612 88.438194 0.000000
1649612618364465335 88.527903 0.000000
1649612618375594024 88.448303 0.000000
1649612618509115348 88.381066 0.000000
1649612618509147799 88.413506 0.000000
1649612618552215353 88.390234 0.000000
1649612618737615978 88.352734 0.000000
1649612618745427700 176.588528 0.000000
1649612618802401488 88.476966 0.000000
1649612618857736285 88.598434 0.000000
1649612618882469263 88.391546 0.000000
1649612619027177066 88.355649 0.000000
1649612619074909062 176.595730 0.000000
1649612619187865370 176.726596 0.000000
1649612619289640383 88.553270 0.000000
1649612619668143418 176.862211 0.000000
1649612619678894960 88.439296 0.000000
1649612619724963278 88.536117 0.000000
1649612619724963268 88.536067 0.000000
1649612619767086592 176.557480 0.000000
1649612619767374351 88.379684 0.000000
1649612619870162411 88.694885 0.000000
1649612620119400059 88.526138 0.000000
1649612620248376886 88.452380 0.000000
1649612620289027188 176.557790 0.000000
1649612620320827734 88.467079 0.000000
1649612620345635121 88.455125 0.000000
1649612620376704346 88.377871 0.000000
1649612620409471533 88.298232 0.000000
1649612620553972928 176.523395 0.000000
1649612620562970452 88.542930 0.000000
1649612620563047907 88.415371 0.000000
1649612620651507662 88.454204 0.000000
1649612620828159348 176.561176 0.000000
1649612620916779563 88.567035 0.000000
1649612621069239505 88.465034 0.000000
1649612621084323618 176.660232 0.000000
1649612621102251231 88.605226 0.000000
1649612621206258536 88.422084 0.000000
1649612621335528352 88.405493 0.000000
1649612621375540630 88.466087 0.000000
1649612621423533835 88.498697 0.000000
1649612621503779203 88.415622 0.000000
1649612621536676474 88.445197 0.000000
1649612621576097943 88.400954 0.000000
1649612622002257352 88.424778 0.000000
1649612622026345732 177.000330 0.000000
1649612622204816097 88.408387 0.000000
1649612622243646239 176.881677 0.000000
1649612622292277410 88.575461 0.000000
1649612622332919227 176.730654 0.000000
1649612622349870550 88.557849 0.000000
1649612622405601629 88.399301 0.000000
1649612622436780118 88.400964 0.000000
1649612622510506466 176.595981 0.000000
1649612622517711461 88.347253 0.000000
1649612622606187666 88.471065 0.000000
1649612622654042192 88.372801 0.000000
1649612622798978482 88.518905 0.000000
1649612622880555957 88.547108 0.000000
1649612623041042784 176.603956 0.000000
1649612623058351677 88.526609 0.000000
1649612623146619341 176.794243 0.000000
1649612623219051554 88.424498 0.000000
1649612623290998026 176.473122 0.000000
1649612623314866834 88.433735 0.000000
1649612623364155819 88.372881 0.000000
1649612623532149427 88.316225 0.000000
1649612623548533106 88.303000 0.000000
1649612623596032045 88.510599 0.000000
1649612623620566090 88.411403 0.000000
1649612623693014433 176.675340 0.000000
1649612623693449669 88.497024 0.000000
1649612623821762732 88.404700 0.000000
1649612624030391294 88.573106 0.000000
1649612624111590038 88.452551 0.000000
1649612624118764726 88.339008 0.000000
1649612624175134813 88.523062 0.000000
1649612624199973018 88.334929 0.000000
1649612624247555244 88.539593 0.000000
1649612624328853575 88.363204 0.000000
1649612624344959363 88.378623 0.000000
1649612624417529484 88.416572 0.000000
1649612624465082244 176.572718 0.000000
1649612624553247967 176.704485 0.000000
1649612624634527012 176.633221 0.000000
1649612624650441511 176.659281 0.000000
1649612624795494270 88.644791 0.000000
1649612624867480537 176.840710 0.000000
1649612624899414853 88.346301 0.000000
1649612624909127498 88.585831 0.000000
1649612625028286052 176.524989 0.000000
1649612625198267576 88.656884 0.000000
1649612625246121871 88.389061 0.000000
1649612625270483062 88.538572 0.000000
1649612625334114609 88.524475 0.000000
1649612625334241217 88.442161 0.000000
1649612625349945222 176.778805 0.000000
1649612625449027616 88.459974 0.000000
1649612625503362999 88.584297 0.000000
1649612625623724388 88.436089 0.000000
1649612625793210884 88.467529 0.000000
1649612625841299077 88.511541 0.000000
1649612625897840345 88.413097 0.000000
1649612625897878808 88.402728 0.000000
1649612626044234378 176.547340 0.000000
1649612626131064377 88.352542 0.000000
1649612626131064367 176.703383 0.000000
1649612626139616236 88.385945 0.000000
1649612626155614583 88.409119 0.000000
1649612626405086419 88.388060 0.000000
1649612626463326851 88.426232 0.000000
1649612626565766147 88.436961 0.000000
1649612626735213420 88.406785 0.000000
1649612626753310610 88.480282 0.000000
1649612626807591893 88.376278 0.000000
1649612626855485141 88.506502 0.000000
1649612627115857999 88.418026 0.000000
1649612627144942242 176.692341 0.000000
1649612627346310386 88.377681 0.000000
1649612627386772836 88.444576 0.000000
1649612627458853860 88.424187 0.000000
1649612627475211040 88.431832 0.000000
1649612627603666900 88.387028 0.000000
1649612627942126780 88.419708 0.000000
1649612628014533044 88.464463 0.000000
1649612628247639776 88.418216 0.000000
1649612628304498980 88.452651 0.000000
1649612628320556377 88.969239 0.000000
1649612628398644551 176.512265 0.000000
1649612628609244888 88.431351 0.000000
1649612628682312973 176.564162 0.000000
1649612628826163568 88.619894 0.000000
1649612628962412475 88.540945 0.000000
1649612628970705700 88.386877 0.000000
1649612629002857993 176.691400 0.000000
1649612629018300649 88.540355 0.000000
1649612629037259063 88.351622 0.000000
1649612629044502951 88.472418 0.000000
1649612629058346679 88.530406 0.000000
1649612629122907007 176.560204 0.000000
1649612629261034595 88.470203 0.000000
1649612629567038822 176.526331 0.000000
1649612629709895164 88.430760 0.000000
1649612629979835664 88.341602 0.000000
1649612629986113812 88.482336 0.000000
1649612630000061856 88.542169 0.000000
1649612630031730583 88.423415 0.000000
1649612630219499637 88.392899 0.000000
1649612630506688707 88.403097 0.000000
1649612630574059343 88.414268 0.000000
1649612630597751109 176.640383 0.000000
1649612630863831436 88.651163 0.000000
1649612630944180667 88.448481 0.000000
1649612631066619600 88.379714 0.000000
1649612631097085443 176.733219 0.000000
1649612631169431635 176.567268 0.000000
1649612631250321691 88.482547 0.000000
1649612631284032556 88.401936 0.000000
1649612631378705375 176.647388 0.000000
1649612631379347539 88.520348 0.000000
1649612631394124405 88.414478 0.000000
1649612631435240191 88.439896 0.000000
1649612631507814479 88.387118 0.000000
1649612631642040555 88.493397 0.000000
1649612631733736555 88.387108 0.000000
1649612631733803731 88.318760 0.000000
1649612631786940918 88.432082 0.000000
1649612631845666520 176.557860 0.000000
1649612631878689687 88.377099 0.000000
1649612631915998125 88.413717 0.000000
1649612631931625366 88.423957 0.000000
1649612632008661739 88.313380 0.000000
1649612632103879891 88.400012 0.000000
1649612632206424674 88.544913 0.000000
1649612632221475285 88.532080 0.000000
1649612632393824475 88.436290 0.000000
1649612632511548761 88.614323 0.000000
1649612632729006270 88.443504 0.000000
1649612632817418806 88.403799 0.000000
1649612632873986353 88.542769 0.000000
1649612633045974397 88.466116 0.000000
1649612633046084033 88.405311 0.000000
1649612633110462460 88.391998 0.000000
1649612633184047834 88.509799 0.000000
1649612633279118549 176.635274 0.000000
1649612633328020017 88.426482 0.000000
1649612633481101874 88.554711 0.000000
1649612633638540668 88.500831 0.000000
1649612633690436189 88.423045 0.000000
1649612633690496842 88.511291 0.000000
1649612633770270996 88.530496 0.000000
1649612633903577999 176.486255 0.000000
1649612633945461313 88.896903 0.000000
1649612633988138564 88.450446 0.000000
1649612634017720812 88.493126 0.000000
1649612634076512347 88.369885 0.000000
1649612634105669387 88.389261 0.000000
1649612634187938027 88.325482 0.000000
1649612634270068687 88.384152 0.000000
1649612634285864384 176.620657 0.000000
1649612634404290135 88.408378 0.000000
1649612634405175745 88.384273 0.000000
1649612634423056780 88.382269 0.000000
1649612634507607907 88.423696 0.000000
1649612634523387313 176.620196 0.000000
1649612634639731522 176.598446 0.000000
1649612634767359260 88.431852 0.000000
1649612634768797055 88.362822 0.000000
1649612634886966054 88.409249 0.000000
1649612634940459749 176.574250 0.000000
1649612635069449661 176.718561 0.000000
1649612635120259916 176.742476 0.000000
1649612635133477751 176.536059 0.000000
1649612635159199873 88.427994 0.000000
1649612635214213287 88.450596 0.000000
1649612635374915157 176.519969 0.000000
1649612635449311651 88.603713 0.000000
1649612635480609344 88.626707 0.000000
1649612635488062934 88.391276 0.000000
1649612635563925196 88.551185 0.000000
1649612635697563379 88.457941 0.000000
1649612635777779412 88.408107 0.000000
1649612635853899476 88.407606 0.000000
1649612636143748603 88.461488 0.000000
1649612636171675858 176.639092 0.000000
1649612636191484586 88.419738 0.000000
1649612636204406266 88.512904 0.000000
1649612636279833953 88.338907 0.000000
1649612636663308876 88.384453 0.000000
1649612636735928018 88.530777 0.000000
1649612636751883896 88.573026 0.000000
1649612636808186797 88.629172 0.000000
1649612636941130738 88.568257 0.000000
1649612636957040870 176.886316 0.000000
1649612637009723485 88.350128 0.000000
1649612637026035449 89.035663 0.000000
1649612637161525854 176.553962 0.000000
1649612637319213464 176.712940 0.000000
1649612637376117252 88.542870 0.000000
1649612637492172188 176.743839 0.000000
1649612637822150850 88.356510 0.000000
1649612637894516307 88.358865 0.000000
1649612637947349334 88.430409 0.000000
1649612637955355200 88.450987 0.000000
1649612638102634853 176.740672 0.000000
1649612638160064966 176.704634 0.000000
1649612638256627337 88.375536 0.000000
1649612638304863858 176.538954 0.000000
1649612638546554569 88.390854 0.000000
1649612638562892432 176.532081 0.000000
1649612638619853817 88.402787 0.000000
1649612638655698251 88.571714 0.000000
1649612638665960005 88.376848 0.000000
1649612638810966918 88.421863 0.000000
1649612638836636371 88.560664 0.000000
1649612638873112189 88.574919 0.000000
1649612639018355985 88.561163 0.000000
1649612639034140471 88.564740 0.000000
1649612639173397326 88.414198 0.000000
1649612639188552181 88.667192 0.000000
1649612639396252712 176.643179 0.000000
1649612639432103629 176.703302 0.000000
1649612639478469986 88.368593 0.000000
1649612639478624195 88.464012 0.000000
1649612639541495647 176.721917 0.000000
1649612639608253444 88.466266 0.000000
1649612639617267840 88.391606 0.000000
1649612639639183176 176.688724 0.000000
1649612639655385286 88.396386 0.000000
1649612639695878964 88.593104 0.000000
1649612639696268584 176.576995 0.000000
1649612639743136871 88.524965 0.000000
1649612639753110685 88.393720 0.000000
1649612639831602957 88.456097 0.000000
1649612639851551908 88.335241 0.000000
1649612639960702132 88.632057 0.000000
1649612639970863668 88.381817 0.000000
1649612640083945402 88.470193 0.000000
1649612640124598790 88.375265 0.000000
1649612640130521361 88.399430 0.000000
1649612640347578580 88.366388 0.000000
1649612640411190080 88.396756 0.000000
1649612640492579411 88.557466 0.000000
1649612640492761151 88.641363 0.000000
1649612640518948686 88.552728 0.000000
1649612640556138643 88.553299 0.000000
1649612640559281654 88.361339 0.000000
1649612640581358282 88.591491 0.000000
1649612640710008226 88.505700 0.000000
1649612640721307325 88.382679 0.000000
1649612640776405507 88.335511 0.000000
1649612640918001426 176.662014 0.000000
1649612640927475634 88.400642 0.000000
1649612641217842871 88.642416 0.000000
1649612641283515924 88.345249 0.000000
1649612641373360403 88.461667 0.000000
1649612641500832209 88.352733 0.000000
1649612641507389459 88.491083 0.000000
1649612641606756427 88.358404 0.000000
1649612641771835972 88.472357 0.000000
1649612641844278494 88.501282 0.000000
1649612641935547142 88.488959 0.000000
1649612642007710130 88.486794 0.000000
1649612642087152131 88.527109 0.000000
1649612642098251515 88.336743 0.000000
1649612642175728894 88.568147 0.000000
1649612642294527864 176.588416 0.000000
1649612642304636701 88.561313 0.000000
1649612642369731941 88.357522 0.000000
1649612642388221868 88.652515 0.000000
1649612642675280623 176.614355 0.000000
1649612642750522242 88.403308 0.000000
1649612642750672534 88.591771 0.000000
1649612642900048534 176.697901 0.000000
1649612642965199660 176.584619 0.000000
1649612642968055633 88.480844 0.000000
1649612642999914347 176.743597 0.000000
1649612643029204176 88.466776 0.000000
1649612643101788664 88.518794 0.000000
1649612643201195336 176.767001 0.000000
1649612643201480130 88.437953 0.000000
1649612643464548860 88.431300 0.000000
1649612643609489467 88.460093 0.000000
1649612643692661450 88.407596 0.000000
1649612643697679706 176.625486 0.000000
1649612643709404552 88.515307 0.000000
1649612643850351675 176.561876 0.000000
1649612643898700878 88.427994 0.000000
1649612644043915239 88.407396 0.000000
1649612644055856050 88.548430 0.000000
1649612644071475135 88.494880 0.000000
1649612644118068537 176.614074 0.000000
1649612644128303050 88.448773 0.000000
1649612644261391553 88.826041 0.000000
1649612644326014779 88.472147 0.000000
1649612644389533023 88.454433 0.000000
1649612644470434070 88.491504 0.000000
1649612644478077085 88.533792 0.000000
1649612644550979539 88.621466 0.000000
1649612644561959529 88.383460 0.000000
1649612644913104974 88.576432 0.000000
1649612644924219386 88.363713 0.000000
1649612645057797678 88.399702 0.000000
1649612645130499575 88.599957 0.000000
1649612645141674811 88.533542 0.000000
1649612645230126260 88.445066 0.000000
1649612645275227845 88.397777 0.000000
1649612645403899149 88.633499 0.000000
1649612645838436238 88.390454 0.000000
1649612645855157770 88.703330 0.000000
1649612645867250005 88.451037 0.000000
1649612645971566970 88.424156 0.000000
1649612645999886180 88.499237 0.000000
1649612646144922807 88.581060 0.000000
1649612646300523045 88.443543 0.000000
1649612646445735703 88.404400 0.000000
1649612646591647921 88.332936 0.000000
1649612646642819194 176.688625 0.000000
1649612646797395542 88.943120 0.000000
1649612646885361350 176.927963 0.000000
1649612646989396837 88.913834 0.000000
1649612647006161229 88.458911 0.000000
1649612647014215827 88.386096 0.000000
1649612647097707759 88.413167 0.000000
1649612647158288647 177.036256 0.000000
1649612647159112231 88.566252 0.000000
1649612647171389373 88.473078 0.000000
1649612647214606997 88.485372 0.000000
1649612647223120474 88.411694 0.000000
1649612647231223192 88.445397 0.000000
1649612647242517260 88.533632 0.000000
1649612647440137357 88.438313 0.000000
1649612647537069901 176.842292 0.000000
1649612647955620527 88.530125 0.000000
1649612647967556038 88.332455 0.000000
1649612648019569028 88.368222 0.000000
1649612648028001453 88.467037 0.000000
1649612648148001254 88.468911 0.000000
1649612648173292869 88.561244 0.000000
1649612648381515167 88.454835 0.000000
1649612648390741420 88.494369 0.000000
1649612648518855189 88.341251 0.000000
1649612648535784810 88.377940 0.000000
1649612648619814751 88.279646 0.000000
1649612648654236730 88.484059 0.000000
1649612648825733723 88.507613 0.000000
1649612648871189472 88.389301 0.000000
1649612648881340760 88.339980 0.000000
1649612648909513324 88.426732 0.000000
1649612648925295916 176.688344 0.000000
1649612649331811493 88.331594 0.000000
1649612649379250540 88.393339 0.000000
1649612649476908333 88.395152 0.000000
1649612649778147717 88.500480 0.000000
1649612649923379321 88.418015 0.000000
1649612649996452455 88.401865 0.000000
1649612650139820314 88.379192 0.000000
1649612650175352724 88.418136 0.000000
1649612650273509293 88.395593 0.000000
1649612650345286437 88.369805 0.000000
1649612650358018331 88.459714 0.000000
1649612650393503302 88.335210 0.000000
1649612650417878419 88.435528 0.000000
1649612650446776243 88.498857 0.000000
1649612650503470868 88.434486 0.000000
1649612650575811379 88.441138 0.000000
1649612650635427279 88.491002 0.000000
1649612650651514341 88.397788 0.000000
1649612650680426913 88.629853 0.000000
1649612650697247380 88.541317 0.000000
1649612650707987501 88.399200 0.000000
1649612650853801616 176.609515 0.000000
1649612650953384328 176.733328 0.000000
1649612651055474318 88.393969 0.000000
1649612651081759095 88.554120 0.000000
1649612651097897223 88.562857 0.000000
1649612651231231617 176.686921 0.000000
1649612651360482637 88.487436 0.000000
1649612651361521354 88.430950 0.000000
1649612651376572434 88.538632 0.000000
1649612651420897805 88.485361 0.000000
1649612651621925158 88.423595 0.000000
1649612651769852424 88.466246 0.000000
1649612651796449656 88.490932 0.000000
1649612651912307703 88.507313 0.000000
1649612652040720712 88.383321 0.000000
1649612652059578167 88.375816 0.000000
1649612652070054683 88.576432 0.000000
1649612652096396247 88.520217 0.000000
1649612652169473538 88.403337 0.000000
1649612652184785337 88.378981 0.000000
1649612652302702754 88.395373 0.000000
1649612652318793253 88.458540 0.000000
1649612652359524237 88.405392 0.000000
1649612652377576773 176.517582 0.000000
1649612652447685872 88.495771 0.000000
1649612652494040085 88.454032 0.000000
1649612652563912128 88.487355 0.000000
1649612652692787033 176.713911 0.000000
1649612652821874326 88.517291 0.000000
1649612652894506383 88.507904 0.000000
1649612653219484361 88.771388 0.000000
1649612653375349836 88.507683 0.000000
1649612653389024827 88.534052 0.000000
1649612653461501553 88.514697 0.000000
1649612653477495702 88.460505 0.000000
1649612653478922085 176.568108 0.000000
1649612653509376817 88.606488 0.000000
1649612653509387397 88.545674 0.000000
1649612653726722537 88.431761 0.000000
1649612653980691460 88.449184 0.000000
1649612654016922038 88.443272 0.000000
1649612654033217320 177.251849 0.000000
1649612654041378287 88.520648 0.000000
1649612654197987947 88.430208 0.000000
1649612654330623049 88.410841 0.000000
1649612654406262723 176.576132 0.000000
1649612654467632941 88.378431 0.000000
1649612654507118140 176.490913 0.000000
1649612654535307496 88.365165 0.000000
1649612654636586678 176.613203 0.000000
1649612654648849753 88.370957 0.000000
1649612654669038323 88.565001 0.000000
1649612654669196920 88.671340 0.000000
1649612654669318888 88.733998 0.000000
1649612654813193598 176.600229 0.000000
1649612654974674978 176.624253 0.000000
1649612655010794168 176.784924 0.000000
1649612655055770960 88.402927 0.000000
1649612655115079554 88.614143 0.000000
1649612655203491307 88.405551 0.000000
1649612655264451918 176.608844 0.000000
1649612655300353219 88.383801 0.000000
1649612655429660645 88.368873 0.000000
1649612655449065255 176.562798 0.000000
1649612655634345082 88.355467 0.000000
1649612655646955909 88.347342 0.000000
1649612655735139204 88.321324 0.000000
1649612655791263550 88.468149 0.000000
1649612655806997510 176.630615 0.000000
1649612655936767393 88.414659 0.000000
1649612656129497273 88.471404 0.000000
1649612656273757285 88.602030 0.000000
1649612656286282311 88.400242 0.000000
1649612656519482527 176.684597 0.000000
1649612656603722731 176.638239 0.000000
1649612656877824950 88.476113 0.000000
1649612656931984664 88.516880 0.000000
1649612656937960434 88.352302 0.000000
1649612656953800434 176.566035 0.000000
1649612657022421734 88.436420 0.000000
1649612657076394576 176.547228 0.000000
1649612657098956084 88.449975 0.000000
1649612657149072730 176.678144 0.000000
1649612657445110584 88.467257 0.000000
1649612657506454122 88.443632 0.000000
1649612657544870147 176.626908 0.000000
1649612657589975820 88.358584 0.000000
1649612657594503757 176.490983 0.000000
1649612657650509541 88.465655 0.000000
1649612657674196979 88.484340 0.000000
1649612657750893373 88.375655 0.000000
1649612657823494242 88.428104 0.000000
1649612657823583108 88.480071 0.000000
1649612657930590636 88.505750 0.000000
1649612657956345549 88.345599 0.000000
1649612658013700843 88.485501 0.000000
1649612658147839704 88.357422 0.000000
1649612658241961750 88.436729 0.000000
1649612658559165787 88.560673 0.000000
1649612658848559327 88.525016 0.000000
1649612658864805869 88.404149 0.000000
1649612658977241953 88.401766 0.000000
1649612659042843000 176.756581 0.000000
1649612659315190230 176.579098 0.000000
1649612659316397102 88.463591 0.000000
1649612659333495199 88.449603 0.000000
1649612659388781424 88.397636 0.000000
1649612659416703670 88.474081 0.000000
1649612659461302513 88.537509 0.000000
1649612659577859650 88.482175 0.000000
1649612659606389514 88.390013 0.000000
1649612659617996290 88.614183 0.000000
1649612659633887666 88.601650 0.000000
1649612659650374277 88.570170 0.000000
1649612659895970126 88.412876 0.000000
1649612659907294501 88.295366 0.000000
1649612659968646195 88.479570 0.000000
1649612660201534846 176.571063 0.000000
1649612660229063494 88.447732 0.000000
1649612660264235839 176.545195 0.000000
1649612660330662404 88.383160 0.000000
1649612660462531992 88.539943 0.000000
1649612660564451353 176.643989 0.000000
1649612660632008037 88.384983 0.000000
1649612660679561919 88.443442 0.000000
1649612660683162448 88.507603 0.000000
1649612660730856412 176.612451 0.000000
1649612660766073731 88.427903 0.000000
1649612660803575472 88.403438 0.000000
1649612660837793618 88.435968 0.000000
1649612660891599088 88.505819 0.000000
1649612660910209780 88.496161 0.000000
1649612660983651705 88.486944 0.000000
1649612661117863613 88.389081 0.000000
1649612661127657119 88.625263 0.000000
1649612661272957701 88.585829 0.000000
1649612661333599043 88.448462 0.000000
1649612661366922423 88.361069 0.000000
1649612661406880778 88.428765 0.000000
1649612661593962311 176.594567 0.000000
1649612661688857236 88.492635 0.000000
1649612661704330488 176.544393 0.000000
1649612661729531783 88.651011 0.000000
1649612661777251637 88.384753 0.000000
1649612661780740516 88.552567 0.000000
1649612661852239429 88.422884 0.000000
1649612661867112696 176.526159 0.000000
1649612661878947037 176.510971 0.000000
1649612661906264730 88.376447 0.000000
1649612662013441866 88.389191 0.000000
1649612662069756098 88.888186 0.000000
1649612662164253387 88.397196 0.000000
1649612662241903058 88.551034 0.000000
1649612662284674657 88.441900 0.000000
1649612662359352769 88.448903 0.000000
1649612662448211550 88.346301 0.000000
1649612662603760801 88.414889 0.000000
1649612662624775249 176.557467 0.000000
1649612662635639893 88.395162 0.000000
1649612662638077401 88.389661 0.000000
1649612662649501404 88.337163 0.000000
1649612662939559069 88.478358 0.000000
1649612662982332480 176.541718 0.000000
1649612663000272646 88.461416 0.000000
1649612663028009144 88.439585 0.000000
1649612663082988203 88.431691 0.000000
1649612663084224891 88.328728 0.000000
1649612663217554585 88.397816 0.000000
1649612663227800048 88.439936 0.000000
1649612663302107746 88.563908 0.000000
1649612663305753700 176.675439 0.000000
1649612663305974814 88.411442 0.000000
1649612663374663760 88.563477 0.000000
1649612663390540498 88.426491 0.000000
1649612663530157688 88.516069 0.000000
1649612663589725558 88.521539 0.000000
1649612663652157316 88.401383 0.000000
1649612663664228050 88.617719 0.000000
1649612663747369886 88.462067 0.000000
1649612663828684066 176.517933 0.000000
1649612663846817353 88.352552 0.000000
1649612664243578807 88.405121 0.000000
1649612664243598834 88.543179 0.000000
1649612664388404448 88.380815 0.000000
1649612664688870863 88.455395 0.000000
1649612664713567072 180.144240 0.000000
1649612664900861063 88.459012 0.000000
1649612664923660938 88.434135 0.000000
1649612665037013518 88.591009 0.000000
1649612665040566257 88.481204 0.000000
1649612665226899498 88.451768 0.000000
1649612665266332109 88.532791 0.000000
1649612665266359620 88.607001 0.000000
1649612665269356257 88.411182 0.000000
1649612665315287657 88.382660 0.000000
1649612665506982176 88.450296 0.000000
1649612665581938500 88.508955 0.000000
1649612665588899918 88.464532 0.000000
1649612665636545371 176.600689 0.000000
1649612665670410546 88.461897 0.000000
1649612665926306420 88.507823 0.000000
1649612666014495255 88.604264 0.000000
1649612666257877685 88.389521 0.000000
1649612666346321819 88.529264 0.000000
1649612666449440617 88.633509 0.000000
1649612666449473118 88.401864 0.000000
1649612666490789789 176.479391 0.000000
1649612666670397825 88.319620 0.000000
1649612666686033912 176.559751 0.000000
1649612666739664023 88.470764 0.000000
1649612666811968916 88.584857 0.000000
1649612666815443248 88.422262 0.000000
1649612666903158696 88.499678 0.000000
1649612666957363894 88.462127 0.000000
1649612667126535439 88.334318 0.000000
1649612667136365954 88.504146 0.000000
1649612667247089276 88.470634 0.000000
1649612667319622859 88.633309 0.000000
1649612667343949895 88.430779 0.000000
1649612667409547327 88.372018 0.000000
1649612667468869256 88.475862 0.000000
1649612667497908536 88.357281 0.000000
1649612667537242390 88.487725 0.000000
1649612667697986849 176.755458 0.000000
1649612667735841721 88.384743 0.000000
1649612667826941683 88.321764 0.000000
1649612667827030549 88.278964 0.000000
1649612667968916401 176.641425 0.000000
1649612668044621618 88.395793 0.000000
1649612668068109903 88.401003 0.000000
1649612668083763993 176.569861 0.000000
1649612668202765211 176.569249 0.000000
1649612668274714708 176.746211 0.000000
1649612668315362827 88.645952 0.000000
1649612668334549008 88.456767 0.000000
1649612668351723629 88.438684 0.000000
1649612668403902109 88.532670 0.000000
1649612668625963235 88.579347 0.000000
1649612668735593729 88.384432 0.000000
1649612668735852354 88.395854 0.000000
1649612668769771460 88.487525 0.000000
1649612668786535150 176.552158 0.000000
1649612668823946652 88.351210 0.000000
1649612668859121682 88.361860 0.000000
1649612668873687363 176.717077 0.000000
1649612668963036774 176.492757 0.000000
1649612668988020632 88.417324 0.000000
1649612669002774395 176.591962 0.000000
1649612669132098110 88.352010 0.000000
1649612669202944039 88.449934 0.000000
1649612669259135841 88.405131 0.000000
1649612669277626900 88.398739 0.000000
1649612669421294410 88.394582 0.000000
1649612669468067088 88.381026 0.000000
1649612669709307714 176.593665 0.000000
1649612669709354191 176.654389 0.000000
1649612669728371065 88.322196 0.000000
1649612669797729688 88.365068 0.000000
1649612669905226814 88.431360 0.000000
1649612669928323445 88.390114 0.000000
1649612670050185455 88.440746 0.000000
1649612670145761976 88.408414 0.000000
1649612670219266702 88.351988 0.000000
1649612670234213840 88.446634 0.000000
1649612670290650502 88.462294 0.000000
1649612670323399952 176.592046 0.000000
1649612670362665567 88.420126 0.000000
1649612670435823413 88.696544 0.000000
1649612670436367783 88.330568 0.000000
1649612670484320120 88.351597 0.000000
1649612670653334622 88.494686 0.000000
1649612670798164470 88.327603 0.000000
1649612670870115633 88.338693 0.000000
1649612670870499874 88.336640 0.000000
1649612670941736729 88.426137 0.000000
1649612670943031436 88.475290 0.000000
1649612671006287901 88.461122 0.000000
1649612671015291338 88.381643 0.000000
1649612671030403346 88.323384 0.000000
1649612671087711261 88.401210 0.000000
1649612671087946271 88.415577 0.000000
1649612671119646294 88.424815 0.000000
1649612671159779956 88.359081 0.000000
1649612671208088631 88.388826 0.000000
1649612671296501693 88.407501 0.000000
1649612671320818325 176.776051 0.000000
1649612671377611476 88.454190 0.000000
1649612671424714181 176.615711 0.000000
1649612671513296640 88.573051 0.000000
1649612671538758860 88.361726 0.000000
1649612671570371318 88.482492 0.000000
1649612671594831669 88.532235 0.000000
1649612671610622941 176.499152 0.000000
1649612671658761587 88.380802 0.000000
1649612671683152910 88.316592 0.000000
1649612671755549178 176.583850 0.000000
1649612671891370348 176.516033 0.000000
1649612672108977178 176.592267 0.000000
1649612672238603093 177.239018 0.000000
1649612672262816061 176.596634 0.000000
1649612672319682208 88.426458 0.000000
1649612672351222661 88.396862 0.000000
1649612672382981864 88.363910 0.000000
1649612672536450284 88.454370 0.000000
1649612672609360606 88.598040 0.000000
1649612672680009148 88.379207 0.000000
1649612672752818952 88.337350 0.000000
1649612672770293448 88.399407 0.000000
1649612672898318514 88.563484 0.000000
1649612672971339693 88.481952 0.000000
1649612673059797820 176.760121 0.000000
1649612673075828961 176.731517 0.000000
1649612673131629139 176.690000 0.000000
1649612673148371624 88.483404 0.000000
1649612673164372718 88.508831 0.000000
1649612673189043714 88.761956 0.000000
1649612673203558713 88.531103 0.000000
1649612673365917177 88.506257 0.000000
1649612673438005558 176.480376 0.000000
1649612673502163845 176.589962 0.000000
1649612673590670642 88.500756 0.000000
1649612673624341399 88.550430 0.000000
1649612673696874453 88.439282 0.000000
1649612673712585334 176.683537 0.000000
1649612673727883009 176.602174 0.000000
1649612673769156317 88.488984 0.000000
1649612673783961850 88.470289 0.000000
1649612673785073915 88.367486 0.000000
1649612673855898247 88.343031 0.000000
1649612673872384480 88.413482 0.000000
1649612673930112283 176.746565 0.000000
1649612673930141918 88.622334 0.000000
1649612674001032042 88.516406 0.000000
1649612674002702003 88.426237 0.000000
1649612674106794286 88.545881 0.000000
1649612674204567715 88.416258 0.000000
1649612674218591442 88.421367 0.000000
1649612674251337616 88.431296 0.000000
1649612674292345957 88.417791 0.000000
1649612674422302372 88.512017 0.000000
1649612674435938213 88.352488 0.000000
1649612674452779212 88.385120 0.000000
1649612674468801887 88.454911 0.000000
1649612674741514431 176.595792 0.000000
1649612674784520767 88.491159 0.000000
1649612674813751922 176.507887 0.000000
1649612674870796152 88.499504 0.000000
1649612674919295225 88.429503 0.000000
1649612674919313930 88.421368 0.000000
1649612674975440401 88.371184 0.000000
1649612675032605728 176.875798 0.000000
1649612675073037318 88.380461 0.000000
1649612675146401921 88.309838 0.000000
1649612675265303033 88.512909 0.000000
1649612675524288336 176.687274 0.000000
1649612675597060008 88.441906 0.000000
1649612675829697350 176.583980 0.000000
1649612675886198013 88.354112 0.000000
1649612675959110398 88.498592 0.000000
1649612676078672649 88.387543 0.000000
1649612676133898511 88.484315 0.000000
1649612676161284627 88.353420 0.000000
1649612676321229096 88.555439 0.000000
1649612676440698173 88.512128 0.000000
1649612676538414274 88.331890 0.000000
1649612676626847853 88.635459 0.000000
1649612676802107551 88.498773 0.000000
1649612676813750406 88.536663 0.000000
1649612676843721718 88.447647 0.000000
1649612676874389374 88.442517 0.000000
1649612676901834701 176.633883 0.000000
1649612676948009958 88.519822 0.000000
1649612676978618334 176.502127 0.000000
1649612676988648876 88.327221 0.000000
1649612677164377272 88.441305 0.000000
1649612677219423066 88.530151 0.000000
1649612677247806622 88.329736 0.000000
1649612677760714206 88.385370 0.000000
1649612677826390717 88.356926 0.000000
1649612677843158518 176.548063 0.000000
1649612677899898879 88.400588 0.000000
1649612677914674065 176.546750 0.000000
1649612677972055037 88.346947 0.000000
1649612678044150451 88.366494 0.000000
1649612678060055465 176.598196 0.000000
1649612678091190429 176.505483 0.000000
1649612678350403729 176.539686 0.000000
1649612678407653293 88.849879 0.000000
1649612678478895558 88.411348 0.000000
1649612678479420412 88.376213 0.000000
1649612678569332994 88.999721 0.000000
1649612678624005379 88.376453 0.000000
1649612678696117384 88.480628 0.000000
1649612678769256434 88.541883 0.000000
1649612678769281481 88.565637 0.000000
1649612678847662337 176.495263 0.000000
1649612678872689010 176.565394 0.000000
1649612678913584600 88.382936 0.000000
1649612678986468472 88.414043 0.000000
1649612679058694640 88.439611 0.000000
1649612679130097376 88.383236 0.000000
1649612679131829082 88.627133 0.000000
1649612679276332737 88.447016 0.000000
1649612679308634907 88.489905 0.000000
1649612679349544583 88.418061 0.000000
1649612679566089069 88.347879 0.000000
1649612679581110547 176.671594 0.000000
1649612679726196142 176.526521 0.000000
1649612679854716124 88.322431 0.000000
1649612679888776341 88.353479 0.000000
1649612679904561370 176.593097 0.000000
1649612680015933750 88.360303 0.000000
1649612680145056743 88.506016 0.000000
1649612680281092453 88.481751 0.000000
1649612680290515868 88.379249 0.000000
1649612680435173049 88.648152 0.000000
1649612680507594636 88.387565 0.000000
1649612680580435456 88.443046 0.000000
1649612680628739402 88.593338 0.000000
1649612680653478607 88.582980 0.000000
1649612680717348542 88.589894 0.000000
1649612680741831645 88.349742 0.000000
1649612680798523766 88.510655 0.000000
1649612681015746884 88.404125 0.000000
1649612681015968098 88.476181 0.000000
1649612681160532375 88.373728 0.000000
1649612681175732608 88.333663 0.000000
1649612681321731005 176.594769 0.000000
1649612681411044254 88.504704 0.000000
1649612681499439221 88.386752 0.000000
1649612681523091367 88.522045 0.000000
1649612681668183154 88.448257 0.000000
1649612681668283632 88.518298 0.000000
1649612681813617582 88.320959 0.000000
1649612681813698264 88.331729 0.000000
1649612681829656507 176.855438 0.000000
1649612681845092133 88.373088 0.000000
1649612681989052618 176.551859 0.000000
1649612682239513950 88.414324 0.000000
1649612682240223861 88.474216 0.000000
1649612682480897517 88.620560 0.000000
1649612682529485576 88.364680 0.000000
1649612682698140702 88.418411 0.000000
1649612682786157731 176.681561 0.000000
1649612682818769833 88.614649 0.000000
1649612682842911296 88.622014 0.000000
1649612682891883025 88.441915 0.000000
1649612683019758889 88.546401 0.000000
1649612683204783781 88.315108 0.000000
1649612683204833975 88.287456 0.000000
1649612683220681711 176.501212 0.000000
1649612683334110366 88.351827 0.000000
1649612683350178876 88.344102 0.000000
1649612683422964784 88.484875 0.000000
1649612683453742216 176.678385 0.000000
1649612683479480002 88.473594 0.000000
1649612683495262116 88.384848 0.000000
1649612683552251523 88.666196 0.000000
1649612683614726163 176.613324 0.000000
1649612683697280862 88.577899 0.000000
1649612683743641375 88.484946 0.000000
1649612683986956984 88.531454 0.000000
1649612684236059048 176.539936 0.000000
1649612684250293290 88.482341 0.000000
1649612684292938379 88.460650 0.000000
1649612684349587167 88.462544 0.000000
1649612684420517878 88.291293 0.000000
1649612684452311415 88.422350 0.000000
1649612684653908661 88.636029 0.000000
1649612684727239030 88.452635 0.000000
1649612684871180990 88.455601 0.000000
1649612684959308947 176.553451 0.000000
1649612684959542284 88.353059 0.000000
1649612685089609788 176.508557 0.000000
1649612685120816686 176.692122 0.000000
1649612685306240875 88.418963 0.000000
1649612685355244923 88.476309 0.000000
1649612685379067389 88.403774 0.000000
1649612685379142870 176.698373 0.000000
1649612685508909599 88.446844 0.000000
1649612685580274283 88.499543 0.000000
1649612685580305782 88.493782 0.000000
1649612685612109959 176.594648 0.000000
1649612685668619256 88.338430 0.000000
1649612685717614759 88.398374 0.000000
1649612685726042116 88.367486 0.000000
1649612685741290449 88.357918 0.000000
1649612685797522166 88.397312 0.000000
1649612685814353737 88.306201 0.000000
1649612685959165097 88.681133 0.000000
1649612686006626114 176.727147 0.000000
1649612686031391898 88.410517 0.000000
1649612686204326865 88.495114 0.000000
1649612686204480182 88.385800 0.000000
1649612686264739650 176.592044 0.000000
1649612686393705557 88.352517 0.000000
1649612686482376973 88.452195 0.000000
1649612686509589292 176.512866 0.000000
1649612686537562368 176.512874 0.000000
1649612686594148870 88.431196 0.000000
1649612686666289598 88.389597 0.000000
1649612687044593883 88.559364 0.000000
1649612687061738531 88.346175 0.000000
1649612687090488112 88.540028 0.000000
1649612687234013752 88.638924 0.000000
1649612687307728090 88.439039 0.000000
1649612687391462131 88.495576 0.000000
1649612687452376224 88.379898 0.000000
1649612687608232969 88.491127 0.000000
1649612687696732272 176.757784 0.000000
1649612687898658694 88.427067 0.000000
1649612687957164494 176.648028 0.000000
1649612687970528705 88.359881 0.000000
1649612688030082299 88.408783 0.000000
1649612688259419804 88.441053 0.000000
1649612688331873329 88.347569 0.000000
1649612688347770588 176.575883 0.000000
1649612688476708043 88.487381 0.000000
1649612688549454666 88.531844 0.000000
1649612688638514459 176.554582 0.000000
1649612688658212534 176.624754 0.000000
1649612688695662684 88.380540 0.000000
1649612688709816876 176.579038 0.000000
1649612688840596253 88.358059 0.000000
1649612688854202107 176.613383 0.000000
1649612688910797746 88.300740 0.000000
1649612688928957167 176.619265 0.000000
1649612689055852162 88.335575 0.000000
1649612689072272442 176.590540 0.000000
1649612689202226353 88.569213 0.000000
1649612689337710097 88.414653 0.000000
1649612689417953865 88.346827 0.000000
1649612689419631670 88.438539 0.000000
1649612689492260683 88.373907 0.000000
1649612689564111628 88.465258 0.000000
1649612689564178383 88.391941 0.000000
1649612689709367931 88.590623 0.000000
1649612689781470398 88.345304 0.000000
1649612689781738741 88.396861 0.000000
1649612689796124156 176.666843 0.000000
1649612689852555307 88.415315 0.000000
1649612689853475201 88.334543 0.000000
1649612689854560245 88.544366 0.000000
1649612689885719133 176.633000 0.000000
1649612689941027519 176.669939 0.000000
1649612689941049630 176.641346 0.000000
1649612689997775493 88.372074 0.000000
1649612689999046506 88.504312 0.000000
1649612690117697618 176.663276 0.000000
1649612690143863415 88.461762 0.000000
1649612690376765121 176.593185 0.000000
1649612690378016908 176.870345 0.000000
1649612690434176148 88.450161 0.000000
1649612690523082073 176.823546 0.000000
1649612690577298122 88.407150 0.000000
1649612690578833330 88.467293 0.000000
1649612690579151797 88.419454 0.000000
1649612690593226369 176.701789 0.000000
1649612690668066026 88.473955 0.000000
1649612690722927434 88.319635 0.000000
1649612690723474309 88.486388 0.000000
1649612690740149718 176.676792 0.000000
1649612690811255305 88.322721 0.000000
1649612690869543176 88.405386 0.000000
1649612690885297949 88.466932 0.000000
1649612690942170907 88.395267 0.000000
1649612691302001924 88.467813 0.000000
1649612691302768801 88.441974 0.000000
1649612691304247934 88.363287 0.000000
1649612691304301013 88.335976 0.000000
1649612691520018827 88.432948 0.000000
1649612691592640537 88.429772 0.000000
1649612691737658042 88.503419 0.000000
1649612691754741505 88.393483 0.000000
1649612691891538351 88.520142 0.000000
1649612691916155105 88.378566 0.000000
1649612692020520008 88.399846 0.000000
1649612692061449661 88.598669 0.000000
1649612692131824338 176.485102 0.000000
1649612692149592925 176.776508 0.000000
1649612692188667461 88.502087 0.000000
1649612692260111984 88.390358 0.000000
1649612692477173637 88.361665 0.000000
1649612692549922966 88.558453 0.000000
1649612692622288986 88.413862 0.000000
1649612692696306051 88.331648 0.000000
1649612692697034126 88.473414 0.000000
1649612692913518116 88.359040 0.000000
1649612692914326532 88.299358 0.000000
1649612693018884416 176.659790 0.000000
1649612693129687547 88.518488 0.000000
1649612693131692094 88.546861 0.000000
1649612693145401372 88.315056 0.000000
1649612693204052544 88.343771 0.000000
1649612693292410000 88.352286 0.000000
1649612693346966957 88.471030 0.000000
1649612693654345199 176.532160 0.000000
1649612693670873100 88.328733 0.000000
1649612693797289929 176.557297 0.000000
1649612693799337838 88.321870 0.000000
1649612693926951350 88.415676 0.000000
1649612693944038269 176.583656 0.000000
1649612694032546928 88.436655 0.000000
1649612694217703053 88.533767 0.000000
1649612694233185816 176.465094 0.000000
1649612694281150786 88.551961 0.000000
1649612694306432928 88.371723 0.000000
1649612694321566035 88.376833 0.000000
1649612694322451735 176.706497 0.000000
1649612694322476471 176.769816 0.000000
1649612694394890692 88.452374 0.000000
1649612694435670454 88.465619 0.000000
1649612694451118251 88.319415 0.000000
1649612694466905264 88.340465 0.000000
1649612694507137619 88.318513 0.000000
1649612694580519674 88.459547 0.000000
1649612694580616115 88.498982 0.000000
1649612694829350949 88.425464 0.000000
1649612694886355494 88.399846 0.000000
1649612694973938058 88.422448 0.000000
1649612695191300844 88.438559 0.000000
1649612695279725927 88.361404 0.000000
1649612695321731958 176.603764 0.000000
1649612695336775948 176.456959 0.000000
1649612695352236379 88.414203 0.000000
1649612695378409340 88.394736 0.000000
1649612695410169404 88.432016 0.000000
1649612695481137153 88.570134 0.000000
1649612695595726340 88.423740 0.000000
1649612695714232020 88.472121 0.000000
1649612695827507605 88.410025 0.000000
1649612695827557699 88.440091 0.000000
1649612695956795785 88.437316 0.000000
1649612696119240889 88.369068 0.000000
1649612696221361093 88.513648 0.000000
1649612696237239467 88.476048 0.000000
1649612696262385133 88.355793 0.000000
1649612696262485771 88.441854 0.000000
1649612696382213632 88.429742 0.000000
1649612696423319465 88.347668 0.000000
1649612696465417908 88.364820 0.000000
1649612696542440607 176.675708 0.000000
1649612696553787927 88.364879 0.000000
1649612696608364842 88.428469 0.000000
1649612696743481258 88.325336 0.000000
1649612696900003579 88.399385 0.000000
1649612696945565384 88.413912 0.000000
1649612697117609371 88.421546 0.000000
1649612697147055027 176.599576 0.000000
1649612697189881254 88.415664 0.000000
1649612697276366231 88.556660 0.000000
1649612697307762894 88.527746 0.000000
1649612697334216431 88.376302 0.000000
1649612697334799624 88.319064 0.000000
1649612697483499923 176.497705 0.000000
1649612697525152771 176.523363 0.000000
1649612697556899069 176.532740 0.000000
1649612697566344164 88.541812 0.000000
1649612697783394225 88.355904 0.000000
1649612697887238310 88.393483 0.000000
1649612697918271993 176.557106 0.000000
1649612698047366671 88.580344 0.000000
1649612698204929953 88.395447 0.000000
1649612698264981469 88.612403 0.000000
1649612698290820414 88.414412 0.000000
1649612698321944787 88.378906 0.000000
1649612698337074838 88.397711 0.000000
1649612698425509318 88.424821 0.000000
1649612698467301768 88.539196 0.000000
1649612698467403900 88.554315 0.000000
1649612698482643396 176.622648 0.000000
1649612698643790075 176.482706 0.000000
1649612698700400301 176.495871 0.000000
1649612698788720576 88.315546 0.000000
1649612698803831762 88.394714 0.000000
1649612698964714167 88.565697 0.000000
1649612699052393892 88.370180 0.000000
1649612699295215752 88.568231 0.000000
1649612699345129966 88.446212 0.000000
1649612699361008430 88.332128 0.000000
1649612699471798625 88.470057 0.000000
1649612699488918907 88.390848 0.000000
1649612699559170304 88.374959 0.000000
1649612699633678079 88.457223 0.000000
1649612699745835548 176.730571 0.000000
1649612699795961639 88.351615 0.000000
1649612700069597158 88.458175 0.000000
1649612700139955785 88.330174 0.000000
1649612700227915375 176.538220 0.000000
1649612700230306237 88.324705 0.000000
1649612700253217033 88.436885 0.000000
1649612700286688636 88.355683 0.000000
1649612700309088694 88.388384 0.000000
1649612700341622729 176.832993 0.000000
1649612700341718779 88.366392 0.000000
1649612700397781649 88.427106 0.000000
1649612700462175665 176.575409 0.000000
1649612700526183478 88.368487 0.000000
1649612700647273260 88.475277 0.000000
1649612700664697953 88.341226 0.000000
1649612700671269772 88.332479 0.000000
1649612700687046815 88.444169 0.000000
1649612700793319313 88.447946 0.000000
1649612700793336476 88.378205 0.000000
1649612700863380553 88.402390 0.000000
1649612700864336555 88.408822 0.000000
1649612700864557028 88.465167 0.000000
1649612700888593234 88.647530 0.000000
1649612701010494728 88.383465 0.000000
1649612701080691752 88.463064 0.000000
1649612701226712978 88.452474 0.000000
1649612701228126598 88.433949 0.000000
1649612701388417693 176.478518 0.000000
1649612701388910697 88.334272 0.000000
1649612701622272082 88.429079 0.000000
1649612701750839582 88.374458 0.000000
1649612701807360630 88.432797 0.000000
1649612701879754502 88.536431 0.000000
1649612701895733284 88.482209 0.000000
1649612701934449628 176.822784 0.000000
1649612701968151813 88.432006 0.000000
1649612702056372231 176.624031 0.000000
1649612702063681743 88.392842 0.000000
1649612702096726906 88.399304 0.000000
1649612702458046388 88.366493 0.000000
1649612702643284596 88.455259 0.000000
1649612702675389355 88.467071 0.000000
1649612702763850266 88.451242 0.000000
1649612702764916274 176.590128 0.000000
1649612702836403105 88.382874 0.000000
1649612702942122135 176.617448 0.000000
1649612702948890543 176.639089 0.000000
1649612703127165989 88.350733 0.000000
1649612703166210136 88.436853 0.000000
1649612703199972343 176.584966 0.000000
1649612703272165950 88.423059 0.000000
1649612703311074465 88.482942 0.000000
1649612703392205995 176.554832 0.000000
1649612703424479382 88.330515 0.000000
1649612703528407654 88.407179 0.000000
1649612703722566204 176.591160 0.000000
1649612703836553873 88.655194 0.000000
1649612703867639292 176.483627 0.000000
1649612704141249443 88.435052 0.000000
1649612704141831634 88.303675 0.000000
1649612704302465922 176.577995 0.000000
1649612704390907335 88.430722 0.000000
1649612704415730035 88.434761 0.000000
1649612704430974320 88.465478 0.000000
1649612704431068547 88.509511 0.000000
1649612704503486875 88.485546 0.000000
1649612704592348675 176.507974 0.000000
1649612704599810392 88.416406 0.000000
1649612704705217397 88.404013 0.000000
1649612704736997118 88.399584 0.000000
1649612704962067842 88.396499 0.000000
1649612705138956468 88.395567 0.000000
1649612705139622347 88.392742 0.000000
1649612705211319472 88.362996 0.000000
1649612705284683793 88.428149 0.000000
1649612705300477859 88.614357 0.000000
1649612705316236137 176.940113 0.000000
1649612705316603676 88.414652 0.000000
1649612705388389669 176.544342 0.000000
1649612705411907333 88.637260 0.000000
1649612705461292225 88.467853 0.000000
1649612705556439788 88.415063 0.000000
1649612705644802042 88.357536 0.000000
1649612705735313125 176.545954 0.000000
1649612706024367785 88.485805 0.000000
1649612706096477324 88.536130 0.000000
1649612706184831133 88.351103 0.000000
1649612706314085910 88.560877 0.000000
1649612706345385080 176.615825 0.000000
1649612706410637204 88.404543 0.000000
1649612706531150216 88.404444 0.000000
1649612706531932732 176.830568 0.000000
1649612706660810522 88.593517 0.000000
1649612706714437225 88.409463 0.000000
1649612706748125634 88.356884 0.000000
1649612706852431154 88.510101 0.000000
1649612706877656669 88.414773 0.000000
1649612706965438545 88.398712 0.000000
1649612706966023832 176.549982 0.000000
1649612707038039525 88.518627 0.000000
1649612707054153231 88.359921 0.000000
1649612707054250773 88.449568 0.000000
1649612707062156663 88.308894 0.000000
1649612707293135270 88.338279 0.000000
1649612707400070939 176.575900 0.000000
1649612707454150822 88.592837 0.000000
1649612707569087791 88.521002 0.000000
1649612707599110699 88.390468 0.000000
1649612707705024082 88.408691 0.000000
1649612707706159721 88.474805 0.000000
1649612707778735804 88.485926 0.000000
1649612707850042568 88.541801 0.000000
1649612707850069859 88.600261 0.000000
1649612707922379453 88.362144 0.000000
1649612707961837346 88.621741 0.000000
1649612708034360571 88.493591 0.000000
1649612708140944992 88.524007 0.000000
1649612708398544921 88.388424 0.000000
1649612708615943252 88.601452 0.000000
1649612708751932693 176.589706 0.000000
1649612708776298607 88.433809 0.000000
1649612708792323746 88.449288 0.000000
1649612708800399183 88.456341 0.000000
1649612708993595227 88.409293 0.000000
1649612709009852391 88.381891 0.000000
1649612709033717005 88.387271 0.000000
1649612709050729655 88.401438 0.000000
1649612709082116870 88.515301 0.000000
1649612709082485711 88.445750 0.000000
1649612709106004156 88.394514 0.000000
1649612709226682567 176.770795 0.000000
1649612709299558933 88.529718 0.000000
1649612709468313722 88.370851 0.000000
1649612709468398971 88.438166 0.000000
1649612709524190472 88.433498 0.000000
1649612709589778827 88.433597 0.000000
1649612709604878241 176.574707 0.000000
1649612709645453307 88.458333 0.000000
1649612709668858010 88.362003 0.000000
1649612709750722414 88.478843 0.000000
1649612709757946726 88.406367 0.000000
1649612709790163236 88.352577 0.000000
1649612709790309510 88.372333 0.000000
1649612710030874065 88.514799 0.000000
1649612710079786581 88.521562 0.000000
1649612710096877638 88.418759 0.000000
1649612710185072339 176.632897 0.000000
1649612710241582295 88.503970 0.000000
1649612710312825791 88.401027 0.000000
1649612710312869873 88.424070 0.000000
1649612710586628000 88.383844 0.000000
1649612710676402782 88.398342 0.000000
1649612710692148638 176.603802 0.000000
1649612710707120993 88.538935 0.000000
1649612710747916684 88.518347 0.000000
1649612710748815689 88.401298 0.000000
