1649612561606119388 72.298133 0.000000
1649612561678960098 72.332909 0.000000
1649612561750857890 72.396126 0.000000
1649612561839707337 144.541954 0.000000
1649612561968207472 72.469385 0.000000
1649612562024029984 72.488170 0.000000
1649612562040768559 72.481627 0.000000
1649612562040969575 72.471127 0.000000
1649612562086774891 72.548312 0.000000
1649612562112460225 72.397579 0.000000
1649612562257715997 72.284948 0.000000
1649612562257812918 72.323700 0.000000
1649612562314141810 72.979772 0.000000
1649612562386579243 72.411394 0.000000
1649612562418854048 72.346142 0.000000
1649612562458698230 144.558705 0.000000
1649612562459061892 72.471958 0.000000
1649612562708682502 72.507515 0.000000
1649612562748452595 72.337247 0.000000
1649612562781193124 72.509830 0.000000
1649612562910536219 72.433076 0.000000
1649612562982940010 144.781955 0.000000
1649612563028711784 72.584671 0.000000
1649612563055148205 144.550061 0.000000
1649612563055275414 72.330965 0.000000
1649612563173406363 144.631551 0.000000
1649612563271658143 72.368495 0.000000
1649612563344043861 72.383173 0.000000
1649612563490146079 72.452954 0.000000
1649612563490176305 72.524076 0.000000
1649612563577457733 72.436292 0.000000
1649612563617138809 72.545245 0.000000
1649612563705147880 72.537852 0.000000
1649612563780489177 72.542170 0.000000
1649612563794713629 72.322168 0.000000
1649612563825896457 72.474443 0.000000
1649612563978985491 72.375367 0.000000
1649612564067445027 72.457141 0.000000
1649612564156430407 72.346664 0.000000
1649612564188131026 72.439859 0.000000
1649612564196417057 72.498038 0.000000
1649612564285874854 72.325575 0.000000
1649612564430277296 144.532837 0.000000
1649612564446007240 72.356833 0.000000
1649612564518643496 72.536109 0.000000
1649612564646207939 72.358778 0.000000
1649612564649479150 144.689530 0.000000
1649612564864202890 72.356252 0.000000
1649612564864322795 72.367343 0.000000
1649612564866818733 144.625561 0.000000
1649612564935775593 72.400153 0.000000
1649612564939237031 72.287933 0.000000
1649612564952696890 144.553646 0.000000
1649612565008143918 72.364267 0.000000
1649612565081395317 72.450708 0.000000
1649612565210093003 72.511723 0.000000
1649612565427442405 72.452392 0.000000
1649612565442162055 72.335964 0.000000
1649612565445631167 144.552363 0.000000
1649612565499464200 144.586768 0.000000
1649612565572214751 72.373785 0.000000
1649612565604031707 72.365218 0.000000
1649612565748884885 72.503218 0.000000
1649612565861649376 72.374476 0.000000
1649612565877369041 72.388542 0.000000
1649612565879817600 144.568573 0.000000
1649612566255739784 72.338598 0.000000
1649612566456791738 72.461909 0.000000
1649612566513219826 72.397560 0.000000
1649612566604511699 72.386278 0.000000
1649612566822010220 72.496283 0.000000
1649612566835076611 72.453774 0.000000
1649612567019472676 144.487102 0.000000
1649612567180402497 72.362834 0.000000
1649612567182838593 72.285930 0.000000
1649612567252741877 72.396457 0.000000
1649612567414261484 72.508307 0.000000
1649612567414298814 72.519168 0.000000
1649612567453359457 144.554227 0.000000
1649612567541958965 144.558575 0.000000
1649612567670621865 72.450418 0.000000
1649612567687892998 144.699599 0.000000
1649612567776428926 72.484231 0.000000
1649612567848460179 144.532556 0.000000
1649612568049335281 72.487697 0.000000
1649612568121316010 72.367353 0.000000
1649612568486048420 72.454636 0.000000
1649612568700559080 144.576057 0.000000
1649612568700625194 72.341473 0.000000
1649612568772921003 72.339200 0.000000
1649612568775595566 72.432946 0.000000
1649612568829359659 72.413459 0.000000
1649612568847947690 72.348198 0.000000
1649612568917769531 72.431572 0.000000
1649612569062583685 72.412797 0.000000
1649612569135018154 72.423007 0.000000
1649612569137239127 72.316828 0.000000
1649612569138566815 72.437805 0.000000
1649612569191343508 72.359938 0.000000
1649612569224055582 144.601425 0.000000
1649612569428129740 72.339361 0.000000
1649612569441102516 144.502019 0.000000
1649612569480962328 72.416034 0.000000
1649612569658417974 72.367092 0.000000
1649612569786688539 72.399222 0.000000
1649612569859044691 72.350702 0.000000
1649612569862482504 72.528855 0.000000
1649612569915538771 144.821047 0.000000
1649612569934887698 72.401968 0.000000
1649612570587406624 72.532733 0.000000
1649612570961986201 144.646179 0.000000
1649612571074776541 72.603726 0.000000
1649612571106022197 72.412207 0.000000
1649612571106971486 72.376330 0.000000
1649612571164546222 72.365640 0.000000
1649612571237090425 72.541348 0.000000
1649612571525225656 72.462452 0.000000
1649612571601335091 72.480655 0.000000
1649612571799080397 144.721521 0.000000
1649612571814886974 72.427164 0.000000
1649612571903285666 72.457823 0.000000
1649612571961233751 72.450498 0.000000
1649612572035547702 144.551532 0.000000
1649612572108094220 72.356952 0.000000
1649612572250829939 72.474404 0.000000
1649612572250851229 72.479332 0.000000
1649612572252596010 72.362033 0.000000
1649612572321857230 72.443775 0.000000
1649612572378526408 144.776884 0.000000
1649612572394367931 72.525950 0.000000
1649612572450964743 72.343689 0.000000
1649612572539411344 72.669188 0.000000
1649612572614452498 72.324683 0.000000
1649612572614849973 72.497547 0.000000
1649612572683810160 72.370288 0.000000
1649612572813092963 72.430442 0.000000
1649612572831767384 144.514823 0.000000
1649612572904138915 72.300157 0.000000
1649612572976232394 72.314283 0.000000
1649612573174970130 72.408760 0.000000
1649612573206725291 72.403460 0.000000
1649612573264085685 72.325485 0.000000
1649612573338373567 72.429970 0.000000
1649612573407558063 72.472919 0.000000
1649612573408725932 72.308312 0.000000
1649612573410537488 72.427845 0.000000
1649612573464799805 72.553050 0.000000
1649612573496363918 72.492608 0.000000
1649612573609435715 72.337096 0.000000
1649612573697941338 72.398042 0.000000
1649612573754237586 72.371921 0.000000
1649612573914833761 144.650467 0.000000
1649612573987728020 72.412016 0.000000
1649612574059761658 72.377863 0.000000
1649612574061641551 72.321867 0.000000
1649612574132500396 72.398801 0.000000
1649612574132599833 72.366191 0.000000
1649612574437933327 72.485484 0.000000
1649612574568320229 144.631942 0.000000
1649612574713159851 72.419491 0.000000
1649612574727506111 72.384996 0.000000
1649612574767959505 72.402999 0.000000
1649612574799959795 72.357163 0.000000
1649612574857372487 144.524220 0.000000
1649612574857429895 72.456029 0.000000
1649612574872420141 72.599077 0.000000
1649612575146310821 72.452692 0.000000
1649612575162227134 72.377241 0.000000
1649612575234553980 144.718785 0.000000
1649612575234591891 72.359187 0.000000
1649612575234644500 72.298573 0.000000
1649612575291851216 144.643684 0.000000
1649612575346992841 72.433377 0.000000
1649612575509013987 144.436545 0.000000
1649612575581505983 72.486105 0.000000
1649612575781287165 72.317449 0.000000
1649612575998814309 144.530913 0.000000
1649612576143702081 72.341535 0.000000
1649612576216018057 72.313191 0.000000
1649612576432971765 72.372231 0.000000
1649612576465291634 72.386088 0.000000
1649612576740487380 72.459515 0.000000
1649612576811815404 72.445578 0.000000
1649612576899430577 72.331495 0.000000
1649612577029085016 144.812331 0.000000
1649612577029168603 72.461559 0.000000
1649612577044245301 72.381518 0.000000
1649612577084573892 72.391999 0.000000
1649612577116835311 72.365840 0.000000
1649612577174164376 72.526230 0.000000
1649612577175517282 72.404772 0.000000
1649612577246715985 72.498018 0.000000
1649612577374040075 144.571880 0.000000
1649612577536440562 72.492947 0.000000
1649612577623138435 72.367944 0.000000
1649612577680766000 144.690062 0.000000
1649612577754027057 72.599798 0.000000
1649612577840279926 72.386980 0.000000
1649612577899706693 72.438466 0.000000
1649612577912642509 72.361631 0.000000
1649612577985014109 72.369576 0.000000
1649612578057068606 72.378875 0.000000
1649612578057313625 72.294837 0.000000
1649612578096560006 72.434648 0.000000
1649612578116190972 72.340172 0.000000
1649612578188699268 72.503106 0.000000
1649612578315110809 144.633705 0.000000
1649612578333789639 72.630795 0.000000
1649612578406726650 72.864395 0.000000
1649612578459879076 72.445288 0.000000
1649612578478675278 72.539736 0.000000
1649612578492207732 72.485865 0.000000
1649612578550828959 72.388872 0.000000
1649612578623786838 72.319563 0.000000
1649612578708211190 72.393571 0.000000
1649612578766932214 144.628487 0.000000
1649612578768338119 72.353007 0.000000
1649612578840042469 144.547043 0.000000
1649612578854181360 72.343728 0.000000
1649612578912538662 72.485573 0.000000
1649612578925561983 72.471047 0.000000
1649612578926594628 72.356903 0.000000
1649612578984968071 72.420002 0.000000
1649612578985077637 72.354800 0.000000
1649612578986009433 72.397529 0.000000
1649612579038923182 72.311337 0.000000
1649612579111423494 72.338508 0.000000
1649612579203645000 72.483650 0.000000
1649612579215276672 72.365098 0.000000
1649612579328790207 72.458112 0.000000
1649612579492026420 144.588510 0.000000
1649612579781792375 72.816084 0.000000
1649612579867153913 72.337346 0.000000
1649612579908189168 72.385707 0.000000
1649612580125167272 72.485093 0.000000
1649612580216571556 72.444246 0.000000
1649612580579458707 72.529707 0.000000
1649612580651218912 72.398231 0.000000
1649612580796988755 72.408088 0.000000
1649612580850080869 72.471697 0.000000
1649612580952745640 72.437674 0.000000
1649612580954345840 72.413950 0.000000
1649612580994886466 144.780020 0.000000
1649612581014066798 72.400826 0.000000
1649612581099581653 72.712179 0.000000
1649612581159102265 72.420982 0.000000
1649612581244239112 72.420050 0.000000
1649612581376647874 72.803730 0.000000
1649612581429774221 72.576093 0.000000
1649612581574689435 72.565805 0.000000
1649612581594073988 72.713050 0.000000
1649612581894977599 72.467781 0.000000
1649612581936591999 72.354097 0.000000
1649612582028923381 72.516131 0.000000
1649612582099730929 72.404532 0.000000
1649612582112974463 72.588938 0.000000
1649612582329597201 72.542891 0.000000
1649612582535745587 72.434238 0.000000
1649612582588349976 72.417807 0.000000
1649612582608697414 72.498978 0.000000
1649612582753234088 144.643764 0.000000
1649612582753535934 72.550486 0.000000
1649612582825642767 72.403289 0.000000
1649612582826049149 72.516381 0.000000
1649612582909470861 72.578938 0.000000
1649612582970858243 72.405684 0.000000
1649612583022692950 72.528985 0.000000
1649612583113709848 72.349398 0.000000
1649612583187480110 144.564275 0.000000
1649612583199055997 72.417486 0.000000
1649612583416387614 144.634417 0.000000
1649612583476120164 72.491825 0.000000
1649612583478081790 72.408940 0.000000
1649612583633182655 72.444948 0.000000
1649612583694167713 144.610762 0.000000
1649612583766665600 72.385446 0.000000
1649612583778076848 72.407207 0.000000
1649612584129600919 72.377801 0.000000
1649612584181182522 72.330723 0.000000
1649612584200305606 72.404983 0.000000
1649612584202014168 72.406446 0.000000
1649612584202252996 72.462261 0.000000
1649612584212345583 72.362433 0.000000
1649612584274625557 72.368884 0.000000
1649612584417186387 144.667840 0.000000
1649612584491729518 72.382781 0.000000
1649612584636249920 144.623355 0.000000
1649612584708843276 72.400284 0.000000
1649612584708976736 72.495472 0.000000
1649612584853867904 72.354678 0.000000
1649612584997104310 72.523896 0.000000
1649612585069266768 144.729234 0.000000
1649612585154471472 144.620721 0.000000
1649612585359751650 72.560154 0.000000
1649612585504666762 72.368955 0.000000
1649612585505553514 72.423747 0.000000
1649612585577349185 72.293173 0.000000
1649612585721473135 144.703586 0.000000
1649612585721884095 144.684230 0.000000
1649612585722127121 72.795645 0.000000
1649612585722840197 72.429298 0.000000
1649612585732712161 72.441922 0.000000
1649612585733775243 72.491354 0.000000
1649612586012112056 72.433998 0.000000
1649612586301809592 144.682997 0.000000
1649612586302407903 72.526731 0.000000
1649612586447083436 144.669572 0.000000
1649612586458298348 72.376149 0.000000
1649612586519606490 72.521942 0.000000
1649612586592347863 72.368555 0.000000
1649612586600986446 72.328941 0.000000
1649612586664723140 72.686380 0.000000
1649612586737451910 72.590711 0.000000
1649612586820716457 144.895826 0.000000
1649612586953891796 72.370629 0.000000
1649612587025660896 144.492901 0.000000
1649612587038438366 72.495152 0.000000
1649612587171136299 72.409682 0.000000
1649612587242859353 144.653913 0.000000
1649612587244309081 144.652671 0.000000
1649612587252419854 72.452252 0.000000
1649612587255731902 72.391979 0.000000
1649612587459898131 144.550900 0.000000
1649612587462585007 72.484432 0.000000
1649612587542026208 72.414901 0.000000
1649612587678619192 144.526003 0.000000
1649612587751877684 72.331416 0.000000
1649612587823375096 72.346743 0.000000
1649612587835488641 72.340602 0.000000
1649612587907828231 72.333910 0.000000
1649612587966861750 144.655696 0.000000
1649612587976627486 72.425151 0.000000
1649612588125214020 72.333450 0.000000
1649612588194007663 72.531589 0.000000
1649612588257427034 72.469845 0.000000
1649612588266466366 72.461198 0.000000
1649612588329865688 72.445879 0.000000
1649612588414806568 72.304304 0.000000
1649612588474283259 72.867620 0.000000
1649612588474524832 144.625460 0.000000
1649612588474931724 72.434698 0.000000
1649612588559510054 144.611674 0.000000
1649612588628567111 144.704748 0.000000
1649612588701186556 144.807100 0.000000
1649612588764830006 144.745786 0.000000
1649612588773630331 72.437383 0.000000
1649612588777217665 72.647217 0.000000
1649612588918428104 144.802341 0.000000
1649612589135945749 144.828440 0.000000
1649612589272404892 72.361301 0.000000
1649612589344303996 144.564374 0.000000
1649612589416669004 72.355039 0.000000
1649612589482860450 72.470215 0.000000
1649612589497826462 144.534409 0.000000
1649612589570509646 72.499831 0.000000
1649612589634559758 72.375367 0.000000
1649612589860718390 144.596856 0.000000
1649612589933189035 72.461429 0.000000
1649612590062324972 72.390335 0.000000
1649612590222898834 72.317689 0.000000
1649612590366687134 72.446430 0.000000
1649612590368050780 72.566966 0.000000
1649612590440504374 72.451169 0.000000
1649612590512945414 72.688654 0.000000
1649612590513054298 72.601100 0.000000
1649612590513097229 72.623152 0.000000
1649612590587806751 72.399653 0.000000
1649612590648137372 144.695862 0.000000
1649612590658122377 72.573318 0.000000
1649612590858176570 72.399613 0.000000
1649612590931260054 72.452601 0.000000
1649612591094360231 72.499681 0.000000
1649612591221216054 72.402337 0.000000
1649612591238997864 72.366201 0.000000
1649612591293636636 144.623916 0.000000
1649612591309748555 144.964615 0.000000
1649612591310051623 72.370147 0.000000
1649612591456094539 72.445899 0.000000
1649612591517716231 72.326065 0.000000
1649612591598762009 144.870539 0.000000
1649612591728257659 72.620226 0.000000
1649612591735067824 72.445158 0.000000
1649612591879691279 144.611272 0.000000
1649612591889174274 72.422616 0.000000
1649612591890052560 72.431192 0.000000
1649612591962730414 72.508427 0.000000
1649612592034014145 72.461388 0.000000
1649612592235366591 72.523835 0.000000
1649612592386483928 144.522106 0.000000
1649612592397089297 72.539145 0.000000
1649612592525174804 72.412747 0.000000
1649612592588969989 72.388963 0.000000
1649612592614416134 72.407217 0.000000
1649612592686965557 72.445689 0.000000
1649612592854212286 72.417396 0.000000
1649612592959600351 72.407097 0.000000
1649612592965964138 72.402949 0.000000
1649612592999166111 72.514999 0.000000
1649612593048747003 72.315034 0.000000
1649612593071674448 72.529847 0.000000
1649612593121147858 72.428326 0.000000
1649612593121262272 72.511071 0.000000
1649612593266174339 72.481656 0.000000
1649612593394280795 72.453664 0.000000
1649612593763038127 72.422736 0.000000
1649612593772706539 72.358926 0.000000
1649612593907822935 72.417215 0.000000
1649612593965088551 144.526113 0.000000
1649612594013909168 72.361601 0.000000
1649612594086358513 72.439317 0.000000
1649612594118411893 144.710018 0.000000
1649612594342232241 72.513976 0.000000
1649612594408154122 72.528764 0.000000
1649612594424360288 72.446971 0.000000
1649612594552969256 72.508196 0.000000
1649612594559785112 72.465185 0.000000
1649612594632318164 72.554723 0.000000
1649612594786535442 72.562056 0.000000
1649612594849778792 72.508988 0.000000
1649612594922339948 72.557640 0.000000
1649612595027988791 72.420492 0.000000
1649612595172969446 72.415171 0.000000
1649612595212266583 72.432685 0.000000
1649612595438312452 72.419600 0.000000
1649612595583332481 72.524386 0.000000
1649612595647087380 72.406005 0.000000
1649612595825020349 72.534465 0.000000
1649612595937011570 72.462762 0.000000
1649612595969938347 72.494160 0.000000
1649612596090203014 72.469524 0.000000
1649612596162375571 72.397819 0.000000
1649612596226388014 144.521715 0.000000
1649612596234963527 72.409701 0.000000
1649612596307353441 72.385315 0.000000
1649612596371757717 72.343959 0.000000
1649612596404679965 72.571083 0.000000
1649612596661114725 72.470255 0.000000
1649612596766987898 72.431171 0.000000
1649612596911962481 72.485773 0.000000
1649612596950908009 72.465916 0.000000
1649612597031199353 72.637017 0.000000
1649612597031317946 72.465326 0.000000
1649612597274079527 72.443836 0.000000
1649612597385657493 72.507134 0.000000
1649612597458023081 72.400494 0.000000
1649612597530254518 72.502987 0.000000
1649612597530339538 72.381479 0.000000
1649612597602683486 72.424810 0.000000
1649612597682765538 72.481426 0.000000
1649612597729747187 144.643904 0.000000
1649612597746139644 144.462685 0.000000
1649612597891368994 72.352944 0.000000
1649612597891930827 144.599851 0.000000
1649612597892101036 72.368794 0.000000
1649612597926108669 72.470977 0.000000
1649612597926145147 72.475545 0.000000
1649612598143604893 72.521691 0.000000
1649612598262085767 72.513256 0.000000
1649612598326522855 72.440228 0.000000
1649612598326524298 72.508506 0.000000
1649612598407007943 72.469744 0.000000
1649612598433450896 144.767855 0.000000
1649612598599448073 72.507685 0.000000
1649612598615114637 144.635317 0.000000
1649612598616189732 72.455307 0.000000
1649612598624289064 72.436431 0.000000
1649612598624368052 72.485383 0.000000
1649612598671909661 72.432553 0.000000
1649612598768269724 72.354147 0.000000
1649612598769214004 72.364206 0.000000
1649612598832823851 72.389172 0.000000
1649612598986127867 72.310385 0.000000
1649612599058724989 72.382831 0.000000
1649612599131178162 72.412987 0.000000
1649612599195884455 72.489782 0.000000
1649612599203507173 72.389334 0.000000
1649612599251983684 72.437173 0.000000
1649612599275928014 72.416804 0.000000
1649612599340493233 144.599410 0.000000
1649612599347447948 72.610017 0.000000
1649612599347472194 72.510000 0.000000
1649612599375778789 72.455057 0.000000
1649612599492204713 72.352885 0.000000
1649612599541741191 72.394572 0.000000
1649612599637935524 144.587418 0.000000
1649612599686547078 72.377220 0.000000
1649612599775173356 72.561025 0.000000
1649612599976268969 72.446941 0.000000
1649612599999111554 72.335993 0.000000
1649612600000101450 72.361431 0.000000
1649612600216444893 72.400043 0.000000
1649612600361363281 72.497616 0.000000
1649612600390649193 72.619394 0.000000
1649612600434466201 144.720907 0.000000
1649612600505948975 144.614618 0.000000
1649612600506907462 72.424409 0.000000
1649612600535557382 72.362763 0.000000
1649612600535580485 72.543092 0.000000
1649612600578818809 72.541739 0.000000
1649612600579428642 72.519677 0.000000
1649612600627651228 144.613616 0.000000
1649612600644434767 72.548081 0.000000
1649612600796725733 72.377430 0.000000
1649612600869260859 72.532150 0.000000
1649612600934257235 72.507965 0.000000
1649612601061935820 72.350460 0.000000
1649612601206729604 72.397188 0.000000
1649612601230963637 72.356632 0.000000
1649612601405156495 72.496904 0.000000
1649612601423973936 72.300797 0.000000
1649612601496353361 72.376930 0.000000
1649612601694936344 72.445838 0.000000
1649612601803387250 72.436311 0.000000
1649612601810540888 72.340170 0.000000
1649612601839951775 72.532231 0.000000
1649612601882790920 144.642991 0.000000
1649612602092909847 72.357684 0.000000
1649612602244655411 72.368194 0.000000
1649612602382247787 72.337905 0.000000
1649612602389676401 72.420370 0.000000
1649612602462306966 72.572215 0.000000
1649612602534731054 72.634473 0.000000
1649612602564424140 72.452452 0.000000
1649612602582111101 72.353486 0.000000
1649612602606682006 144.569885 0.000000
1649612602607121139 72.455828 0.000000
1649612602745174229 144.702203 0.000000
1649612602816334718 144.612315 0.000000
1649612602897090633 72.401556 0.000000
1649612603088788833 72.420782 0.000000
1649612603088848835 72.374806 0.000000
1649612603106056338 72.422715 0.000000
1649612603288765318 72.510730 0.000000
1649612603403517665 72.382059 0.000000
1649612603450522398 72.369466 0.000000
1649612603476385605 72.459535 0.000000
1649612603693639114 72.447843 0.000000
1649612603758039152 72.380005 0.000000
1649612603830054995 72.463352 0.000000
1649612603902596443 144.554205 0.000000
1649612603957577727 72.311917 0.000000
1649612604127893999 144.791871 0.000000
1649612604128151953 72.400744 0.000000
1649612604192358148 72.453373 0.000000
1649612604272694987 72.428757 0.000000
1649612604303939681 144.577479 0.000000
1649612604344576268 72.368604 0.000000
1649612604345118614 144.512056 0.000000
1649612604392330776 72.455437 0.000000
1649612604626856249 72.376338 0.000000
1649612604635396477 72.456710 0.000000
1649612604699292540 144.845411 0.000000
1649612604699385675 72.525559 0.000000
1649612604923788384 144.680602 0.000000
1649612604996173509 144.486598 0.000000
1649612605044206770 72.425802 0.000000
1649612605069658245 72.535908 0.000000
1649612605116574242 72.534264 0.000000
1649612605140852198 72.371811 0.000000
1649612605214678965 72.536809 0.000000
1649612605317372909 144.657028 0.000000
1649612605317583684 72.348266 0.000000
1649612605350782460 72.399592 0.000000
1649612605478758512 72.417235 0.000000
1649612605567917657 144.675883 0.000000
1649612605576303996 72.380646 0.000000
1649612605649039638 72.458122 0.000000
1649612606002024455 72.413889 0.000000
1649612606011186197 72.444906 0.000000
1649612606074504368 72.460627 0.000000
1649612606081909668 72.385937 0.000000
1649612606130338230 144.672847 0.000000
1649612606155935388 144.653832 0.000000
1649612606219051199 144.595613 0.000000
1649612606275393003 72.486745 0.000000
1649612606291494894 72.438074 0.000000
1649612606347791033 72.379806 0.000000
1649612606492601618 72.416764 0.000000
1649612606589086344 144.826334 0.000000
1649612606590109842 144.576515 0.000000
1649612606733764301 144.669832 0.000000
1649612606735178692 72.412155 0.000000
1649612606798285546 72.478660 0.000000
1649612606878874389 72.405023 0.000000
1649612607096059159 144.733392 0.000000
1649612607168545112 72.483499 0.000000
1649612607240811905 72.455417 0.000000
1649612607305010776 72.374395 0.000000
1649612607433805382 72.396817 0.000000
1649612607490024898 72.487417 0.000000
1649612607602702195 72.352956 0.000000
1649612607748059023 72.348656 0.000000
1649612607884345602 144.682065 0.000000
1649612607957117612 72.636196 0.000000
1649612607965001680 144.658701 0.000000
1649612608037172482 144.647069 0.000000
1649612608101645207 144.557190 0.000000
1649612608109465766 144.461322 0.000000
1649612608158233583 72.360048 0.000000
1649612608246316662 144.508680 0.000000
1649612608254251906 144.628704 0.000000
1649612608447748565 72.338196 0.000000
1649612608463884830 144.635266 0.000000
1649612608688673643 72.337355 0.000000
1649612608689123807 72.402738 0.000000
1649612608954887981 72.691509 0.000000
1649612609027212002 72.580331 0.000000
1649612609043627751 72.619705 0.000000
1649612609267850743 72.386688 0.000000
1649612609268001866 72.488048 0.000000
1649612609606847801 72.612731 0.000000
1649612609702108643 72.421522 0.000000
1649612609774584608 72.339770 0.000000
1649612609847480290 144.590543 0.000000
1649612610064062230 72.379724 0.000000
1649612610113962030 72.609205 0.000000
1649612610136399335 72.399652 0.000000
1649612610186039608 144.814953 0.000000
1649612610208753031 72.351041 0.000000
1649612610258728703 72.432985 0.000000
1649612610258770842 72.414039 0.000000
1649612610426997257 72.414120 0.000000
1649612610548270765 72.348265 0.000000
1649612610644191224 72.320945 0.000000
1649612610765932820 72.379023 0.000000
1649612610781339618 144.646198 0.000000
1649612610860967768 72.545625 0.000000
1649612610982870016 72.447542 0.000000
1649612611005739932 72.394192 0.000000
1649612611127922184 72.529185 0.000000
1649612611200335281 72.531900 0.000000
1649612611222732622 72.352002 0.000000
1649612611272563482 72.491494 0.000000
1649612611295443767 72.402136 0.000000
1649612611417756925 72.366781 0.000000
1649612611433615940 72.425079 0.000000
1649612611635194308 72.505080 0.000000
1649612611658492086 72.446168 0.000000
1649612611707380791 72.438375 0.000000
1649612611796278316 72.525759 0.000000
1649612611802086703 72.404301 0.000000
1649612611803322228 144.697132 0.000000
1649612611852351396 72.451499 0.000000
1649612611924707206 72.351001 0.000000
1649612612019113066 144.614819 0.000000
1649612612163654847 144.533345 0.000000
1649612612303356897 72.438595 0.000000
1649612612455090478 72.419789 0.000000
1649612612598741561 72.818508 0.000000
1649612612648284952 72.259669 0.000000
1649612612743251433 144.559655 0.000000
1649612612793035745 144.748279 0.000000
1649612612809584583 72.384293 0.000000
1649612612888112502 72.389793 0.000000
1649612612888398047 72.432794 0.000000
1649612612938068137 72.402388 0.000000
1649612612960479352 72.363524 0.000000
1649612612961311101 144.510002 0.000000
1649612612961418353 144.500253 0.000000
1649612613154741768 144.542823 0.000000
1649612613178084901 72.431321 0.000000
1649612613322950861 72.441892 0.000000
1649612613394608762 72.390955 0.000000
1649612613468102275 72.330273 0.000000
1649612613612548527 72.374996 0.000000
1649612613662069366 72.375156 0.000000
1649612613684875573 72.399352 0.000000
1649612613757345868 144.512517 0.000000
1649612613901978639 72.376780 0.000000
1649612613974776699 72.397569 0.000000
1649612613974982484 144.956970 0.000000
1649612614024060383 72.502805 0.000000
1649612614040316432 144.648010 0.000000
1649612614047342883 72.560834 0.000000
1649612614119231506 144.556187 0.000000
1649612614240121687 144.488351 0.000000
1649612614241148311 72.412306 0.000000
1649612614264240393 72.505038 0.000000
1649612614458385789 72.336274 0.000000
1649612614666344045 72.375056 0.000000
1649612614692205168 72.401194 0.000000
1649612614811298700 72.524786 0.000000
1649612614837303774 144.596636 0.000000
1649612614988649227 72.454565 0.000000
1649612615037899459 72.368874 0.000000
1649612615127136209 72.516801 0.000000
1649612615199533026 72.409691 0.000000
1649612615206009565 72.431361 0.000000
1649612615206036776 144.834560 0.000000
1649612615278573295 72.515831 0.000000
1649612615327443875 72.346062 0.000000
1649612615350655812 144.640426 0.000000
1649612615390551461 72.444316 0.000000
1649612615752489528 72.464774 0.000000
1649612615752532599 72.370688 0.000000
1649612615930047183 144.520943 0.000000
1649612615978924365 72.357362 0.000000
1649612616067793717 144.623735 0.000000
1649612616075451911 72.418717 0.000000
1649612616114540557 72.391176 0.000000
1649612616220043787 72.423347 0.000000
1649612616292477843 72.432052 0.000000
1649612616429862560 144.614648 0.000000
1649612616436984949 72.428115 0.000000
1649612616549001247 72.586252 0.000000
1649612616647082325 72.388471 0.000000
1649612616654795823 72.365458 0.000000
1649612616702694561 144.585914 0.000000
1649612616727416439 72.461828 0.000000
1649612616775507087 72.449054 0.000000
1649612616911294560 144.658039 0.000000
1649612616920388475 72.386798 0.000000
1649612616983660169 144.611212 0.000000
1649612617089303420 72.362292 0.000000
1649612617136954575 144.613495 0.000000
1649612617209355890 144.539427 0.000000
1649612617234140274 144.834269 0.000000
1649612617234463671 72.376047 0.000000
1649612617371183341 72.416965 0.000000
1649612617426872902 72.363424 0.000000
1649612617426927765 72.336203 0.000000
1649612617490714224 72.550165 0.000000
1649612617596217272 72.384954 0.000000
1649612617635661654 72.555504 0.000000
1649612617668684861 72.377400 0.000000
1649612617877951199 72.514627 0.000000
1649612617958110635 144.691350 0.000000
1649612618167533176 72.419940 0.000000
1649612618312539638 145.059052 0.000000
1649612618367805776 72.348406 0.000000
1649612618505270282 72.477237 0.000000
1649612618657464136 72.429628 0.000000
1649612618729920023 144.704265 0.000000
1649612618747347889 72.538903 0.000000
1649612618747375150 72.557317 0.000000
1649612618875003710 72.392879 0.000000
1649612618892268520 72.573718 0.000000
1649612619019871372 72.377620 0.000000
1649612619020010483 72.438324 0.000000
1649612619164948326 72.527592 0.000000
1649612619237092469 144.747658 0.000000
1649612619254653224 72.515911 0.000000
1649612619333862791 72.516510 0.000000
1649612619399575389 72.423006 0.000000
1649612619447025397 72.518886 0.000000
1649612619526645402 72.341493 0.000000
1649612619544270126 72.368643 0.000000
1649612619551055965 72.457600 0.000000
1649612619591552650 144.625187 0.000000
1649612619599237024 72.375737 0.000000
1649612619623564662 72.503256 0.000000
1649612619624141112 72.573087 0.000000
1649612619695192186 144.673950 0.000000
1649612619984778711 144.573601 0.000000
1649612619986120156 72.465786 0.000000
1649612620171988537 144.662136 0.000000
1649612620178572117 72.529325 0.000000
1649612620202694732 72.479522 0.000000
1649612620203339200 72.428276 0.000000
1649612620251011394 72.424689 0.000000
1649612620348018889 144.672476 0.000000
1649612620395810367 72.412756 0.000000
1649612620558436634 72.583176 0.000000
1649612620679539072 72.452741 0.000000
1649612620685342951 72.489600 0.000000
1649612620709673304 72.446239 0.000000
1649612620781597505 144.592206 0.000000
1649612620855456412 72.638830 0.000000
1649612620993284410 144.796920 0.000000
1649612620998683460 144.584863 0.000000
1649612621065772217 72.476776 0.000000
1649612621119710164 72.368023 0.000000
1649612621138363568 72.555143 0.000000
1649612621192095099 72.381758 0.000000
1649612621210631092 144.853936 0.000000
1649612621217075721 144.494512 0.000000
1649612621264360339 144.522014 0.000000
1649612621283135170 72.412456 0.000000
1649612621325954828 72.446399 0.000000
1649612621382267308 72.446570 0.000000
1649612621382897008 72.469072 0.000000
1649612621527741275 72.481455 0.000000
1649612621776836556 72.367712 0.000000
1649612621832863560 144.639975 0.000000
1649612621862428014 72.380746 0.000000
1649612621889184695 144.590742 0.000000
1649612622012872689 144.672557 0.000000
1649612622085334828 72.368693 0.000000
1649612622157966505 72.381758 0.000000
1649612622227687807 144.748590 0.000000
1649612622227972451 72.513345 0.000000
1649612622230493135 72.378252 0.000000
1649612622302596892 144.634274 0.000000
1649612622372485628 144.720465 0.000000
1649612622395496799 72.322477 0.000000
1649612622557545514 72.561174 0.000000
1649612622737743557 72.398439 0.000000
1649612622749539607 72.440358 0.000000
1649612622758170394 72.440348 0.000000
1649612622879335289 144.735815 0.000000
1649612622919718300 72.474281 0.000000
1649612622952253873 72.517604 0.000000
1649612623064598135 72.418357 0.000000
1649612623096616990 144.619717 0.000000
1649612623183776927 144.738590 0.000000
1649612623184196734 72.390585 0.000000
1649612623242084565 72.566745 0.000000
1649612623265282877 72.653418 0.000000
1649612623401853408 72.674327 0.000000
1649612623555195403 144.536671 0.000000
1649612623587734112 72.443153 0.000000
1649612623700378717 72.495563 0.000000
1649612623763910097 144.871159 0.000000
1649612623804992199 72.411685 0.000000
1649612623845207155 72.563258 0.000000
1649612623989963428 144.716639 0.000000
1649612624078748562 72.461958 0.000000
1649612624134725362 72.494089 0.000000
1649612624183312851 72.405744 0.000000
1649612624255775641 72.461468 0.000000
1649612624400834322 72.508515 0.000000
1649612624424203173 72.355068 0.000000
1649612624618249803 144.621911 0.000000
1649612624632796839 144.751765 0.000000
1649612624641500573 72.440178 0.000000
1649612624641866319 72.374555 0.000000
1649612624690616934 72.359507 0.000000
1649612624777500043 144.696592 0.000000
1649612624777693175 72.407707 0.000000
1649612624922572378 72.521941 0.000000
1649612624931090293 144.761562 0.000000
1649612625003620430 72.385405 0.000000
1649612625052197260 72.517753 0.000000
1649612625067301400 144.693295 0.000000
1649612625067323381 72.676300 0.000000
1649612625212353127 72.638289 0.000000
1649612625221207362 72.441370 0.000000
1649612625357082890 72.505610 0.000000
1649612625381384149 72.392919 0.000000
1649612625558976368 72.500291 0.000000
1649612625583275343 72.466578 0.000000
1649612625583549797 72.697771 0.000000
1649612625671242924 72.504358 0.000000
1649612625728383866 72.550074 0.000000
1649612625791771967 72.500361 0.000000
1649612625849197612 72.645893 0.000000
1649612625978296067 72.472849 0.000000
1649612626235775261 72.569249 0.000000
1649612626300110699 72.388572 0.000000
1649612626307921358 72.440078 0.000000
1649612626356581083 72.417955 0.000000
1649612626444754490 144.521101 0.000000
1649612626452728205 72.336163 0.000000
1649612626525144209 72.617762 0.000000
1649612626597722384 72.521410 0.000000
1649612626718574974 72.403289 0.000000
1649612626742389250 144.700729 0.000000
1649612626806746678 72.518204 0.000000
1649612626951759111 72.549042 0.000000
1649612626959933583 144.602514 0.000000
1649612626960108341 72.391107 0.000000
1649612626960173533 72.431913 0.000000
1649612626975707358 72.482075 0.000000
1649612627008707021 72.626286 0.000000
1649612627024141460 144.866329 0.000000
1649612627096443820 144.748017 0.000000
1649612627241371985 72.469472 0.000000
1649612627241398945 72.469482 0.000000
1649612627322481672 72.429819 0.000000
1649612627395422268 72.615005 0.000000
1649612627410199896 72.345961 0.000000
1649612627467677570 72.541689 0.000000
1649612627603628868 72.444826 0.000000
1649612627660756155 72.413187 0.000000
1649612627685428970 72.540766 0.000000
1649612627829818605 72.423737 0.000000
1649612627902218588 72.367632 0.000000
1649612627975123397 72.421102 0.000000
1649612628047897921 72.585149 0.000000
1649612628119846116 72.387419 0.000000
1649612628255193133 72.362341 0.000000
1649612628312639739 72.390195 0.000000
1649612628327550236 144.735785 0.000000
1649612628585319824 72.414720 0.000000
1649612628626076957 72.489541 0.000000
1649612628657680893 144.677215 0.000000
1649612628657721449 72.391086 0.000000
1649612628747485759 72.348747 0.000000
1649612628771345951 72.429107 0.000000
1649612628988301059 72.451319 0.000000
1649612629037280023 72.473481 0.000000
1649612629205617315 72.461819 0.000000
1649612629278136330 144.654031 0.000000
1649612629326797127 72.362773 0.000000
1649612629341879847 72.565443 0.000000
1649612629486664383 72.405152 0.000000
1649612629726961441 144.499552 0.000000
1649612629785938114 72.668565 0.000000
1649612629906211938 72.528875 0.000000
1649612629944654724 144.583008 0.000000
1649612630017304574 72.361810 0.000000
1649612630066514801 72.769435 0.000000
1649612630148384283 72.503256 0.000000
1649612630162100812 72.443344 0.000000
1649612630356325465 72.513525 0.000000
1649612630365339130 144.827186 0.000000
1649612630437758258 72.412596 0.000000
1649612630438362411 72.547549 0.000000
1649612630524078473 72.345171 0.000000
1649612630702973192 144.684017 0.000000
1649612630728096171 144.760030 0.000000
1649612630741178602 72.445738 0.000000
1649612630992815044 72.474783 0.000000
1649612631089695341 72.384162 0.000000
1649612631225190196 72.462720 0.000000
1649612631235183637 72.432123 0.000000
1649612631452453624 144.707622 0.000000
1649612631597484452 72.428155 0.000000
1649612631670806743 72.477107 0.000000
1649612631732191859 72.345129 0.000000
1649612631813843633 72.374695 0.000000
1649612631815381505 72.329630 0.000000
1649612631815488566 72.450226 0.000000
1649612631887861308 72.397148 0.000000
1649612631960202670 72.361149 0.000000
1649612632116843318 72.406856 0.000000
1649612632297222230 72.450046 0.000000
1649612632311137461 72.481113 0.000000
1649612632322375686 72.338717 0.000000
1649612632455977992 72.365027 0.000000
1649612632465293843 72.405082 0.000000
1649612632685053458 72.429448 0.000000
1649612632756251618 72.388080 0.000000
1649612632757458630 72.402978 0.000000
1649612632890335456 144.605190 0.000000
1649612632901130690 72.513725 0.000000
1649612632949376048 72.543661 0.000000
1649612632973696284 72.434418 0.000000
1649612633035015096 72.328418 0.000000
1649612633045869371 72.399532 0.000000
1649612633179925949 72.527852 0.000000
1649612633263741518 72.389162 0.000000
1649612633406119152 72.410072 0.000000
1649612633408838318 72.546827 0.000000
1649612633482242522 72.394211 0.000000
1649612633625393216 72.542730 0.000000
1649612633687119061 72.573357 0.000000
1649612633699467536 72.413137 0.000000
1649612633770825906 72.431160 0.000000
1649612633843353177 72.344218 0.000000
1649612633916903697 72.424620 0.000000
1649612633987259817 72.459342 0.000000
1649612634059639291 72.374094 0.000000
1649612634109120165 72.538802 0.000000
1649612634266487816 72.539203 0.000000
1649612634274854598 72.346461 0.000000
1649612634279185565 144.626239 0.000000
1649612634351907141 72.416393 0.000000
1649612634483557128 72.373763 0.000000
1649612634496625292 72.351020 0.000000
1649612634555794836 144.575884 0.000000
1649612634556364033 72.352033 0.000000
1649612634564257758 72.353084 0.000000
1649612634567510786 72.457901 0.000000
1649612634701106580 72.304784 0.000000
1649612634784736932 72.421984 0.000000
1649612634786227997 72.502325 0.000000
1649612634905745122 72.474381 0.000000
1649612635231593152 144.730183 0.000000
1649612635363826383 72.458963 0.000000
1649612635570048994 72.455055 0.000000
1649612635629671467 72.337836 0.000000
1649612635653930807 72.501853 0.000000
1649612635795575377 72.447551 0.000000
1649612635868077892 72.499349 0.000000
1649612635919074858 72.511161 0.000000
1649612636063970601 144.807258 0.000000
1649612636064004765 144.775788 0.000000
1649612636136489598 72.463623 0.000000
1649612636157720391 72.407507 0.000000
1649612636233601668 72.371188 0.000000
1649612636306452656 72.460837 0.000000
1649612636426045824 72.462579 0.000000
1649612636595870263 144.573610 0.000000
1649612636655900029 144.571666 0.000000
1649612636728508201 72.361349 0.000000
1649612636873018834 72.413888 0.000000
1649612637006177068 144.837546 0.000000
1649612637042950443 72.423236 0.000000
1649612637172256727 72.488137 0.000000
1649612637187911750 72.456879 0.000000
1649612637223400227 144.645245 0.000000
1649612637244738132 72.477738 0.000000
1649612637296033687 144.657868 0.000000
1649612637317183729 72.461377 0.000000
1649612637368601414 72.559902 0.000000
1649612637393071219 144.590562 0.000000
1649612637441157780 72.549633 0.000000
1649612637462095253 72.545785 0.000000
1649612637513645255 72.483459 0.000000
1649612637534587669 72.507724 0.000000
1649612637683085143 72.369546 0.000000
1649612637683153061 72.415001 0.000000
1649612637694862959 72.427714 0.000000
1649612637767307174 72.432964 0.000000
1649612637827870761 72.369505 0.000000
1649612637900360822 72.486905 0.000000
1649612637900933065 72.993064 0.000000
1649612638045792190 72.432783 0.000000
1649612638165767645 72.557287 0.000000
1649612638186302665 72.501132 0.000000
1649612638201843123 72.483650 0.000000
1649612638258426599 72.391776 0.000000
1649612638330943320 72.511322 0.000000
1649612638383353234 72.446139 0.000000
1649612638552988458 72.533814 0.000000
1649612638770484220 72.441090 0.000000
1649612638901001864 72.616829 0.000000
1649612639191131726 72.786377 0.000000
1649612639200234838 72.387198 0.000000
1649612639278334383 72.399541 0.000000
1649612639289618584 72.572606 0.000000
1649612639470382597 144.687414 0.000000
1649612639470636032 72.454004 0.000000
1649612639505618220 72.351150 0.000000
1649612639562228828 72.388510 0.000000
1649612639579100571 144.489081 0.000000
1649612639785808121 72.681028 0.000000
1649612639941305887 144.833206 0.000000
1649612640069645229 72.463211 0.000000
1649612640075441413 72.340401 0.000000
1649612640086041200 72.608703 0.000000
1649612640158517976 72.600157 0.000000
1649612640220064515 144.651196 0.000000
1649612640267638125 72.452862 0.000000
1649612640303802740 72.833365 0.000000
1649612640359350845 72.477017 0.000000
1649612640376024938 72.473459 0.000000
1649612640412475920 72.385355 0.000000
1649612640448401857 72.371138 0.000000
1649612640510139795 72.496062 0.000000
1649612640655122502 72.669417 0.000000
1649612640721382505 72.399281 0.000000
1649612640793816171 72.406815 0.000000
1649612640929320351 72.442191 0.000000
1649612641137014922 72.477528 0.000000
1649612641209591144 72.488006 0.000000
1649612641234748758 72.432162 0.000000
1649612641246001570 72.496413 0.000000
1649612641307266962 144.613425 0.000000
1649612641363764447 72.430449 0.000000
1649612641379869794 72.597582 0.000000
1649612641608510595 72.403509 0.000000
1649612641807551856 72.568599 0.000000
1649612641933976468 72.439798 0.000000
1649612642115568274 144.575274 0.000000
1649612642333366180 72.427373 0.000000
1649612642478088779 72.406254 0.000000
1649612642532185836 72.519146 0.000000
1649612642539107529 144.608776 0.000000
1649612642539442487 72.435719 0.000000
1649612642586349066 144.798702 0.000000
1649612642658958621 72.528914 0.000000
1649612642768119956 72.376808 0.000000
1649612642894566579 72.588726 0.000000
1649612643046848768 72.519896 0.000000
1649612643111623678 72.494158 0.000000
1649612643130252666 72.527070 0.000000
1649612643203210473 72.653346 0.000000
1649612643275689793 145.298137 0.000000
1649612643320191685 72.577494 0.000000
1649612643347910099 72.609234 0.000000
1649612643401267839 72.579950 0.000000
1649612643554045086 144.687854 0.000000
1649612643626585762 72.420060 0.000000
1649612643699045035 72.352443 0.000000
1649612643746419130 144.754078 0.000000
1649612643746437705 72.345229 0.000000
1649612643771272253 144.680139 0.000000
1649612643844008345 72.409820 0.000000
1649612643927189094 72.515409 0.000000
1649612643988568280 144.716378 0.000000
1649612644044645968 144.657989 0.000000
1649612644073307720 72.526429 0.000000
1649612644133533694 72.386066 0.000000
1649612644189498932 72.372591 0.000000
1649612644278447531 72.476786 0.000000
1649612644343121402 144.711458 0.000000
1649612644350764147 72.443653 0.000000
1649612644434496290 144.864806 0.000000
1649612644508087775 72.527902 0.000000
1649612644580621177 72.541678 0.000000
1649612644615471368 72.497264 0.000000
1649612644640635515 72.401766 0.000000
1649612644705387962 144.529167 0.000000
1649612644857947891 72.497134 0.000000
1649612644858011721 72.530106 0.000000
1649612644930322866 72.386768 0.000000
1649612645075245811 72.478078 0.000000
1649612645075311434 72.510569 0.000000
1649612645087312067 144.705717 0.000000
1649612645087641665 72.562206 0.000000
1649612645147495892 144.762323 0.000000
1649612645304815964 144.697803 0.000000
1649612645348706309 72.376028 0.000000
1649612645437362811 72.395033 0.000000
1649612645437406583 72.496673 0.000000
1649612645557121419 72.533191 0.000000
1649612645574594850 72.602581 0.000000
1649612645629497406 72.372060 0.000000
1649612645710827887 144.620338 0.000000
1649612645739904096 72.546236 0.000000
1649612645884696476 72.420561 0.000000
1649612645991765119 72.460075 0.000000
1649612646000634923 72.384534 0.000000
1649612646234737831 72.464492 0.000000
1649612646426799340 72.550395 0.000000
1649612646451850003 144.732638 0.000000
1649612646580146404 72.498116 0.000000
1649612646608125646 72.532299 0.000000
1649612646644104192 72.463731 0.000000
1649612646950991513 72.404040 0.000000
1649612647023349226 72.352974 0.000000
1649612647116004062 72.372761 0.000000
1649612647176337868 72.551616 0.000000
1649612647304129162 144.652518 0.000000
1649612647449193361 72.482967 0.000000
1649612647465988261 72.359608 0.000000
1649612647466128204 72.449957 0.000000
1649612647477349586 72.381798 0.000000
1649612647513611042 72.571083 0.000000
1649612647610899023 72.409771 0.000000
1649612647622057728 72.324190 0.000000
1649612647694559581 72.496874 0.000000
1649612647755730786 72.349647 0.000000
1649612647884140910 72.532751 0.000000
1649612648029017528 72.427724 0.000000
1649612648129924362 72.500862 0.000000
1649612648190842252 72.625143 0.000000
1649612648237205814 72.591101 0.000000
1649612648309576109 72.359826 0.000000
1649612648335913104 72.421131 0.000000
1649612648420148309 72.391065 0.000000
1649612648770008645 72.361820 0.000000
1649612648889540539 144.688105 0.000000
1649612648926773876 72.329430 0.000000
1649612648961306061 72.507042 0.000000
1649612648999241956 72.378622 0.000000
1649612649107054843 72.464994 0.000000
1649612649116212137 72.486984 0.000000
1649612649251142232 72.415792 0.000000
1649612649267147872 144.611681 0.000000
1649612649324340410 72.385265 0.000000
1649612649339727611 72.432854 0.000000
1649612649566822002 72.371067 0.000000
1649612649579226452 72.399520 0.000000
1649612649918502420 72.464553 0.000000
1649612650086043979 144.560414 0.000000
1649612650158797363 72.441791 0.000000
1649612650302914077 72.415691 0.000000
1649612650303220772 72.438504 0.000000
1649612650424953370 72.404170 0.000000
1649612650519799614 72.564130 0.000000
1649612650555609593 72.415159 0.000000
1649612650664669288 144.582376 0.000000
1649612650665134430 72.443494 0.000000
1649612650710605227 72.422134 0.000000
1649612650844987134 72.505129 0.000000
1649612650917983355 72.476637 0.000000
1649612650990266016 72.354987 0.000000
1649612651026795435 72.566324 0.000000
1649612651171758624 72.379784 0.000000
1649612651232945008 72.460876 0.000000
1649612651233062117 72.580821 0.000000
1649612651244215653 72.659288 0.000000
1649612651424258604 144.609197 0.000000
1649612651496721935 72.454113 0.000000
1649612651534194632 72.405324 0.000000
1649612651580020024 72.447922 0.000000
1649612651595232247 72.442773 0.000000
1649612651667796536 72.553801 0.000000
1649612651714440062 144.515590 0.000000
1649612652004428878 72.389312 0.000000
1649612652017035889 144.564703 0.000000
1649612652076549087 144.617072 0.000000
1649612652102856275 72.417835 0.000000
1649612652175347137 72.488187 0.000000
1649612652221646147 72.531869 0.000000
1649612652366432726 72.428706 0.000000
1649612652449420453 72.527692 0.000000
1649612652957068606 72.567355 0.000000
1649612652983477275 72.437432 0.000000
1649612653019311861 72.633209 0.000000
1649612653030452101 72.540506 0.000000
1649612653116547233 72.478429 0.000000
1649612653164033538 72.378181 0.000000
1649612653247427607 72.577305 0.000000
1649612653248321873 144.591284 0.000000
1649612653346398021 72.481425 0.000000
1649612653381700930 72.603674 0.000000
1649612653454330372 72.654759 0.000000
1649612653478723493 144.726596 0.000000
1649612653563514379 72.374584 0.000000
1649612653623789545 144.754778 0.000000
1649612653696424988 72.594667 0.000000
1649612653696456698 72.657675 0.000000
1649612653708382742 72.521690 0.000000
1649612654058719771 72.485051 0.000000
1649612654070517714 72.320683 0.000000
1649612654106976140 72.590059 0.000000
1649612654130773965 72.386917 0.000000
1649612654142958162 144.678025 0.000000
1649612654275685127 72.408096 0.000000
1649612654287834068 72.375956 0.000000
1649612654288030857 72.482376 0.000000
1649612654324254462 72.478910 0.000000
1649612654420535545 72.372270 0.000000
1649612654421001829 72.363504 0.000000
1649612654432792489 72.388941 0.000000
1649612654492884311 72.344197 0.000000
1649612654505345558 72.466136 0.000000
1649612654552306248 144.498740 0.000000
1649612654649872079 72.386156 0.000000
1649612654697416994 144.775217 0.000000
1649612654769849777 72.423196 0.000000
1649612654782855975 72.354476 0.000000
1649612654783337087 72.456988 0.000000
1649612654855291834 72.457299 0.000000
1649612654915252932 72.540125 0.000000
1649612654927686477 72.347795 0.000000
1649612654939766889 72.369294 0.000000
1649612655012487101 72.382700 0.000000
1649612655072490979 72.431371 0.000000
1649612655073267975 72.494569 0.000000
1649612655145435181 144.712289 0.000000
1649612655217256578 72.354496 0.000000
1649612655217923619 144.646927 0.000000
1649612655218217700 72.456408 0.000000
1649612655266423473 72.510889 0.000000
1649612655290239853 144.795476 0.000000
1649612655338939923 72.512422 0.000000
1649612655784621150 72.422855 0.000000
1649612655785165380 72.642526 0.000000
1649612655796535481 72.479841 0.000000
1649612655796562432 72.595348 0.000000
1649612655929637319 144.537472 0.000000
1649612656013710259 144.597795 0.000000
1649612656208414420 144.747044 0.000000
1649612656208438035 144.746754 0.000000
1649612656243101095 72.458111 0.000000
1649612656303659492 72.370777 0.000000
1649612656353326645 72.443213 0.000000
1649612656581589977 144.560004 0.000000
1649612656605336836 72.374634 0.000000
1649612656643306915 72.521119 0.000000
1649612656653825460 72.430829 0.000000
1649612656715744357 72.433695 0.000000
1649612656726024525 72.579098 0.000000
1649612656788352519 72.624142 0.000000
1649612656822660003 72.494950 0.000000
1649612656944125379 72.409009 0.000000
1649612656955476526 72.383161 0.000000
1649612657150796892 72.454825 0.000000
1649612657233707514 144.552961 0.000000
1649612657317769684 72.656663 0.000000
1649612657368242547 72.406224 0.000000
1649612657440777182 72.495271 0.000000
1649612657462529032 72.472718 0.000000
1649612657513249709 72.413106 0.000000
1649612657513332374 72.458531 0.000000
1649612657546452563 144.579040 0.000000
1649612657607477876 72.503547 0.000000
1649612657618820626 72.360449 0.000000
1649612657658161143 72.459855 0.000000
1649612657679833564 72.380244 0.000000
1649612657679969258 72.452549 0.000000
1649612657740705408 72.434757 0.000000
1649612657803108502 72.560062 0.000000
1649612657813114507 72.403048 0.000000
1649612657875578225 72.500510 0.000000
1649612658030012546 72.517211 0.000000
1649612658102453755 72.438945 0.000000
1649612658114240979 144.640285 0.000000
1649612658237400401 72.384593 0.000000
1649612658331566900 72.479350 0.000000
1649612658331784859 72.502825 0.000000
1649612658415321775 72.297009 0.000000
1649612658464559873 144.707190 0.000000
1649612658526871957 72.355298 0.000000
1649612658527562091 72.496663 0.000000
1649612658527622223 72.487065 0.000000
1649612658549251183 72.360698 0.000000
1649612658599294792 72.416563 0.000000
1649612658743983637 72.364285 0.000000
1649612658754530766 72.455796 0.000000
1649612658754569869 72.610777 0.000000
1649612658777077056 144.548553 0.000000
1649612658816378319 72.387839 0.000000
1649612658838101857 144.535999 0.000000
1649612658910757097 72.496503 0.000000
1649612658922399288 72.514125 0.000000
1649612658983390256 144.566667 0.000000
1649612659034524128 72.514888 0.000000
1649612659055940960 144.694706 0.000000
1649612659116826751 72.539293 0.000000
1649612659128612582 72.450678 0.000000
1649612659200369177 144.475335 0.000000
1649612659468679840 144.589149 0.000000
1649612659468906415 72.331623 0.000000
1649612659562404893 144.706418 0.000000
1649612659562466258 72.323949 0.000000
1649612659613854787 72.535365 0.000000
1649612659623724256 72.409360 0.000000
1649612659791123728 72.513355 0.000000
1649612659841157248 72.433384 0.000000
1649612659902589673 72.311426 0.000000
1649612659975839588 144.661895 0.000000
1649612660047398984 72.418056 0.000000
1649612660047549646 72.447942 0.000000
1649612660119761155 72.427964 0.000000
1649612660130773195 72.448392 0.000000
1649612660337772361 144.606922 0.000000
1649612660338171880 72.557718 0.000000
1649612660410601968 72.424418 0.000000
1649612660410858539 72.491974 0.000000
1649612660555795008 72.500981 0.000000
1649612660565724850 144.592725 0.000000
1649612660637778953 144.815313 0.000000
1649612660700490706 72.291598 0.000000
1649612660772597058 72.346572 0.000000
1649612660782586301 144.619255 0.000000
1649612661134371444 72.291739 0.000000
1649612661278308760 144.520660 0.000000
1649612661301275919 72.469642 0.000000
1649612661350912414 72.420300 0.000000
1649612661424457993 72.522231 0.000000
1649612661435072769 144.899239 0.000000
1649612661496007130 72.477017 0.000000
1649612661506795161 144.618654 0.000000
1649612661640846758 72.427242 0.000000
1649612661796284761 144.612372 0.000000
1649612661868782826 72.488829 0.000000
1649612661891706433 144.704174 0.000000
1649612662002735438 144.739450 0.000000
1649612662036358910 144.645324 0.000000
1649612662075171277 144.637990 0.000000
1649612662086088470 72.420951 0.000000
1649612662220108599 72.576573 0.000000
1649612662220819882 72.388621 0.000000
1649612662315469156 72.362612 0.000000
1649612662377705758 72.622779 0.000000
1649612662388001255 72.523123 0.000000
1649612662438241222 72.439015 0.000000
1649612662471131169 72.346602 0.000000
1649612662509586406 72.412254 0.000000
1649612662654315697 72.391976 0.000000
1649612662726619719 144.648259 0.000000
1649612662750450226 72.388360 0.000000
1649612662761266599 72.427853 0.000000
1649612662895364143 72.505229 0.000000
1649612662978736530 72.406003 0.000000
1649612663040260457 72.463210 0.000000
1649612663162481630 72.354296 0.000000
1649612663306381626 72.383912 0.000000
1649612663317236242 144.545557 0.000000
1649612663317457397 72.359536 0.000000
1649612663389878788 72.416762 0.000000
1649612663413838828 72.539654 0.000000
1649612663597450657 72.833714 0.000000
1649612663742343174 72.456738 0.000000
1649612663775883049 72.503666 0.000000
1649612663825652474 146.102726 0.000000
1649612663887306534 145.004577 0.000000
1649612663960009614 72.335831 0.000000
1649612663999679799 151.376190 0.000000
1649612664043625528 144.531600 0.000000
1649612664115305480 72.321795 0.000000
1649612664126841643 72.340851 0.000000
1649612664187633367 72.508425 0.000000
1649612664289242045 144.835951 0.000000
1649612664332153405 144.512033 0.000000
1649612664332972270 144.468331 0.000000
1649612664333315804 72.355308 0.000000
1649612664361758766 72.364595 0.000000
1649612664612509737 72.391316 0.000000
1649612664635502022 73.939648 0.000000
1649612664669512249 76.722574 0.000000
1649612664741877275 72.358304 0.000000
1649612664840361958 144.810563 0.000000
1649612664913466209 72.841118 0.000000
1649612664984448925 81.664156 0.000000
1649612664997094838 72.294755 0.000000
1649612665065795956 81.356199 0.000000
1649612665138445866 72.582824 0.000000
1649612665217709433 78.981628 0.000000
1649612665308817911 91.049668 0.000000
1649612665599712524 72.511030 0.000000
1649612665743982554 72.586691 0.000000
1649612665888763642 144.816624 0.000000
1649612665889466409 72.557486 0.000000
1649612665889955305 72.590698 0.000000
1649612665961876460 72.532300 0.000000
1649612666179564200 72.375116 0.000000
1649612666323899962 72.620955 0.000000
1649612666324503383 144.951376 0.000000
1649612666396062569 144.558691 0.000000
1649612666542763776 72.483388 0.000000
1649612666613634812 72.398789 0.000000
1649612666613926449 72.335711 0.000000
1649612666757729864 144.667214 0.000000
1649612666830213613 72.472918 0.000000
1649612666832572183 72.516961 0.000000
1649612666903596026 72.342233 0.000000
1649612666904112514 144.802498 0.000000
1649612666904227980 72.386527 0.000000
1649612666905169425 144.749078 0.000000
1649612666975023916 72.335741 0.000000
1649612667049969619 72.358013 0.000000
1649612667120151603 72.510108 0.000000
1649612667266998052 72.344136 0.000000
1649612667409739718 144.629705 0.000000
1649612667555840569 72.473429 0.000000
1649612667627249223 72.569439 0.000000
1649612667627634806 72.570562 0.000000
1649612667628227777 72.481565 0.000000
1649612667699202096 144.710506 0.000000
1649612667845043582 72.561925 0.000000
1649612667989708182 144.644372 0.000000
1649612667989987756 144.717069 0.000000
1649612667990858598 72.859002 0.000000
1649612668062057058 72.342214 0.000000
1649612668135063456 72.501021 0.000000
1649612668207707485 144.641246 0.000000
1649612668352377214 72.378712 0.000000
1649612668496589716 72.465624 0.000000
1649612668642793951 144.640324 0.000000
1649612668643404506 72.430729 0.000000
1649612668714196944 72.461207 0.000000
1649612668714274810 72.424688 0.000000
1649612668931683297 72.367221 0.000000
1649612669003181658 144.555386 0.000000
1649612669005106356 72.421571 0.000000
1649612669005451974 72.366398 0.000000
1649612669075752470 72.564009 0.000000
1649612669220591797 72.403328 0.000000
1649612669222233023 145.120975 0.000000
1649612669294874007 144.601372 0.000000
1649612669440212479 72.774814 0.000000
1649612669583412564 72.352011 0.000000
1649612669655658897 144.614635 0.000000
1649612669728112200 72.446179 0.000000
1649612669801030525 72.459826 0.000000
1649612669802119626 72.385917 0.000000
1649612670017947675 72.483844 0.000000
1649612670235538493 72.320727 0.000000
1649612670235658418 72.377603 0.000000
1649612670379812679 144.603914 0.000000
1649612670380717365 72.457834 0.000000
1649612670525140940 144.628349 0.000000
1649612670525260875 72.471920 0.000000
1649612670525380739 72.386771 0.000000
1649612670741918565 72.331978 0.000000
1649612670742319797 72.330776 0.000000
1649612670742917477 72.323652 0.000000
1649612670959762207 144.584306 0.000000
1649612670959783748 72.361473 0.000000
1649612671394961118 144.545334 0.000000
1649612671395005741 72.446974 0.000000
1649612671465672869 72.442636 0.000000
1649612671466831260 144.568547 0.000000
1649612671684050613 144.780675 0.000000
1649612671756289376 144.673152 0.000000
1649612671901865200 144.610396 0.000000
1649612672117702754 72.473334 0.000000
1649612672117750814 72.482801 0.000000
1649612672117816627 72.574443 0.000000
1649612672118562766 144.485873 0.000000
1649612672119581586 145.012781 0.000000
1649612672119601142 144.901652 0.000000
1649612672264484889 144.750778 0.000000
1649612672335911180 144.754125 0.000000
1649612672553816968 72.389696 0.000000
1649612672699055141 72.625268 0.000000
1649612672842913456 72.645135 0.000000
1649612672988378234 72.521003 0.000000
1649612673061173368 72.783723 0.000000
1649612673133525865 144.719258 0.000000
1649612673205437845 72.436184 0.000000
1649612673350801773 144.670798 0.000000
1649612673351741895 72.695489 0.000000
1649612673422394094 144.554350 0.000000
1649612673424197184 145.035692 0.000000
1649612673495681864 72.413211 0.000000
1649612673569262091 144.994095 0.000000
1649612673640010532 72.440362 0.000000
1649612673641557101 144.746721 0.000000
1649612673786976351 72.611932 0.000000
1649612673857611699 72.616071 0.000000
1649612673858922275 144.621967 0.000000
1649612674003791696 72.389175 0.000000
1649612674149406153 144.760036 0.000000
1649612674437956496 144.680466 0.000000
1649612674582434994 72.568210 0.000000
1649612674584057926 144.615314 0.000000
1649612674655114964 72.424000 0.000000
1649612674728967893 144.650771 0.000000
1649612674872671468 72.589210 0.000000
1649612674946194448 144.609242 0.000000
1649612674946514648 72.472250 0.000000
1649612675017829279 72.635026 0.000000
1649612675018359002 144.557165 0.000000
1649612675091339796 72.309956 0.000000
1649612675162980338 144.804900 0.000000
1649612675163367583 72.387222 0.000000
1649612675163664380 72.359440 0.000000
1649612675235830727 72.456341 0.000000
1649612675380556358 72.678799 0.000000
1649612675453699706 72.521462 0.000000
1649612675526189780 144.923060 0.000000
1649612675526336315 72.458936 0.000000
1649612675743235146 72.506074 0.000000
1649612675814957450 72.673247 0.000000
1649612675959952767 72.499391 0.000000
1649612675960009082 72.550107 0.000000
1649612675961155752 144.857488 0.000000
1649612676177913879 72.541701 0.000000
1649612676178467657 72.633923 0.000000
1649612676250350443 144.965330 0.000000
1649612676394904001 144.551574 0.000000
1649612676539713569 72.341045 0.000000
1649612676684583721 72.315878 0.000000
1649612676756811613 72.596744 0.000000
1649612676829147528 72.332248 0.000000
1649612676830862292 72.375870 0.000000
1649612676903880646 72.879614 0.000000
1649612676974276926 72.270353 0.000000
1649612676974865309 144.929964 0.000000
1649612677192436670 72.559785 0.000000
1649612677193404013 72.341726 0.000000
1649612677193667758 72.459838 0.000000
1649612677264935961 72.496436 0.000000
1649612677482591410 72.400216 0.000000
1649612677553002286 144.742332 0.000000
1649612677553320122 72.400556 0.000000
1649612677625752137 72.278237 0.000000
1649612677698844900 144.652995 0.000000
1649612677699603042 72.437626 0.000000
1649612677843603513 144.754064 0.000000
1649612677844021326 144.696927 0.000000
1649612677915455440 72.510913 0.000000
1649612677987670889 144.761527 0.000000
1649612678132877992 72.452373 0.000000
1649612678205263461 72.443457 0.000000
1649612678207116093 144.816060 0.000000
1649612678207131091 72.492208 0.000000
1649612678279742683 72.466189 0.000000
1649612678349767937 144.547727 0.000000
1649612678349808453 72.442125 0.000000
1649612678424569092 72.416585 0.000000
1649612678494846338 72.300789 0.000000
1649612678567403277 72.592135 0.000000
1649612678641822697 72.575123 0.000000
1649612678713859572 144.955161 0.000000
1649612678786607579 72.380138 0.000000
1649612678931366402 72.391730 0.000000
1649612678931627792 72.422868 0.000000
1649612679003595727 144.648917 0.000000
1649612679004016376 144.757341 0.000000
1649612679294419019 72.435462 0.000000
1649612679437609162 72.413731 0.000000
1649612679509939526 144.540433 0.000000
1649612679510207227 144.562585 0.000000
1649612679510480890 72.419772 0.000000
1649612679583190325 72.359468 0.000000
1649612679654836527 72.467822 0.000000
1649612679656294641 72.543725 0.000000
1649612679799837153 72.577188 0.000000
1649612679799999918 72.429791 0.000000
1649612679872819410 72.417548 0.000000
1649612679873374931 72.433257 0.000000
1649612680017657601 144.675506 0.000000
1649612680090445152 72.781570 0.000000
1649612680090652130 72.519278 0.000000
1649612680307851273 72.460057 0.000000
1649612680379309943 144.636994 0.000000
1649612680670861942 72.450420 0.000000
1649612680742384482 72.500043 0.000000
1649612680743419822 72.555826 0.000000
1649612681033676132 72.782783 0.000000
1649612681322579315 144.646723 0.000000
1649612681323755119 72.445159 0.000000
1649612681467941548 72.436162 0.000000
1649612681758810456 72.664441 0.000000
1649612681831465619 72.545277 0.000000
1649612681903857529 72.635326 0.000000
1649612681975807179 72.454717 0.000000
1649612681975900655 144.722304 0.000000
1649612681976494778 72.507406 0.000000
1649612682046855500 72.347888 0.000000
1649612682121528776 72.571896 0.000000
1649612682193025758 72.363436 0.000000
1649612682264578444 72.393081 0.000000
1649612682265615939 144.489988 0.000000
1649612682338421874 144.601958 0.000000
1649612682409502847 144.589976 0.000000
1649612682627768418 72.371671 0.000000
1649612682627962232 144.502432 0.000000
1649612682628014279 72.386359 0.000000
1649612682698555640 72.411937 0.000000
1649612682700998639 72.449567 0.000000
1649612682843910560 72.423519 0.000000
1649612682989427904 72.323812 0.000000
1649612683206874029 72.326507 0.000000
1649612683351410685 72.661095 0.000000
1649612683424464555 72.616800 0.000000
1649612683568997575 72.301251 0.000000
1649612683713356616 72.304695 0.000000
1649612683714435539 72.387230 0.000000
1649612683714647376 72.460007 0.000000
1649612683785525097 72.393412 0.000000
1649612683858573818 72.500443 0.000000
1649612683931882757 72.474225 0.000000
1649612684004314080 72.429059 0.000000
1649612684004651322 72.566797 0.000000
1649612684075243076 72.565183 0.000000
1649612684075274064 72.492427 0.000000
1649612684075767008 72.405895 0.000000
1649612684219721703 144.456165 0.000000
1649612684220114560 72.449257 0.000000
1649612684292983373 72.767904 0.000000
1649612684509431487 72.474273 0.000000
1649612684653914923 144.540683 0.000000
1649612684654330923 72.380889 0.000000
1649612684801023109 72.350472 0.000000
1649612684871515147 72.399654 0.000000
1649612684946884006 72.367504 0.000000
1649612685016348789 72.438256 0.000000
1649612685019269845 72.382522 0.000000
1649612685088780724 72.420974 0.000000
1649612685161000741 72.366972 0.000000
1649612685233375437 144.619058 0.000000
1649612685306856408 72.536841 0.000000
1649612685306971725 72.612704 0.000000
1649612685309026256 72.383384 0.000000
1649612685378246189 72.549205 0.000000
1649612685380467964 72.460097 0.000000
1649612685451258432 72.381841 0.000000
1649612685451723393 72.439899 0.000000
1649612685957648494 144.863017 0.000000
1649612686030496990 72.473823 0.000000
1649612686031925147 72.455910 0.000000
1649612686102671441 144.649117 0.000000
1649612686104435728 72.398661 0.000000
1649612686105055821 72.324943 0.000000
1649612686176772094 72.332679 0.000000
1649612686176836234 72.348979 0.000000
1649612686466529397 72.364559 0.000000
1649612686537499380 144.767147 0.000000
1649612686538918650 144.668733 0.000000
1649612686538964216 72.351553 0.000000
1649612686611081931 72.398392 0.000000
1649612686682174966 144.669705 0.000000
1649612686828410896 72.442274 0.000000
1649612686828488893 72.496636 0.000000
1649612686900252435 144.733505 0.000000
1649612686901261076 72.542813 0.000000
1649612686973810189 72.495052 0.000000
1649612687117101689 72.489091 0.000000
1649612687190254986 72.469264 0.000000
1649612687553161287 72.455378 0.000000
1649612687697828136 72.335052 0.000000
1649612687771205543 72.577658 0.000000
1649612687914969560 144.560029 0.000000
1649612687987184637 72.437394 0.000000
1649612687988577818 72.370449 0.000000
1649612687988783224 72.492858 0.000000
1649612688133616254 72.420853 0.000000
1649612688205952960 72.504230 0.000000
1649612688276701849 72.514370 0.000000
1649612688278530537 144.855863 0.000000
1649612688421333232 144.632666 0.000000
1649612688495439715 72.308683 0.000000
1649612688495889819 72.466318 0.000000
1649612688566029316 144.684812 0.000000
1649612688640197264 72.422787 0.000000
1649612688712340587 72.451050 0.000000
1649612688785520003 72.325515 0.000000
1649612688856766204 72.468432 0.000000
1649612689146844299 72.686002 0.000000
1649612689147089128 72.589982 0.000000
1649612689147397456 72.421867 0.000000
1649612689291942296 144.542886 0.000000
1649612689507977775 72.381339 0.000000
1649612689652825813 72.476608 0.000000
1649612689653919553 72.396397 0.000000
1649612689871593845 144.669213 0.000000
1649612689943925501 72.551458 0.000000
1649612689944400251 72.499421 0.000000
1649612690234548676 144.834253 0.000000
1649612690234646359 144.927668 0.000000
1649612690449657208 144.668191 0.000000
1649612690449754260 72.344350 0.000000
1649612690450946114 72.468422 0.000000
1649612690524521471 72.524097 0.000000
1649612690597111282 72.544586 0.000000
1649612690597196682 72.486677 0.000000
1649612690668426222 72.422977 0.000000
1649612690669545800 72.484522 0.000000
1649612690741569359 72.330865 0.000000
1649612690742045131 72.427967 0.000000
1649612690884360051 144.773529 0.000000
1649612690884856972 72.387992 0.000000
1649612691101800035 72.398471 0.000000
1649612691102052338 72.637029 0.000000
1649612691104526515 72.434618 0.000000
1649612691247721765 72.476858 0.000000
1649612691319529669 72.535709 0.000000
1649612691321550788 144.576579 0.000000
1649612691392745052 72.599758 0.000000
1649612691466523770 144.542685 0.000000
1649612691754995852 72.412066 0.000000
1649612691827509038 144.695422 0.000000
1649612691827526401 72.506955 0.000000
1649612691972072192 145.314152 0.000000
1649612691972399756 72.685930 0.000000
1649612692118207573 72.591162 0.000000
1649612692189618734 72.451130 0.000000
1649612692190111648 72.499861 0.000000
1649612692190325148 144.778708 0.000000
1649612692190569526 72.452612 0.000000
1649612692262733728 144.740987 0.000000
1649612692263192388 72.464675 0.000000
1649612692334365753 144.704269 0.000000
1649612692408067717 72.530278 0.000000
1649612692480648580 72.571667 0.000000
1649612692552633506 72.458694 0.000000
1649612692552682508 144.841617 0.000000
1649612692697301637 72.456670 0.000000
1649612692697835618 144.662390 0.000000
1649612692769992877 144.795890 0.000000
1649612692914846687 144.865802 0.000000
1649612692986388472 72.452091 0.000000
1649612693060056593 72.583257 0.000000
1649612693132423184 72.355331 0.000000
1649612693133246348 72.557179 0.000000
1649612693205378780 72.320054 0.000000
1649612693205894487 72.338118 0.000000
1649612693274984967 144.769521 0.000000
1649612693276232926 72.403150 0.000000
1649612693277908878 144.765103 0.000000
1649612693350784223 72.333860 0.000000
1649612693423056117 72.333920 0.000000
1649612693495389316 144.625261 0.000000
1649612693548557289 144.683399 0.000000
1649612693566842885 144.476251 0.000000
1649612693567168937 72.372172 0.000000
1649612693567795902 72.327909 0.000000
1649612693640343282 72.392660 0.000000
1649612693711526275 144.675164 0.000000
1649612693838052949 72.438436 0.000000
1649612693857615429 72.432646 0.000000
1649612693982579184 144.471692 0.000000
1649612694039534657 144.548556 0.000000
1649612694039909269 72.402207 0.000000
1649612694075083273 72.468382 0.000000
1649612694147220854 72.426262 0.000000
1649612694147468619 72.559011 0.000000
1649612694147633919 72.630416 0.000000
1649612694257134668 144.749183 0.000000
1649612694292304384 144.704159 0.000000
1649612694313330147 72.772452 0.000000
1649612694385717948 72.381950 0.000000
1649612694436934223 144.627024 0.000000
1649612694437001519 72.486687 0.000000
1649612694654266984 72.403310 0.000000
1649612694820742673 144.676366 0.000000
1649612694981854137 72.535548 0.000000
1649612695016283344 72.523745 0.000000
1649612695233549850 144.793877 0.000000
1649612695379009064 72.535648 0.000000
1649612695431466686 72.392750 0.000000
1649612695705730804 72.361552 0.000000
1649612695850986727 72.490223 0.000000
1649612695866671869 72.396949 0.000000
1649612695907664769 72.619074 0.000000
1649612695979928157 72.514468 0.000000
1649612696012081388 72.507175 0.000000
1649612696052623695 72.691270 0.000000
1649612696083812378 72.504320 0.000000
1649612696244339416 72.532121 0.000000
1649612696414973410 72.433557 0.000000
1649612696446138860 144.836837 0.000000
1649612696464769693 72.420522 0.000000
1649612696590978271 72.426033 0.000000
1649612696591129244 72.518586 0.000000
1649612696663493501 72.355551 0.000000
1649612696777190035 72.425101 0.000000
1649612696849549122 72.597433 0.000000
1649612696994191945 144.635249 0.000000
1649612697097938749 72.396648 0.000000
1649612697117791302 144.502229 0.000000
1649612697242823575 72.510161 0.000000
1649612697262670488 72.406476 0.000000
1649612697478791026 72.401536 0.000000
1649612697532343019 144.768889 0.000000
1649612697604989094 72.405916 0.000000
1649612697749933242 72.396437 0.000000
1649612697822227798 144.688849 0.000000
1649612697841066161 72.392620 0.000000
1649612697967308532 72.617382 0.000000
1649612698127553180 144.488223 0.000000
1649612698153415229 72.776350 0.000000
1649612698200229191 72.495834 0.000000
1649612698225514549 144.817150 0.000000
1649612698276716126 72.311558 0.000000
1649612698348021588 72.373845 0.000000
1649612698420456897 72.432514 0.000000
1649612698474664780 72.432734 0.000000
1649612698515559508 72.417627 0.000000
1649612698515616564 72.489943 0.000000
1649612698638835358 72.417757 0.000000
1649612698660612439 72.421103 0.000000
1649612698692236528 72.513847 0.000000
1649612698909582993 72.512605 0.000000
1649612698950347947 72.435931 0.000000
1649612699000980648 72.477008 0.000000
1649612699216778221 72.498067 0.000000
1649612699240115206 72.498077 0.000000
1649612699289934783 144.596205 0.000000
1649612699457293056 72.404262 0.000000
1649612699506179392 72.391056 0.000000
1649612699561270180 144.671366 0.000000
1649612699579990852 144.593600 0.000000
1649612699706269251 72.412317 0.000000
1649612699724877432 72.428687 0.000000
1649612699868027196 144.633526 0.000000
1649612699996104456 72.433897 0.000000
1649612700068348057 72.301830 0.000000
1649612700068392991 144.745595 0.000000
1649612700231569625 72.331305 0.000000
1649612700231825224 72.384014 0.000000
1649612700285749355 72.383804 0.000000
1649612700302587988 72.621568 0.000000
1649612700326163511 144.609290 0.000000
1649612700376503924 72.346924 0.000000
1649612700593574953 72.344179 0.000000
1649612700864869303 144.598479 0.000000
1649612700883469830 72.377882 0.000000
1649612700978161249 72.525849 0.000000
1649612701171193647 144.581587 0.000000
1649612701243511768 72.313672 0.000000
1649612701532545841 72.406075 0.000000
1649612701557270547 144.569845 0.000000
1649612701605418590 72.421984 0.000000
1649612701823279370 144.687386 0.000000
1649612702041588639 144.747028 0.000000
1649612702112029220 72.390956 0.000000
1649612702137230750 72.619895 0.000000
1649612702137426116 72.747003 0.000000
1649612702209239510 144.691413 0.000000
1649612702256987163 72.433326 0.000000
1649612702281883270 72.531409 0.000000
1649612702402503392 72.485564 0.000000
1649612702475706541 72.338778 0.000000
1649612702619345943 72.466909 0.000000
1649612702716594414 144.605343 0.000000
1649612702837112245 72.424419 0.000000
1649612702861882266 72.426213 0.000000
1649612702933981325 72.534466 0.000000
1649612702965846477 72.475826 0.000000
1649612702981552838 72.550866 0.000000
1649612703126723199 144.640698 0.000000
1649612703126962448 72.493469 0.000000
1649612703151838388 72.501715 0.000000
1649612703198962971 72.495561 0.000000
1649612703271672485 72.417237 0.000000
1649612703296970667 72.606090 0.000000
1649612703328671731 72.469615 0.000000
1649612703344155114 72.398661 0.000000
1649612703441739094 144.655195 0.000000
1649612703473644721 72.570403 0.000000
1649612703561541734 72.412807 0.000000
1649612703659158676 144.575255 0.000000
1649612703659299781 72.434608 0.000000
1649612703690656188 144.574824 0.000000
1649612703731671632 144.749492 0.000000
1649612703804087305 72.373274 0.000000
1649612703835735278 72.391547 0.000000
1649612703851198504 72.377641 0.000000
1649612703908259305 72.467391 0.000000
1649612704093702436 72.524266 0.000000
1649612704213647342 72.508167 0.000000
1649612704357947512 144.667648 0.000000
1649612704492893187 72.374536 0.000000
1649612704503574309 72.372282 0.000000
1649612704528326176 72.507224 0.000000
1649612704550643830 72.538914 0.000000
1649612704637695107 72.479373 0.000000
1649612704704950417 144.630940 0.000000
1649612704777627940 72.410974 0.000000
1649612704793218605 72.362032 0.000000
1649612704912500428 144.680382 0.000000
1649612704994674974 144.676515 0.000000
1649612705071886065 72.485984 0.000000
1649612705130024746 72.424189 0.000000
1649612705144248228 72.356432 0.000000
1649612705228596228 72.431713 0.000000
1649612705419985535 72.436501 0.000000
1649612705540567526 144.791841 0.000000
1649612705579481169 72.374546 0.000000
1649612705685574931 72.390715 0.000000
1649612705719488522 72.337206 0.000000
1649612705792103187 72.403449 0.000000
1649612705830432305 72.369847 0.000000
1649612705854395183 72.466748 0.000000
1649612705868950317 72.457702 0.000000
1649612705936572224 144.463777 0.000000
1649612705952253548 72.384474 0.000000
1649612705975541982 144.523558 0.000000
1649612705991197568 72.347986 0.000000
1649612705991329616 72.317769 0.000000
1649612705999186424 72.487397 0.000000
1649612706264768094 72.326025 0.000000
1649612706303262171 72.348988 0.000000
1649612706336920072 72.404661 0.000000
1649612706337127741 144.490226 0.000000
1649612706375637859 72.371981 0.000000
1649612706409507787 72.390446 0.000000
1649612706425147484 72.363925 0.000000
1649612706433634122 72.385917 0.000000
1649612706481915906 72.350721 0.000000
1649612706675785884 72.302610 0.000000
1649612706732672647 144.556821 0.000000
1649612706770789367 72.426543 0.000000
1649612706809764576 72.357724 0.000000
1649612706892523757 144.437557 0.000000
1649612707003849537 72.428998 0.000000
1649612707037079516 144.552372 0.000000
1649612707222104013 72.424880 0.000000
1649612707277989489 144.793975 0.000000
1649612707399899378 72.452551 0.000000
1649612707511361273 144.722491 0.000000
1649612707592154058 72.409792 0.000000
1649612707712330688 72.380526 0.000000
1649612707736841474 72.353195 0.000000
1649612707759695092 72.517363 0.000000
1649612707784527050 72.359016 0.000000
1649612707832170958 72.465847 0.000000
1649612707857112932 72.579690 0.000000
1649612707881740666 144.863645 0.000000
1649612708074595941 72.448495 0.000000
1649612708107500842 72.457762 0.000000
1649612708131799068 72.600038 0.000000
1649612708218393779 72.551918 0.000000
1649612708412640824 72.550085 0.000000
1649612708509306412 144.836514 0.000000
1649612708582204228 72.490313 0.000000
1649612708799169808 144.546391 0.000000
1649612708959799978 72.441791 0.000000
1649612708977497061 72.311137 0.000000
1649612709033310683 72.569100 0.000000
1649612709033354645 72.576625 0.000000
1649612709088211294 72.598705 0.000000
1649612709177754130 144.735004 0.000000
1649612709194894620 72.506823 0.000000
1649612709250676172 72.451971 0.000000
1649612709395360632 144.614769 0.000000
1649612709412356260 72.553020 0.000000
1649612709450708040 72.410212 0.000000
1649612709629534940 72.383092 0.000000
1649612709764168288 144.535690 0.000000
1649612709797011182 72.410002 0.000000
1649612709829252798 72.546067 0.000000
1649612709902537400 72.481626 0.000000
1649612709941555118 144.551109 0.000000
1649612709974106765 144.755713 0.000000
1649612710119754401 72.450498 0.000000
1649612710270668558 144.595102 0.000000
1649612710320309509 144.576336 0.000000
1649612710337011006 72.486786 0.000000
1649612710392285187 144.690872 0.000000
1649612710505412403 72.517865 0.000000
1649612710553624055 72.487978 0.000000
1649612710650133761 144.741817 0.000000
1649612710754723233 72.413348 0.000000
