1649612561653783528 72.705547 0.000000
1649612561741763404 144.647001 0.000000
1649612561798010582 72.498379 0.000000
1649612561798413176 144.728774 0.000000
1649612561843633115 144.684541 0.000000
1649612561943347606 72.451390 0.000000
1649612561959181775 72.493580 0.000000
1649612561959181655 72.487518 0.000000
1649612561988600126 72.379245 0.000000
1649612562014727037 72.510330 0.000000
1649612562016044446 72.482738 0.000000
1649612562060997034 72.447904 0.000000
1649612562087138793 72.402549 0.000000
1649612562088055651 144.540612 0.000000
1649612562160111340 72.444889 0.000000
1649612562232751965 72.653759 0.000000
1649612562305226829 144.744203 0.000000
1649612562305439408 72.528375 0.000000
1649612562360784234 72.544745 0.000000
1649612562393419044 72.393201 0.000000
1649612562423894065 72.580993 0.000000
1649612562449586612 72.433416 0.000000
1649612562593911990 72.377661 0.000000
1649612562627107050 72.548172 0.000000
1649612562738524276 144.771305 0.000000
1649612562738550315 144.796973 0.000000
1649612562812392973 144.542435 0.000000
1649612562955968446 72.547400 0.000000
1649612562957539891 72.438516 0.000000
1649612563029913025 72.435040 0.000000
1649612563101564976 144.777816 0.000000
1649612563147960809 144.642202 0.000000
1649612563246867877 72.295959 0.000000
1649612563365318226 72.414982 0.000000
1649612563536939597 72.448785 0.000000
1649612563582592888 72.365089 0.000000
1649612563591934227 72.544415 0.000000
1649612563608535313 72.459485 0.000000
1649612563608935333 144.623687 0.000000
1649612563681748030 72.379476 0.000000
1649612563712983056 72.324713 0.000000
1649612563825208928 72.402730 0.000000
1649612564114688077 72.435480 0.000000
1649612564189025733 72.888680 0.000000
1649612564251352576 72.612461 0.000000
1649612564260526611 72.406265 0.000000
1649612564323717675 144.756236 0.000000
1649612564334049340 72.547471 0.000000
1649612564396066252 144.700531 0.000000
1649612565120694859 72.384867 0.000000
1649612565200311960 144.639337 0.000000
1649612565249932948 72.482088 0.000000
1649612565361827098 144.605022 0.000000
1649612565378772911 72.403801 0.000000
1649612565410157527 144.572742 0.000000
1649612565410259318 72.381099 0.000000
1649612565493879793 144.697265 0.000000
1649612565684114772 144.642853 0.000000
1649612565692048483 72.503258 0.000000
1649612565772209073 72.364618 0.000000
1649612565797497432 72.438034 0.000000
1649612565813233978 72.414842 0.000000
1649612565813235091 144.698608 0.000000
1649612565868216836 144.524010 0.000000
1649612565974093617 72.581585 0.000000
1649612565989115284 72.325374 0.000000
1649612566102804027 144.609000 0.000000
1649612566134246362 72.358977 0.000000
1649612566144234213 72.349529 0.000000
1649612566230618077 72.449367 0.000000
1649612566286810763 72.727398 0.000000
1649612566289133637 72.348738 0.000000
1649612566520167157 72.420172 0.000000
1649612566576690492 72.306219 0.000000
1649612566579128873 72.479944 0.000000
1649612566632653868 72.385887 0.000000
1649612566640413011 144.561781 0.000000
1649612566664694874 72.526641 0.000000
1649612566785277710 144.611304 0.000000
1649612566793388463 72.428988 0.000000
1649612566941262322 72.539365 0.000000
1649612567013714764 72.442785 0.000000
1649612567082633242 72.350080 0.000000
1649612567155838515 72.365479 0.000000
1649612567158280833 144.556532 0.000000
1649612567230154330 72.429308 0.000000
1649612567299582995 144.467835 0.000000
1649612567302754820 144.464739 0.000000
1649612567316234876 72.371600 0.000000
1649612567355591985 72.472911 0.000000
1649612567388707376 72.577356 0.000000
1649612567589653882 72.631106 0.000000
1649612567734317674 144.554347 0.000000
1649612567790106723 144.792574 0.000000
1649612567862547684 72.375678 0.000000
1649612567879052500 144.840964 0.000000
1649612567951447104 144.497441 0.000000
1649612568096299870 72.413870 0.000000
1649612568112773358 144.767117 0.000000
1649612568224340344 144.731799 0.000000
1649612568297130339 72.408450 0.000000
1649612568329878531 144.650718 0.000000
1649612568388875292 144.699318 0.000000
1649612568546752942 144.542284 0.000000
1649612568586691892 72.566786 0.000000
1649612568603135463 72.381529 0.000000
1649612568675119117 72.336034 0.000000
1649612568747954747 72.504039 0.000000
1649612568750262212 72.423528 0.000000
1649612568822641748 72.542411 0.000000
1649612569037145856 144.779540 0.000000
1649612569125920271 144.565759 0.000000
1649612569185457866 72.381980 0.000000
1649612569330473618 72.518186 0.000000
1649612569475179809 72.468772 0.000000
1649612569560496914 72.277956 0.000000
1649612569616915674 72.412056 0.000000
1649612569689619036 72.437625 0.000000
1649612569692207548 144.674482 0.000000
1649612569705227532 72.293665 0.000000
1649612569818060281 72.900732 0.000000
1649612569906145916 72.453194 0.000000
1649612569907065519 72.675620 0.000000
1649612569978222803 144.685002 0.000000
1649612569979185438 145.018156 0.000000
1649612569981942366 72.488600 0.000000
1649612570050747391 72.341254 0.000000
1649612570107538868 72.576585 0.000000
1649612570122929997 144.696103 0.000000
1649612570123220482 72.384646 0.000000
1649612570126759856 72.400816 0.000000
1649612570139394337 72.516021 0.000000
1649612570195949672 72.604006 0.000000
1649612570267672847 144.732931 0.000000
1649612570268426840 72.472259 0.000000
1649612570270254726 72.320815 0.000000
1649612570317248400 144.624459 0.000000
1649612570344446850 72.593517 0.000000
1649612570389790480 72.536981 0.000000
1649612570397101633 72.457351 0.000000
1649612570485832127 72.678296 0.000000
1649612570487450560 72.465927 0.000000
1649612570487500995 72.499591 0.000000
1649612570487601172 72.659581 0.000000
1649612570706620965 72.476217 0.000000
1649612570848366056 72.750350 0.000000
1649612570920518967 72.473321 0.000000
1649612570920573329 72.515841 0.000000
1649612571266593415 144.758700 0.000000
1649612571282659929 72.602083 0.000000
1649612571354898179 144.769580 0.000000
1649612571430999731 72.473823 0.000000
1649612571499815547 72.502155 0.000000
1649612571503414122 72.410624 0.000000
1649612571573907573 72.542621 0.000000
1649612571573931427 72.573368 0.000000
1649612571628471044 144.568994 0.000000
1649612571789412566 72.349920 0.000000
1649612571789698713 72.481877 0.000000
1649612571790821948 72.272244 0.000000
1649612571791264327 72.519517 0.000000
1649612572080120748 72.657296 0.000000
1649612572082692549 144.626562 0.000000
1649612572151276259 144.667689 0.000000
1649612572225009873 72.369066 0.000000
1649612572225333539 72.436573 0.000000
1649612572280650363 144.691383 0.000000
1649612572370192657 72.507695 0.000000
1649612572425388334 144.635700 0.000000
1649612572441203618 72.401467 0.000000
1649612572444611686 72.324433 0.000000
1649612572513873557 72.582745 0.000000
1649612572515033311 72.457982 0.000000
1649612572516856388 72.356381 0.000000
1649612572529764723 72.517193 0.000000
1649612572570288269 144.718054 0.000000
1649612572659551790 72.418728 0.000000
1649612572715241252 72.452683 0.000000
1649612572731044364 72.480495 0.000000
1649612572734128915 72.497937 0.000000
1649612572746626039 72.392950 0.000000
1649612573004901219 72.346142 0.000000
1649612573093026929 72.466177 0.000000
1649612573094038635 72.537691 0.000000
1649612573108626298 72.344189 0.000000
1649612573312615477 144.538657 0.000000
1649612573325902041 72.493890 0.000000
1649612573383390585 72.423127 0.000000
1649612573672281601 72.391378 0.000000
1649612573688606990 72.780077 0.000000
1649612573729089700 144.921796 0.000000
1649612573890165494 72.441171 0.000000
1649612573891546191 144.560810 0.000000
1649612574009718539 72.430000 0.000000
1649612574018536868 72.451050 0.000000
1649612574034737814 144.578171 0.000000
1649612574226967702 72.456409 0.000000
1649612574283234647 144.649947 0.000000
1649612574324464406 72.511152 0.000000
1649612574324692684 72.447503 0.000000
1649612574326100753 72.312980 0.000000
1649612574395931701 72.350701 0.000000
1649612574444252702 72.382200 0.000000
1649612574597673588 144.608849 0.000000
1649612574614201107 72.375127 0.000000
1649612574814895930 144.451254 0.000000
1649612574830208582 72.402068 0.000000
1649612574905217626 72.417005 0.000000
1649612574905246280 72.347255 0.000000
1649612575047675463 72.663718 0.000000
1649612575048630753 144.530783 0.000000
1649612575193974289 144.903221 0.000000
1649612575266729649 72.339600 0.000000
1649612575354302432 72.501674 0.000000
1649612575354332839 72.571795 0.000000
1649612575483418061 144.618447 0.000000
1649612575484057880 144.606755 0.000000
1649612575499001750 72.316317 0.000000
1649612575530777179 72.420442 0.000000
1649612575659687704 72.420452 0.000000
1649612575804680813 72.371479 0.000000
1649612575981401581 72.395133 0.000000
1649612575981436967 72.396957 0.000000
1649612575990189673 144.911546 0.000000
1649612576134757796 144.562622 0.000000
1649612576134995150 72.401968 0.000000
1649612576135189815 144.584122 0.000000
1649612576198693815 72.409101 0.000000
1649612576207647457 72.337116 0.000000
1649612576207695186 72.344179 0.000000
1649612576384061370 72.456970 0.000000
1649612576424613850 72.292161 0.000000
1649612576497555589 72.474994 0.000000
1649612576513015276 72.379795 0.000000
1649612576569958227 72.396478 0.000000
1649612576601293330 72.432634 0.000000
1649612576689319524 72.389404 0.000000
1649612576714506032 72.541499 0.000000
1649612576874731051 144.523830 0.000000
1649612577124339396 72.498990 0.000000
1649612577148810945 72.414491 0.000000
1649612577180625948 144.680264 0.000000
1649612577180864756 72.448345 0.000000
1649612577221306979 72.493760 0.000000
1649612577511057695 72.496695 0.000000
1649612577527645336 145.311345 0.000000
1649612577655829720 72.374396 0.000000
1649612577655991453 144.652110 0.000000
1649612577728165332 72.376148 0.000000
1649612577728875934 72.769375 0.000000
1649612577776395102 72.400814 0.000000
1649612577832265874 72.392358 0.000000
1649612577873475326 144.451985 0.000000
1649612577961945049 144.514041 0.000000
1649612578034354671 72.406917 0.000000
1649612578090808436 72.580572 0.000000
1649612578121839098 72.497625 0.000000
1649612578194385937 72.576013 0.000000
1649612578210799983 144.516255 0.000000
1649612578307913709 144.586247 0.000000
1649612578307943094 72.530338 0.000000
1649612578556717586 72.414920 0.000000
1649612578589544556 72.425140 0.000000
1649612579007928507 72.356201 0.000000
1649612579024075502 144.784939 0.000000
1649612579031744868 72.326426 0.000000
1649612579249480812 144.649244 0.000000
1649612579281636453 72.947470 0.000000
1649612579297273714 72.364127 0.000000
1649612579321846622 72.403180 0.000000
1649612579338003486 144.498893 0.000000
1649612579514444880 72.419370 0.000000
1649612579531025969 72.420903 0.000000
1649612579755888342 72.509629 0.000000
1649612579756516369 72.441441 0.000000
1649612579772877695 72.458734 0.000000
1649612579828431463 72.565844 0.000000
1649612579901057881 72.604467 0.000000
1649612579917405052 144.585465 0.000000
1649612579965513204 72.440860 0.000000
1649612579973958733 72.646595 0.000000
1649612580046202203 72.697200 0.000000
1649612580046463222 72.496946 0.000000
1649612580094353156 72.490403 0.000000
1649612580118685924 144.684421 0.000000
1649612580400430083 72.499921 0.000000
1649612580545101048 144.654574 0.000000
1649612580641847195 72.543032 0.000000
1649612580698190643 144.662079 0.000000
1649612580698228674 72.487006 0.000000
1649612580698830953 72.277985 0.000000
1649612580746165184 72.577786 0.000000
1649612580770613319 72.378704 0.000000
1649612580786368820 72.348156 0.000000
1649612580818488434 144.887712 0.000000
1649612580874875934 72.511883 0.000000
1649612580874911220 72.463582 0.000000
1649612580915454322 144.753219 0.000000
1649612580963486222 72.514208 0.000000
1649612580979514735 144.756606 0.000000
1649612580987932943 72.487057 0.000000
1649612581060378643 72.439007 0.000000
1649612581196765080 144.592839 0.000000
1649612581197100579 72.514890 0.000000
1649612581205271674 144.910584 0.000000
1649612581277726250 72.477769 0.000000
1649612581350117697 144.820485 0.000000
1649612581558893378 144.714498 0.000000
1649612581559052055 72.393303 0.000000
1649612581568004435 145.225275 0.000000
1649612581798067435 72.441732 0.000000
1649612581931085808 72.642026 0.000000
1649612581974892088 72.357965 0.000000
1649612582002626291 72.450729 0.000000
1649612582087725036 72.423497 0.000000
1649612582148373183 72.378624 0.000000
1649612582192335083 72.547760 0.000000
1649612582220789828 72.407328 0.000000
1649612582375913244 72.415683 0.000000
1649612582437347263 144.780610 0.000000
1649612582521980766 72.275169 0.000000
1649612582780270434 72.474163 0.000000
1649612582873194596 72.398820 0.000000
1649612582883473413 144.634727 0.000000
1649612582955863297 144.552703 0.000000
1649612583089727086 144.599391 0.000000
1649612583172070587 72.347255 0.000000
1649612583235392735 72.625747 0.000000
1649612583334417172 72.626828 0.000000
1649612583350034444 144.677147 0.000000
1649612583596883798 72.391557 0.000000
1649612583665194356 144.615601 0.000000
1649612583841488324 72.454105 0.000000
1649612583968704082 72.380237 0.000000
1649612583969811658 72.374286 0.000000
1649612584031613767 145.026491 0.000000
1649612584074852772 72.408399 0.000000
1649612584114665686 72.426824 0.000000
1649612584175242408 72.437574 0.000000
1649612584291980116 72.302070 0.000000
1649612584402985770 72.468902 0.000000
1649612584476358026 144.464969 0.000000
1649612584509105286 144.672317 0.000000
1649612584509202428 72.401837 0.000000
1649612584537312516 72.326625 0.000000
1649612584610886771 72.390145 0.000000
1649612584854822834 72.321276 0.000000
1649612584973226114 144.689750 0.000000
1649612585188676104 72.442573 0.000000
1649612585204981155 72.562799 0.000000
1649612585220717651 144.581147 0.000000
1649612585272488658 72.406096 0.000000
1649612585273125983 144.589603 0.000000
1649612585277422416 72.435730 0.000000
1649612585334845226 144.438819 0.000000
1649612585454247830 72.570654 0.000000
1649612585551369941 144.588320 0.000000
1649612585551892370 144.778617 0.000000
1649612585635961986 72.404481 0.000000
1649612585769402261 72.681632 0.000000
1649612585769787253 72.411846 0.000000
1649612585841602219 72.599847 0.000000
1649612585841880872 72.382230 0.000000
1649612585924829577 72.545566 0.000000
1649612585986740800 144.744843 0.000000
1649612586058861390 72.575483 0.000000
1649612586132096018 73.025145 0.000000
1649612586247291105 72.523084 0.000000
1649612586422194075 73.037098 0.000000
1649612586493831629 144.643593 0.000000
1649612586503581193 72.394794 0.000000
1649612586567507333 72.768704 0.000000
1649612586650164623 72.430901 0.000000
1649612586712012388 72.545717 0.000000
1649612586867659886 72.490454 0.000000
1649612587000862676 144.868065 0.000000
1649612587000893484 72.401988 0.000000
1649612587146719062 72.486395 0.000000
1649612587218497661 72.395956 0.000000
1649612587290902533 72.734950 0.000000
1649612587363682639 72.359437 0.000000
1649612587364248189 144.769369 0.000000
1649612587374987298 72.460597 0.000000
1649612587459871511 144.524370 0.000000
1649612587661464237 72.460417 0.000000
1649612587664855764 72.397218 0.000000
1649612587717543399 72.400505 0.000000
1649612587789935247 72.380977 0.000000
1649612587934760371 144.692997 0.000000
1649612587942843161 72.263207 0.000000
1649612587942978304 72.403710 0.000000
1649612588014989189 72.344079 0.000000
1649612588015271688 72.648269 0.000000
1649612588016324822 144.627123 0.000000
1649612588087424098 144.806009 0.000000
1649612588099699285 72.432524 0.000000
1649612588115797209 72.391728 0.000000
1649612588160299692 72.537000 0.000000
1649612588244673949 72.511211 0.000000
1649612588365342685 72.489361 0.000000
1649612588389749592 72.452251 0.000000
1649612588522624387 72.311387 0.000000
1649612588534543267 72.443104 0.000000
1649612588622657825 144.639756 0.000000
1649612588622716475 72.466147 0.000000
1649612588679357290 72.461849 0.000000
1649612588695193944 72.471277 0.000000
1649612588738936362 72.401076 0.000000
1649612588856291087 72.390355 0.000000
1649612588969030050 72.437334 0.000000
1649612589162665381 72.427405 0.000000
1649612589218539849 72.587775 0.000000
1649612589247654310 72.528393 0.000000
1649612589563859581 144.521434 0.000000
1649612589580570934 72.485213 0.000000
1649612589609938770 72.538032 0.000000
1649612589610186304 72.441882 0.000000
1649612589837569210 72.411114 0.000000
1649612589900187990 144.715638 0.000000
1649612589942849242 72.490193 0.000000
1649612590190110357 72.559011 0.000000
1649612590199644537 72.456729 0.000000
1649612590262559131 72.446030 0.000000
1649612590335118373 72.325103 0.000000
1649612590344375274 72.370117 0.000000
1649612590407834359 72.713391 0.000000
1649612590407917314 72.584960 0.000000
1649612590432805483 144.564815 0.000000
1649612590561685410 72.393351 0.000000
1649612590851624839 72.382040 0.000000
1649612590867722091 72.320916 0.000000
1649612590924023810 72.393711 0.000000
1649612590940147181 72.414681 0.000000
1649612590940264060 72.477118 0.000000
1649612591085100595 72.615547 0.000000
1649612591117417719 72.400383 0.000000
1649612591132485261 72.493238 0.000000
1649612591189830326 72.421374 0.000000
1649612591277128493 144.650386 0.000000
1649612591407296434 72.559822 0.000000
1649612591446749143 144.501948 0.000000
1649612591575869169 72.391207 0.000000
1649612591600197800 144.747669 0.000000
1649612591639285214 72.501354 0.000000
1649612591672347905 144.492801 0.000000
1649612591784784560 72.947479 0.000000
1649612591817522172 144.804926 0.000000
1649612591841849291 72.416845 0.000000
1649612591857372416 72.515501 0.000000
1649612591929701717 72.492536 0.000000
1649612591929896822 72.517543 0.000000
1649612592035114638 72.609516 0.000000
1649612592364684068 72.430330 0.000000
1649612592372478246 72.336053 0.000000
1649612592508826701 144.524229 0.000000
1649612592509512747 144.687054 0.000000
1649612592782420313 144.631661 0.000000
1649612592830653469 72.434047 0.000000
1649612592879259223 72.473290 0.000000
1649612592944094517 72.460526 0.000000
1649612593040130723 72.499790 0.000000
1649612593065032759 72.397288 0.000000
1649612593378754273 72.420682 0.000000
1649612593451321320 72.559933 0.000000
1649612593451330407 144.790509 0.000000
1649612593483678388 72.515550 0.000000
1649612593515812008 72.364266 0.000000
1649612593668228079 144.575896 0.000000
1649612593668250882 144.527035 0.000000
1649612593700739658 144.591476 0.000000
1649612593700859572 72.377963 0.000000
1649612593813277543 72.393541 0.000000
1649612593836327287 72.477799 0.000000
1649612593958338979 72.557628 0.000000
1649612593980836488 72.349428 0.000000
1649612593990373193 72.442122 0.000000
1649612594022587083 72.507013 0.000000
1649612594176364777 72.619905 0.000000
1649612594207905936 72.442583 0.000000
1649612594244767578 72.532161 0.000000
1649612594270152839 144.548905 0.000000
1649612594320884688 144.601794 0.000000
1649612594321082529 72.379795 0.000000
1649612594389570259 144.768017 0.000000
1649612594414925865 72.374596 0.000000
1649612594488711175 72.417536 0.000000
1649612594617414870 144.624137 0.000000
1649612594704993443 72.671803 0.000000
1649612594777306654 72.305787 0.000000
1649612594817413338 72.758896 0.000000
1649612594891925190 144.712883 0.000000
1649612594905687174 144.773207 0.000000
1649612594969255123 72.400234 0.000000
1649612595123225598 72.427103 0.000000
1649612595357655613 144.660244 0.000000
1649612595476331723 72.337135 0.000000
1649612595476367140 72.402237 0.000000
1649612595527896484 72.390064 0.000000
1649612595574050493 144.590343 0.000000
1649612595613617335 72.443375 0.000000
1649612595630171203 72.456609 0.000000
1649612595774929842 144.749382 0.000000
1649612595975927552 72.419660 0.000000
1649612596055805492 144.579764 0.000000
1649612596065129057 72.396607 0.000000
1649612596089190336 72.377742 0.000000
1649612596128455323 72.351522 0.000000
1649612596137361346 72.422966 0.000000
1649612596161275009 144.536533 0.000000
1649612596210011819 72.398100 0.000000
1649612596396792261 72.365298 0.000000
1649612596459819427 72.382321 0.000000
1649612596716514683 72.294776 0.000000
1649612596788634491 144.570997 0.000000
1649612596789099012 72.463322 0.000000
1649612596925870440 72.405262 0.000000
1649612596933214655 144.569605 0.000000
1649612596958450666 72.496214 0.000000
1649612596966809645 72.412196 0.000000
1649612596997652254 144.558994 0.000000
1649612597062391779 144.630769 0.000000
1649612597135423796 72.422536 0.000000
1649612597175695490 144.574493 0.000000
1649612597223037496 144.831044 0.000000
1649612597264958981 72.439727 0.000000
1649612597432205360 72.329331 0.000000
1649612597440304550 72.363334 0.000000
1649612597487182977 144.643813 0.000000
1649612597504643895 144.532214 0.000000
1649612597512815281 72.493548 0.000000
1649612597577026966 72.376129 0.000000
1649612597627084522 72.557398 0.000000
1649612597632117536 144.658161 0.000000
1649612597721160413 144.714395 0.000000
1649612597802311829 144.851101 0.000000
1649612598066645855 144.745575 0.000000
1649612598091795213 144.590704 0.000000
1649612598164344536 72.456749 0.000000
1649612598164596338 144.520131 0.000000
1649612598309074280 72.557999 0.000000
1649612598381594609 144.663069 0.000000
1649612598381918546 72.450658 0.000000
1649612598480422607 72.408178 0.000000
1649612598589829895 144.798593 0.000000
1649612598735858675 72.483640 0.000000
1649612598743465843 144.508880 0.000000
1649612598808448924 72.588777 0.000000
1649612598953040670 144.512798 0.000000
1649612599003601199 72.481056 0.000000
1649612599025637171 72.591703 0.000000
1649612599098220478 72.365057 0.000000
1649612599243098851 72.548742 0.000000
1649612599532380506 72.294836 0.000000
1649612599605298700 72.383141 0.000000
1649612599677671282 72.367061 0.000000
1649612599822789074 72.472459 0.000000
1649612599895300065 72.507214 0.000000
1649612599975262523 72.622089 0.000000
1649612600224240234 144.596995 0.000000
1649612600296839941 72.342786 0.000000
1649612600400355296 72.473932 0.000000
1649612600481579629 72.300607 0.000000
1649612600626347885 72.389143 0.000000
1649612600626689996 72.356421 0.000000
1649612600803505992 144.614318 0.000000
1649612600843565056 72.378924 0.000000
1649612600907248311 144.516885 0.000000
1649612600979932878 72.452351 0.000000
1649612601006479205 144.623666 0.000000
1649612601053369724 72.387429 0.000000
1649612601126341879 72.495453 0.000000
1649612601328363709 144.599179 0.000000
1649612601487998070 144.582408 0.000000
1649612601567454239 72.459525 0.000000
1649612601568106131 72.440890 0.000000
1649612601616155452 72.557650 0.000000
1649612601633039288 144.776341 0.000000
1649612601674191231 72.433024 0.000000
1649612601705540771 72.362142 0.000000
1649612601760628836 72.433196 0.000000
1649612601760684791 72.536169 0.000000
1649612601856860197 72.350751 0.000000
1649612601929282492 72.463292 0.000000
1649612601929884350 144.603467 0.000000
1649612601959247787 72.442973 0.000000
1649612601959285979 72.495051 0.000000
1649612602212117594 72.454976 0.000000
1649612602284885857 72.348276 0.000000
1649612602363469310 72.448203 0.000000
1649612602429331299 72.443626 0.000000
1649612602435942841 72.404131 0.000000
1649612602508442450 144.611382 0.000000
1649612602509144827 72.565663 0.000000
1649612602538643097 72.349859 0.000000
1649612602581079388 144.519981 0.000000
1649612602629277858 72.460796 0.000000
1649612602718710937 72.378603 0.000000
1649612602846491803 72.558289 0.000000
1649612602863627552 72.415512 0.000000
1649612602991298932 72.470424 0.000000
1649612603008372635 72.405544 0.000000
1649612603016223069 72.444827 0.000000
1649612603062147077 72.413028 0.000000
1649612603225552476 72.385626 0.000000
1649612603232652464 144.608147 0.000000
1649612603232849984 72.334110 0.000000
1649612603234089778 72.385567 0.000000
1649612603281063943 72.792389 0.000000
1649612603305785691 72.329922 0.000000
1649612603335592830 72.496273 0.000000
1649612603377318248 144.661306 0.000000
1649612603442203135 72.706106 0.000000
1649612603539458796 72.368795 0.000000
1649612603587335695 72.536049 0.000000
1649612603595296866 72.516492 0.000000
1649612603625558317 72.429228 0.000000
1649612603660155634 144.479445 0.000000
1649612603667958159 72.467088 0.000000
1649612603770234230 72.330472 0.000000
1649612603804752419 144.595452 0.000000
1649612603813172491 72.527492 0.000000
1649612604004808544 72.449836 0.000000
1649612604094527549 72.461759 0.000000
1649612604132569904 72.502665 0.000000
1649612604174487672 72.371349 0.000000
1649612604221196321 72.509909 0.000000
1649612604247464376 144.694288 0.000000
1649612604319767477 72.451328 0.000000
1649612604456818058 72.570272 0.000000
1649612604456898900 72.660501 0.000000
1649612604536784243 72.511051 0.000000
1649612604537190704 72.462260 0.000000
1649612604567381633 72.574831 0.000000
1649612604698360623 72.439116 0.000000
1649612604729034437 72.492506 0.000000
1649612604754859342 72.399702 0.000000
1649612604899412685 72.403609 0.000000
1649612604971023049 72.558120 0.000000
1649612604971438778 72.421794 0.000000
1649612605002189375 144.533026 0.000000
1649612605034836167 144.762136 0.000000
1649612605044000033 72.542700 0.000000
1649612605147307387 72.398440 0.000000
1649612605236126485 72.477559 0.000000
1649612605236157122 72.474393 0.000000
1649612605261529328 72.421422 0.000000
1649612605261744852 72.384654 0.000000
1649612605292069641 72.427464 0.000000
1649612605292140925 72.484942 0.000000
1649612605542757248 72.436511 0.000000
1649612605639746389 72.464384 0.000000
1649612605712282427 72.463502 0.000000
1649612605767073906 72.461708 0.000000
1649612605888113005 72.405162 0.000000
1649612605960328222 72.644922 0.000000
1649612605960594711 72.475905 0.000000
1649612605976720878 72.346313 0.000000
1649612605985033889 144.603047 0.000000
1649612606032962584 72.621338 0.000000
1649612606121398303 72.331094 0.000000
1649612606265953490 72.531579 0.000000
1649612606418593280 72.377280 0.000000
1649612606419427013 72.398650 0.000000
1649612606420367566 72.373042 0.000000
1649612606637570210 72.451670 0.000000
1649612606683984797 72.541679 0.000000
1649612606709979740 72.405963 0.000000
1649612606812801895 145.030808 0.000000
1649612607070706208 72.398019 0.000000
1649612607071288149 72.309253 0.000000
1649612607207923811 72.453652 0.000000
1649612607288391135 72.475174 0.000000
1649612607305149186 72.452441 0.000000
1649612607360690129 72.564912 0.000000
1649612607361645981 72.430330 0.000000
1649612607578180031 72.286620 0.000000
1649612607739641295 72.525739 0.000000
1649612607795577299 72.686639 0.000000
1649612607826324911 144.621191 0.000000
1649612607859835932 72.305445 0.000000
1649612608012439505 72.467520 0.000000
1649612608013194039 72.388000 0.000000
1649612608084610167 72.340742 0.000000
1649612608084837524 72.389984 0.000000
1649612608294102309 72.440018 0.000000
1649612608390792079 72.373382 0.000000
1649612608622905060 144.575976 0.000000
1649612608737678886 72.443314 0.000000
1649612608800935230 72.358194 0.000000
1649612608912497337 144.629677 0.000000
1649612608928931510 72.493107 0.000000
1649612608954542023 144.616502 0.000000
1649612608954857374 72.406956 0.000000
1649612608969812034 72.408498 0.000000
1649612609027410864 72.427133 0.000000
1649612609042149059 72.327307 0.000000
1649612609042588022 72.446811 0.000000
1649612609090837017 72.378552 0.000000
1649612609099740856 72.357303 0.000000
1649612609244521455 144.778194 0.000000
1649612609244748381 72.369165 0.000000
1649612609379613585 72.433325 0.000000
1649612609387987160 72.437313 0.000000
1649612609462200021 72.412176 0.000000
1649612609605233586 72.378753 0.000000
1649612609636535367 144.648713 0.000000
1649612609694069575 72.368784 0.000000
1649612609797730873 72.376118 0.000000
1649612609822459542 72.487447 0.000000
1649612609870216406 72.415732 0.000000
1649612609896282443 144.614899 0.000000
1649612609942383963 72.373894 0.000000
1649612609968659462 144.544336 0.000000
1649612610070997179 144.630608 0.000000
1649612610111911005 72.329591 0.000000
1649612610143611834 72.364466 0.000000
1649612610288256869 72.430039 0.000000
1649612610345731917 72.533583 0.000000
1649612610473958308 72.342826 0.000000
1649612610545897146 72.657606 0.000000
1649612610635335265 72.390705 0.000000
1649612610795344968 72.432704 0.000000
1649612610827289163 144.642981 0.000000
1649612610899667716 144.567169 0.000000
1649612610940267163 72.454124 0.000000
1649612611053341864 72.483749 0.000000
1649612611084813443 72.432584 0.000000
1649612611084945471 72.383612 0.000000
1649612611197636262 72.351632 0.000000
1649612611229871512 72.391375 0.000000
1649612611287110157 72.373102 0.000000
1649612611302127515 72.378793 0.000000
1649612611318202235 72.382400 0.000000
1649612611342627777 144.488071 0.000000
1649612611736459575 72.402428 0.000000
1649612611752778562 72.467420 0.000000
1649612611776871771 144.659001 0.000000
1649612611779106509 72.421513 0.000000
1649612611866061904 72.341654 0.000000
1649612611985757596 144.539397 0.000000
1649612612170377397 72.300085 0.000000
1649612612285650379 72.340832 0.000000
1649612612315166382 144.579232 0.000000
1649612612315415529 72.488548 0.000000
1649612612356637002 72.401636 0.000000
1649612612372884626 144.728131 0.000000
1649612612420634937 72.462760 0.000000
1649612612429281263 72.492596 0.000000
1649612612429377143 72.467219 0.000000
1649612612459951239 72.361520 0.000000
1649612612501515225 72.433416 0.000000
1649612612574162892 72.485262 0.000000
1649612612646706293 72.536739 0.000000
1649612612719969855 72.397418 0.000000
1649612612807701905 72.447362 0.000000
1649612612821744796 72.540185 0.000000
1649612612879670489 72.416925 0.000000
1649612612952265587 72.487816 0.000000
1649612612952487694 72.469523 0.000000
1649612612999056800 72.429568 0.000000
1649612613038914257 72.285418 0.000000
1649612613169789893 72.384354 0.000000
1649612613256137219 72.366981 0.000000
1649612613314871397 72.579289 0.000000
1649612613328570063 72.430810 0.000000
1649612613444444161 72.502936 0.000000
1649612613507018918 72.489621 0.000000
1649612613531776512 72.418196 0.000000
1649612613589105506 144.659703 0.000000
1649612613589211074 72.346532 0.000000
1649612613980178083 72.358516 0.000000
1649612613980435886 72.375748 0.000000
1649612614086160230 72.395856 0.000000
1649612614096163089 72.367001 0.000000
1649612614159044851 72.402968 0.000000
1649612614241069684 72.425451 0.000000
1649612614448907924 72.468951 0.000000
1649612614457510920 72.452151 0.000000
1649612614458047876 144.533265 0.000000
1649612614474238112 144.638743 0.000000
1649612614631644977 144.609008 0.000000
1649612614666131887 144.696360 0.000000
1649612614723416158 72.573598 0.000000
1649612614723418462 72.544513 0.000000
1649612614776591617 72.875134 0.000000
1649612614796046332 72.625256 0.000000
1649612615182464724 144.643933 0.000000
1649612615198462970 72.501342 0.000000
1649612615415671765 72.423767 0.000000
1649612615428966334 72.444536 0.000000
1649612615501523952 72.554953 0.000000
1649612615665215296 72.430661 0.000000
1649612615833039487 72.556636 0.000000
1649612615833988656 72.431632 0.000000
1649612615904784993 72.386117 0.000000
1649612615995066292 72.363936 0.000000
1649612616050150408 72.508787 0.000000
1649612616067363792 144.670343 0.000000
1649612616079298692 144.441514 0.000000
1649612616484616277 72.380246 0.000000
1649612616514493398 144.532044 0.000000
1649612616659125819 144.629506 0.000000
1649612616702032631 144.772434 0.000000
1649612616751470845 72.403559 0.000000
1649612616846755431 72.361600 0.000000
1649612616911502920 72.517182 0.000000
1649612616919298502 72.537580 0.000000
1649612617009000445 72.418087 0.000000
1649612617108951177 72.438435 0.000000
1649612617490496526 72.386659 0.000000
1649612617498907300 72.455307 0.000000
1649612617499037284 72.598876 0.000000
1649612617599324486 72.325353 0.000000
1649612617688814792 72.451689 0.000000
1649612617816731934 72.638751 0.000000
1649612617889092141 72.352303 0.000000
1649612617994762494 72.490002 0.000000
1649612618094982210 144.589150 0.000000
1649612618123196564 72.322287 0.000000
1649612618179173824 72.396726 0.000000
1649612618214605035 72.395004 0.000000
1649612618251770266 72.588296 0.000000
1649612618293932572 72.481625 0.000000
1649612618383475967 72.372181 0.000000
1649612618396549121 72.462079 0.000000
1649612618468626619 144.666335 0.000000
1649612618528141281 72.388642 0.000000
1649612618573996138 72.402968 0.000000
1649612618630235079 72.458692 0.000000
1649612618646742309 72.589748 0.000000
1649612618702839575 72.596721 0.000000
1649612618745384148 144.780488 0.000000
1649612618831077097 72.361761 0.000000
1649612618975693938 72.286489 0.000000
1649612619107726903 72.483439 0.000000
1649612619120314087 144.497579 0.000000
1649612619210000340 72.531560 0.000000
1649612619324979229 144.858214 0.000000
1649612619338016406 72.443764 0.000000
1649612619338284178 72.754717 0.000000
1649612619370678776 144.576787 0.000000
1649612619482839685 144.813441 0.000000
1649612619542032562 72.478140 0.000000
1649612619555642913 72.440148 0.000000
1649612619597752601 144.536742 0.000000
1649612619814982785 72.475634 0.000000
1649612619991043844 72.414659 0.000000
1649612620104477669 144.712221 0.000000
1649612620208261455 72.434508 0.000000
1649612620353034991 144.632130 0.000000
1649612620385084633 72.340561 0.000000
1649612620788352667 72.411875 0.000000
1649612620860527417 144.749861 0.000000
1649612620860574936 144.701200 0.000000
1649612620900412165 144.513077 0.000000
1649612620901299347 72.809330 0.000000
1649612621295248764 144.699748 0.000000
1649612621406837831 72.543101 0.000000
1649612621440140551 72.410913 0.000000
1649612621471526901 144.507307 0.000000
1649612621479800989 72.333177 0.000000
1649612621512437832 72.361902 0.000000
1649612621528831900 72.416493 0.000000
1649612621568517976 72.331374 0.000000
1649612621802186912 72.382620 0.000000
1649612621913909178 72.322938 0.000000
1649612622058798350 72.448864 0.000000
1649612622091852444 72.392708 0.000000
1649612622131207269 72.458201 0.000000
1649612622131995236 72.439416 0.000000
1649612622348875344 72.419799 0.000000
1649612622365548736 72.390254 0.000000
1649612622398224882 72.403209 0.000000
1649612622485314168 72.352263 0.000000
1649612622510380149 72.393090 0.000000
1649612622711709901 72.505430 0.000000
1649612622832328512 72.408539 0.000000
1649612622889224755 72.517653 0.000000
1649612622919697050 72.447130 0.000000
1649612622929001170 72.532542 0.000000
1649612623001410840 72.406253 0.000000
1649612623064644582 72.481225 0.000000
1649612623089772230 144.564845 0.000000
1649612623145911194 72.391878 0.000000
1649612623146302347 72.412696 0.000000
1649612623290951740 72.469854 0.000000
1649612623291013225 72.331684 0.000000
1649612623354782400 72.576383 0.000000
1649612623452208280 72.446239 0.000000
1649612623484533759 72.360127 0.000000
1649612623484729656 72.319521 0.000000
1649612623557073954 72.339068 0.000000
1649612623580594641 72.512795 0.000000
1649612623580782292 72.424488 0.000000
1649612623596921432 72.373483 0.000000
1649612623613294831 144.684419 0.000000
1649612623653052922 72.426382 0.000000
1649612623830377619 144.649172 0.000000
1649612623861544026 72.406735 0.000000
1649612623870183509 72.380475 0.000000
1649612624006284009 72.478099 0.000000
1649612624031115401 144.532052 0.000000
1649612624031379817 72.386458 0.000000
1649612624063632759 72.344508 0.000000
1649612624160090485 72.438244 0.000000
1649612624232351367 72.439416 0.000000
1649612624353028828 72.443494 0.000000
1649612624377042106 72.328349 0.000000
1649612624392884992 144.586095 0.000000
1649612624521993114 72.414029 0.000000
1649612624538141082 72.406745 0.000000
1649612624585635322 72.515278 0.000000
1649612624682942660 144.792110 0.000000
1649612624844274751 72.567056 0.000000
1649612624947881185 72.368703 0.000000
1649612624956591702 72.509708 0.000000
1649612625005029401 72.411364 0.000000
1649612625173786369 72.381027 0.000000
1649612625309603638 144.600782 0.000000
1649612625318548423 72.438705 0.000000
1649612625511845879 72.401105 0.000000
1649612625898145898 72.453773 0.000000
1649612625962168278 72.470013 0.000000
1649612626034689157 72.541327 0.000000
1649612626107045898 72.354086 0.000000
1649612626292663370 144.613706 0.000000
1649612626292780700 72.323299 0.000000
1649612626469144866 72.304884 0.000000
1649612626477709229 72.307289 0.000000
1649612626695039420 72.372020 0.000000
1649612626711367204 72.546647 0.000000
1649612627057038521 72.434167 0.000000
1649612627073213018 72.414770 0.000000
1649612627201523475 72.378302 0.000000
1649612627435248857 72.557428 0.000000
1649612627491142360 72.371589 0.000000
1649612627507519537 72.621177 0.000000
1649612627555839855 144.662017 0.000000
1649612627612578273 72.532310 0.000000
1649612627671769888 72.509898 0.000000
1649612627708348068 72.395023 0.000000
1649612627845622969 72.361301 0.000000
1649612628070831447 144.804554 0.000000
1649612628094660470 72.406774 0.000000
1649612628197673662 72.317467 0.000000
1649612628251081937 144.551289 0.000000
1649612628280492533 72.374264 0.000000
1649612628352887155 72.289635 0.000000
1649612628414900700 72.398180 0.000000
1649612628457035516 72.453173 0.000000
1649612628505829052 72.393351 0.000000
1649612628578201071 72.366158 0.000000
1649612628602379550 72.703942 0.000000
1649612628632292907 144.822768 0.000000
1649612628650787433 72.579349 0.000000
1649612628687895356 144.589001 0.000000
1649612628704753484 72.454154 0.000000
1649612628795716179 72.411163 0.000000
1649612628819094367 72.351801 0.000000
1649612628979630758 144.532964 0.000000
1649612629122721299 72.498086 0.000000
1649612629158280529 72.468790 0.000000
1649612629180391893 72.333197 0.000000
1649612629325315179 72.508956 0.000000
1649612629375961748 72.599086 0.000000
1649612629470624007 144.661244 0.000000
1649612629470898111 72.499478 0.000000
1649612629615210141 145.113553 0.000000
1649612629718144115 72.389142 0.000000
1649612629832408826 72.518424 0.000000
1649612629955933775 72.435399 0.000000
1649612630025236100 144.593026 0.000000
1649612630042307037 72.518164 0.000000
1649612630187279496 72.509448 0.000000
1649612630195264082 144.776692 0.000000
1649612630195650907 72.484552 0.000000
1649612630245751111 144.723531 0.000000
1649612630318209302 72.415933 0.000000
1649612630340046232 144.773134 0.000000
1649612630535490232 72.414440 0.000000
1649612630607978579 72.480994 0.000000
1649612630847768167 72.539313 0.000000
1649612630992826746 72.437613 0.000000
1649612631064483726 144.668178 0.000000
1649612631111173279 72.606420 0.000000
1649612631209180307 144.688034 0.000000
1649612631419987061 72.569660 0.000000
1649612631645415972 72.504358 0.000000
1649612631709895429 72.420351 0.000000
1649612631762875611 72.378692 0.000000
1649612631782314677 72.403339 0.000000
1649612631854727042 72.409429 0.000000
1649612631927062664 72.470555 0.000000
1649612631934812149 144.539397 0.000000
1649612632071908514 72.367861 0.000000
1649612632080243126 72.384433 0.000000
1649612632166261204 144.645875 0.000000
1649612632197440815 72.544963 0.000000
1649612632224523468 72.479362 0.000000
1649612632225224592 72.381819 0.000000
1649612632269857689 72.435970 0.000000
1649612632274563649 72.450046 0.000000
1649612632361827863 72.488909 0.000000
1649612632514657087 144.766041 0.000000
1649612632636649773 144.629916 0.000000
1649612632804625286 144.882219 0.000000
1649612632849974256 72.533883 0.000000
1649612633067293396 72.496903 0.000000
1649612633071801175 72.580811 0.000000
1649612633196238323 72.409210 0.000000
1649612633231545501 72.429668 0.000000
1649612633304058184 72.391316 0.000000
1649612633340547888 72.463211 0.000000
1649612633433845560 72.402337 0.000000
1649612633521460851 72.455837 0.000000
1649612633574908380 72.511361 0.000000
1649612633674467528 144.955446 0.000000
1649612633687100927 72.549232 0.000000
1649612633819438774 72.314923 0.000000
1649612633832076882 72.584008 0.000000
1649612633864660234 144.678617 0.000000
1649612633868617081 72.493157 0.000000
1649612633891006095 72.419058 0.000000
1649612634181398419 144.683526 0.000000
1649612634181637016 72.379403 0.000000
1649612634398202544 72.436070 0.000000
1649612634398615187 144.634264 0.000000
1649612634411218220 144.827015 0.000000
1649612634443941395 72.415301 0.000000
1649612634542970359 72.349418 0.000000
1649612634687954398 144.497487 0.000000
1649612634773061107 144.699366 0.000000
1649612635049812854 72.438313 0.000000
1649612635095973184 144.718262 0.000000
1649612635121346513 72.504609 0.000000
1649612635182513631 72.486936 0.000000
1649612635187089527 72.705204 0.000000
1649612635411036871 144.784876 0.000000
1649612635476535729 72.330653 0.000000
1649612635628287002 144.793282 0.000000
1649612635658342917 72.427373 0.000000
1649612635766247938 72.418176 0.000000
1649612635774152694 72.352283 0.000000
1649612635805483148 72.454705 0.000000
1649612635821224944 144.638923 0.000000
1649612635846685545 72.525307 0.000000
1649612635906998993 72.574059 0.000000
1649612635919191236 72.510370 0.000000
1649612635990789015 72.497125 0.000000
1649612636051647384 72.435269 0.000000
1649612636064007601 72.379614 0.000000
1649612636135812959 72.479632 0.000000
1649612636341437188 72.576482 0.000000
1649612636401170219 72.388141 0.000000
1649612636494096284 144.577568 0.000000
1649612636546204673 72.459374 0.000000
1649612636558707267 72.563178 0.000000
1649612636631149498 72.422013 0.000000
1649612636639065074 72.443164 0.000000
1649612636776304698 72.594516 0.000000
1649612636776308886 72.570030 0.000000
1649612636933051144 72.437684 0.000000
1649612637053330830 72.350710 0.000000
1649612637074083347 72.531348 0.000000
1649612637198304370 72.508916 0.000000
1649612637211591775 72.545105 0.000000
1649612637251648184 72.566084 0.000000
1649612637284042441 72.443454 0.000000
1649612637415832431 72.555674 0.000000
1649612637440456796 144.837796 0.000000
1649612637730228676 72.380436 0.000000
1649612637814333818 72.409640 0.000000
1649612637814365016 72.383903 0.000000
1649612637850907610 72.381227 0.000000
1649612637864045344 72.695876 0.000000
1649612637923303104 72.422695 0.000000
1649612638019768193 72.376309 0.000000
1649612638081725541 72.376036 0.000000
1649612638226637696 72.489730 0.000000
1649612638310664901 72.489820 0.000000
1649612638382605232 72.630664 0.000000
1649612638516120064 144.621640 0.000000
1649612638538628583 72.403420 0.000000
1649612638588794722 72.407757 0.000000
1649612638595388921 72.538762 0.000000
1649612638645138409 72.577044 0.000000
1649612638647668401 72.413949 0.000000
1649612638667870556 72.502443 0.000000
1649612638717838022 72.692780 0.000000
1649612638803050049 72.532450 0.000000
1649612638816685085 72.375596 0.000000
1649612638961845936 72.549883 0.000000
1649612639082462823 72.491324 0.000000
1649612639191068567 72.784352 0.000000
1649612639408673523 72.383551 0.000000
1649612639552462813 144.700388 0.000000
1649612639553475040 72.373462 0.000000
1649612639625784513 72.304323 0.000000
1649612639734971636 72.648577 0.000000
1649612639807539724 72.632248 0.000000
1649612639832061767 72.359296 0.000000
1649612640267086240 72.347945 0.000000
1649612640350272490 144.665172 0.000000
1649612640412471752 72.351842 0.000000
1649612640484907771 72.432814 0.000000
1649612640785603056 72.419608 0.000000
1649612640904063652 72.615265 0.000000
1649612640919375962 72.525497 0.000000
1649612641128049097 144.728200 0.000000
1649612641281825446 72.482968 0.000000
1649612641427168498 72.403869 0.000000
1649612641655363603 72.714451 0.000000
1649612641727561536 144.907786 0.000000
1649612641800581801 72.772261 0.000000
1649612641909020051 72.815762 0.000000
1649612641917823021 72.487486 0.000000
1649612642308089793 72.493908 0.000000
1649612642361338008 144.628934 0.000000
1649612642452679343 144.571666 0.000000
1649612642506128075 144.578400 0.000000
1649612642525141372 72.447942 0.000000
1649612642578516305 72.377189 0.000000
1649612642652061152 72.529325 0.000000
1649612642724422522 72.354627 0.000000
1649612642742721610 72.390905 0.000000
1649612642796817875 72.351771 0.000000
1649612642876458259 72.655160 0.000000
1649612643140974302 72.496994 0.000000
1649612643213496432 72.490952 0.000000
1649612643231337403 72.462239 0.000000
1649612643285987646 72.481786 0.000000
1649612643311944457 72.450516 0.000000
1649612643375933725 144.475666 0.000000
1649612643395148820 72.480754 0.000000
1649612643467845068 72.294414 0.000000
1649612643529290768 144.676613 0.000000
1649612643588008565 72.497014 0.000000
1649612643600688211 72.574529 0.000000
1649612643612717528 72.476676 0.000000
1649612643627835144 72.319352 0.000000
1649612643738128060 72.339038 0.000000
1649612643949854096 72.448623 0.000000
1649612643989630250 144.700148 0.000000
1649612644022357372 72.494109 0.000000
1649612644100386575 72.680197 0.000000
1649612644107379542 144.533374 0.000000
1649612644108288295 72.402857 0.000000
1649612644120292485 72.446478 0.000000
1649612644180780080 72.471416 0.000000
1649612644279808062 72.654159 0.000000
1649612644409953528 72.442632 0.000000
1649612644410129668 144.799152 0.000000
1649612644535315860 72.501502 0.000000
1649612644554828443 144.693525 0.000000
1649612644585491536 72.420020 0.000000
1649612644615440550 72.541317 0.000000
1649612644626321645 72.421923 0.000000
1649612644631145216 144.501714 0.000000
1649612644680087340 72.439215 0.000000
1649612644695889529 144.583238 0.000000
1649612644730033917 144.537992 0.000000
1649612644825033378 72.443443 0.000000
1649612644889132001 72.531599 0.000000
1649612644916071615 144.675671 0.000000
1649612645024675365 72.522982 0.000000
1649612645106577557 72.479340 0.000000
1649612645134143285 72.369124 0.000000
1649612645207116171 72.413137 0.000000
1649612645278140865 144.675370 0.000000
1649612645404238635 72.375225 0.000000
1649612645484600240 72.467369 0.000000
1649612645621768730 72.426843 0.000000
1649612645685888071 72.587615 0.000000
1649612645712662455 72.454984 0.000000
1649612645857588937 72.393660 0.000000
1649612645858942153 72.420951 0.000000
1649612645903323619 72.601570 0.000000
1649612645931180703 144.643581 0.000000
1649612646064356279 144.548503 0.000000
1649612646147319019 144.737196 0.000000
1649612646346199698 72.613202 0.000000
1649612646437110236 72.524596 0.000000
1649612646644116165 144.808861 0.000000
1649612646727213687 72.413358 0.000000
1649612646789022808 72.590349 0.000000
1649612646861494886 145.090849 0.000000
1649612646925797060 72.486143 0.000000
1649612647017735454 72.395063 0.000000
1649612647018154950 72.330733 0.000000
1649612647110373999 72.503936 0.000000
1649612647206652047 72.610097 0.000000
1649612647360209265 72.331764 0.000000
1649612647415578546 72.486654 0.000000
1649612647741775399 72.455286 0.000000
1649612647785901095 72.523713 0.000000
1649612647835463832 72.546076 0.000000
1649612647886310556 144.501554 0.000000
1649612647930657688 72.425620 0.000000
1649612647947643866 72.384723 0.000000
1649612647995094114 72.473410 0.000000
1649612648032201055 72.322968 0.000000
1649612648092125523 144.732718 0.000000
1649612648164986420 144.667446 0.000000
1649612648248636468 144.720205 0.000000
1649612648455433355 72.476274 0.000000
1649612648465564774 144.580283 0.000000
1649612648502056783 72.506000 0.000000
1649612648502300079 72.708129 0.000000
1649612648538295106 72.405573 0.000000
1649612648735621312 72.558369 0.000000
1649612648756396150 72.403519 0.000000
1649612648791825628 72.436541 0.000000
1649612648864403753 72.611428 0.000000
1649612649169533520 144.532593 0.000000
1649612649251942682 72.522812 0.000000
1649612649263247811 144.540578 0.000000
1649612649324388119 72.443042 0.000000
1649612649324455035 72.491434 0.000000
1649612649335880680 72.433495 0.000000
1649612649336518035 72.355118 0.000000
1649612649371045681 144.610819 0.000000
1649612649452895085 72.505239 0.000000
1649612649456759328 72.517582 0.000000
1649612649661030210 72.530767 0.000000
1649612649769837802 144.497236 0.000000
1649612649843483650 72.448394 0.000000
1649612649903422154 72.373472 0.000000
1649612649987857665 144.461399 0.000000
1649612649988394321 72.420541 0.000000
1649612650047713505 72.370237 0.000000
1649612650059342953 72.394101 0.000000
1649612650204218127 72.407616 0.000000
1649612650204996757 144.488560 0.000000
1649612650249618092 144.739319 0.000000
1649612650249767532 72.560963 0.000000
1649612650337748979 144.814631 0.000000
1649612650349830464 72.297850 0.000000
1649612650422322919 72.481586 0.000000
1649612650422723019 72.386548 0.000000
1649612650472148921 72.552379 0.000000
1649612650672394898 72.576132 0.000000
1649612650674928607 72.373403 0.000000
1649612650684673743 72.437453 0.000000
1649612650728751149 72.406775 0.000000
1649612650745001949 72.600509 0.000000
1649612650829858638 72.540025 0.000000
1649612650856418621 72.459684 0.000000
1649612650928858248 72.432894 0.000000
1649612650964462933 72.311347 0.000000
1649612651002532257 72.368702 0.000000
1649612651062485309 72.576091 0.000000
1649612651192434668 72.663266 0.000000
1649612651497342709 72.594457 0.000000
1649612651654705700 73.039450 0.000000
1649612651787368705 72.481635 0.000000
1649612651859939928 72.578546 0.000000
1649612651904767670 72.992664 0.000000
1649612651976887166 145.147256 0.000000
1649612652004862782 72.355348 0.000000
1649612652222472737 72.499960 0.000000
1649612652234102124 72.472468 0.000000
1649612652367835635 72.422113 0.000000
1649612652378910814 72.428736 0.000000
1649612652394792912 72.387027 0.000000
1649612652467507664 72.543391 0.000000
1649612652485689683 72.453051 0.000000
1649612652497281681 72.627969 0.000000
1649612652558196646 72.402316 0.000000
1649612652668458203 72.348154 0.000000
1649612652668868031 72.453934 0.000000
1649612652701038810 72.465414 0.000000
1649612652729185086 144.493349 0.000000
1649612652801573045 72.379042 0.000000
1649612652947682774 144.529627 0.000000
1649612653030483190 72.434998 0.000000
1649612653065668008 145.034884 0.000000
1649612653066290194 72.418237 0.000000
1649612653066474620 72.573427 0.000000
1649612653076468842 72.449925 0.000000
1649612653138801895 72.502244 0.000000
1649612653163803216 72.581802 0.000000
1649612653208105313 144.683175 0.000000
1649612653393413834 72.410412 0.000000
1649612653393435424 72.431781 0.000000
1649612653428866955 72.425770 0.000000
1649612653755484165 72.618582 0.000000
1649612653900634616 72.530567 0.000000
1649612653947349986 72.641996 0.000000
1649612654009344455 72.572214 0.000000
1649612654298847080 72.514867 0.000000
1649612654322729454 72.525407 0.000000
1649612654322751866 72.389282 0.000000
1649612654371176720 144.724241 0.000000
1649612654395343677 72.588495 0.000000
1649612654395637117 72.649730 0.000000
1649612654612965474 72.358675 0.000000
1649612654661038318 144.655272 0.000000
1649612654757728248 72.414569 0.000000
1649612654757803228 72.367621 0.000000
1649612654805902483 72.638710 0.000000
1649612654878607296 72.701478 0.000000
1649612654878801651 72.529966 0.000000
1649612654902132280 72.623622 0.000000
1649612655120166710 72.448424 0.000000
1649612655203864827 72.314250 0.000000
1649612655396776849 72.565251 0.000000
1649612655453299522 72.426392 0.000000
1649612655541493938 72.566464 0.000000
1649612655638717437 72.615265 0.000000
1649612655698970912 72.431912 0.000000
1649612655711229199 72.501943 0.000000
1649612655771876803 72.470484 0.000000
1649612655844407920 72.498497 0.000000
1649612655917048663 72.593104 0.000000
1649612655989212913 144.758907 0.000000
1649612656089401851 144.808661 0.000000
1649612656256213342 72.380405 0.000000
1649612656279408868 72.592162 0.000000
1649612656322946412 72.313610 0.000000
1649612656395525720 72.573938 0.000000
1649612656424304561 72.393358 0.000000
1649612656545966686 144.768725 0.000000
1649612656581490510 72.517772 0.000000
1649612656653832513 144.800575 0.000000
1649612656712761466 72.287571 0.000000
1649612656869979094 72.663696 0.000000
1649612656918489139 72.382299 0.000000
1649612657052988656 72.664758 0.000000
1649612657062714395 144.688815 0.000000
1649612657135346963 72.434027 0.000000
1649612657147538184 72.558149 0.000000
1649612657280755037 72.467649 0.000000
1649612657581939437 144.583688 0.000000
1649612657727064550 72.418846 0.000000
1649612657777366884 72.407666 0.000000
1649612657922831944 72.324460 0.000000
1649612657932205433 72.475052 0.000000
1649612657932581989 72.453582 0.000000
1649612657944062597 144.755890 0.000000
1649612658077630929 72.454545 0.000000
1649612658088928244 144.726616 0.000000
1649612658172708206 72.383060 0.000000
1649612658212363413 72.463982 0.000000
1649612658284210358 72.445618 0.000000
1649612658306395591 72.539904 0.000000
1649612658357093796 72.328859 0.000000
1649612658439846703 72.484219 0.000000
1649612658535058662 72.471015 0.000000
1649612658584440981 72.588916 0.000000
1649612658607689837 72.613171 0.000000
1649612658768356541 72.371278 0.000000
1649612658913285175 72.463381 0.000000
1649612659009765262 72.538412 0.000000
1649612659058192300 72.442781 0.000000
1649612659091546416 144.530468 0.000000
1649612659153840397 72.414530 0.000000
1649612659175558533 72.330372 0.000000
1649612659309385199 72.371778 0.000000
1649612659380742396 72.459283 0.000000
1649612659380783513 72.459163 0.000000
1649612659454221381 72.307759 0.000000
1649612659598162695 72.509367 0.000000
1649612659660374200 144.548993 0.000000
1649612659754640196 72.465635 0.000000
1649612660032940614 72.436370 0.000000
1649612660095401667 144.719173 0.000000
1649612660149045103 72.480062 0.000000
1649612660240897966 72.328898 0.000000
1649612660323359076 144.736836 0.000000
1649612660323373533 72.330612 0.000000
1649612660384873785 144.670681 0.000000
1649612660467474937 72.444465 0.000000
1649612660530337703 72.568608 0.000000
1649612660551228810 72.459514 0.000000
1649612660602370386 72.395994 0.000000
1649612660684939849 72.437121 0.000000
1649612660685316254 72.323920 0.000000
1649612660747679083 72.472608 0.000000
1649612660779382336 72.359075 0.000000
1649612660892317023 72.709902 0.000000
1649612660985943010 72.575842 0.000000
1649612661058592208 72.580419 0.000000
1649612661069178932 72.312318 0.000000
1649612661120759260 72.460395 0.000000
1649612661193142921 72.374684 0.000000
1649612661203549356 72.590990 0.000000
1649612661229876773 72.396495 0.000000
1649612661286372174 72.581462 0.000000
1649612661326481773 144.612943 0.000000
1649612661336804311 144.520420 0.000000
1649612661420663972 72.467809 0.000000
1649612661576488880 72.581782 0.000000
1649612661616603719 72.463441 0.000000
1649612661648912987 72.412936 0.000000
1649612661699873354 144.714333 0.000000
1649612661761601744 72.401655 0.000000
1649612661843680627 72.390955 0.000000
1649612661906383804 72.283714 0.000000
1649612661906475726 72.398028 0.000000
1649612661928083756 145.008685 0.000000
1649612662061848536 72.369114 0.000000
1649612662155680539 144.543824 0.000000
1649612662206461830 72.573026 0.000000
1649612662260438800 72.367802 0.000000
1649612662317060378 72.575620 0.000000
1649612662389307975 144.837083 0.000000
1649612662424380822 72.530206 0.000000
1649612662533979337 144.547831 0.000000
1649612662606342159 72.356461 0.000000
1649612662703277037 72.582554 0.000000
1649612662750921840 144.570984 0.000000
1649612662775795130 72.554210 0.000000
1649612662858983493 144.596873 0.000000
1649612662918800520 72.514686 0.000000
1649612662953305074 72.457029 0.000000
1649612663002616129 72.446079 0.000000
1649612663221658537 72.346481 0.000000
1649612663232136436 72.471135 0.000000
1649612663315376166 144.827095 0.000000
1649612663377355295 72.564210 0.000000
1649612663426751901 72.466727 0.000000
1649612663715866268 72.384583 0.000000
1649612663728093205 72.514316 0.000000
1649612663822116406 72.332606 0.000000
1649612663884361725 144.909319 0.000000
1649612663934327998 144.640444 0.000000
1649612664017487417 144.587966 0.000000
1649612664018066783 72.381938 0.000000
1649612664089764197 72.266290 0.000000
1649612664161087080 72.422153 0.000000
1649612664162294834 72.417094 0.000000
1649612664234571103 72.546096 0.000000
1649612664255959062 72.367090 0.000000
1649612664586855132 72.643448 0.000000
1649612664671574835 73.989602 0.000000
1649612664671759801 74.124323 0.000000
1649612664777928537 72.387358 0.000000
1649612665022392303 72.603013 0.000000
1649612665105981618 144.464104 0.000000
1649612665175093286 72.822253 0.000000
1649612665254028086 151.729000 0.000000
1649612665344904609 165.985202 0.000000
1649612665482726883 72.448212 0.000000
1649612665627537938 72.446579 0.000000
1649612665627736801 72.470474 0.000000
1649612665627863638 72.371969 0.000000
1649612665700596344 72.331283 0.000000
1649612665917867543 144.862570 0.000000
1649612666063341890 72.432653 0.000000
1649612666069576566 72.456418 0.000000
1649612666069584340 72.417595 0.000000
1649612666191574421 72.408468 0.000000
1649612666352487555 72.499227 0.000000
1649612666359078940 72.381017 0.000000
1649612666425222074 72.725612 0.000000
1649612666467171431 72.459413 0.000000
1649612666523269257 144.519798 0.000000
1649612666570278528 72.606459 0.000000
1649612666793398119 72.532911 0.000000
1649612666806668502 72.488989 0.000000
1649612666843061303 72.400824 0.000000
1649612666860400202 72.621937 0.000000
1649612666879136381 72.463381 0.000000
1649612666885368902 72.556826 0.000000
1649612666938212068 72.404670 0.000000
1649612667023471693 72.469282 0.000000
1649612667150647302 72.399360 0.000000
1649612667168295641 72.467377 0.000000
1649612667223125551 72.671150 0.000000
1649612667223233002 72.580590 0.000000
1649612667368064815 144.875204 0.000000
1649612667512821798 144.556177 0.000000
1649612667513250321 72.475944 0.000000
1649612667513320633 72.558579 0.000000
1649612667658091381 144.751682 0.000000
1649612667728094881 72.519405 0.000000
1649612667800536541 72.511100 0.000000
1649612667803228366 72.618592 0.000000
1649612667892995019 72.535195 0.000000
1649612667987668519 144.708192 0.000000
1649612668020444111 144.714483 0.000000
1649612668038095326 72.516831 0.000000
1649612668038101407 72.571323 0.000000
1649612668093110752 72.407607 0.000000
1649612668146289256 144.751272 0.000000
1649612668182701004 144.599848 0.000000
1649612668235352801 72.384061 0.000000
1649612668255469517 72.384893 0.000000
1649612668327627916 144.731425 0.000000
1649612668327773919 72.356962 0.000000
1649612668327809646 144.711547 0.000000
1649612668436208863 144.995481 0.000000
1649612668436257975 72.640754 0.000000
1649612668455411455 144.831122 0.000000
1649612668761486852 72.488237 0.000000
1649612668979829769 144.614056 0.000000
1649612669035232051 144.656134 0.000000
1649612669074352756 144.697991 0.000000
1649612669155785869 72.434015 0.000000
1649612669213255416 144.627710 0.000000
1649612669235022645 72.367431 0.000000
1649612669252803071 72.341651 0.000000
1649612669269073788 144.622581 0.000000
1649612669323701939 144.494871 0.000000
1649612669325079191 72.297971 0.000000
1649612669341198804 72.374152 0.000000
1649612669414161231 72.349237 0.000000
1649612669632120779 72.528412 0.000000
1649612669703393158 72.468090 0.000000
1649612669703426851 72.331554 0.000000
1649612669775367122 144.796609 0.000000
1649612669920106434 72.397088 0.000000
1649612669920505432 72.740051 0.000000
1649612669937831286 72.415391 0.000000
1649612669953429674 144.679039 0.000000
1649612669953470180 72.341815 0.000000
1649612669969659765 72.388031 0.000000
1649612669992562482 72.447602 0.000000
1649612670009965022 144.580035 0.000000
1649612670136807350 72.443537 0.000000
1649612670138449118 144.520335 0.000000
1649612670275083231 144.478749 0.000000
1649612670282294318 72.304517 0.000000
1649612670283849313 72.534908 0.000000
1649612670356110519 72.766332 0.000000
1649612670427745129 72.627060 0.000000
1649612670862215434 72.524599 0.000000
1649612670909886695 72.392261 0.000000
1649612670926933610 72.321709 0.000000
1649612671071748328 72.390649 0.000000
1649612671078595163 144.492435 0.000000
1649612671312667857 72.458145 0.000000
1649612671312949786 72.405456 0.000000
1649612671344454212 72.478022 0.000000
1649612671401331299 72.332860 0.000000
1649612671514284201 144.616687 0.000000
1649612671585219301 72.407179 0.000000
1649612671587096840 144.709430 0.000000
1649612671618543629 144.686008 0.000000
1649612671731481122 72.428980 0.000000
1649612671803569423 72.541801 0.000000
1649612672053436033 72.412258 0.000000
1649612672238551426 144.595457 0.000000
1649612672270651829 72.414583 0.000000
1649612672302168950 144.665219 0.000000
1649612672381834494 144.638529 0.000000
1649612672504385769 72.504221 0.000000
1649612672599635126 144.733557 0.000000
1649612672672599298 72.492518 0.000000
1649612672689658356 72.475997 0.000000
1649612672962211061 72.366532 0.000000
1649612673036093696 72.561048 0.000000
1649612673196834839 72.383885 0.000000
1649612673301471783 144.815070 0.000000
1649612673317470363 72.581656 0.000000
1649612673396643845 72.414853 0.000000
1649612673462324565 72.473614 0.000000
1649612673470845848 72.548433 0.000000
1649612673486767825 72.447415 0.000000
1649612673543420050 144.685546 0.000000
1649612673663677335 72.558243 0.000000
1649612673760593326 72.320977 0.000000
1649612673831059866 144.561954 0.000000
1649612673831722278 72.347466 0.000000
1649612673904279929 72.363737 0.000000
1649612673978583833 72.363306 0.000000
1649612674010176085 72.342659 0.000000
1649612674049008857 72.566628 0.000000
1649612674050733700 72.514851 0.000000
1649612674123320004 72.335213 0.000000
1649612674195562274 72.388875 0.000000
1649612674195940823 72.419632 0.000000
1649612674227501925 72.396989 0.000000
1649612674339558768 72.567959 0.000000
1649612674411801588 144.802063 0.000000
1649612674444895714 72.443166 0.000000
1649612674485471614 72.353267 0.000000
1649612674589759484 72.395296 0.000000
1649612674694355601 72.592036 0.000000
1649612674701816527 72.645696 0.000000
1649612674766723175 72.385318 0.000000
1649612674951548163 72.335784 0.000000
1649612674992526288 72.525671 0.000000
1649612675064472954 72.553253 0.000000
1649612675065143971 72.804724 0.000000
1649612675137442386 145.092408 0.000000
1649612675185349649 72.484553 0.000000
1649612675210399776 72.425573 0.000000
1649612675257880139 72.504231 0.000000
1649612675273911781 72.495444 0.000000
1649612675354356005 72.517114 0.000000
1649612675427524070 72.400637 0.000000
1649612675427752227 72.442334 0.000000
1649612675547602038 72.569472 0.000000
1649612675675634186 72.379927 0.000000
1649612675717144939 72.589420 0.000000
1649612675717533878 72.438577 0.000000
1649612675780790955 144.563297 0.000000
1649612675878607614 72.459276 0.000000
1649612676007341398 72.396689 0.000000
1649612676054002746 72.370670 0.000000
1649612676109836376 72.320757 0.000000
1649612676270751635 72.382783 0.000000
1649612676297072524 72.368536 0.000000
1649612676313014077 144.678653 0.000000
1649612676343253771 72.417618 0.000000
1649612676369403320 72.490184 0.000000
1649612676369429278 72.495173 0.000000
1649612676457823735 72.323271 0.000000
1649612676633101436 72.537974 0.000000
1649612676659769255 72.593447 0.000000
1649612676760851125 72.368957 0.000000
1649612676804721681 72.483922 0.000000
1649612676850589181 72.645135 0.000000
1649612676892187688 72.441273 0.000000
1649612676995599876 72.572147 0.000000
1649612677012695532 72.564674 0.000000
1649612677067943776 72.459367 0.000000
1649612677239321526 72.434941 0.000000
1649612677340115666 72.409804 0.000000
1649612677384321591 72.435141 0.000000
1649612677399254934 72.308093 0.000000
1649612677456699014 144.834925 0.000000
1649612677502718758 72.393894 0.000000
1649612677746977947 72.702742 0.000000
1649612677747099545 72.361062 0.000000
1649612677793248952 72.434990 0.000000
1649612677793296692 72.473293 0.000000
1649612677851304949 72.401718 0.000000
1649612677891874878 72.299496 0.000000
1649612677938214884 72.482370 0.000000
1649612678036580962 72.400746 0.000000
1649612678155141266 72.497539 0.000000
1649612678171945426 72.511986 0.000000
1649612678181488484 72.350654 0.000000
1649612678181645739 72.529438 0.000000
1649612678254351556 72.584991 0.000000
1649612678326947159 72.588790 0.000000
1649612678397820782 72.453745 0.000000
1649612678398158796 144.630042 0.000000
1649612678399965703 72.979300 0.000000
1649612678461579008 72.438488 0.000000
1649612678487874640 72.417639 0.000000
1649612678503219353 72.461630 0.000000
1649612678590568040 72.545989 0.000000
1649612678808380703 72.598567 0.000000
1649612678896251659 72.556500 0.000000
1649612678968250351 144.557876 0.000000
1649612679049601275 72.617763 0.000000
1649612679122160018 72.556028 0.000000
1649612679122198921 72.417178 0.000000
1649612679123327215 72.584011 0.000000
1649612679195457805 72.502406 0.000000
1649612679268456993 144.654057 0.000000
1649612679268549888 72.737027 0.000000
1649612679339381302 72.468884 0.000000
1649612679339807420 72.292153 0.000000
1649612679413418436 72.335915 0.000000
1649612679484687120 72.369738 0.000000
1649612679630835898 72.258720 0.000000
1649612679719908736 144.789189 0.000000
1649612679720031396 72.480035 0.000000
1649612679847612028 72.616891 0.000000
1649612679847880411 72.588698 0.000000
1649612679894652847 72.408411 0.000000
1649612679919543795 144.572182 0.000000
1649612679919934046 72.477250 0.000000
1649612679920010640 72.387271 0.000000
1649612679992017539 72.408552 0.000000
1649612680039689540 72.532904 0.000000
1649612680039689550 72.552240 0.000000
1649612680064891031 72.540558 0.000000
1649612680065188539 72.577518 0.000000
1649612680065402861 72.679259 0.000000
1649612680499390307 145.029882 0.000000
1649612680620925845 72.640806 0.000000
1649612680790592569 72.453325 0.000000
1649612680862348947 72.332067 0.000000
1649612680862721014 144.668673 0.000000
1649612680935305314 72.508168 0.000000
1649612680999299353 72.524208 0.000000
1649612681007009866 72.492218 0.000000
1649612681152875883 72.344761 0.000000
1649612681298605956 72.316557 0.000000
1649612681313986638 144.770254 0.000000
1649612681441937293 72.540308 0.000000
1649612681442352812 72.371231 0.000000
1649612681513623560 144.741740 0.000000
1649612681514768817 72.390136 0.000000
1649612681515428774 72.438337 0.000000
1649612681587208246 72.414683 0.000000
1649612681587988298 144.598061 0.000000
1649612681724431081 144.679503 0.000000
1649612681949626864 144.563016 0.000000
1649612682022115404 72.527313 0.000000
1649612682054518194 72.369237 0.000000
1649612682159601233 144.595255 0.000000
1649612682167113916 72.317490 0.000000
1649612682239510033 72.393482 0.000000
1649612682601685646 72.560004 0.000000
1649612682673219136 72.417317 0.000000
1649612682818814277 72.342868 0.000000
1649612682939918528 72.803792 0.000000
1649612682962738153 72.373344 0.000000
1649612682963301429 72.467050 0.000000
1649612682963653459 72.523175 0.000000
1649612683035084166 72.336255 0.000000
1649612683068038741 72.375269 0.000000
1649612683180576955 144.621365 0.000000
1649612683181211895 72.662938 0.000000
1649612683591943457 72.515873 0.000000
1649612683680293619 72.523145 0.000000
1649612684122733398 144.567814 0.000000
1649612684171485774 72.502466 0.000000
1649612684194792013 72.460318 0.000000
1649612684244018898 72.525460 0.000000
1649612684244018919 72.525450 0.000000
1649612684267388294 144.649677 0.000000
1649612684606451613 72.418199 0.000000
1649612684645578597 144.608701 0.000000
1649612684701789495 72.396148 0.000000
1649612684702344335 72.652889 0.000000
1649612684775787765 72.440370 0.000000
1649612684790637982 72.421865 0.000000
1649612684847321265 72.601582 0.000000
1649612684968803154 72.477259 0.000000
1649612684991599366 72.570916 0.000000
1649612685022299053 144.467946 0.000000
1649612685113846771 72.567920 0.000000
1649612685186363353 72.524748 0.000000
1649612685210345728 72.491565 0.000000
1649612685282223223 72.417488 0.000000
1649612685355202063 72.408300 0.000000
1649612685403696576 72.585582 0.000000
1649612685500030365 72.399734 0.000000
1649612685529187901 72.357695 0.000000
1649612685708143024 72.490123 0.000000
1649612685861011487 144.623508 0.000000
1649612685890820225 144.525175 0.000000
1649612686051941828 144.590357 0.000000
1649612686152399597 72.420864 0.000000
1649612686413797830 144.724628 0.000000
1649612686441918463 144.576049 0.000000
1649612686686748799 72.371099 0.000000
1649612686703944162 72.563311 0.000000
1649612686848178721 72.530829 0.000000
1649612686875750955 72.424190 0.000000
1649612686948264644 72.508368 0.000000
1649612686992876249 144.714339 0.000000
1649612687048798415 72.390196 0.000000
1649612687093802475 144.703547 0.000000
1649612687121134569 72.331986 0.000000
1649612687121397742 72.375288 0.000000
1649612687138828427 72.521392 0.000000
1649612687165494062 72.392731 0.000000
1649612687166286016 72.332658 0.000000
1649612687182722537 72.347937 0.000000
1649612687266092704 72.304064 0.000000
1649612687338415554 72.320115 0.000000
1649612687383464639 72.358527 0.000000
1649612687455855606 72.387321 0.000000
1649612687617292401 72.649933 0.000000
1649612687627546423 144.661059 0.000000
1649612687673098550 145.117934 0.000000
1649612687689887010 72.591213 0.000000
1649612687762426917 72.509890 0.000000
1649612687818236122 72.646637 0.000000
1649612687845078137 72.402178 0.000000
1649612687890273827 72.506524 0.000000
1649612687890860977 72.457802 0.000000
1649612687989672140 72.426203 0.000000
1649612688034682353 72.558001 0.000000
1649612688166934950 72.590061 0.000000
1649612688251829185 72.375568 0.000000
1649612688253161192 72.496926 0.000000
1649612688468560991 72.446202 0.000000
1649612688530428351 72.541560 0.000000
1649612688542796616 72.412848 0.000000
1649612688543020225 72.473051 0.000000
1649612688748183515 72.817567 0.000000
1649612688758927835 144.496910 0.000000
1649612688830438042 72.359990 0.000000
1649612688903833672 72.563240 0.000000
1649612688977298643 72.519378 0.000000
1649612689047729836 72.387481 0.000000
1649612689047851885 72.419290 0.000000
1649612689339310117 144.748933 0.000000
1649612689554736073 72.625627 0.000000
1649612689556683564 72.882168 0.000000
1649612689556934194 72.673898 0.000000
1649612689629222729 145.318641 0.000000
1649612689629283402 73.173834 0.000000
1649612689774038928 145.236026 0.000000
1649612689774590101 73.442629 0.000000
1649612689774653189 73.009677 0.000000
1649612689774739070 73.128801 0.000000
1649612689919050864 72.619967 0.000000
1649612689989847763 72.624445 0.000000
1649612690281604602 144.806701 0.000000
1649612690351795055 72.523556 0.000000
1649612690352372998 144.458458 0.000000
1649612690425883734 72.272194 0.000000
1649612690570529213 72.317310 0.000000
1649612690713949155 72.370329 0.000000
1649612690716039262 144.829474 0.000000
1649612690859139745 72.516352 0.000000
1649612690932562526 72.391027 0.000000
1649612690933182939 72.387280 0.000000
1649612691005014237 144.850213 0.000000
1649612691038150784 72.355272 0.000000
1649612691078475984 72.417750 0.000000
1649612691149074851 72.517024 0.000000
1649612691150887770 72.285369 0.000000
1649612691255048870 144.548146 0.000000
1649612691295837368 72.471047 0.000000
1649612691327437453 72.385988 0.000000
1649612691400667102 72.378955 0.000000
1649612691439821577 72.817146 0.000000
1649612691440119375 72.713441 0.000000
1649612691512990713 144.579916 0.000000
1649612691656293264 72.587155 0.000000
1649612691674808541 72.472640 0.000000
1649612691729770798 72.345702 0.000000
1649612691779113982 72.466579 0.000000
1649612691802472978 72.711818 0.000000
1649612691803199961 72.329682 0.000000
1649612691875759233 72.554874 0.000000
1649612692092214740 72.401036 0.000000
1649612692092397913 72.356663 0.000000
1649612692164756459 72.539446 0.000000
1649612692358684678 72.482539 0.000000
1649612692525912087 72.595150 0.000000
1649612692672487754 72.449427 0.000000
1649612692745580977 72.345321 0.000000
1649612692816302284 72.411326 0.000000
1649612692888164962 144.598771 0.000000
1649612693033156669 72.501093 0.000000
1649612693051741687 72.603706 0.000000
1649612693178293288 72.568960 0.000000
1649612693212199125 72.342176 0.000000
1649612693251501497 72.377922 0.000000
1649612693252683924 72.571556 0.000000
1649612693322983861 72.377031 0.000000
1649612693341176854 72.434779 0.000000
1649612693397161938 72.343027 0.000000
1649612693533180806 72.347616 0.000000
1649612693558297337 72.298574 0.000000
1649612693687046027 72.421404 0.000000
1649612694048694207 72.513597 0.000000
1649612694193990143 72.568449 0.000000
1649612694209785913 144.471872 0.000000
1649612694266461161 72.699115 0.000000
1649612694338435837 144.745496 0.000000
1649612694338993573 72.525690 0.000000
1649612694499738089 72.553622 0.000000
1649612694691447038 144.584584 0.000000
1649612694773238556 72.461239 0.000000
1649612694919356976 72.465717 0.000000
1649612694966040354 72.419040 0.000000
1649612694990466611 72.554393 0.000000
1649612694991009088 144.584003 0.000000
1649612695136426412 72.462852 0.000000
1649612695207521029 144.612175 0.000000
1649612695426844742 72.395125 0.000000
1649612695499330997 72.529215 0.000000
1649612695601912466 72.341975 0.000000
1649612695674304035 72.402799 0.000000
1649612695716883400 72.493079 0.000000
1649612695789360087 72.473442 0.000000
1649612695964081673 72.365409 0.000000
1649612696006747109 72.378223 0.000000
1649612696093531948 72.480826 0.000000
1649612696224216365 72.409391 0.000000
1649612696254072220 144.785710 0.000000
1649612696414445070 144.665025 0.000000
1649612696414627762 72.394083 0.000000
1649612696441491658 72.436553 0.000000
1649612696502829827 144.586397 0.000000
1649612696528263271 72.569621 0.000000
1649612696658786938 72.405334 0.000000
1649612696673070413 72.322248 0.000000
1649612696704359805 72.474664 0.000000
1649612696704415229 72.559814 0.000000
1649612696730876791 144.587169 0.000000
1649612696803926021 72.611710 0.000000
1649612696864423944 72.421192 0.000000
1649612696890055270 72.308273 0.000000
1649612696921579593 72.448906 0.000000
1649612697021198619 72.386358 0.000000
1649612697066505868 72.490163 0.000000
1649612697107310536 72.413479 0.000000
1649612697165542522 144.577050 0.000000
1649612697179820365 72.409831 0.000000
1649612697195843260 72.345621 0.000000
1649612697310658351 72.765018 0.000000
1649612697310685202 144.642492 0.000000
1649612697324785793 72.529156 0.000000
1649612697356408600 72.596071 0.000000
1649612697428861483 72.446190 0.000000
1649612697455647593 72.458462 0.000000
1649612697456024730 72.533293 0.000000
1649612697469728999 72.445138 0.000000
1649612697542248657 72.515140 0.000000
1649612697630255787 144.580006 0.000000
1649612697673538800 72.477558 0.000000
1649612697733756288 72.457542 0.000000
1649612697890723673 144.740245 0.000000
1649612697919678289 144.443690 0.000000
1649612698049299734 144.909223 0.000000
1649612698121933185 72.736403 0.000000
1649612698225539065 144.879226 0.000000
1649612698240274596 72.519958 0.000000
1649612698266489846 144.604992 0.000000
1649612698281735615 144.656048 0.000000
1649612698385417978 72.423739 0.000000
1649612698442687148 144.683068 0.000000
1649612698515655287 72.461419 0.000000
1649612698543293685 72.463843 0.000000
1649612698556482848 144.564907 0.000000
1649612698556762913 72.472830 0.000000
1649612698588156671 145.016233 0.000000
1649612698629254508 72.377040 0.000000
1649612698732865177 144.706933 0.000000
1649612698830493239 72.320433 0.000000
1649612698884255036 72.638882 0.000000
1649612699064429523 72.781820 0.000000
1649612699069874009 72.493289 0.000000
1649612699116649760 72.359689 0.000000
1649612699189368962 72.620977 0.000000
1649612699264771835 72.464846 0.000000
1649612699264934840 144.554878 0.000000
1649612699551327122 72.380518 0.000000
1649612699627110909 72.571656 0.000000
1649612699697991053 72.438175 0.000000
1649612699844416988 72.509979 0.000000
1649612699970829688 72.497637 0.000000
1649612700077502126 72.338007 0.000000
1649612700083683143 72.322309 0.000000
1649612700206292513 72.301509 0.000000
1649612700245154580 72.408660 0.000000
1649612700260748240 72.460657 0.000000
1649612700422810255 72.405354 0.000000
1649612700511684289 144.626722 0.000000
1649612700550757962 72.476206 0.000000
1649612700639779624 144.580576 0.000000
1649612700735982275 72.424780 0.000000
1649612700783991038 72.393011 0.000000
1649612700857414880 144.559115 0.000000
1649612700930358643 72.438726 0.000000
1649612700952388317 72.453925 0.000000
1649612700985414184 72.338618 0.000000
1649612701024883560 72.468322 0.000000
1649612701057243869 72.613353 0.000000
1649612701057974699 72.574100 0.000000
1649612701057999134 72.577095 0.000000
1649612701129772834 72.520610 0.000000
1649612701169369608 144.761264 0.000000
1649612701218603216 72.388001 0.000000
1649612701387324544 144.662258 0.000000
1649612701460167568 72.450438 0.000000
1649612701582102534 72.423538 0.000000
1649612701620835610 72.430782 0.000000
1649612701749682623 72.628041 0.000000
1649612701782179127 72.400664 0.000000
1649612702016568649 72.448505 0.000000
1649612702089161825 72.552519 0.000000
1649612702329206618 72.445358 0.000000
1649612702329354365 72.374606 0.000000
1649612702546912617 72.639723 0.000000
1649612702596126147 72.393381 0.000000
1649612702668601802 72.462380 0.000000
1649612702740935963 72.332898 0.000000
1649612702741527361 72.452272 0.000000
1649612702796198502 144.549457 0.000000
1649612702836609903 72.416544 0.000000
1649612702981526999 72.425060 0.000000
1649612703015483711 72.407056 0.000000
1649612703103146915 144.771033 0.000000
1649612703142149866 72.462230 0.000000
1649612703160230648 72.412507 0.000000
1649612703176029482 72.609364 0.000000
1649612703320956198 72.582015 0.000000
1649612703392905396 144.496378 0.000000
1649612703416739884 72.832454 0.000000
1649612703537819617 72.333829 0.000000
1649612703610808925 72.557098 0.000000
1649612703610865351 72.512524 0.000000
1649612703884638107 144.548857 0.000000
1649612703972859006 72.429809 0.000000
1649612703996115450 72.614086 0.000000
1649612704156089530 72.487187 0.000000
1649612704351408615 72.606631 0.000000
1649612704423788521 72.374846 0.000000
1649612704479245093 144.592758 0.000000
1649612704503477487 72.510029 0.000000
1649612704590966835 72.478310 0.000000
1649612704624516975 72.493820 0.000000
1649612704624542803 72.455589 0.000000
1649612704841736231 72.441581 0.000000
1649612705025514893 72.392258 0.000000
1649612705170312806 72.367763 0.000000
1649612705292396821 72.362754 0.000000
1649612705445382292 144.790900 0.000000
1649612705493259737 144.541301 0.000000
1649612705566082112 72.495051 0.000000
1649612705604988543 72.385076 0.000000
1649612705695620381 72.388782 0.000000
1649612705855203799 72.455557 0.000000
1649612705985556164 72.374305 0.000000
1649612706160762005 144.686193 0.000000
1649612706217392890 72.410684 0.000000
1649612706305777987 72.333478 0.000000
1649612706458875938 72.340993 0.000000
1649612706531283305 72.417095 0.000000
1649612706652153084 72.372812 0.000000
1649612706724443963 72.286461 0.000000
1649612706796567037 72.320334 0.000000
1649612706941467662 72.415151 0.000000
1649612706956986412 72.448915 0.000000
1649612707029332173 72.354377 0.000000
1649612707174804530 72.373714 0.000000
1649612707375711699 72.403129 0.000000
1649612707392532759 72.395835 0.000000
1649612707472665508 72.419540 0.000000
1649612707681033202 72.470806 0.000000
1649612707690268513 72.606430 0.000000
1649612707737579557 72.418487 0.000000
1649612707762608994 72.336754 0.000000
1649612707826041688 72.527161 0.000000
1649612707835103024 72.371149 0.000000
1649612707835163978 72.349248 0.000000
1649612707882610246 72.403329 0.000000
1649612707907519628 72.409631 0.000000
1649612707972078143 72.459194 0.000000
1649612708341975211 72.436311 0.000000
1649612708374524735 144.605421 0.000000
1649612708550822994 72.465796 0.000000
1649612708551431836 72.437203 0.000000
1649612708752390821 72.448874 0.000000
1649612708768354014 72.391898 0.000000
1649612709058472349 72.427084 0.000000
1649612709082136887 72.516681 0.000000
1649612709259508649 72.564952 0.000000
1649612709276089670 72.711387 0.000000
1649612709276174359 72.508847 0.000000
1649612709332014691 72.499720 0.000000
1649612709404515803 72.462349 0.000000
1649612709420895387 72.329902 0.000000
1649612709444302372 72.306237 0.000000
1649612709589190915 72.403138 0.000000
1649612709644888689 72.392498 0.000000
1649612709710330590 144.504742 0.000000
1649612709710583153 144.591345 0.000000
1649612709781921727 144.538656 0.000000
1649612709927949635 72.409912 0.000000
1649612710079246338 72.538251 0.000000
1649612710144943107 72.331775 0.000000
1649612710185220727 72.440159 0.000000
1649612710217017358 144.461320 0.000000
1649612710217648702 72.573407 0.000000
1649612710217675382 72.458602 0.000000
1649612710330062571 72.434077 0.000000
1649612710345283503 72.366300 0.000000
1649612710361637007 72.352303 0.000000
1649612710434654888 72.497726 0.000000
1649612710506449607 72.364396 0.000000
1649612710506492758 72.370017 0.000000
1649612710579005251 72.545315 0.000000
1649612710579898616 72.399712 0.000000
1649612710603341209 72.531690 0.000000
1649612710724357422 72.480844 0.000000
1649612710724405172 72.545185 0.000000
