1649621221476437664 65.978423 721.538986 720 48 0.000000
1649621222474865463 69.245591 695.092888 694 48 0.000000
1649621223479606147 68.879152 700.678244 704 48 0.000000
1649621224482755788 65.055134 732.692355 735 48 0.000000
1649621225481815362 62.282044 770.724779 770 48 0.000000
1649621226482412348 62.916059 764.543586 765 48 0.000000
1649621227487359217 65.235085 731.381913 735 48 0.000000
1649621228485053151 62.091938 785.812158 784 48 0.000000
1649621229488814668 61.719445 770.103282 773 48 0.000000
1649621230486314137 57.082891 835.088097 833 48 0.000000
1649621231493309056 60.840745 791.463751 797 48 0.000000
1649621232494532616 60.866293 792.030990 793 48 0.000000
1649621233497388615 62.307318 772.792881 775 48 0.000000
1649621234497121180 64.968828 741.198222 741 48 0.000000
1649621235500189608 65.345891 734.745508 737 48 0.000000
1649621236494915627 64.455511 733.870404 730 48 0.000000
1649621237493512833 63.361886 767.075988 766 48 0.000000
1649621238505296277 64.411629 742.253776 751 48 0.000000
1649621239503970848 64.228700 741.983432 741 48 0.000000
1649621240502656880 65.545327 740.973623 740 48 0.000000
1649621241505509643 65.767706 716.954698 719 48 0.000000
1649621242511089819 66.147180 725.949019 730 47 0.000000
1649621243509986526 64.376548 750.828414 750 48 0.000000
1649621244508973772 64.869722 746.756310 746 48 0.000000
1649621245515105351 68.894189 692.752314 697 48 0.000000
1649621246519772165 66.838398 715.660083 719 48 0.000000
1649621247518465540 68.463581 703.919823 703 48 0.000000
1649621248523257938 68.353849 697.656573 701 48 0.000000
1649621249520816646 64.783728 745.820743 744 48 0.000000
1649621250523989739 63.695906 752.611886 755 48 0.000000
1649621251521952174 66.523592 720.467957 719 48 0.000000
1649621252528711950 62.633139 770.789696 776 48 0.000000
1649621253532914582 62.027562 768.769146 772 48 0.000000
1649621254532096974 62.301907 767.627565 767 48 0.000000
1649621255531747943 65.062169 742.259146 742 48 0.000000
1649621256538283469 63.174089 753.078170 758 48 0.000000
1649621257540223740 66.612093 725.592191 727 48 0.000000
1649621258541613178 65.575796 735.977426 737 48 0.000000
1649621259538070902 65.437605 732.595025 730 48 0.000000
1649621260543601192 67.812072 712.062111 716 48 0.000000
1649621261544059725 65.342262 720.669520 721 48 0.000000
1649621262547813105 63.953946 756.161875 759 48 0.000000
1649621263546577021 63.800537 751.929425 751 48 0.000000
1649621264551251066 60.188317 799.264203 803 48 0.000000
1649621265539949012 62.323961 773.744907 765 48 0.000000
1649621266554125881 67.263375 713.879382 724 48 0.000000
1649621267551885475 64.398100 736.650397 735 48 0.000000
1649621268557093210 62.435940 775.958988 780 48 0.000000
1649621269556714673 61.170887 784.296972 784 48 0.000000
1649621270560063654 58.927527 806.299710 809 48 0.000000
1649621271559759286 66.111437 729.221959 729 48 0.000000
1649621272564595304 61.693682 777.241255 781 48 0.000000
1649621273562024868 62.188572 773.989467 772 48 0.000000
1649621274567589682 65.655831 733.915916 738 48 0.000000
1649621275566410113 62.175576 766.904617 766 48 0.000000
1649621276567685526 65.653439 736.061152 737 48 0.000000
1649621277569287422 66.457779 721.843739 723 47 0.000000
1649621278567092398 63.910584 750.647652 749 48 0.000000
1649621279572739587 61.913252 772.636797 777 48 0.000000
1649621280576403657 62.355260 762.207159 765 48 0.000000
1649621281577460379 63.510219 757.199911 758 48 0.000000
1649621282574995211 65.469801 741.828688 740 48 0.000000
1649621283581015467 67.082608 715.691419 720 48 0.000000
1649621284576973332 66.265145 723.926149 721 48 0.000000
1649621285582262178 65.699880 735.112171 739 48 0.000000
1649621286587909706 67.553824 702.035229 706 48 0.000000
1649621287588831024 67.244876 711.344568 712 48 0.000000
1649621288587056689 66.783681 727.290487 726 48 0.000000
1649621289591628311 64.631029 742.605098 746 48 0.000000
1649621290588722845 63.542641 752.185335 750 48 0.000000
1649621291595327597 66.616715 722.229981 727 48 0.000000
1649621292597002648 66.292988 715.800968 717 48 0.000000
1649621293588511001 66.022463 737.260572 731 48 0.000000
1649621294598606386 63.146935 758.344238 766 48 0.000000
1649621295595263720 63.022408 752.515384 750 48 0.000000
1649621296592349679 60.807814 799.329231 797 48 0.000000
1649621297599990092 58.274496 822.714173 829 48 0.000000
1649621298594819249 58.908969 810.189304 806 48 0.000000
1649621299600480272 61.356348 788.536158 793 48 0.000000
1649621300606056105 61.784304 776.669390 781 48 0.000000
1649621301601390959 61.374264 776.623051 773 48 0.000000
1649621302614424452 63.506984 758.119016 768 48 0.000000
1649621303614597716 65.184188 738.872054 739 48 0.000000
1649621304613274416 64.907856 728.964646 728 48 0.000000
1649621305618135819 62.469378 773.240972 777 48 0.000000
1649621306621709669 63.756063 753.307753 756 48 0.000000
1649621307620183648 64.534460 742.132473 741 48 0.000000
1649621308623393314 64.916639 743.613294 746 48 0.000000
1649621309622895831 67.600045 709.352898 709 48 0.000000
1649621310627844247 65.295320 732.375834 736 48 0.000000
1649621311625862852 67.281062 719.425545 718 48 0.000000
1649621312632259543 64.543477 739.271030 744 48 0.000000
1649621313630413071 63.962307 750.385626 749 48 0.000000
1649621314634337506 64.451816 746.072051 749 48 0.000000
1649621315635011118 64.674239 738.502596 739 48 0.000000
1649621316639522014 67.119591 708.802601 712 48 0.000000
1649621317636682630 64.928284 749.127104 747 48 0.000000
1649621318642970836 64.898131 741.338333 746 48 0.000000
1649621319631321347 67.740576 711.286113 703 48 0.000000
1649621320645761646 65.678050 727.494737 738 48 0.000000
1649621321647525461 66.278353 719.730564 721 48 0.000000
1649621322642135305 64.483758 744.010279 740 48 0.000000
1649621323651176573 67.338368 712.557590 719 48 0.000000
1649621324648320717 62.751808 766.188085 764 48 0.000000
1649621325646283988 64.327287 742.512296 741 48 0.000000
1649621326652173356 68.526732 703.854789 708 48 0.000000
1649621327651834309 68.544317 702.238085 702 48 0.000000
1649621328657559810 65.599328 726.838478 731 48 0.000000
1649621329660264779 64.812949 742.990264 745 48 0.000000
1649621330662033733 65.019880 733.702107 735 48 0.000000
1649621331659344610 64.654146 744.000665 742 48 0.000000
1649621332664719233 63.019248 760.910446 765 48 0.000000
1649621333666564029 62.862996 770.578440 772 48 0.000000
1649621334664242555 62.649494 763.772987 762 48 0.000000
1649621335668981455 64.604129 739.495611 743 48 0.000000
1649621336666911132 62.310678 767.589181 766 48 0.000000
1649621337665933277 66.010119 732.716534 732 48 0.000000
1649621338672035905 64.168048 748.432587 753 48 0.000000
1649621339670849488 66.116890 728.864759 728 48 0.000000
1649621340675333110 67.666530 704.839765 708 48 0.000000
1649621341680133155 66.636289 719.546096 723 48 0.000000
1649621342678995189 67.254293 716.815733 716 48 0.000000
1649621343677779346 64.378868 747.909280 747 48 0.000000
1649621344682005216 62.670251 759.789298 763 48 0.000000
1649621345681631682 64.236307 748.279500 748 48 0.000000
1649621346687581743 67.585580 708.782707 713 48 0.000000
1649621347690238580 64.811572 744.023274 746 48 0.000000
1649621348689205451 60.321727 792.819061 792 48 0.000000
1649621349687742595 63.824519 756.106097 755 48 0.000000
1649621350691342139 63.339297 748.306438 751 48 0.000000
1649621351695076185 59.309068 807.982882 811 48 0.000000
1649621352697291023 60.782264 799.229883 801 48 0.000000
1649621353699823597 63.335611 754.090151 756 48 0.000000
1649621354699748743 61.460550 787.058993 787 48 0.000000
1649621355697177539 62.810238 757.948833 756 48 0.000000
1649621356701727845 63.856064 752.575550 756 48 0.000000
1649621357705981565 63.112469 761.759680 765 48 0.000000
1649621358706864447 65.987297 720.363968 721 48 0.000000
1649621359704057551 64.665640 748.099898 746 48 0.000000
1649621360710598568 64.470519 744.132615 749 48 0.000000
1649621361708160924 64.486620 747.822911 746 48 0.000000
1649621362712901507 66.455753 720.584012 724 48 0.000000
1649621363711081902 66.385703 723.316150 722 48 0.000000
1649621364709190792 62.498397 767.451335 766 48 0.000000
1649621365714691749 60.946360 784.683505 789 48 0.000000
1649621366711835330 64.001921 749.139858 747 48 0.000000
1649621367717137555 62.333041 773.896587 778 48 0.000000
1649621368721399880 60.877897 783.659811 787 48 0.000000
1649621369720194676 65.714831 735.886908 735 48 0.000000
