1679685895795606182 0.000000 700.944758 701 80 0.000000
1679685896795751207 0.000000 798.884094 799 80 0.000000
1679685897795998826 0.000000 829.794569 830 80 0.000000
1679685898796181644 0.000000 788.855783 789 80 0.000000
1679685899796427611 0.000000 764.811851 765 80 0.000000
1679685900796668700 0.000000 797.807721 798 80 0.000000
1679685901796837334 0.000000 779.868472 780 80 0.000000
1679685902797004366 0.000000 821.862722 822 80 0.000000
1679685903797289601 0.000000 788.774959 789 80 0.000000
1679685904797535022 0.000000 793.805231 794 80 0.000000
1679685905797699833 0.000000 782.870966 783 80 0.000000
1679685906797802869 0.000000 762.921422 763 80 0.000000
1679685907797964315 0.000000 804.870033 805 80 0.000000
1679685908798094332 0.000000 801.895763 802 80 0.000000
1679685909798263815 0.000000 801.864026 802 80 0.000000
1679685910796456417 100.047134 809.463079 808 80 0.000000
1679685911798176646 102.493185 776.663906 778 80 0.000000
1679685912800977160 102.104816 789.788258 792 80 0.000000
1679685913800508831 102.816004 769.360283 769 80 0.000000
1679685914804135985 98.161535 812.054585 815 80 0.000000
1679685915802072621 99.558515 824.701594 823 80 0.000000
1679685916806642121 99.906186 788.397410 792 80 0.000000
1679685917809371406 100.135427 780.868857 783 80 0.000000
1679685918811193512 100.712083 801.539510 803 80 0.000000
1679685919810490770 100.430637 804.565402 804 80 0.000000
1679685920813845117 100.269342 793.338866 796 80 0.000000
1679685921815312221 103.754270 759.885154 761 80 0.000000
1679685922818338606 102.993403 795.592152 798 80 0.000000
1679685923817308043 100.939356 795.820214 795 80 0.000000
1679685924820719661 99.426490 800.269785 803 80 0.000000
1679685925824105552 101.357462 782.351068 785 80 0.000000
1679685926819879767 100.937043 784.314281 781 80 0.000000
1679685927816186129 98.401964 836.088216 833 80 0.000000
1679685928829574678 102.749366 777.589262 788 80 0.000000
1679685929831785682 102.689475 766.305696 768 80 0.000000
1679685930831976091 100.231269 795.848463 796 80 0.000000
1679685931828321039 101.438475 802.934760 800 80 0.000000
1679685932836850100 97.726859 816.039937 823 80 0.000000
1679685933838005408 100.464808 791.086068 792 80 0.000000
1679685934840449973 98.506621 804.034485 806 80 0.000000
1679685935840544298 101.009692 796.924798 797 80 0.000000
1679685936841968473 97.531418 819.832448 821 80 0.000000
1679685937845743262 97.407863 826.878707 830 80 0.000000
1679685938847252077 98.918291 798.794758 800 80 0.000000
1679685939849227908 100.474124 805.408657 807 80 0.000000
1679685940850717188 98.997317 801.805887 803 80 0.000000
1679685941850950958 98.369296 827.806484 828 80 0.000000
1679685942853946432 102.563134 771.688427 774 80 0.000000
1679685943854793441 97.591291 825.300963 826 80 0.000000
1679685944857012562 99.806639 784.259563 786 80 0.000000
1679685945859339545 97.601342 833.061555 835 80 0.000000
1679685946854762798 101.377565 784.590779 781 80 0.000000
1679685947862397785 103.949972 779.052041 785 80 0.000000
1679685948863433963 96.833447 808.162600 809 80 0.000000
1679685949865775527 100.458660 806.112436 808 80 0.000000
1679685950864167123 98.658213 815.311350 814 80 0.000000
1679685951869180001 95.215229 831.830062 836 80 0.000000
1679685952866582055 97.329865 822.135865 820 80 0.000000
1679685953865245763 100.044812 807.078558 806 80 0.000000
1679685954872708843 98.735793 810.947831 817 80 0.000000
1679685955874862650 96.614665 816.241940 818 80 0.000000
1679685956873965953 97.540287 822.737788 822 80 0.000000
1679685957878210767 100.515454 799.605822 803 80 0.000000
1679685958881112106 102.381604 783.726081 786 80 0.000000
1679685959883413983 101.049127 792.176571 794 80 0.000000
1679685960883266422 104.751473 758.111837 758 80 0.000000
1679685961885366933 102.948728 788.344107 790 80 0.000000
1679685962888040318 95.151297 828.784249 831 80 0.000000
1679685963890312281 99.827408 804.173021 806 80 0.000000
1679685964891020737 103.340844 769.454883 770 80 0.000000
1679685965890751702 97.670170 830.223343 830 80 0.000000
1679685966894628093 99.144397 792.926331 796 80 0.000000
1679685967896538873 96.550004 840.394192 842 80 0.000000
1679685968895824015 99.042739 803.574409 803 80 0.000000
1679685969894554920 100.665810 789.001318 788 80 0.000000
1679685970889913188 94.475698 864.010540 860 80 0.000000
1679685971900591573 102.119891 780.663779 789 80 0.000000
1679685972903815055 97.850508 812.381271 815 80 0.000000
1679685973905632705 96.731640 828.494022 830 80 0.000000
1679685974907263315 100.239750 802.691212 804 80 0.000000
1679685975910654622 101.116466 788.326543 791 80 0.000000
1679685976912399738 98.005122 805.594113 807 80 0.000000
1679685977914365047 100.535256 802.423031 804 80 0.000000
1679685978915799141 100.402847 789.867248 791 80 0.000000
1679685979917799767 101.432761 798.402679 800 80 0.000000
1679685980918802675 99.936085 805.192474 806 80 0.000000
1679685981920770431 101.544450 779.466201 781 80 0.000000
1679685982921949691 100.706953 787.071822 788 80 0.000000
1679685983918354788 96.008863 845.037777 842 80 0.000000
1679685984925744793 99.213761 797.109430 803 80 0.000000
1679685985928030186 101.585339 780.216898 782 80 0.000000
1679685986929600642 100.085353 803.737741 805 80 0.000000
1679685987926580228 99.697053 803.426681 801 80 0.000000
1679685988930767686 99.853299 808.613971 812 80 0.000000
1679685989933716665 99.718874 805.624239 808 80 0.000000
1679685990936293919 98.559069 795.948630 798 80 0.000000
1679685991936862770 98.095997 823.531550 824 80 0.000000
1679685992937819960 99.561097 808.226358 809 80 0.000000
1679685993941520630 97.104054 815.980245 819 80 0.000000
1679685994941332306 99.377131 815.153570 815 80 0.000000
1679685995943369761 98.743291 811.346893 813 80 0.000000
1679685996946760252 99.454557 806.266401 809 80 0.000000
1679685997948135909 97.205112 809.885834 811 80 0.000000
1679685998949843929 100.101776 797.637627 799 80 0.000000
1679685999951491136 99.474250 805.672930 807 80 0.000000
1679686000947619806 98.348279 822.182916 819 80 0.000000
1679686001955123915 97.362583 815.877607 822 80 0.000000
1679686002956637433 101.256737 789.804609 791 80 0.000000
1679686003957770239 99.096291 809.083473 810 80 0.000000
1679686004959824592 99.822672 800.355787 802 80 0.000000
1679686005956674216 101.487989 797.512392 795 80 0.000000
1679686006962302174 101.080742 777.623637 782 80 0.000000
1679686007961129604 100.435474 793.930940 793 80 0.000000
1679686008967201674 98.192928 824.990599 830 80 0.000000
1679686009966138380 98.158401 806.857903 806 80 0.000000
1679686010970128802 97.732393 835.665351 839 80 0.000000
1679686011970754333 98.218794 810.493020 811 80 0.000000
1679686012968175853 97.958248 811.091367 809 80 0.000000
1679686013976097540 104.124016 765.932514 772 80 0.000000
1679686014977155983 100.207899 800.153092 801 80 0.000000
1679686015977368833 97.653765 814.826516 815 80 0.000000
1679686016977786427 100.552913 803.664467 804 80 0.000000
1679686017982283883 96.452935 831.261413 835 80 0.000000
1679686018982617842 102.399675 772.741960 773 80 0.000000
1679686019980774352 101.169905 790.457113 789 80 0.000000
1679686020985664275 99.229917 813.024413 817 80 0.000000
1679686021990467527 98.560225 811.104112 815 80 0.000000
1679686022990130701 97.497126 814.274179 814 80 0.000000
1679686023988524237 103.877985 772.240654 771 80 0.000000
1679686024994868597 96.860841 838.679126 844 80 0.000000
1679686025998340768 99.618826 792.249175 795 80 0.000000
1679686026998573140 98.929256 799.814122 800 80 0.000000
1679686027998983937 98.133061 820.662816 821 80 0.000000
1679686029002387811 98.062560 821.204732 824 80 0.000000
1679686030002363635 97.827470 812.019704 812 80 0.000000
1679686031002857088 96.257530 839.585687 840 80 0.000000
1679686032008523092 100.300989 794.498385 799 80 0.000000
1679686033008854373 96.721412 822.727347 823 80 0.000000
1679686034010840474 96.106442 833.344993 835 80 0.000000
1679686035013114725 96.429927 840.089426 842 80 0.000000
1679686036014389485 97.453203 804.973819 806 80 0.000000
1679686037016803179 100.073972 806.054464 808 80 0.000000
1679686038016985273 97.155144 822.850073 823 80 0.000000
1679686039019124424 95.763825 853.175024 855 80 0.000000
1679686040019782090 101.044538 767.495214 768 80 0.000000
1679686041023336001 97.031674 829.053650 832 80 0.000000
1679686042024647563 100.474514 799.950815 801 80 0.000000
1679686043026534744 96.383206 832.429056 834 80 0.000000
1679686044028750891 102.421920 764.306108 766 80 0.000000
1679686045030831325 102.541405 796.343341 798 79 0.000000
1679686046032133131 99.087607 805.950800 807 80 0.000000
1679686047034567349 98.740790 804.042688 806 80 0.000000
1679686048036250218 104.676447 767.708147 769 80 0.000000
1679686049037960261 97.325227 822.593323 824 80 0.000000
1679686050038986382 94.641976 851.126650 852 80 0.000000
1679686051040606957 99.651717 791.716939 793 80 0.000000
1679686052041469844 98.158240 823.289595 824 80 0.000000
1679686053041423678 96.406547 826.038151 826 80 0.000000
1679686054045788746 99.684044 800.505746 804 80 0.000000
1679686055046863972 100.912964 794.146113 795 80 0.000000
1679686056046322299 94.939888 841.455760 841 80 0.000000
1679686057048203406 97.357249 825.447245 827 80 0.000000
1679686058051607405 97.518411 813.231768 816 80 0.000000
1679686059052056490 98.765161 810.635801 811 80 0.000000
1679686060055585845 0.000000 802.169038 805 80 0.000000
1679686061055735921 0.000000 796.880407 797 80 0.000000
1679686062055910383 0.000000 773.864967 774 80 0.000000
1679686063056092209 0.000000 788.856557 789 80 0.000000
1679686064056248698 0.000000 793.875775 794 80 0.000000
1679686065056447738 0.000000 808.838961 809 80 0.000000
1679686066056704797 0.000000 803.793418 804 80 0.000000
1679686067056879361 0.000000 792.861603 793 80 0.000000
1679686068057075757 0.000000 818.839126 819 80 0.000000
1679686069057273787 0.000000 805.840500 806 80 0.000000
1679686070057428575 0.000000 829.871546 830 80 0.000000
1679686071057592191 0.000000 800.868933 801 80 0.000000
1679686072057856647 0.000000 796.789316 797 80 0.000000
1679686073058021946 0.000000 791.869081 792 80 0.000000
1679686074058170886 0.000000 825.877019 826 80 0.000000
