1659023116946207936 0.000000 302.985050 303 303 0.000000
1659023117946462253 0.000000 494.874140 495 798 0.000000
1659023118946682107 0.000000 506.888589 507 1305 0.000000
1659023119946841139 0.000000 490.921927 491 1796 0.000000
1659023120946986889 0.000000 496.927573 497 2293 0.000000
1659023121947132460 0.000000 520.924137 521 2814 0.000000
1659023122947360257 0.000000 515.882478 516 3330 0.000000
1659023123947492758 0.000000 497.934059 498 3828 0.000000
1659023124947644286 0.000000 513.922096 514 4342 0.000000
1659023125947855608 0.000000 496.895025 497 4839 0.000000
1659023126948040933 0.000000 503.906578 504 5343 0.000000
1659023127948235057 0.000000 502.902380 503 5846 0.000000
1659023128948410157 0.000000 497.912860 498 6344 0.000000
1659023129948571422 0.000000 505.918362 506 6850 0.000000
1659023130948755914 0.000000 500.907622 501 7351 0.000000
1659023131947199894 160.151852 505.786989 505 7857 0.000000
1659023132949277619 156.271599 506.946695 508 8364 0.000000
1659023133949046987 159.085881 511.117890 511 8876 0.000000
1659023134950300379 152.406302 518.350329 519 9396 0.000000
1659023135953952060 163.188842 489.213515 491 9885 0.000000
1659023136954585123 160.534746 496.685576 497 10382 0.000000
1659023137955798827 160.782720 498.395121 499 10882 0.000000
1659023138957989093 157.557733 508.885421 510 11391 0.000000
1659023139957884529 156.977407 512.053527 512 11903 0.000000
1659023140960462927 161.092983 496.719275 498 12401 0.000000
1659023141959610504 162.454765 492.419735 492 12893 0.000000
1659023142960012966 160.370504 499.798855 500 13393 0.000000
1659023143962824005 159.294727 499.595612 501 13894 0.000000
1659023144962799180 157.722863 508.012627 508 14402 0.000000
1659023145965156111 160.304600 499.821934 501 14904 0.000000
1659023146961818238 151.869900 526.758236 525 15429 0.000000
1659023147966895142 155.779344 508.418802 511 15940 0.000000
1659023148962959472 156.199170 525.066515 523 16462 0.000000
1659023149967680602 156.990252 503.622349 506 16969 0.000000
1659023150972140274 154.264893 512.713425 515 17483 0.000000
1659023151970730956 158.034675 509.718345 509 17992 0.000000
1659023152970736461 158.822315 507.997203 508 18502 0.000000
1659023153973957857 159.291983 507.365605 509 19009 0.000000
1659023154977092061 158.135023 499.434675 501 19510 0.000000
1659023155975627826 156.369456 505.740518 505 20016 0.000000
1659023156978231980 157.411013 512.664962 514 20531 0.000000
1659023157978371686 153.639729 514.928061 515 21045 0.000000
1659023158975316213 159.505535 512.566085 511 21556 0.000000
1659023159983193608 158.437535 500.060859 504 22060 0.000000
1659023160983528113 159.146258 498.833102 499 22559 0.000000
1659023161986875689 157.312964 508.298478 510 23068 0.000000
1659023162985981906 160.843636 498.445502 498 23566 0.000000
1659023163988871417 156.968792 505.539229 507 24073 0.000000
1659023164989777390 156.602741 517.531126 518 24591 0.000000
1659023165991593312 161.631992 491.108201 492 25083 0.000000
1659023166990964431 159.331490 502.315847 502 25585 0.000000
1659023167994088769 159.673067 503.427174 505 26093 0.000000
1659023168996336494 155.819817 511.849467 513 26603 0.000000
1659023169996698617 159.081323 494.820849 495 27098 0.000000
1659023170997519661 160.728893 511.579965 512 27610 0.000000
1659023171994458971 159.858832 509.559610 508 28118 0.000000
1659023173000054498 159.419120 482.301237 485 28604 0.000000
1659023174000960597 163.135617 491.554603 492 29097 0.000000
1659023175000840053 155.956727 516.062234 516 29611 0.000000
1659023176001786941 157.140211 513.513755 514 30126 0.000000
1659023177005078177 156.342577 505.336792 507 30632 0.000000
1659023178001551506 159.975539 511.804999 510 31142 0.000000
1659023179007637644 160.202752 492.005576 495 31637 0.000000
1659023180010143745 158.547901 501.742602 503 32142 0.000000
1659023181011137320 158.808434 507.495724 508 32649 0.000000
1659023182011757563 158.632178 502.688206 503 33151 0.000000
1659023183011298051 158.263450 508.233565 508 33660 0.000000
1659023184012865983 160.320449 503.211004 504 34163 0.000000
1659023185014514193 158.568271 498.178872 499 34662 0.000000
1659023186015989767 158.619430 507.251493 508 35170 0.000000
1659023187015299781 154.898027 513.354223 513 35686 0.000000
1659023188019931030 160.073332 499.685875 502 36185 0.000000
1659023189020640991 159.800978 503.642434 504 36689 0.000000
1659023190023425235 159.538331 495.620068 497 37186 0.000000
1659023191022762218 157.097045 506.335714 506 37693 0.000000
1659023192025773570 157.514309 514.450787 516 38208 0.000000
1659023193024774959 162.960714 485.484830 485 38693 0.000000
1659023194023993842 157.040682 517.404148 517 39210 0.000000
1659023195028633145 153.495919 519.589457 522 39732 0.000000
1659023196028972421 156.591820 514.825337 515 40249 0.000000
1659023197030529945 156.047657 500.220859 501 40750 0.000000
1659023198031933728 157.803567 509.285105 510 41258 0.000000
1659023199023435590 160.988731 499.242648 495 41755 0.000000
1659023200034924357 156.068333 515.082293 521 42275 0.000000
1659023201033573771 160.948373 501.677539 501 42775 0.000000
1659023202036592046 156.749175 501.486402 503 43280 0.000000
1659023203038789439 155.779319 513.870849 515 43795 0.000000
1659023204033853287 162.551954 495.445590 493 44286 0.000000
1659023205037758423 156.979888 508.016148 510 44797 0.000000
1659023206040239097 154.434170 526.693435 528 45326 0.000000
1659023207038460739 157.519496 503.896082 503 45827 0.000000
1659023208046234352 164.158554 484.235772 488 46315 0.000000
1659023209046780402 156.249938 514.718938 515 46831 0.000000
1659023210044891907 161.293784 486.919501 486 47320 0.000000
1659023211048437590 158.679782 515.173405 517 47834 0.000000
1659023212048443317 157.679203 500.997131 501 48340 0.000000
1659023213047890464 158.620480 502.277686 502 48836 0.000000
1659023214047976845 159.888886 506.956183 507 49343 0.000000
1659023215055455500 158.712506 507.206801 511 49856 0.000000
1659023216054621059 155.973338 508.424235 508 50363 0.000000
1659023217056387406 158.418159 504.109532 505 50869 0.000000
1659023218059516222 157.508438 505.418679 507 51374 0.000000
1659023219060039433 157.167231 512.731743 513 51887 0.000000
1659023220060978249 158.128322 506.524467 507 52394 0.000000
1659023221061721084 159.865589 501.627329 502 52896 0.000000
1659023222062302432 158.547088 500.708943 501 53397 0.000000
1659023223065697298 159.879999 503.291399 505 53904 0.000000
1659023224063154567 159.554757 492.251673 491 54393 0.000000
1659023225066616269 160.860282 505.250921 507 54900 0.000000
1659023226068680591 157.311827 499.967911 501 55401 0.000000
1659023227067795002 161.023088 500.443196 500 55901 0.000000
1659023228070647613 155.633641 519.518054 521 56422 0.000000
1659023229072536123 155.140631 514.029251 515 56937 0.000000
1659023230070821630 160.177357 498.855269 498 57435 0.000000
1659023231075164510 155.106384 509.786060 512 57947 0.000000
1659023232077174446 161.250920 502.988994 504 58454 0.000000
1659023233078036177 160.993328 500.568679 501 58952 0.000000
1659023234078739807 154.952250 509.641411 510 59462 0.000000
1659023235079931057 158.346477 503.400329 504 59966 0.000000
1659023236081501423 155.421978 517.187805 518 60484 0.000000
1659023237082790309 158.492719 498.357669 499 60983 0.000000
1659023238081826548 165.000206 490.472664 490 61474 0.000000
1659023239083826096 158.397119 506.986257 508 61981 0.000000
1659023240087029675 159.564181 500.396993 502 62483 0.000000
1659023241085879063 155.454958 518.596704 518 63003 0.000000
1659023242086469237 156.561066 498.705676 499 63502 0.000000
1659023243090096177 153.815858 524.099124 526 64026 0.000000
1659023244091388078 157.541447 515.334239 516 64544 0.000000
1659023245091879805 158.207239 503.752276 504 65046 0.000000
1659023246094435234 158.158183 502.715362 504 65550 0.000000
1659023247092903412 162.088630 496.760949 496 66046 0.000000
1659023248092014158 160.176753 498.443243 498 66546 0.000000
1659023249098471816 159.336422 501.759762 505 67049 0.000000
1659023250099540321 155.345164 512.452472 513 67562 0.000000
1659023251099508200 160.706643 497.015935 497 68060 0.000000
1659023252101320862 160.363735 507.080819 508 68567 0.000000
1659023253100977870 154.969114 512.175718 512 69079 0.000000
1659023254101579564 158.173218 505.695696 506 69585 0.000000
1659023255099066867 157.762115 510.282210 509 70094 0.000000
1659023256107234977 158.723630 503.884238 508 70602 0.000000
1659023257108098918 161.136906 491.575298 492 71094 0.000000
1659023258109179601 157.016319 508.450536 509 71603 0.000000
1659023259108085484 157.430550 509.557470 509 72112 0.000000
1659023260108282842 158.102600 503.900556 504 72617 0.000000
1659023261101427933 160.393705 504.458055 501 73117 0.000000
1659023262114704748 159.416952 503.317546 510 73627 0.000000
1659023263115139036 155.431742 512.777307 513 74140 0.000000
1659023264111445495 159.429558 500.849910 499 74640 0.000000
1659023265113535716 155.254850 512.927826 514 75154 0.000000
1659023266118771206 156.756235 506.349055 509 75662 0.000000
1659023267114213722 157.126362 525.394429 523 76186 0.000000
1659023268116048310 155.920330 502.078917 503 76690 0.000000
1659023269118764585 156.475618 505.626549 507 77195 0.000000
1659023270124403693 154.450833 521.061729 524 77719 0.000000
1659023271116429037 167.376181 483.858591 480 78199 0.000000
1659023272120554958 158.792310 496.949605 499 78702 0.000000
1659023273126770330 157.801202 504.862130 508 79206 0.000000
1659023274129143227 155.419562 516.773749 518 79726 0.000000
1659023275129242640 157.984589 507.949488 508 80232 0.000000
1659023276128197774 156.964900 510.533413 510 80743 0.000000
1659023277132997644 158.800919 499.602015 502 81249 0.000000
1659023278132493350 158.605975 513.258818 513 81757 0.000000
1659023279132071726 160.846246 499.210494 499 82256 0.000000
1659023280133758879 159.244073 499.157825 500 82757 0.000000
1659023281138746590 0.000000 503.488723 506 83262 0.000000
1659023282138951165 0.000000 509.895684 510 83772 0.000000
1659023283139153200 0.000000 505.897816 506 84278 0.000000
1659023284139296128 0.000000 507.927408 508 84786 0.000000
1659023285139453799 0.000000 526.916888 527 85313 0.000000
1659023286139640179 0.000000 503.906128 504 85817 0.000000
1659023287139792791 0.000000 506.922592 507 86324 0.000000
1659023288140007263 0.000000 515.889403 516 86840 0.000000
1659023289140229224 0.000000 493.890376 494 87334 0.000000
1659023290140386618 0.000000 499.921300 500 87834 0.000000
1659023291140541002 0.000000 517.920005 518 88352 0.000000
1659023292140760823 0.000000 502.889454 503 88855 0.000000
1659023293140951084 0.000000 510.902800 511 89366 0.000000
1659023294141130709 0.000000 514.907556 515 89881 0.000000
1659023295141318093 0.000000 498.906473 499 90380 0.000000
