1649612092671058033 177.143969 0.000000
1649612092726751011 88.416964 0.000000
1649612092727105285 88.546907 0.000000
1649612092798312251 176.701810 0.000000
1649612092815167985 176.667005 0.000000
1649612092815478607 88.363153 0.000000
1649612092913689398 88.389693 0.000000
1649612092913718793 88.367402 0.000000
1649612092976332052 88.405552 0.000000
1649612093017316291 88.517913 0.000000
1649612093017338653 88.698221 0.000000
1649612093064732525 88.394331 0.000000
1649612093087937960 88.391706 0.000000
1649612093144295524 88.596140 0.000000
1649612093234306064 88.473269 0.000000
1649612093259408125 88.373443 0.000000
1649612093322974550 176.754268 0.000000
1649612093467870104 88.487956 0.000000
1649612093556299151 88.419719 0.000000
1649612093565673743 88.451569 0.000000
1649612093621397097 88.416402 0.000000
1649612093752781697 88.527781 0.000000
1649612093813409365 88.556957 0.000000
1649612093913439486 176.557350 0.000000
1649612093958373497 88.485862 0.000000
1649612093958403413 88.479621 0.000000
1649612093973909768 176.625126 0.000000
1649612094046823173 88.440268 0.000000
1649612094200436468 88.399802 0.000000
1649612094216751608 176.595822 0.000000
1649612094248315399 88.785805 0.000000
1649612094272742604 88.359677 0.000000
1649612094320561443 88.350119 0.000000
1649612094335873593 176.673637 0.000000
1649612094336413465 176.617392 0.000000
1649612094409075298 176.933264 0.000000
1649612094464982107 88.389272 0.000000
1649612094694033599 88.412355 0.000000
1649612094723334379 176.804433 0.000000
1649612094755021741 88.333768 0.000000
1649612094795971846 176.994889 0.000000
1649612094827183137 88.372280 0.000000
1649612094839496617 88.498106 0.000000
1649612094956486386 176.621710 0.000000
1649612094972068101 88.347854 0.000000
1649612095173482261 88.386817 0.000000
1649612095189270924 88.468048 0.000000
1649612095262185181 88.395975 0.000000
1649612095334690151 88.529465 0.000000
1649612095349288923 176.805555 0.000000
1649612095478088819 88.548811 0.000000
1649612095576857997 88.367812 0.000000
1649612095636023644 88.607110 0.000000
1649612095640039841 176.762765 0.000000
1649612095728534871 88.485852 0.000000
1649612095794363817 88.421441 0.000000
1649612095913770878 88.620295 0.000000
1649612095986219281 88.347874 0.000000
1649612095998271060 88.347764 0.000000
1649612096012494821 88.515740 0.000000
1649612096171570934 88.353134 0.000000
1649612096476266338 88.501512 0.000000
1649612096678422999 88.432373 0.000000
1649612097072740186 88.521449 0.000000
1649612097099478352 88.498126 0.000000
1649612097145221601 88.513434 0.000000
1649612097146736150 176.485455 0.000000
1649612097245288521 176.695899 0.000000
1649612097289886373 88.512383 0.000000
1649612097323208590 176.466910 0.000000
1649612097405297072 88.492525 0.000000
1649612097507572682 88.358294 0.000000
1649612097522855266 176.492647 0.000000
1649612097550032626 88.410061 0.000000
1649612097595693340 176.608786 0.000000
1649612097824003422 88.591381 0.000000
1649612097942560198 88.490291 0.000000
1649612098098849158 88.489801 0.000000
1649612098145737482 88.387668 0.000000
1649612098274416461 88.514456 0.000000
1649612098274441147 88.530356 0.000000
1649612098378003849 88.549251 0.000000
1649612098388634636 88.562427 0.000000
1649612098403267713 88.514096 0.000000
1649612098636896824 88.523303 0.000000
1649612098652640904 88.330502 0.000000
1649612098751028416 88.403739 0.000000
1649612098771909514 176.611600 0.000000
1649612098828448648 176.518306 0.000000
1649612098853522115 88.420431 0.000000
1649612099015602539 176.490915 0.000000
1649612099474728569 88.440619 0.000000
1649612099553250006 176.495344 0.000000
1649612099826833935 88.444204 0.000000
1649612100100156896 176.566656 0.000000
1649612100116432984 88.353786 0.000000
1649612100116776748 88.726744 0.000000
1649612100156695499 88.379374 0.000000
1649612100205105276 88.321745 0.000000
1649612100229072909 88.405072 0.000000
1649612100245106882 88.401455 0.000000
1649612100333996873 88.880443 0.000000
1649612100445257834 88.329169 0.000000
1649612100518771163 88.389151 0.000000
1649612100633879666 88.420570 0.000000
1649612100647650077 88.385435 0.000000
1649612100679863376 88.569911 0.000000
1649612100711628244 176.544695 0.000000
1649612100880702597 88.359025 0.000000
1649612100985891788 88.406263 0.000000
1649612101185948904 176.563381 0.000000
1649612101387673284 88.387819 0.000000
1649612101430825536 88.543671 0.000000
1649612101460017542 88.433023 0.000000
1649612101532692961 176.593557 0.000000
1649612101548119566 88.483920 0.000000
1649612101710184070 88.464683 0.000000
1649612101710252107 88.452219 0.000000
1649612101765574190 88.516680 0.000000
1649612101865033551 88.421692 0.000000
1649612101927499724 88.449746 0.000000
1649612101967085682 88.317257 0.000000
1649612102111940279 88.417575 0.000000
1649612102144772268 88.471907 0.000000
1649612102217489113 88.412425 0.000000
1649612102822469013 176.718502 0.000000
1649612102851811942 88.429628 0.000000
1649612102869126776 88.543270 0.000000
1649612102967142310 88.456568 0.000000
1649612103024198844 88.343135 0.000000
1649612103112454475 176.571676 0.000000
1649612103184378776 88.319361 0.000000
1649612103184472893 88.298883 0.000000
1649612103241794092 88.495470 0.000000
1649612103359207296 88.454165 0.000000
1649612103386247939 88.332807 0.000000
1649612103386283275 88.374265 0.000000
1649612103431695282 88.267013 0.000000
1649612103519674285 88.357152 0.000000
1649612103520078432 88.377650 0.000000
1649612103547053323 176.531340 0.000000
1649612103680204423 176.577196 0.000000
1649612103721650537 88.407255 0.000000
1649612103737111426 176.650042 0.000000
1649612103954076142 88.575180 0.000000
1649612103954104956 88.580891 0.000000
1649612104000903393 88.515388 0.000000
1649612104114943744 176.704635 0.000000
1649612104316550573 88.631827 0.000000
1649612104404509980 176.824239 0.000000
1649612104478120440 176.522754 0.000000
1649612104606324198 88.394441 0.000000
1649612104634093027 176.588037 0.000000
1649612104694764586 88.427694 0.000000
1649612104751955040 176.561918 0.000000
1649612104794131985 176.540898 0.000000
1649612104850958918 88.453573 0.000000
1649612105185247228 88.567165 0.000000
1649612105213535240 88.384573 0.000000
1649612105277073592 176.567097 0.000000
1649612105301899114 176.769547 0.000000
1649612105388477602 88.506252 0.000000
1649612105605928098 88.412836 0.000000
1649612105635902540 176.569642 0.000000
1649612105750810657 88.419207 0.000000
1649612105793475155 88.414789 0.000000
1649612105884996367 176.805184 0.000000
1649612105926905669 88.530256 0.000000
1649612106154902944 176.666123 0.000000
1649612106243297305 88.388840 0.000000
1649612106417482397 88.559840 0.000000
1649612106751533513 88.632999 0.000000
1649612106853343480 176.631388 0.000000
1649612106864149855 88.381307 0.000000
1649612106895944318 88.416652 0.000000
1649612106968175975 176.629213 0.000000
1649612106968380238 88.402316 0.000000
1649612107024725268 88.356540 0.000000
1649612107097132454 88.477808 0.000000
1649612107113344881 88.381847 0.000000
1649612107447422557 176.671403 0.000000
1649612107633611388 88.314892 0.000000
1649612107721009081 88.359516 0.000000
1649612107809393183 88.373863 0.000000
1649612107891065414 88.454745 0.000000
1649612107894493430 88.549212 0.000000
1649612107983416872 88.434507 0.000000
1649612108128182744 88.415070 0.000000
1649612108157101457 176.588126 0.000000
1649612108199949579 176.612442 0.000000
1649612108214235997 88.415701 0.000000
1649612108240389096 88.435929 0.000000
1649612108245490227 88.380094 0.000000
1649612108256758588 88.361971 0.000000
1649612108417880044 88.470494 0.000000
1649612108490471606 88.626105 0.000000
1649612108590802039 88.514506 0.000000
1649612108675177558 88.426041 0.000000
1649612108720910517 88.535305 0.000000
1649612108808347694 88.514205 0.000000
1649612108832929899 88.455836 0.000000
1649612109053274771 176.602002 0.000000
1649612109172102113 176.873852 0.000000
1649612109605200838 88.449464 0.000000
1649612109749968683 88.363173 0.000000
1649612109778616548 88.385704 0.000000
1649612109838033245 176.839938 0.000000
1649612109894722650 88.520939 0.000000
1649612109923279265 176.629584 0.000000
1649612109923646734 88.416072 0.000000
1649612110025649582 88.375666 0.000000
1649612110052085792 88.341652 0.000000
1649612110285360719 176.613533 0.000000
1649612110345021534 176.589669 0.000000
1649612110414535767 88.519235 0.000000
1649612110430425199 176.633751 0.000000
1649612110445842216 176.599347 0.000000
1649612110562063223 176.495673 0.000000
1649612110618790179 88.343736 0.000000
1649612110791692997 88.357322 0.000000
1649612110821963035 88.379474 0.000000
1649612110837672499 176.527854 0.000000
1649612110864856812 176.739681 0.000000
1649612110910321899 88.351390 0.000000
1649612110921183517 88.467588 0.000000
1649612110937426722 88.545213 0.000000
1649612110981172306 88.343886 0.000000
1649612111114492023 88.557427 0.000000
1649612111283214636 88.339559 0.000000
1649612111343461560 88.491323 0.000000
1649612111386540554 176.522352 0.000000
1649612111707598195 176.567668 0.000000
1649612111884323989 176.715976 0.000000
1649612111981726144 88.450646 0.000000
1649612112094429168 88.361089 0.000000
1649612112200294796 176.709714 0.000000
1649612112255601098 88.532951 0.000000
1649612112297292733 88.502775 0.000000
1649612112311703954 88.527981 0.000000
1649612112343929356 88.377159 0.000000
1649612112442209015 88.352653 0.000000
1649612112442666803 88.377419 0.000000
1649612112488991391 88.385945 0.000000
1649612112575011402 88.511841 0.000000
1649612112617516010 176.816464 0.000000
1649612112633723869 177.006660 0.000000
1649612112706415027 88.527992 0.000000
1649612112719539466 88.557838 0.000000
1649612112719794124 88.397046 0.000000
1649612112722107200 88.373082 0.000000
1649612112794798317 88.374734 0.000000
1649612112851191927 88.435899 0.000000
1649612112937016062 88.430449 0.000000
1649612112968835291 176.551036 0.000000
1649612113036444354 88.445417 0.000000
1649612113067940798 88.392077 0.000000
1649612113214104910 88.461237 0.000000
1649612113226608686 88.395032 0.000000
1649612113314517056 176.692471 0.000000
1649612113384117030 88.383290 0.000000
1649612113529458710 88.412495 0.000000
1649612113576565384 88.489690 0.000000
1649612113720491440 88.575861 0.000000
1649612113749902496 176.666933 0.000000
1649612113793538605 88.413257 0.000000
1649612113806675197 88.380265 0.000000
1649612113951758242 88.536417 0.000000
1649612113964230108 88.414609 0.000000
1649612114096659205 88.485552 0.000000
1649612114109269241 88.476104 0.000000
1649612114139190464 88.342935 0.000000
1649612114195549199 88.372480 0.000000
1649612114227656659 88.352312 0.000000
1649612114300132974 88.432773 0.000000
1649612114316345271 176.591441 0.000000
1649612114316925278 88.711976 0.000000
1649612114372951160 88.386846 0.000000
1649612114487112988 176.466258 0.000000
1649612114547038829 176.539915 0.000000
1649612114821177899 88.431731 0.000000
1649612114935830126 176.602804 0.000000
1649612114952085244 88.458662 0.000000
1649612114978242781 88.441089 0.000000
1649612114981832890 176.646464 0.000000
1649612115024453726 88.314331 0.000000
1649612115080551813 176.465005 0.000000
1649612115346108075 88.426572 0.000000
1649612115346145205 88.411283 0.000000
1649612115489041842 176.559933 0.000000
1649612115561360511 176.620516 0.000000
1649612115571586478 88.532309 0.000000
1649612115716696583 88.445997 0.000000
1649612115762906897 88.390513 0.000000
1649612115764072602 176.518985 0.000000
1649612115764109521 176.561665 0.000000
1649612115804651130 176.561395 0.000000
1649612115861418441 88.465193 0.000000
1649612115949865431 176.887978 0.000000
1649612115949893483 88.465163 0.000000
1649612116038532212 88.422253 0.000000
1649612116094722562 88.479360 0.000000
1649612116141034587 176.508016 0.000000
1649612116286097964 176.625295 0.000000
1649612116295750186 88.411503 0.000000
1649612116400257568 176.550606 0.000000
1649612116560020438 88.350349 0.000000
1649612116690086715 88.330641 0.000000
1649612116704935968 88.414229 0.000000
1649612116745799821 88.353184 0.000000
1649612116818780521 88.382358 0.000000
1649612116850753920 176.624505 0.000000
1649612116876291065 176.601611 0.000000
1649612116933193169 88.433945 0.000000
1649612117051265286 176.595610 0.000000
1649612117066747756 88.417014 0.000000
1649612117140784365 176.507836 0.000000
1649612117180321441 88.420911 0.000000
1649612117284327484 88.405671 0.000000
1649612117285718080 176.619865 0.000000
1649612117285735292 176.622009 0.000000
1649612117367338795 88.467247 0.000000
1649612117502053556 176.539866 0.000000
1649612117703500866 88.389511 0.000000
1649612117904921306 88.403087 0.000000
1649612117994339405 88.315613 0.000000
1649612118097468785 88.562135 0.000000
1649612118153538278 88.497614 0.000000
1649612118153568695 88.499999 0.000000
1649612118225944381 88.441098 0.000000
1649612118298520263 88.453742 0.000000
1649612118429039219 88.382069 0.000000
1649612118501392394 88.345970 0.000000
1649612118574028127 88.364103 0.000000
1649612118646148736 88.341442 0.000000
1649612118676169134 176.555554 0.000000
1649612118748838781 88.478128 0.000000
1649612118790132460 88.369895 0.000000
1649612118805209630 88.498907 0.000000
1649612118935838332 88.341722 0.000000
1649612119064980046 176.436462 0.000000
1649612119079840000 88.352703 0.000000
1649612119094740468 88.376036 0.000000
1649612119121874476 88.460915 0.000000
1649612119225712163 88.375365 0.000000
1649612119255404767 176.505681 0.000000
1649612119327945102 176.611149 0.000000
1649612119369357573 88.357482 0.000000
1649612119384200283 88.477196 0.000000
1649612119443214415 88.611529 0.000000
1649612119499131583 176.754126 0.000000
1649612119539945332 88.404991 0.000000
1649612119545445752 177.210773 0.000000
1649612119684683641 88.394341 0.000000
1649612119762931002 88.586931 0.000000
1649612119819268237 88.526268 0.000000
1649612119845359551 176.567706 0.000000
1649612120006396829 88.420289 0.000000
1649612120048004235 88.628580 0.000000
1649612120079525026 88.527150 0.000000
1649612120254427241 88.586641 0.000000
1649612120264286100 88.550864 0.000000
1649612120311348431 88.528211 0.000000
1649612120425302710 176.589879 0.000000
1649612120481671454 88.480924 0.000000
1649612120643538517 88.416081 0.000000
1649612120689168262 176.551256 0.000000
1649612120689256297 88.548509 0.000000
1649612120849976241 176.678235 0.000000
1649612120906523990 88.431611 0.000000
1649612120931964764 176.581562 0.000000
1649612120989008363 88.523001 0.000000
1649612121005683629 88.561284 0.000000
1649612121077067426 176.582034 0.000000
1649612121077727343 88.332655 0.000000
1649612121155913040 176.616900 0.000000
1649612121253459744 88.393449 0.000000
1649612121295574973 176.560354 0.000000
1649612121383900784 88.320723 0.000000
1649612121472298262 88.390635 0.000000
1649612121760512562 88.436800 0.000000
1649612121905346158 88.381596 0.000000
1649612122080695302 176.500401 0.000000
1649612122137772694 88.361338 0.000000
1649612122179650407 88.440738 0.000000
1649612122195729885 88.346240 0.000000
1649612122355340349 88.469592 0.000000
1649612122396997288 88.464352 0.000000
1649612122541675454 176.646545 0.000000
1649612122541979564 88.419739 0.000000
1649612122670664452 88.520678 0.000000
1649612122670861992 88.598344 0.000000
1649612122718205831 176.583036 0.000000
1649612122728242773 88.372129 0.000000
1649612122806619528 88.403808 0.000000
1649612122831474694 88.378500 0.000000
1649612122862405760 88.309352 0.000000
1649612122919516314 88.417294 0.000000
1649612123006945526 88.404449 0.000000
1649612123015192092 88.409850 0.000000
1649612123137041259 176.514247 0.000000
1649612123151593144 88.369594 0.000000
1649612123160685235 88.288943 0.000000
1649612123249101137 88.413367 0.000000
1649612123465841661 176.630635 0.000000
1649612123529728837 176.512965 0.000000
1649612123618105074 88.372991 0.000000
1649612123666738790 88.415821 0.000000
1649612123731227583 88.443653 0.000000
1649612123812096308 88.362400 0.000000
1649612123916512850 88.396966 0.000000
1649612123956346862 88.426591 0.000000
1649612124077649584 88.394971 0.000000
1649612124103957915 88.490932 0.000000
1649612124222539306 88.428063 0.000000
1649612124262419044 88.413157 0.000000
1649612124318734188 88.407486 0.000000
1649612124351077299 176.593215 0.000000
1649612124367112054 176.558069 0.000000
1649612124399334460 88.398840 0.000000
1649612124455528115 88.494248 0.000000
1649612124625283273 88.424457 0.000000
1649612124761306757 176.711677 0.000000
1649612124817960996 88.555132 0.000000
1649612124842642517 88.505739 0.000000
1649612124849723089 88.406534 0.000000
1649612124890540374 88.522841 0.000000
1649612124929991920 176.677844 0.000000
1649612124930861409 176.734630 0.000000
1649612125019063850 88.408296 0.000000
1649612125204794722 88.378972 0.000000
1649612125219987659 176.544323 0.000000
1649612125324832433 88.438303 0.000000
1649612125365656982 88.377028 0.000000
1649612125413516717 176.733688 0.000000
1649612125454058836 88.579147 0.000000
1649612125510592770 88.458500 0.000000
1649612125558297785 88.418215 0.000000
1649612125615001797 88.365446 0.000000
1649612125638978678 88.386416 0.000000
1649612125727735047 88.396184 0.000000
1649612126065201172 88.434075 0.000000
1649612126145809118 88.432773 0.000000
1649612126218429894 88.424858 0.000000
1649612126290709069 88.368352 0.000000
1649612126306745837 176.769345 0.000000
1649612126339234121 88.426381 0.000000
1649612126427515790 176.694635 0.000000
1649612126539751438 88.406313 0.000000
1649612126612070418 88.397537 0.000000
1649612126627996859 176.675048 0.000000
1649612126685285517 176.920338 0.000000
1649612126701267964 88.645141 0.000000
1649612126757445459 88.333087 0.000000
1649612126845761944 88.448672 0.000000
1649612126942484724 88.318428 0.000000
1649612126958405695 88.414829 0.000000
1649612127079162304 88.365005 0.000000
1649612127087144215 88.404460 0.000000
1649612127135566705 176.698883 0.000000
1649612127135794983 88.501031 0.000000
1649612127264670879 88.404279 0.000000
1649612127304602424 88.491312 0.000000
1649612127392778766 176.603063 0.000000
1649612127497429206 88.407625 0.000000
1649612127521594730 88.310693 0.000000
1649612127545560591 88.361149 0.000000
1649612127569737506 176.610087 0.000000
1649612127666354308 88.297649 0.000000
1649612127730399650 176.568759 0.000000
1649612127738823219 88.462308 0.000000
1649612127955927595 88.417384 0.000000
1649612127964189831 176.920137 0.000000
1649612128100666544 88.367160 0.000000
1649612128149155418 88.384762 0.000000
1649612128222025211 88.505740 0.000000
1649612128245522473 88.348825 0.000000
1649612128294389936 88.471965 0.000000
1649612128310265523 88.396585 0.000000
1649612128398474847 176.548802 0.000000
1649612128462670952 88.355238 0.000000
1649612128518048417 88.419938 0.000000
1649612128583535872 88.426591 0.000000
1649612128599690191 176.447742 0.000000
1649612128631802660 88.345568 0.000000
1649612128816767326 88.391465 0.000000
1649612128945962541 88.474781 0.000000
1649612129017891240 88.497815 0.000000
1649612129066505840 88.431541 0.000000
1649612129106473272 88.573817 0.000000
1649612129163087105 88.378941 0.000000
1649612129225740167 88.361058 0.000000
1649612129251442843 88.353123 0.000000
1649612129291490305 88.399139 0.000000
1649612129436432054 88.467528 0.000000
1649612129468836633 88.321405 0.000000
1649612129501036206 88.816784 0.000000
1649612129660184701 88.449794 0.000000
1649612129846281389 88.354786 0.000000
1649612130063465055 88.403058 0.000000
1649612130167684315 88.401233 0.000000
1649612130168036245 88.500859 0.000000
1649612130273903155 88.364194 0.000000
1649612130489572401 176.894459 0.000000
1649612130530220379 88.405371 0.000000
1649612130546289197 88.729989 0.000000
1649612130618503431 88.459342 0.000000
1649612130636097818 88.286277 0.000000
1649612130642910788 88.540795 0.000000
1649612130779233773 176.666993 0.000000
1649612131053222769 176.804459 0.000000
1649612131125568950 88.761649 0.000000
1649612131126068967 89.004443 0.000000
1649612131270675568 88.500759 0.000000
1649612131327164417 88.530998 0.000000
1649612131366763249 88.498256 0.000000
1649612131439251165 88.607620 0.000000
1649612131544590425 88.447690 0.000000
1649612131560162553 88.426822 0.000000
1649612131728804725 88.368121 0.000000
1649612131744412920 176.663747 0.000000
1649612131777429464 88.528171 0.000000
1649612131792632890 176.553400 0.000000
1649612131793260336 176.636646 0.000000
1649612131937929855 176.574940 0.000000
1649612131994589935 88.378350 0.000000
1649612132010734856 176.689415 0.000000
1649612132010948256 88.586771 0.000000
1649612132083186254 88.586971 0.000000
1649612132300264570 176.781598 0.000000
1649612132341376859 88.498185 0.000000
1649612132372718744 176.643308 0.000000
1649612132445281641 88.328457 0.000000
1649612132517546039 176.635344 0.000000
1649612132574457880 88.312557 0.000000
1649612132590083077 176.527631 0.000000
1649612132831285571 88.491894 0.000000
1649612132863658608 88.373200 0.000000
1649612132920597551 88.308599 0.000000
1649612133008475755 88.453753 0.000000
1649612133009276135 88.416182 0.000000
1649612133009307123 88.394241 0.000000
1649612133371721878 88.386466 0.000000
1649612133444077095 88.362790 0.000000
1649612133699862783 176.640423 0.000000
1649612133989472348 176.612009 0.000000
1649612134006119630 88.587873 0.000000
1649612134094561510 88.431290 0.000000
1649612134207357316 88.638457 0.000000
1649612134352087528 88.475863 0.000000
1649612134424624447 88.434786 0.000000
1649612134458049957 88.709441 0.000000
1649612134618139729 88.288983 0.000000
1649612134763661695 176.536919 0.000000
1649612134793957219 176.606118 0.000000
1649612134850627888 88.369324 0.000000
1649612134931743717 88.409990 0.000000
1649612134964578640 88.427993 0.000000
1649612134970591710 176.624733 0.000000
1649612135052727190 176.612270 0.000000
1649612135059363649 88.342023 0.000000
1649612135181977227 88.489058 0.000000
1649612135237839932 176.955152 0.000000
1649612135285766843 176.540967 0.000000
1649612135310010594 176.634341 0.000000
1649612135437503468 176.594416 0.000000
1649612135470842948 88.551605 0.000000
1649612135518797450 176.538852 0.000000
1649612135567041064 88.455133 0.000000
1649612135655424655 88.373391 0.000000
1649612135711650631 88.403849 0.000000
1649612135850307721 176.688002 0.000000
1649612135979731494 88.582844 0.000000
1649612136018361208 88.519414 0.000000
1649612136051926330 88.507222 0.000000
1649612136178223954 176.517171 0.000000
1649612136197426636 176.621458 0.000000
1649612136219259749 88.429837 0.000000
1649612136308016348 88.437150 0.000000
1649612136340291352 88.408387 0.000000
1649612136428628936 88.327976 0.000000
1649612136429529093 176.491844 0.000000
1649612136452966883 88.414007 0.000000
1649612136508980311 88.426410 0.000000
1649612136517003579 88.368683 0.000000
1649612136758388154 176.621477 0.000000
1649612136815149914 88.509335 0.000000
1649612136831035138 88.440476 0.000000
1649612136921026492 88.339888 0.000000
1649612137064178026 176.711406 0.000000
1649612137081780158 88.571633 0.000000
1649612137081823940 88.398629 0.000000
1649612137097736956 88.340269 0.000000
1649612137208879273 176.613272 0.000000
1649612137313691977 176.580470 0.000000
1649612137338218518 88.349957 0.000000
1649612137371384421 176.679466 0.000000
1649612137385442782 176.554031 0.000000
1649612137426596297 88.368462 0.000000
1649612137483099913 88.460563 0.000000
1649612137660818036 176.591060 0.000000
1649612137661311912 88.375575 0.000000
1649612137716101556 176.519746 0.000000
1649612137878517317 88.439114 0.000000
1649612138022364975 176.674377 0.000000
1649612138118837927 88.423826 0.000000
1649612138207354146 88.376507 0.000000
1649612138313169098 88.364665 0.000000
1649612138746890896 88.408126 0.000000
1649612138875253530 176.620916 0.000000
1649612138875856630 88.570661 0.000000
1649612138988587355 88.476364 0.000000
1649612139053399264 88.434035 0.000000
1649612139310609722 88.567325 0.000000
1649612139326173894 88.549782 0.000000
1649612139327635804 88.530105 0.000000
1649612139366981851 176.637257 0.000000
1649612139399012668 88.392877 0.000000
1649612139399995239 88.336200 0.000000
1649612139503241106 88.468589 0.000000
1649612139545151750 88.456556 0.000000
1649612139560331342 88.348203 0.000000
1649612139600539746 88.325531 0.000000
1649612139761268335 176.555373 0.000000
1649612139761529134 88.438504 0.000000
1649612139817932041 88.376556 0.000000
1649612139930709192 88.529132 0.000000
1649612140196944896 88.454203 0.000000
1649612140220502751 88.348594 0.000000
1649612140339740593 88.401163 0.000000
1649612140339790897 88.477847 0.000000
1649612140365069638 88.455075 0.000000
1649612140381462624 88.652544 0.000000
1649612140413863343 88.300804 0.000000
1649612140526055920 88.528983 0.000000
1649612140557130734 88.611207 0.000000
1649612140598519630 88.381226 0.000000
1649612140727461439 88.434324 0.000000
1649612140904120286 176.651413 0.000000
1649612141138822275 88.442861 0.000000
1649612141306996419 88.384612 0.000000
1649612141379469908 88.389601 0.000000
1649612141442437590 88.412223 0.000000
1649612141499052535 88.423575 0.000000
1649612141603121034 176.553049 0.000000
1649612141685349497 88.518843 0.000000
1649612141878742390 88.379302 0.000000
1649612141919181235 88.435998 0.000000
1649612141974892666 88.468870 0.000000
1649612142150989971 88.516359 0.000000
1649612142192143987 88.348244 0.000000
1649612142223434656 88.398998 0.000000
1649612142409741487 88.411442 0.000000
1649612142627306896 88.577193 0.000000
1649612142835991730 176.610145 0.000000
1649612143021840432 88.386465 0.000000
1649612143037289719 176.804800 0.000000
1649612143134080807 88.403417 0.000000
1649612143191761520 88.488838 0.000000
1649612143222528267 88.442100 0.000000
1649612143238207224 176.667213 0.000000
1649612143280124090 88.359043 0.000000
1649612143383727968 88.357922 0.000000
1649612143408745669 88.376025 0.000000
1649612143496120489 88.321955 0.000000
1649612143600864744 88.413997 0.000000
1649612143890951071 88.399740 0.000000
1649612143979288815 88.328757 0.000000
1649612144050391775 176.594647 0.000000
1649612144107051214 88.421050 0.000000
1649612144107100286 88.495179 0.000000
1649612144124232728 88.376737 0.000000
1649612144205498747 88.532770 0.000000
1649612144252920461 88.502162 0.000000
1649612144278107239 88.495580 0.000000
1649612144341404840 88.519635 0.000000
1649612144350306064 88.387187 0.000000
1649612144365249212 88.409779 0.000000
1649612144413741282 88.514636 0.000000
1649612144485881837 176.669647 0.000000
1649612144568126621 88.445456 0.000000
1649612144599018622 88.454082 0.000000
1649612144655999503 176.482807 0.000000
1649612144713269036 88.422744 0.000000
1649612144785876546 88.392807 0.000000
1649612144848168782 176.567485 0.000000
1649612144873877819 176.678303 0.000000
1649612144874337110 88.454132 0.000000
1649612144905018216 88.399661 0.000000
1649612145002886874 88.378901 0.000000
1649612145017220411 88.397998 0.000000
1649612145365361341 88.380655 0.000000
1649612145757507231 88.397306 0.000000
1649612145773854001 88.598192 0.000000
1649612145861539622 88.476614 0.000000
1649612145918598869 88.355607 0.000000
1649612146063499822 88.526198 0.000000
1649612146192182796 176.777078 0.000000
1649612146280852171 88.322695 0.000000
1649612146368625888 88.428574 0.000000
1649612146368882609 88.349405 0.000000
1649612146457742121 88.852308 0.000000
1649612146466470020 88.442561 0.000000
1649612146513626707 88.538901 0.000000
1649612146569394053 88.554339 0.000000
1649612146714232187 88.423073 0.000000
1649612146860594539 88.367430 0.000000
1649612146960069116 88.521157 0.000000
1649612147021313819 176.665600 0.000000
1649612147093188386 88.481373 0.000000
1649612147207015846 88.405692 0.000000
1649612147279778317 88.370235 0.000000
1649612147672123390 88.502552 0.000000
1649612147684813606 88.497704 0.000000
1649612147727972980 88.476554 0.000000
1649612147816129204 176.662042 0.000000
1649612147931588883 88.417785 0.000000
1649612147946831914 88.378270 0.000000
1649612148003991389 88.428113 0.000000
1649612148019873898 88.395471 0.000000
1649612148035306314 88.468439 0.000000
1649612148046909301 88.507803 0.000000
1649612148135327016 88.408938 0.000000
1649612148205394966 88.466876 0.000000
1649612148264257724 88.407354 0.000000
1649612148294526477 88.804238 0.000000
1649612148511674073 88.413807 0.000000
1649612148668975157 88.458921 0.000000
1649612148742058759 88.303319 0.000000
1649612148742294611 88.328746 0.000000
1649612148757973789 88.489648 0.000000
1649612148801763045 88.329869 0.000000
1649612148872811433 176.462960 0.000000
1649612148874180729 88.452509 0.000000
1649612148915858808 88.312817 0.000000
1649612148946464202 88.266570 0.000000
1649612148988575472 88.554520 0.000000
1649612149074581446 88.447911 0.000000
1649612149294639126 176.662032 0.000000
1649612149366855223 176.531027 0.000000
1649612149509277839 88.614372 0.000000
1649612149571221832 176.598473 0.000000
1649612149671279553 88.536656 0.000000
1649612149684297723 88.613872 0.000000
1649612149684324894 88.603441 0.000000
1649612150019459507 176.677652 0.000000
1649612150177087413 88.422142 0.000000
1649612150233320191 88.482495 0.000000
1649612150233346360 88.587972 0.000000
1649612150265464881 88.372579 0.000000
1649612150438384309 88.415830 0.000000
1649612150438524742 88.319730 0.000000
1649612150522739057 88.389801 0.000000
1649612150757503963 88.323837 0.000000
1649612150860173339 176.558518 0.000000
1649612150860286010 88.308338 0.000000
1649612151078001520 88.458330 0.000000
1649612151335856275 88.491002 0.000000
1649612151424384846 88.370314 0.000000
1649612151440267986 176.704402 0.000000
1649612151452699657 88.373079 0.000000
1649612151456364947 176.931477 0.000000
1649612151714470772 88.662242 0.000000
1649612151826903988 88.492824 0.000000
1649612151971665088 88.426240 0.000000
1649612152116783096 88.545994 0.000000
1649612152149181742 88.513974 0.000000
1649612152149293021 88.661851 0.000000
1649612152237683583 88.618499 0.000000
1649612152325604646 176.599775 0.000000
1649612152334244810 88.589105 0.000000
1649612152455416897 88.577494 0.000000
1649612152479179566 88.437020 0.000000
1649612152495179425 88.598052 0.000000
1649612152671127028 88.440917 0.000000
1649612152728967720 88.334047 0.000000
1649612152800892210 88.396134 0.000000
1649612152841444308 88.330250 0.000000
1649612152873391438 176.669447 0.000000
1649612153091738651 88.606237 0.000000
1649612153091738641 88.529863 0.000000
1649612153236745412 88.728256 0.000000
1649612153421015423 88.500118 0.000000
1649612153482920123 88.476163 0.000000
1649612153509517285 88.496321 0.000000
1649612153599014131 88.538901 0.000000
1649612153742341945 88.420129 0.000000
1649612153815011281 88.396303 0.000000
1649612153861275405 176.765898 0.000000
1649612153885744678 176.519025 0.000000
1649612153934011476 88.512401 0.000000
1649612154000506439 88.657052 0.000000
1649612154014984275 88.415489 0.000000
1649612154191207755 88.526528 0.000000
1649612154412083849 176.774332 0.000000
1649612154449822964 88.395712 0.000000
1649612154595708331 176.555182 0.000000
1649612154785868332 88.346801 0.000000
1649612154797001840 88.337814 0.000000
1649612154932338355 88.486033 0.000000
1649612155020689063 88.345078 0.000000
1649612155101279907 88.398868 0.000000
1649612155208362474 176.454964 0.000000
1649612155421594240 88.470172 0.000000
1649612155788421975 176.525827 0.000000
1649612155890092759 176.596088 0.000000
1649612155944651810 176.595417 0.000000
1649612155989389904 88.382407 0.000000
1649612155990207967 88.432741 0.000000
1649612156132935575 176.575540 0.000000
1649612156163909721 88.319189 0.000000
1649612156207606743 88.702056 0.000000
1649612156219290753 176.610666 0.000000
1649612156234350990 88.427092 0.000000
1649612156332489604 88.597681 0.000000
1649612156424101484 88.538360 0.000000
1649612156451445767 176.674946 0.000000
1649612156463334841 88.432672 0.000000
1649612156497167143 88.444174 0.000000
1649612156508406299 88.515006 0.000000
1649612156598481821 88.309662 0.000000
1649612156671042643 88.398958 0.000000
1649612156725961980 176.539653 0.000000
1649612156730057887 176.577755 0.000000
1649612156815808962 88.416952 0.000000
1649612156858821912 88.490981 0.000000
1649612156886194157 176.625353 0.000000
1649612156888342013 88.480722 0.000000
1649612156927266520 176.559540 0.000000
1649612156976479661 176.592723 0.000000
1649612157015368291 88.349285 0.000000
1649612157015492935 88.510357 0.000000
1649612157056220972 88.375835 0.000000
1649612157250509212 88.667231 0.000000
1649612157305549244 176.514386 0.000000
1649612157526705483 176.749826 0.000000
1649612157538505570 176.627307 0.000000
1649612157583466191 88.398197 0.000000
1649612157611232374 176.613220 0.000000
1649612157615242300 88.531577 0.000000
1649612157708336819 88.427802 0.000000
1649612157901257014 176.744426 0.000000
1649612157901334339 88.437711 0.000000
1649612158128752014 88.329138 0.000000
1649612158287691628 88.356839 0.000000
1649612158335878376 176.699552 0.000000
1649612158408400616 176.619272 0.000000
1649612158537428416 88.357220 0.000000
1649612158553348616 88.464421 0.000000
1649612158625941789 88.467747 0.000000
1649612158641446700 176.574708 0.000000
1649612158681046874 176.626235 0.000000
1649612158770130956 176.747943 0.000000
1649612158882835481 176.492805 0.000000
1649612158931506116 176.623019 0.000000
1649612158959959206 88.498094 0.000000
1649612159027744346 176.552796 0.000000
1649612159060632549 88.490800 0.000000
1649612159092230865 176.530194 0.000000
1649612159100370010 88.497673 0.000000
1649612159105056675 88.671459 0.000000
1649612159133058229 88.523632 0.000000
1649612159205533501 88.451196 0.000000
1649612159318062437 88.566603 0.000000
1649612159350431497 88.575479 0.000000
1649612159567614869 88.326402 0.000000
1649612159639978161 88.417443 0.000000
1649612159664185834 88.557896 0.000000
1649612159679744045 88.405150 0.000000
1649612159712424890 88.383499 0.000000
1649612159752219588 176.576421 0.000000
1649612159752487670 88.296065 0.000000
1649612159808602869 88.386816 0.000000
1649612159840497039 88.383790 0.000000
1649612159840713915 88.490670 0.000000
1649612159840894684 88.422202 0.000000
1649612159881371891 88.423834 0.000000
1649612159929121169 88.620794 0.000000
1649612159929849765 88.382397 0.000000
1649612159929902904 88.397746 0.000000
1649612159974813702 88.527089 0.000000
1649612160063172374 88.353433 0.000000
1649612160275473275 88.450815 0.000000
1649612160452882428 88.458270 0.000000
1649612160482096404 88.404258 0.000000
1649612160565561014 88.408987 0.000000
1649612160582518868 88.823624 0.000000
1649612160582534788 88.939301 0.000000
1649612160814652342 88.515186 0.000000
1649612160838804501 176.588775 0.000000
1649612160903203546 88.544161 0.000000
1649612161104083129 88.398537 0.000000
1649612161192473360 88.398407 0.000000
1649612161216482902 176.664035 0.000000
1649612161279512019 88.412293 0.000000
1649612161467046630 176.475122 0.000000
1649612161539654901 176.644680 0.000000
1649612161554106909 176.689153 0.000000
1649612161619567143 88.327595 0.000000
1649612161667851143 88.403958 0.000000
1649612161723819335 88.504716 0.000000
1649612161755326290 88.414898 0.000000
1649612161812925700 88.601959 0.000000
1649612161884295850 176.679094 0.000000
1649612161909767843 88.342202 0.000000
1649612161909815092 88.379011 0.000000
1649612162028860601 176.580949 0.000000
1649612162030508840 88.384600 0.000000
1649612162085625907 176.638838 0.000000
1649612162117432263 88.488085 0.000000
1649612162319948584 88.323106 0.000000
1649612162504380439 88.531698 0.000000
1649612162561726875 88.365976 0.000000
1649612162608911955 176.696437 0.000000
1649612162682146500 88.376325 0.000000
1649612162753807316 176.543600 0.000000
1649612162841450287 88.459842 0.000000
1649612162987048195 176.531267 0.000000
1649612162987070547 176.635462 0.000000
1649612162987447403 176.618500 0.000000
1649612163068897026 88.325761 0.000000
1649612163317518152 88.350577 0.000000
1649612163333122880 176.948257 0.000000
1649612163333665037 88.359525 0.000000
1649612163406041313 176.686017 0.000000
1649612163430814817 88.398347 0.000000
1649612163462844431 88.562114 0.000000
1649612163508848237 176.547197 0.000000
1649612163565357323 88.370224 0.000000
1649612163597353885 88.497192 0.000000
1649612163653758285 88.391093 0.000000
1649612164130252149 176.617218 0.000000
1649612164130687605 88.374372 0.000000
1649612164131058901 88.496802 0.000000
1649612164203395794 88.414207 0.000000
1649612164348440173 88.469471 0.000000
1649612164506461716 88.496730 0.000000
1649612164621495627 88.326593 0.000000
1649612164927018376 176.571883 0.000000
1649612165000256778 88.628117 0.000000
1649612165015083879 176.605576 0.000000
1649612165095698627 88.358792 0.000000
1649612165111659993 88.348543 0.000000
1649612165144383889 88.419707 0.000000
1649612165240903347 88.405972 0.000000
1649612165305365150 176.600767 0.000000
1649612165362165873 88.445205 0.000000
1649612165377786210 88.523471 0.000000
1649612165481833278 176.464371 0.000000
1649612165538703070 176.528571 0.000000
1649612165651170521 88.354014 0.000000
1649612165691202614 88.526818 0.000000
1649612165715265696 176.557767 0.000000
1649612165724391440 176.491262 0.000000
1649612165796573272 88.389239 0.000000
1649612165803688358 88.418484 0.000000
1649612165811816412 176.587001 0.000000
1649612165853686541 88.421019 0.000000
1649612165965494565 88.373280 0.000000
1649612166013163462 88.445094 0.000000
1649612166086949130 176.556024 0.000000
1649612166284998198 176.511409 0.000000
1649612166360754861 88.401393 0.000000
1649612166447794009 88.447138 0.000000
1649612166534970527 88.590067 0.000000
1649612166608876130 88.364774 0.000000
1649612166753244002 176.529584 0.000000
1649612166937242564 176.724768 0.000000
1649612167052337229 88.436679 0.000000
1649612167124517267 88.486982 0.000000
1649612167170522265 176.570700 0.000000
1649612167210846606 88.431760 0.000000
1649612167230377864 88.420488 0.000000
1649612167404525704 88.524173 0.000000
1649612167486524364 88.481111 0.000000
1649612167645082494 88.365456 0.000000
1649612167824577476 88.376216 0.000000
1649612167897082524 88.362260 0.000000
1649612167969420908 88.361627 0.000000
1649612168007522533 88.559688 0.000000
1649612168072559624 176.583143 0.000000
1649612168187182224 88.330220 0.000000
1649612168245271692 88.396483 0.000000
1649612168275799281 88.418715 0.000000
1649612168317670421 88.391474 0.000000
1649612168369219460 88.386705 0.000000
1649612168427707145 88.434154 0.000000
1649612168549637392 88.322285 0.000000
1649612168724143481 176.580318 0.000000
1649612168789535457 88.347171 0.000000
1649612168854881056 176.636985 0.000000
1649612168964230773 176.655700 0.000000
1649612169108966875 176.651121 0.000000
1649612169128720840 88.476063 0.000000
1649612169142781855 88.527920 0.000000
1649612169159951897 88.478106 0.000000
1649612169165814315 88.411331 0.000000
1649612169187034689 88.408135 0.000000
1649612169471407696 88.435457 0.000000
1649612169544346085 88.394991 0.000000
1649612169665439834 176.647134 0.000000
1649612169761209818 88.570329 0.000000
1649612169810073835 176.515467 0.000000
1649612169817724645 88.440747 0.000000
1649612169839464252 88.401914 0.000000
1649612169912196977 88.604133 0.000000
1649612169962616538 88.426418 0.000000
1649612170107501680 88.391364 0.000000
1649612170202262662 88.399750 0.000000
1649612170215184823 88.341641 0.000000
1649612170341080041 88.504546 0.000000
1649612170347416638 88.488215 0.000000
1649612170350178545 176.671520 0.000000
1649612170413293512 176.788869 0.000000
1649612170709915968 88.401633 0.000000
1649612170722663000 88.515707 0.000000
1649612170795064825 88.440476 0.000000
1649612171012311465 88.476083 0.000000
1649612171065679102 88.525574 0.000000
1649612171100818094 176.573195 0.000000
1649612171132491210 177.016365 0.000000
1649612171189155567 88.542607 0.000000
1649612171229623306 88.434193 0.000000
1649612171362679336 88.383179 0.000000
1649612171374238602 88.354845 0.000000
1649612171435107600 88.435346 0.000000
1649612171446820714 88.397986 0.000000
1649612171572672922 176.723326 0.000000
1649612171629110343 88.439624 0.000000
1649612171645058385 88.460262 0.000000
1649612171652194771 88.374381 0.000000
1649612171797124797 88.479770 0.000000
1649612171953908500 88.499256 0.000000
1649612172049698601 88.439714 0.000000
1649612172063689655 88.390793 0.000000
1649612172079378541 176.709571 0.000000
1649612172152057144 88.399119 0.000000
1649612172243662010 88.397475 0.000000
1649612172264060354 88.402605 0.000000
1649612172281138684 88.482235 0.000000
1649612172281181965 88.466455 0.000000
1649612172434428899 88.527879 0.000000
1649612172441300879 88.429374 0.000000
1649612172586234190 88.425899 0.000000
1649612172593518864 88.391704 0.000000
1649612172606302395 88.408445 0.000000
1649612172678647042 88.419667 0.000000
1649612172682021186 88.437752 0.000000
1649612172694624138 176.667452 0.000000
1649612172774207072 88.339586 0.000000
1649612172956114645 88.521878 0.000000
1649612173113275956 88.446517 0.000000
1649612173136406159 88.577502 0.000000
1649612173201683530 88.398247 0.000000
1649612173238252462 88.454602 0.000000
1649612173318721847 88.394549 0.000000
1649612173330910122 88.583463 0.000000
1649612173346667076 176.674575 0.000000
1649612173391094106 88.379783 0.000000
1649612173471552651 176.565600 0.000000
1649612173514500119 88.420949 0.000000
1649612173729135955 176.567844 0.000000
1649612173818881387 176.656571 0.000000
1649612173825433327 88.437349 0.000000
1649612173889819768 88.534883 0.000000
1649612173909905375 88.480350 0.000000
1649612173925901697 88.522169 0.000000
1649612173925913389 88.554960 0.000000
1649612173948435482 176.532107 0.000000
1649612173982453844 88.522790 0.000000
1649612174042746842 88.382418 0.000000
1649612174164698539 88.498274 0.000000
1649612174310313969 88.463338 0.000000
1649612174366196531 88.347632 0.000000
1649612174489012156 88.357750 0.000000
1649612174493696416 88.524433 0.000000
1649612174633993277 88.507743 0.000000
1649612174656399674 88.590487 0.000000
1649612174687263543 88.434875 0.000000
1649612174703090528 176.644699 0.000000
1649612174729460093 88.592230 0.000000
1649612174889963898 88.429635 0.000000
1649612175068463884 88.532839 0.000000
1649612175285777249 88.358222 0.000000
1649612175381632402 88.570139 0.000000
1649612175526698402 88.552715 0.000000
1649612175541974254 88.478487 0.000000
1649612175629219210 88.421100 0.000000
1649612175846797430 88.446086 0.000000
1649612175870007484 176.600927 0.000000
1649612175919198744 88.356278 0.000000
1649612175999273439 88.400159 0.000000
1649612176121362623 88.434744 0.000000
1649612176137153040 176.580108 0.000000
1649612176155103645 88.475932 0.000000
1649612176243482746 88.368481 0.000000
1649612176353812489 88.418415 0.000000
1649612176396725411 88.424106 0.000000
1649612176434566287 88.638527 0.000000
1649612176498857569 88.498695 0.000000
1649612176499057474 176.572934 0.000000
1649612176643745947 88.509565 0.000000
1649612176804261865 176.572563 0.000000
1649612177241927120 88.528160 0.000000
1649612177351630038 88.386154 0.000000
1649612177440157897 88.517560 0.000000
1649612177459021213 88.486552 0.000000
1649612177465607859 88.461816 0.000000
1649612177547219886 176.721883 0.000000
1649612177547272475 176.709410 0.000000
1649612177569399547 88.443170 0.000000
1649612177764761478 88.381354 0.000000
1649612177774416114 88.452047 0.000000
1649612177774446130 88.508082 0.000000
1649612177956934672 88.495369 0.000000
1649612178063978306 88.367338 0.000000
1649612178174468340 88.596168 0.000000
1649612178319250507 88.556092 0.000000
1649612178400428311 88.551655 0.000000
1649612178417565471 88.409649 0.000000
1649612178490798343 176.532428 0.000000
1649612178562383286 88.562354 0.000000
1649612178615665343 176.752830 0.000000
1649612178706973925 88.361759 0.000000
1649612178925809242 176.742822 0.000000
1649612178962540408 88.460133 0.000000
1649612179107629191 88.462187 0.000000
1649612179124412919 88.406322 0.000000
1649612179173825965 176.695374 0.000000
1649612179311742454 176.608501 0.000000
1649612179561971022 88.365916 0.000000
1649612179779990010 88.581310 0.000000
1649612179784546920 176.631463 0.000000
1649612179868538458 88.538159 0.000000
1649612179882444031 176.631764 0.000000
1649612179913656322 88.439093 0.000000
1649612179997488371 88.403677 0.000000
1649612180012890660 176.547737 0.000000
1649612180032984051 88.525505 0.000000
1649612180165816481 88.501671 0.000000
1649612180356260654 88.455283 0.000000
1649612180395179461 88.465122 0.000000
1649612180421038148 88.544000 0.000000
1649612180509154476 176.635391 0.000000
1649612180534172527 176.672801 0.000000
1649612180600720380 88.387526 0.000000
1649612180862352572 176.569387 0.000000
1649612180879224335 176.540443 0.000000
1649612180950767680 88.404959 0.000000
1649612181011696470 88.372067 0.000000
1649612181024305383 176.740197 0.000000
1649612181368799705 176.592490 0.000000
1649612181435558683 88.433423 0.000000
1649612181435595722 88.464811 0.000000
1649612181736500934 88.450284 0.000000
1649612181776140451 176.529994 0.000000
1649612181844840537 88.545913 0.000000
1649612181952851073 176.707125 0.000000
1649612181969512672 176.579536 0.000000
1649612182015985367 88.449132 0.000000
1649612182207127438 88.374152 0.000000
1649612182295487903 88.355206 0.000000
1649612182340801526 88.424406 0.000000
1649612182383738182 176.620412 0.000000
1649612182451491524 88.375554 0.000000
1649612182548601288 176.647403 0.000000
1649612182569407656 88.524432 0.000000
1649612182581101003 176.639599 0.000000
1649612183031423190 88.464471 0.000000
1649612183039477106 88.360415 0.000000
1649612183111957888 88.350537 0.000000
1649612183563769647 88.486432 0.000000
1649612183618484220 88.356549 0.000000
1649612183636143979 88.387616 0.000000
1649612183706808668 176.613841 0.000000
1649612183708535915 88.411952 0.000000
1649612184070749818 88.425979 0.000000
1649612184102377930 88.373851 0.000000
1649612184175031355 176.495528 0.000000
1649612184214667697 176.509174 0.000000
1649612184247061854 88.344396 0.000000
1649612184303876202 88.421179 0.000000
1649612184339775468 176.542427 0.000000
1649612184357350068 176.591839 0.000000
1649612184448626991 88.404408 0.000000
1649612184613825665 88.468589 0.000000
1649612184758803169 88.525314 0.000000
1649612184758836221 88.534642 0.000000
1649612185068470885 88.453200 0.000000
1649612185131559152 176.729177 0.000000
1649612185172796584 88.385903 0.000000
1649612185292478687 176.858409 0.000000
1649612185365259591 88.575288 0.000000
1649612185499299705 88.588252 0.000000
1649612185571337346 176.684422 0.000000
1649612185664164303 88.526436 0.000000
1649612185720599711 88.505428 0.000000
1649612185727032057 176.702887 0.000000
1649612185784497817 88.434024 0.000000
1649612185950767609 176.674785 0.000000
1649612186073732765 88.428684 0.000000
1649612186082730770 88.553958 0.000000
1649612186114240378 176.573043 0.000000
1649612186115111952 88.358923 0.000000
1649612186146817498 88.661130 0.000000
1649612186162762715 176.920325 0.000000
1649612186202686345 88.440346 0.000000
1649612186235213721 88.390762 0.000000
1649612186259453735 88.347481 0.000000
1649612186331773164 176.636863 0.000000
1649612186369389048 88.534903 0.000000
1649612186372447551 88.593212 0.000000
1649612186514384075 88.445676 0.000000
1649612186895144972 176.670497 0.000000
1649612186911433521 176.557655 0.000000
1649612187004286347 88.533019 0.000000
1649612187167271273 88.554119 0.000000
1649612187182967572 176.591238 0.000000
1649612187185310223 88.418284 0.000000
1649612187273714901 88.393958 0.000000
1649612187379283540 88.604773 0.000000
1649612187801148249 88.375173 0.000000
1649612187868557946 88.456596 0.000000
1649612187925680000 88.463198 0.000000
1649612188109022402 88.411340 0.000000
1649612188110105272 88.314810 0.000000
1649612188182331356 88.332362 0.000000
1649612188197470562 88.386684 0.000000
1649612188235944655 88.518351 0.000000
1649612188248390142 88.278482 0.000000
1649612188393347127 88.457377 0.000000
1649612188415885812 176.658705 0.000000
1649612188472174855 88.405360 0.000000
1649612188525429501 88.418865 0.000000
1649612188541309375 176.625863 0.000000
1649612188683225771 88.407123 0.000000
1649612188690065301 88.376405 0.000000
1649612188906063840 88.489407 0.000000
1649612189100368278 176.562744 0.000000
1649612189187488449 88.399879 0.000000
1649612189195838580 88.438351 0.000000
1649612189405659039 176.484958 0.000000
1649612189407673836 88.582472 0.000000
1649612189430029257 88.551553 0.000000
1649612189568191637 176.715149 0.000000
1649612189611653268 88.411671 0.000000
1649612189630612484 88.485159 0.000000
1649612189662624985 176.911508 0.000000
1649612189703003247 88.426870 0.000000
1649612189847499408 88.258785 0.000000
1649612189864074405 88.387536 0.000000
1649612189880001047 88.464360 0.000000
1649612189992484947 88.331921 0.000000
1649612190080994422 88.319910 0.000000
1649612190186196434 88.533640 0.000000
1649612190346470829 88.388859 0.000000
1649612190354419567 88.484768 0.000000
1649612190442877004 88.448129 0.000000
1649612190644259408 88.419817 0.000000
1649612190800387080 176.682829 0.000000
1649612190893896477 176.717535 0.000000
1649612190990692253 88.348263 0.000000
1649612191151379321 88.495167 0.000000
1649612191207556585 88.543369 0.000000
1649612191215212465 88.345487 0.000000
1649612191256154773 88.567724 0.000000
1649612191311766487 88.412112 0.000000
1649612191344607923 88.474109 0.000000
1649612191439772111 88.496270 0.000000
1649612191452792715 176.785542 0.000000
1649612191489633206 88.454021 0.000000
1649612191498320899 88.379841 0.000000
1649612191593155710 88.383479 0.000000
1649612191674003644 176.591258 0.000000
1649612191762977289 88.413454 0.000000
1649612191779476153 88.323998 0.000000
1649612191803178819 88.452187 0.000000
1649612191819284867 88.397685 0.000000
1649612191860791684 88.413555 0.000000
1649612191866690430 88.474098 0.000000
1649612191980399747 88.481672 0.000000
1649612192012756594 88.466113 0.000000
1649612192028237621 176.568475 0.000000
1649612192052857375 88.461795 0.000000
1649612192197559362 88.379721 0.000000
1649612192322347345 176.513984 0.000000
1649612192451695023 88.376475 0.000000
1649612192519096595 176.588462 0.000000
1649612192616249961 88.392145 0.000000
1649612192648582443 88.392546 0.000000
1649612192761130934 88.449442 0.000000
1649612192793942032 88.433362 0.000000
1649612192823998338 176.639959 0.000000
1649612192906243971 88.569166 0.000000
1649612192922222891 88.491711 0.000000
1649612193025934830 88.517940 0.000000
1649612193025964275 88.569557 0.000000
1649612193098336784 88.439634 0.000000
1649612193103923736 88.503554 0.000000
1649612193196024762 88.550551 0.000000
1649612193284427076 88.387967 0.000000
1649612193393632331 88.439924 0.000000
1649612193482023193 88.380132 0.000000
1649612193597401108 88.361597 0.000000
1649612193610872327 88.426850 0.000000
1649612193669767325 88.346640 0.000000
1649612193814678915 88.446176 0.000000
1649612193829555709 88.477455 0.000000
1649612194056242962 88.347430 0.000000
1649612194106449124 88.421862 0.000000
1649612194106683674 88.347492 0.000000
1649612194170042578 88.439944 0.000000
1649612194273465535 88.423384 0.000000
1649612194336323120 88.361527 0.000000
1649612194829614073 88.363120 0.000000
1649612194852582663 88.376005 0.000000
1649612194852760066 88.286607 0.000000
1649612194893612597 88.331591 0.000000
1649612194900213098 88.414967 0.000000
1649612195059194989 93.494347 0.000000
1649612195132965509 176.486781 0.000000
1649612195339899158 88.411701 0.000000
1649612195423062493 88.353893 0.000000
1649612195423161919 88.354404 0.000000
1649612195438113824 88.395802 0.000000
1649612195498072395 90.766094 0.000000
1649612195498128710 90.852145 0.000000
1649612195529987864 180.301571 0.000000
1649612195530020525 90.947083 0.000000
1649612195568456216 88.516007 0.000000
1649612195660488354 90.036788 0.000000
1649612195688274713 176.638596 0.000000
1649612195719406214 91.177054 0.000000
1649612195750639885 88.297827 0.000000
1649612195877787279 176.492501 0.000000
1649612195946716244 88.463087 0.000000
1649612196020854222 88.640099 0.000000
1649612196036334627 176.623788 0.000000
1649612196044665272 88.459401 0.000000
1649612196088977657 88.388517 0.000000
1649612196091319616 88.413884 0.000000
1649612196135605342 100.968026 0.000000
1649612196165588409 88.589825 0.000000
1649612196181117556 176.632264 0.000000
1649612196310226757 88.377266 0.000000
1649612196430381345 88.476382 0.000000
1649612196515582148 88.448250 0.000000
1649612196599791192 88.365925 0.000000
1649612196743694662 88.583483 0.000000
1649612196748047371 88.513522 0.000000
1649612196888612394 88.397525 0.000000
1649612197006928706 88.380262 0.000000
1649612197066604337 176.578183 0.000000
1649612197082373012 176.613268 0.000000
1649612197384905323 176.567313 0.000000
1649612197443280947 88.457097 0.000000
1649612197468560409 88.416420 0.000000
1649612197473171772 88.390462 0.000000
1649612197483937951 176.527577 0.000000
1649612197541226398 88.546874 0.000000
1649612197685515931 88.376696 0.000000
1649612197690411087 88.445184 0.000000
1649612197701930067 88.379591 0.000000
1649612197705769984 176.537146 0.000000
1649612197762708034 88.509244 0.000000
1649612197991408530 88.376726 0.000000
1649612198007744329 88.390603 0.000000
1649612198007777190 88.437971 0.000000
1649612198052945110 88.442219 0.000000
1649612198125753084 88.433231 0.000000
1649612198197999607 88.496711 0.000000
1649612198280848532 88.432100 0.000000
1649612198343004332 88.465643 0.000000
1649612198398757901 88.347220 0.000000
1649612198442226775 88.406571 0.000000
1649612198560410870 88.430867 0.000000
1649612198699950841 88.339406 0.000000
1649612198720705432 88.426609 0.000000
1649612198720800420 176.609372 0.000000
1649612198777370079 88.480501 0.000000
1649612198804253768 88.385352 0.000000
1649612198897472930 176.670446 0.000000
1649612198977852667 88.427371 0.000000
1649612198989625292 88.453480 0.000000
1649612199094056629 88.593291 0.000000
1649612199094073781 88.502802 0.000000
1649612199170847530 88.494918 0.000000
1649612199182566845 88.505979 0.000000
1649612199237627626 176.593842 0.000000
1649612199383952075 88.463880 0.000000
1649612199647479608 88.524283 0.000000
1649612199656825425 88.335569 0.000000
1649612199792413680 88.381835 0.000000
1649612199936497218 88.575208 0.000000
1649612200009814146 88.695312 0.000000
1649612200148867276 88.466034 0.000000
1649612200543857882 88.520215 0.000000
1649612200597065650 88.320961 0.000000
1649612200605069441 176.551703 0.000000
1649612200615754228 88.535453 0.000000
1649612200852929609 176.865131 0.000000
1649612200852933556 88.656409 0.000000
1649612200950468558 88.447779 0.000000
1649612200978222327 88.427340 0.000000
1649612200981640293 88.491571 0.000000
1649612201024040033 88.479759 0.000000
1649612201038891019 88.413755 0.000000
1649612201127400083 88.499145 0.000000
1649612201158492109 88.370454 0.000000
1649612201249385491 88.539772 0.000000
1649612201270875711 88.394168 0.000000
1649612201372082895 176.531385 0.000000
1649612201386390671 88.323845 0.000000
1649612201466728510 88.611737 0.000000
1649612201474760214 88.360437 0.000000
1649612201630235003 88.394750 0.000000
1649612201774667204 88.415809 0.000000
1649612201810435464 88.452858 0.000000
1649612201820886273 88.397103 0.000000
1649612201975756899 176.497621 0.000000
1649612202064139436 88.379691 0.000000
1649612202118043679 88.573054 0.000000
1649612202118080027 88.554659 0.000000
1649612202253456145 88.348744 0.000000
1649612202321692651 88.355135 0.000000
1649612202335416293 88.361627 0.000000
1649612202351148400 176.743653 0.000000
1649612202351377189 88.362680 0.000000
1649612202394668210 88.397905 0.000000
1649612202462965140 88.439283 0.000000
1649612202466478806 88.396894 0.000000
1649612202483157497 88.482083 0.000000
1649612202538988281 88.370083 0.000000
1649612202607909471 88.330639 0.000000
1649612202801680538 176.533238 0.000000
1649612202842365224 88.470843 0.000000
1649612202877750046 88.484116 0.000000
1649612202974047408 88.625162 0.000000
1649612203134073788 176.577442 0.000000
1649612203191112365 88.412843 0.000000
1649612203263286232 88.364402 0.000000
1649612203336004178 88.447479 0.000000
1649612203365200972 88.502371 0.000000
1649612203437516113 88.412422 0.000000
1649612203480913103 88.331180 0.000000
1649612203529177526 88.397725 0.000000
1649612203545332455 88.419305 0.000000
1649612203800277421 88.435535 0.000000
1649612204017192047 88.336470 0.000000
1649612204104862028 88.415469 0.000000
1649612204180818014 88.375674 0.000000
1649612204297714254 176.530954 0.000000
1649612204466883649 88.530142 0.000000
1649612204567955380 88.383519 0.000000
1649612204572180769 88.537878 0.000000
1649612204900696371 88.384831 0.000000
1649612204920896101 88.418223 0.000000
1649612205006918654 88.393548 0.000000
1649612205151784618 88.480210 0.000000
1649612205210403909 88.374752 0.000000
1649612205224406184 88.324768 0.000000
1649612205464501648 176.486621 0.000000
1649612205500164381 88.433572 0.000000
1649612205971263477 176.549538 0.000000
1649612205972288368 88.415308 0.000000
1649612206058139060 88.355166 0.000000
1649612206060675584 88.379240 0.000000
1649612206363514488 176.564838 0.000000
1649612206456312912 88.857787 0.000000
1649612206606664157 88.385622 0.000000
1649612206610024886 176.613168 0.000000
1649612206641330242 88.478146 0.000000
1649612206659085531 88.392104 0.000000
1649612206673676569 88.575227 0.000000
1649612206679107388 88.373931 0.000000
1649612206946991527 88.495870 0.000000
1649612206963127119 88.608260 0.000000
1649612206986129674 88.391974 0.000000
1649612207041177400 88.449442 0.000000
1649612207324418623 88.364142 0.000000
1649612207340925151 176.606666 0.000000
1649612207348416051 88.377406 0.000000
1649612207412747419 88.319870 0.000000
1649612207436123733 88.366187 0.000000
1649612207638290125 88.633227 0.000000
1649612207781037689 176.636452 0.000000
1649612207837863218 88.523331 0.000000
1649612207904341359 88.440966 0.000000
1649612208048409137 88.465762 0.000000
1649612208121114009 88.313357 0.000000
1649612208159193882 88.357901 0.000000
1649612208200036864 88.389679 0.000000
1649612208417373390 88.456685 0.000000
1649612208417385433 88.481832 0.000000
1649612208707217700 88.354234 0.000000
1649612208795667371 88.412573 0.000000
1649612208847189509 88.406120 0.000000
1649612208990281389 88.432009 0.000000
1649612208992079048 88.481722 0.000000
1649612209100896285 88.512809 0.000000
1649612209142328973 88.435565 0.000000
1649612209207428390 88.384090 0.000000
1649612209207604069 88.366236 0.000000
1649612209295758698 176.742370 0.000000
1649612209295793804 88.361076 0.000000
1649612209376056601 88.295544 0.000000
1649612209479103413 88.344464 0.000000
1649612209497455561 88.470050 0.000000
1649612209570013077 88.561743 0.000000
1649612209570032573 88.359223 0.000000
1649612209637234660 88.612928 0.000000
1649612209714985340 88.366226 0.000000
1649612209859614510 88.463598 0.000000
1649612209867136018 88.485850 0.000000
1649612209893225016 176.690422 0.000000
1649612210004517653 88.442999 0.000000
1649612210044267617 176.783336 0.000000
1649612210100103671 176.462675 0.000000
1649612210165110935 176.493084 0.000000
1649612210239285721 176.734345 0.000000
1649612210406416587 176.607888 0.000000
1649612210607596310 88.404898 0.000000
1649612210802271282 88.593522 0.000000
1649612210839817355 88.424855 0.000000
1649612211014741547 88.717023 0.000000
1649612211057495201 88.540031 0.000000
1649612211115179760 88.364913 0.000000
1649612211164560965 88.501939 0.000000
1649612211275116301 88.612668 0.000000
1649612211304500876 88.635821 0.000000
1649612211316564918 88.311613 0.000000
1649612211332829343 88.446917 0.000000
1649612211533506644 88.304080 0.000000
1649612211599245910 88.445935 0.000000
1649612211622551412 88.383298 0.000000
1649612211671972422 88.619299 0.000000
1649612211695075916 88.546204 0.000000
1649612211889756227 88.519994 0.000000
1649612211912394668 88.406060 0.000000
1649612212057438986 88.463980 0.000000
1649612212130007342 88.386525 0.000000
1649612212274672229 88.361006 0.000000
1649612212323864531 88.496100 0.000000
1649612212469029685 88.359402 0.000000
1649612212557221063 176.657902 0.000000
1649612212613593082 88.452958 0.000000
1649612212686424370 88.376164 0.000000
1649612212686478732 88.452126 0.000000
1649612212739201371 88.364562 0.000000
1649612212854601306 88.392204 0.000000
1649612212903162796 88.476533 0.000000
1649612212903945793 88.455803 0.000000
1649612213055196774 88.478575 0.000000
1649612213120489984 88.487623 0.000000
1649612213282044097 176.613269 0.000000
1649612213333163460 88.432950 0.000000
1649612213354613535 88.445124 0.000000
1649612213416877777 88.334015 0.000000
1649612213483776897 88.431088 0.000000
1649612213522427700 176.565077 0.000000
1649612213666443019 88.343222 0.000000
1649612213738871132 88.452347 0.000000
1649612213773421440 88.345196 0.000000
1649612213883839518 176.684171 0.000000
1649612214006718161 88.375032 0.000000
1649612214140866777 88.509886 0.000000
1649612214149727815 176.657571 0.000000
1649612214207155122 88.341449 0.000000
1649612214223073959 176.588672 0.000000
1649612214230525415 88.302786 0.000000
1649612214351189076 88.324147 0.000000
1649612214374042310 88.582332 0.000000
1649612214399535763 176.456043 0.000000
1649612214487830735 88.290744 0.000000
1649612214570080166 88.506719 0.000000
1649612214735608367 88.367567 0.000000
1649612214932265393 88.439012 0.000000
1649612215186379132 88.439233 0.000000
1649612215274930063 88.509074 0.000000
1649612215347601492 88.410799 0.000000
1649612215363754227 88.400750 0.000000
1649612215540457664 88.378749 0.000000
1649612215580931565 88.492933 0.000000
1649612215709242569 176.603359 0.000000
1649612215765884674 88.375954 0.000000
1649612215893991016 176.500978 0.000000
1649612215950673155 88.396012 0.000000
1649612216015459104 88.451184 0.000000
1649612216023024995 88.391002 0.000000
1649612216160038531 88.435856 0.000000
1649612216200195728 88.374321 0.000000
1649612216216191329 88.435105 0.000000
1649612216561720568 88.417732 0.000000
1649612216594197128 88.403496 0.000000
1649612216634589576 88.340968 0.000000
1649612216738937146 88.344264 0.000000
1649612216747311412 88.375133 0.000000
1649612216763422920 88.420667 0.000000
1649612216831224171 88.409026 0.000000
1649612216851879165 88.390742 0.000000
1649612216867871709 88.354213 0.000000
1649612216883799644 176.637794 0.000000
1649612216903546736 88.406161 0.000000
1649612216956264815 88.578083 0.000000
1649612217052620766 176.567451 0.000000
1649612217414822975 176.598169 0.000000
1649612217463115691 88.399077 0.000000
1649612217624097901 176.846175 0.000000
1649612217684976577 88.408945 0.000000
1649612217761658172 88.396724 0.000000
1649612217830009924 88.558556 0.000000
1649612217954331452 88.432921 0.000000
1649612218119585028 88.362048 0.000000
1649612218187299145 88.513382 0.000000
1649612218202905716 176.589273 0.000000
1649612218227704457 88.422883 0.000000
1649612218316290183 88.503000 0.000000
1649612218351745117 176.577239 0.000000
1649612218445343971 88.571290 0.000000
1649612218476713758 88.400840 0.000000
1649612218524762786 88.396974 0.000000
1649612218638018092 176.601065 0.000000
1649612218694660437 88.425306 0.000000
1649612218750967274 88.473256 0.000000
1649612218814416106 88.498223 0.000000
1649612218936287531 88.407803 0.000000
1649612219015479792 88.524552 0.000000
1649612219350588188 88.348102 0.000000
1649612219354328930 88.406972 0.000000
1649612219421725351 88.498444 0.000000
1649612219495587762 88.544719 0.000000
1649612219644220256 88.661970 0.000000
1649612219748222198 88.356177 0.000000
1649612219812339102 88.504154 0.000000
1649612219857629610 88.385121 0.000000
1649612220134252337 88.416960 0.000000
1649612220206380477 88.412702 0.000000
1649612220223526204 88.527658 0.000000
1649612220312201558 88.424174 0.000000
1649612220351338754 88.387265 0.000000
1649612220424059355 88.447910 0.000000
1649612220568940316 88.562694 0.000000
1649612220762779411 88.423744 0.000000
1649612220786209166 176.688128 0.000000
1649612221020770295 88.531485 0.000000
1649612221109572048 88.684402 0.000000
1649612221254404037 88.384490 0.000000
1649612221285415843 176.659745 0.000000
1649612221285447493 176.655868 0.000000
1649612221293949277 88.682528 0.000000
1649612221342608580 176.555771 0.000000
1649612221349877253 88.499536 0.000000
1649612221522434759 88.470070 0.000000
1649612221528177543 88.530483 0.000000
1649612221688679644 176.597738 0.000000
1649612221728913865 88.598581 0.000000
1649612221827539921 176.581448 0.000000
1649612221890095049 88.470080 0.000000
1649612222010547594 88.356157 0.000000
1649612222028832004 88.317153 0.000000
1649612222107155417 88.333294 0.000000
1649612222212139689 176.847747 0.000000
1649612222268482484 88.464981 0.000000
1649612222319493573 88.327061 0.000000
1649612222324206887 88.414556 0.000000
1649612222380525006 88.362058 0.000000
1649612222413364347 88.492503 0.000000
1649612222462974822 88.379490 0.000000
1649612222485505721 88.424325 0.000000
1649612222608539254 88.307005 0.000000
1649612222613939035 88.418373 0.000000
1649612222670428624 88.515957 0.000000
1649612222702876372 88.424836 0.000000
1649612222758931185 88.500588 0.000000
1649612222846882523 176.779439 0.000000
1649612223193753116 88.605945 0.000000
1649612223282316220 88.479037 0.000000
1649612223338568274 88.630110 0.000000
1649612223483018048 88.460854 0.000000
1649612223805766888 176.871071 0.000000
1649612223821078036 176.750425 0.000000
1649612223845502425 88.545051 0.000000
1649612223910433034 88.401110 0.000000
1649612223928120146 176.664183 0.000000
1649612224062619309 88.538719 0.000000
1649612224135856558 88.420808 0.000000
1649612224151010721 88.382946 0.000000
1649612224182494191 88.369903 0.000000
1649612224239540093 88.524453 0.000000
1649612224279857480 88.351438 0.000000
1649612224490268645 88.478597 0.000000
1649612224491386030 88.346769 0.000000
1649612224497077167 88.371906 0.000000
1649612224514466139 88.444322 0.000000
1649612224529377427 88.335498 0.000000
1649612224570891477 88.587289 0.000000
1649612224617755244 88.374120 0.000000
1649612224634865274 88.376345 0.000000
1649612224731739406 88.381664 0.000000
1649612224786873464 88.426990 0.000000
1649612224891839072 88.462075 0.000000
1649612225021446326 88.380312 0.000000
1649612225123843400 88.728354 0.000000
1649612225310748127 88.462347 0.000000
1649612225364732549 88.418323 0.000000
1649612225383670114 88.410748 0.000000
1649612225399144719 88.413484 0.000000
1649612225493644981 88.429224 0.000000
1649612225527927768 176.628486 0.000000
1649612225600359978 88.488394 0.000000
1649612225664235841 176.707524 0.000000
1649612225800929277 88.454471 0.000000
1649612225817679903 88.384129 0.000000
1649612225866928900 88.417451 0.000000
1649612226009857382 88.353812 0.000000
1649612226225897398 176.708206 0.000000
1649612226283086097 88.512329 0.000000
1649612226299677394 88.449021 0.000000
1649612226373929154 88.429364 0.000000
1649612226389809279 176.684862 0.000000
1649612226435217838 88.449831 0.000000
1649612226453587749 88.432430 0.000000
1649612226759736086 88.385863 0.000000
1649612226808648402 88.433461 0.000000
1649612226847752405 176.654164 0.000000
1649612226848134010 88.395319 0.000000
1649612226881077898 88.335218 0.000000
1649612226951658307 88.374231 0.000000
1649612227049052583 88.422370 0.000000
1649612227049334221 88.346518 0.000000
1649612227087634798 88.524152 0.000000
1649612227105612765 88.410418 0.000000
1649612227112277567 176.594112 0.000000
1649612227170751895 88.340617 0.000000
1649612227193990953 88.371426 0.000000
1649612227338708086 176.561140 0.000000
1649612227556340146 88.573734 0.000000
1649612227572775682 88.401451 0.000000
1649612227658571630 88.482173 0.000000
1649612227658607126 88.481291 0.000000
1649612227661648817 88.863317 0.000000
1649612227682427543 176.666527 0.000000
1649612227684836528 88.415848 0.000000
1649612227820496226 88.547325 0.000000
1649612227894973750 88.364633 0.000000
1649612228020741046 88.616164 0.000000
1649612228071702093 176.609370 0.000000
1649612228078867313 88.413895 0.000000
1649612228165129374 88.359462 0.000000
1649612228189359139 88.344455 0.000000
1649612228191258488 88.315531 0.000000
1649612228280307173 88.458909 0.000000
1649612228352563724 88.389118 0.000000
1649612228406375414 176.532787 0.000000
1649612228463168852 88.527959 0.000000
1649612228497441279 88.520634 0.000000
1649612228714120482 88.418724 0.000000
1649612228714565526 88.549559 0.000000
1649612228752371326 88.578282 0.000000
1649612228763407501 88.336069 0.000000
1649612228875366647 88.375703 0.000000
1649612228908488718 88.390661 0.000000
1649612229059786046 88.399368 0.000000
1649612229250407569 176.506037 0.000000
1649612229470223762 176.580025 0.000000
1649612229476125473 88.492352 0.000000
1649612229494238172 88.305592 0.000000
1649612229687353499 88.488665 0.000000
1649612229711644148 88.405288 0.000000
1649612229799814987 176.642592 0.000000
1649612229850317424 88.479598 0.000000
1649612229856284478 88.344825 0.000000
1649612230017237884 88.451134 0.000000
1649612230055140625 88.452387 0.000000
1649612230067504469 88.350085 0.000000
1649612230146137752 88.408224 0.000000
1649612230200033449 88.369863 0.000000
1649612230224272460 88.374982 0.000000
1649612230281907857 176.674562 0.000000
1649612230395540149 88.446596 0.000000
1649612230562104952 88.364031 0.000000
1649612230669348389 88.618439 0.000000
1649612230779894426 88.481832 0.000000
1649612230814018545 88.358220 0.000000
1649612230902948978 88.331200 0.000000
1649612231047668708 88.374722 0.000000
1649612231136010327 88.338584 0.000000
1649612231176251131 176.547214 0.000000
1649612231264845393 88.334185 0.000000
1649612231498177740 88.580628 0.000000
1649612231517250658 88.536795 0.000000
1649612231570384457 88.291165 0.000000
1649612231641779633 88.570919 0.000000
1649612231730219326 88.430286 0.000000
1649612231988964945 88.364963 0.000000
1649612232003390483 88.378849 0.000000
1649612232061345288 88.449742 0.000000
1649612232099551228 176.656969 0.000000
1649612232118282536 88.397304 0.000000
1649612232169449949 88.595024 0.000000
1649612232206650734 88.358810 0.000000
1649612232247565341 88.403716 0.000000
1649612232314338976 88.370704 0.000000
1649612232350587306 88.356707 0.000000
1649612232590901639 88.529762 0.000000
1649612232604174627 88.487834 0.000000
1649612232625566200 176.558313 0.000000
1649612232698129978 176.685293 0.000000
1649612232735438776 88.343173 0.000000
1649612232821568429 88.385802 0.000000
1649612232857706753 88.376666 0.000000
1649612232894066773 88.378638 0.000000
1649612232915468306 176.658953 0.000000
1649612232915610543 88.341089 0.000000
1649612232944827103 88.386753 0.000000
1649612233060268796 88.450383 0.000000
1649612233132461077 88.381484 0.000000
1649612233162389071 88.530343 0.000000
1649612233164397776 176.670404 0.000000
1649612233256429101 88.381564 0.000000
1649612233334656142 88.421859 0.000000
1649612233364925126 88.545421 0.000000
1649612233379483713 88.359964 0.000000
1649612233401777408 88.619792 0.000000
1649612233407277918 88.509344 0.000000
1649612233495502357 88.447037 0.000000
1649612233511269980 176.738391 0.000000
1649612233511290759 176.732811 0.000000
1649612233532912706 88.428823 0.000000
1649612233599714533 88.438291 0.000000
1649612233691884698 88.477794 0.000000
1649612233914374732 88.510215 0.000000
1649612233944661259 88.386103 0.000000
1649612233944683200 88.383618 0.000000
1649612234059076257 88.377997 0.000000
1649612234059183839 88.499395 0.000000
1649612234112196531 88.435946 0.000000
1649612234147511743 88.321242 0.000000
1649612234203806165 88.348181 0.000000
1649612234292667018 88.520024 0.000000
1649612234293053642 88.468828 0.000000
1649612234596087751 88.585847 0.000000
1649612234633858756 88.605845 0.000000
1649612234813847079 88.554228 0.000000
1649612234844047664 176.581488 0.000000
1649612234944776530 88.314398 0.000000
1649612235017353612 88.401341 0.000000
1649612235045971280 88.519011 0.000000
1649612235146331606 88.497040 0.000000
1649612235234699926 88.358541 0.000000
1649612235285930497 88.440905 0.000000
1649612235363972111 88.421508 0.000000
1649612235364004742 88.476211 0.000000
1649612235830644367 88.452828 0.000000
1649612236031836473 88.500777 0.000000
1649612236205493359 88.616985 0.000000
1649612236250123530 88.477565 0.000000
1649612236591535670 88.663232 0.000000
1649612236596769109 88.505496 0.000000
1649612236669279526 88.388647 0.000000
1649612236736065473 88.404828 0.000000
1649612236768588281 88.503713 0.000000
1649612236814430633 88.511137 0.000000
1649612236959036158 88.354934 0.000000
1649612237033906528 88.565298 0.000000
1649612237104191964 88.344855 0.000000
1649612237203433403 88.442838 0.000000
1649612237291718035 88.527869 0.000000
1649612237460849169 88.340046 0.000000
1649612237460917046 88.399968 0.000000
1649612237589482316 88.396632 0.000000
1649612237605984988 88.394659 0.000000
1649612237677966844 88.478416 0.000000
1649612237698534954 88.442428 0.000000
1649612237756982954 88.515175 0.000000
1649612237967603421 88.419636 0.000000
1649612237967979896 88.408695 0.000000
1649612237987954125 88.440825 0.000000
1649612237988443592 88.462175 0.000000
1649612238039890889 176.553715 0.000000
1649612238061030762 88.649306 0.000000
1649612238076396432 88.433541 0.000000
1649612238112813379 88.341048 0.000000
1649612238241462326 88.435766 0.000000
1649612238264172922 88.386573 0.000000
1649612238386486866 88.406360 0.000000
1649612238474836400 88.345737 0.000000
1649612238568087692 88.464009 0.000000
1649612238595780266 88.392314 0.000000
1649612238635645165 176.537806 0.000000
1649612238684171869 88.386183 0.000000
1649612238787118512 88.591527 0.000000
1649612238857753924 88.590456 0.000000
1649612238875579875 88.451245 0.000000
1649612238941194217 88.416529 0.000000
1649612238957846218 88.420026 0.000000
1649612239060585993 88.379489 0.000000
1649612239126814936 88.383768 0.000000
1649612239163390440 176.822018 0.000000
1649612239219535373 88.439763 0.000000
1649612239255531701 88.518641 0.000000
1649612239307863707 176.690092 0.000000
1649612239416206323 88.346978 0.000000
1649612239469451142 176.605062 0.000000
1649612239495184764 88.417262 0.000000
1649612239509506698 88.531716 0.000000
1649612239557964692 88.504042 0.000000
1649612239617716155 88.480930 0.000000
1649612239681749673 88.370893 0.000000
1649612239778481959 88.512290 0.000000
1649612239816604392 176.675423 0.000000
1649612239826439957 88.381112 0.000000
1649612239850661045 88.387725 0.000000
1649612239871976116 88.550230 0.000000
1649612239871989882 88.515836 0.000000
1649612240016754795 88.500357 0.000000
1649612240235334701 176.681816 0.000000
1649612240342456870 88.376084 0.000000
1649612240430631186 176.538638 0.000000
1649612240524215972 88.365333 0.000000
1649612240612718803 88.494066 0.000000
1649612240735450920 88.426538 0.000000
1649612240741383530 88.427500 0.000000
1649612240776659067 88.391773 0.000000
1649612241032242759 176.505625 0.000000
1649612241066171952 88.378389 0.000000
1649612241233951172 88.428362 0.000000
1649612241264534464 176.647601 0.000000
1649612241321473255 88.481772 0.000000
1649612241321524411 88.648054 0.000000
1649612241321579364 88.499946 0.000000
1649612241410023555 88.434212 0.000000
1649612241443923302 88.463187 0.000000
1649612241491813815 88.502621 0.000000
1649612241708834968 88.335809 0.000000
1649612241717813497 88.451836 0.000000
1649612241733590458 88.453118 0.000000
1649612241853776894 88.569506 0.000000
1649612241886331020 88.398407 0.000000
