1649612092655979711 72.485282 0.000000
1649612092728425229 72.403639 0.000000
1649612092775393814 72.433024 0.000000
1649612092775676995 72.712328 0.000000
1649612092776018215 72.758315 0.000000
1649612092848481346 72.459565 0.000000
1649612092873174890 72.397528 0.000000
1649612093004049103 144.619937 0.000000
1649612093137951422 72.283304 0.000000
1649612093282661880 72.360549 0.000000
1649612093324235624 144.596985 0.000000
1649612093355048868 72.382300 0.000000
1649612093355210742 72.411394 0.000000
1649612093396842274 72.596912 0.000000
1649612093499739609 72.366660 0.000000
1649612093500106767 72.383211 0.000000
1649612093554767680 72.445879 0.000000
1649612093644779724 72.355629 0.000000
1649612093656244523 72.421242 0.000000
1649612093669828364 72.313831 0.000000
1649612093873737370 72.378983 0.000000
1649612093886921722 72.329129 0.000000
1649612094006989351 72.349879 0.000000
1649612094150351832 144.495585 0.000000
1649612094223671538 72.413287 0.000000
1649612094295273735 72.501382 0.000000
1649612094337494151 144.528155 0.000000
1649612094441454027 72.380967 0.000000
1649612094466272806 72.435779 0.000000
1649612094586292144 72.726755 0.000000
1649612094683460020 72.501312 0.000000
1649612094731146471 72.437913 0.000000
1649612094731246659 72.537490 0.000000
1649612094731389377 72.593595 0.000000
1649612095032301389 144.510643 0.000000
1649612095093445586 72.557679 0.000000
1649612095118297376 72.469072 0.000000
1649612095133697962 144.627391 0.000000
1649612095165286259 72.347233 0.000000
1649612095293205514 72.453253 0.000000
1649612095321857738 144.595111 0.000000
1649612095321984515 72.321025 0.000000
1649612095394422840 72.431041 0.000000
1649612095495427287 144.724533 0.000000
1649612095697955586 72.430240 0.000000
1649612095744611344 144.728943 0.000000
1649612095744652351 144.501225 0.000000
1649612095756410269 144.554234 0.000000
1649612096046628929 72.491665 0.000000
1649612096118271332 144.517486 0.000000
1649612096118594598 72.418638 0.000000
1649612096191489228 72.490282 0.000000
1649612096263381218 72.706637 0.000000
1649612096350894849 72.475645 0.000000
1649612096409232584 72.494249 0.000000
1649612096669427118 72.504388 0.000000
1649612096698854575 144.637842 0.000000
1649612096817387807 72.477297 0.000000
1649612096903980712 72.575391 0.000000
1649612096967982363 144.719264 0.000000
1649612097031252053 144.581976 0.000000
1649612097091683843 72.587153 0.000000
1649612097121290927 72.434918 0.000000
1649612097179798981 72.414189 0.000000
1649612097338453885 72.574750 0.000000
1649612097526031800 72.384754 0.000000
1649612097639823856 144.606192 0.000000
1649612097640255665 72.417976 0.000000
1649612097640296051 72.426702 0.000000
1649612097686825002 72.443313 0.000000
1649612097759093639 144.585614 0.000000
1649612098033053213 72.330272 0.000000
1649612098147048830 144.611171 0.000000
1649612098266792671 72.484752 0.000000
1649612098281390452 72.634933 0.000000
1649612098364611157 72.393200 0.000000
1649612098379207756 72.425881 0.000000
1649612098426057959 144.668338 0.000000
1649612098498944373 72.401376 0.000000
1649612098643753967 144.805836 0.000000
1649612098726913316 72.355008 0.000000
1649612098861021882 72.358956 0.000000
1649612098871788692 144.824160 0.000000
1649612099006470492 72.353224 0.000000
1649612099103023596 72.439176 0.000000
1649612099161045409 144.561789 0.000000
1649612099263571568 72.383080 0.000000
1649612099295777804 72.607712 0.000000
1649612099352817365 72.427563 0.000000
1649612099497711567 72.433465 0.000000
1649612099609738935 144.561858 0.000000
1649612099642181242 144.416867 0.000000
1649612099803134264 144.565175 0.000000
1649612099843167230 72.424469 0.000000
1649612100003853701 72.380395 0.000000
1649612100103139928 72.400413 0.000000
1649612100103747416 72.661412 0.000000
1649612100148422413 144.559254 0.000000
1649612100149136702 72.386828 0.000000
1649612100189258564 72.472789 0.000000
1649612100189294832 72.537500 0.000000
1649612100293809518 72.354777 0.000000
1649612100349939685 72.405543 0.000000
1649612100349996502 72.400584 0.000000
1649612100711137554 72.405192 0.000000
1649612100784375437 72.378161 0.000000
1649612100872266826 72.379284 0.000000
1649612101058517904 72.510570 0.000000
1649612101179065893 144.552972 0.000000
1649612101261789214 72.438104 0.000000
1649612101348158550 72.523824 0.000000
1649612101396259959 72.463171 0.000000
1649612101396311455 72.277563 0.000000
1649612101435659257 72.387880 0.000000
1649612101435688972 72.378051 0.000000
1649612101479048142 72.370166 0.000000
1649612101541219232 144.506014 0.000000
1649612101637969916 72.471927 0.000000
1649612101958777389 72.501702 0.000000
1649612101975892849 72.442593 0.000000
1649612101985676537 72.484410 0.000000
1649612102048400594 72.583897 0.000000
1649612102103564550 72.493688 0.000000
1649612102160522699 72.502114 0.000000
1649612102233003293 72.500792 0.000000
1649612102265823348 72.540195 0.000000
1649612102275243054 144.637140 0.000000
1649612102320835971 72.441921 0.000000
1649612102377811392 72.436911 0.000000
1649612102393240773 72.436160 0.000000
1649612102410523516 144.572168 0.000000
1649612102482105425 72.433946 0.000000
1649612102555102868 144.575274 0.000000
1649612102595485539 144.664982 0.000000
1649612102626853924 72.389232 0.000000
1649612102772423401 144.676874 0.000000
1649612102782720351 72.408879 0.000000
1649612102797972087 144.615258 0.000000
1649612102812800381 144.764198 0.000000
1649612103015779814 72.538081 0.000000
1649612103061060716 144.588358 0.000000
1649612103117906204 72.335892 0.000000
1649612103247843601 72.443945 0.000000
1649612103278352295 144.603878 0.000000
1649612103320423400 72.581383 0.000000
1649612103423489862 72.651522 0.000000
1649612103495891227 72.434657 0.000000
1649612103552699746 72.649431 0.000000
1649612103785469627 72.387690 0.000000
1649612103842533433 72.450176 0.000000
1649612103930062643 72.437322 0.000000
1649612103987737195 72.796886 0.000000
1649612104132714752 72.576994 0.000000
1649612104277657726 72.436150 0.000000
1649612104292059149 72.445779 0.000000
1649612104364928240 72.513645 0.000000
1649612104376462198 72.379172 0.000000
1649612104521101602 72.516330 0.000000
1649612104521134894 144.452102 0.000000
1649612104738521081 72.554743 0.000000
1649612104811076855 72.582023 0.000000
1649612104827047880 144.823539 0.000000
1649612104988056184 72.510229 0.000000
1649612105002304241 72.453943 0.000000
1649612105074734640 72.374274 0.000000
1649612105334135426 144.565706 0.000000
1649612105407062115 72.511050 0.000000
1649612105436916462 72.489832 0.000000
1649612105495416331 72.510910 0.000000
1649612105524000197 72.567076 0.000000
1649612105640096010 144.671664 0.000000
1649612105654053021 144.607605 0.000000
1649612105680301319 144.672396 0.000000
1649612105769160892 144.750552 0.000000
1649612105799110387 72.530586 0.000000
1649612106042688536 72.492235 0.000000
1649612106131775305 72.536899 0.000000
1649612106161253327 72.417725 0.000000
1649612106204123300 72.367111 0.000000
1649612106306164871 72.409502 0.000000
1649612106405075112 72.420089 0.000000
1649612106417736544 72.384884 0.000000
1649612106523765819 72.456338 0.000000
1649612106596403036 72.372201 0.000000
1649612106622696468 72.484260 0.000000
1649612106740876609 144.697493 0.000000
1649612106779936991 72.556826 0.000000
1649612106813651664 72.574249 0.000000
1649612106912661303 72.514087 0.000000
1649612106958272853 72.316515 0.000000
1649612106972863461 72.418557 0.000000
1649612106985003125 72.464592 0.000000
1649612107073436840 72.459483 0.000000
1649612107117910619 72.420570 0.000000
1649612107161829247 72.531939 0.000000
1649612107290988245 72.458711 0.000000
1649612107479822696 72.340180 0.000000
1649612107491717971 72.442753 0.000000
1649612107537566066 72.451910 0.000000
1649612107653120164 72.414530 0.000000
1649612107709070915 72.409560 0.000000
1649612107709152267 72.482076 0.000000
1649612107797960133 72.433705 0.000000
1649612107959257049 144.666694 0.000000
1649612107959404315 72.336263 0.000000
1649612107972432805 72.479481 0.000000
1649612108015428413 72.529805 0.000000
1649612108276812376 144.622361 0.000000
1649612108276854164 144.612262 0.000000
1649612108449981283 72.531628 0.000000
1649612108479483972 144.503880 0.000000
1649612108522571312 72.530537 0.000000
1649612108566812916 72.485944 0.000000
1649612108723919016 72.461648 0.000000
1649612108796223439 144.752285 0.000000
1649612108881107120 144.626770 0.000000
1649612108900994115 72.489470 0.000000
1649612109013692229 72.537911 0.000000
1649612109132123440 72.401635 0.000000
1649612109190887594 144.720966 0.000000
1649612109291308737 72.460064 0.000000
1649612109335792154 144.671042 0.000000
1649612109363586370 144.650585 0.000000
1649612109448677119 72.395925 0.000000
1649612109580631978 144.565685 0.000000
1649612109754207958 144.624065 0.000000
1649612110188841559 144.531781 0.000000
1649612110232830850 72.498356 0.000000
1649612110422188180 72.475253 0.000000
1649612110436035665 72.365087 0.000000
1649612110462478237 144.533334 0.000000
1649612110522451918 72.453282 0.000000
1649612110535426487 72.411794 0.000000
1649612110679875193 72.331013 0.000000
1649612110767600530 72.533984 0.000000
1649612110824780085 72.360539 0.000000
1649612110897266238 72.642536 0.000000
1649612110969696036 72.418006 0.000000
1649612110984793353 72.349286 0.000000
1649612111001832761 72.423586 0.000000
1649612111042454790 72.565151 0.000000
1649612111074244545 72.408598 0.000000
1649612111101933614 144.627781 0.000000
1649612111548913066 72.382640 0.000000
1649612111621386024 72.399501 0.000000
1649612111621398107 144.635015 0.000000
1649612111724734895 72.487365 0.000000
1649612111943203239 144.558481 0.000000
1649612112043653707 72.398680 0.000000
1649612112043734559 72.446910 0.000000
1649612112346160057 72.561606 0.000000
1649612112478212117 144.675621 0.000000
1649612112722215843 72.322738 0.000000
1649612112754822358 72.484611 0.000000
1649612112767750470 72.411914 0.000000
1649612112827239673 144.875315 0.000000
1649612112939971471 72.463902 0.000000
1649612112972427825 72.577375 0.000000
1649612113190082684 72.518474 0.000000
1649612113190170087 72.488107 0.000000
1649612113202381837 72.551867 0.000000
1649612113229423532 144.673186 0.000000
1649612113334471197 72.584818 0.000000
1649612113347914183 72.453282 0.000000
1649612113374696252 72.584347 0.000000
1649612113841544834 72.351019 0.000000
1649612113927629927 72.446038 0.000000
1649612113927753619 72.528453 0.000000
1649612113927814974 72.508265 0.000000
1649612114157649141 72.384032 0.000000
1649612114204156341 72.469953 0.000000
1649612114275998939 144.644703 0.000000
1649612114302262726 144.621720 0.000000
1649612114461146668 72.435859 0.000000
1649612114461470886 72.458912 0.000000
1649612114519674660 72.378592 0.000000
1649612114533527194 72.371409 0.000000
1649612114652269106 72.426281 0.000000
1649612114652354957 72.524866 0.000000
1649612114823448895 144.494741 0.000000
1649612114855412817 144.599218 0.000000
1649612114869493719 72.387128 0.000000
1649612114968210748 144.455719 0.000000
1649612115000289044 72.387249 0.000000
1649612115232037308 72.475473 0.000000
1649612115243670523 72.374374 0.000000
1649612115257976637 144.820863 0.000000
1649612115316116651 72.437522 0.000000
1649612115388355592 144.614136 0.000000
1649612115388516393 72.312428 0.000000
1649612115460842546 72.477808 0.000000
1649612115521609765 72.455957 0.000000
1649612115521657775 72.522041 0.000000
1649612115739070841 72.362542 0.000000
1649612115941718931 72.440699 0.000000
1649612116028923983 72.432454 0.000000
1649612116126736447 144.533996 0.000000
1649612116304079328 72.423747 0.000000
1649612116318271308 144.555125 0.000000
1649612116318522288 72.410873 0.000000
1649612116318817341 72.319070 0.000000
1649612116343938386 72.304703 0.000000
1649612116561094841 72.388501 0.000000
1649612116593199195 144.546378 0.000000
1649612116649939987 144.484994 0.000000
1649612116691835964 72.399441 0.000000
1649612116722321324 72.285717 0.000000
1649612116738648607 72.495972 0.000000
1649612116764377352 72.439507 0.000000
1649612116794282163 72.434787 0.000000
1649612116810690758 144.566766 0.000000
1649612116883455103 72.378692 0.000000
1649612116981188158 144.468884 0.000000
1649612117028427530 144.968289 0.000000
1649612117100317046 72.469182 0.000000
1649612117115687305 72.538051 0.000000
1649612117126257156 144.614425 0.000000
1649612117212221884 144.604830 0.000000
1649612117332843248 72.445566 0.000000
1649612117405221580 72.373944 0.000000
1649612117405352074 72.352945 0.000000
1649612117463013682 72.396936 0.000000
1649612117518610118 144.670741 0.000000
1649612117752628788 72.460386 0.000000
1649612117777919792 72.433334 0.000000
1649612117824325092 144.694337 0.000000
1649612117970435722 72.520347 0.000000
1649612117984814713 72.442041 0.000000
1649612117984935419 72.550674 0.000000
1649612118026064098 72.452039 0.000000
1649612118114322504 144.683265 0.000000
1649612118274165113 144.632179 0.000000
1649612118316047244 144.864305 0.000000
1649612118418963715 72.385195 0.000000
1649612118461172748 72.405702 0.000000
1649612118636249190 72.343086 0.000000
1649612118781174079 72.403259 0.000000
1649612118792260178 72.452841 0.000000
1649612118838566221 72.384122 0.000000
1649612118839673446 72.432934 0.000000
1649612118912042701 72.366730 0.000000
1649612118983448579 72.461548 0.000000
1649612118998470565 72.413588 0.000000
1649612119070900133 72.391397 0.000000
1649612119185712961 72.374484 0.000000
1649612119201599317 72.374705 0.000000
1649612119242384633 144.466649 0.000000
1649612119274228028 72.356811 0.000000
1649612119288092715 72.391426 0.000000
1649612119288147688 72.443814 0.000000
1649612119299092432 72.395714 0.000000
1649612119505267273 72.531970 0.000000
1649612119505399191 72.399802 0.000000
1649612119650222369 72.395805 0.000000
1649612119661081493 144.757826 0.000000
1649612119805523374 72.392498 0.000000
1649612120013043407 72.639330 0.000000
1649612120085039722 144.641466 0.000000
1649612120128007107 72.513435 0.000000
1649612120230405988 72.560483 0.000000
1649612120273002277 72.375606 0.000000
1649612120375062783 144.616990 0.000000
1649612120457788248 72.534203 0.000000
1649612120748432714 72.639160 0.000000
1649612120794390745 144.834298 0.000000
1649612120893252725 144.671925 0.000000
1649612120940004204 72.397428 0.000000
1649612120965076287 72.655541 0.000000
1649612121012145901 72.551025 0.000000
1649612121037559034 72.463541 0.000000
1649612121053890855 72.429908 0.000000
1649612121157006890 72.324461 0.000000
1649612121183489647 72.473239 0.000000
1649612121256035943 72.535987 0.000000
1649612121399380098 144.666925 0.000000
1649612121461822877 72.420330 0.000000
1649612121617990808 144.489020 0.000000
1649612121618391229 72.379664 0.000000
1649612121690754672 72.343826 0.000000
1649612121751384984 72.464122 0.000000
1649612121751456598 72.500470 0.000000
1649612121762944069 72.342133 0.000000
1649612121833969014 144.449317 0.000000
1649612121978189372 144.567018 0.000000
1649612122124433111 144.513977 0.000000
1649612122284632398 72.474702 0.000000
1649612122342285820 72.475463 0.000000
1649612122356987907 72.378973 0.000000
1649612122412234046 144.595781 0.000000
1649612122429392067 72.324490 0.000000
1649612122461271008 72.414939 0.000000
1649612122487048946 72.376369 0.000000
1649612122487105321 72.420361 0.000000
1649612122548177490 144.512085 0.000000
1649612122574205155 72.478188 0.000000
1649612122646489680 72.314060 0.000000
1649612122704211140 72.337245 0.000000
1649612122735316442 72.472358 0.000000
1649612122838262316 144.592535 0.000000
1649612122847117986 72.347885 0.000000
1649612122863376409 144.491605 0.000000
1649612122983279788 72.427373 0.000000
1649612122992147820 72.691338 0.000000
1649612123080315045 144.560555 0.000000
1649612123081029764 72.626286 0.000000
1649612123152576457 144.459556 0.000000
1649612123169432151 144.606802 0.000000
1649612123209155184 72.478729 0.000000
1649612123210977450 72.485923 0.000000
1649612123280651713 144.604768 0.000000
1649612123353222645 72.416022 0.000000
1649612123459213097 144.540257 0.000000
1649612123562394383 72.396565 0.000000
1649612123715200694 72.429697 0.000000
1649612123732209654 72.338096 0.000000
1649612123804373724 72.351170 0.000000
1649612123932714978 72.368173 0.000000
1649612124079956859 72.405833 0.000000
1649612124093979291 72.375967 0.000000
1649612124110552004 144.622381 0.000000
1649612124141383553 144.610639 0.000000
1649612124239305612 72.580721 0.000000
1649612124255016199 72.450937 0.000000
1649612124327586400 144.527292 0.000000
1649612124359173494 144.556928 0.000000
1649612124431703871 72.562326 0.000000
1649612124455504411 72.378462 0.000000
1649612124488214871 72.369875 0.000000
1649612124576528470 144.704866 0.000000
1649612124586628982 144.609797 0.000000
1649612124617129521 72.813788 0.000000
1649612124649024202 72.490021 0.000000
1649612124673726102 72.582234 0.000000
1649612124793975309 72.426282 0.000000
1649612124818618007 72.428986 0.000000
1649612124994827623 144.657618 0.000000
1649612125035095850 144.563601 0.000000
1649612125035274805 72.351892 0.000000
1649612125108346616 72.452650 0.000000
1649612125108370311 144.786048 0.000000
1649612125325384978 144.654871 0.000000
1649612125542537515 144.528435 0.000000
1649612125719289297 144.669549 0.000000
1649612125776158138 72.392498 0.000000
1649612125791830904 144.674799 0.000000
1649612125807802540 72.419568 0.000000
1649612125848641106 72.472037 0.000000
1649612125936485165 72.312037 0.000000
1649612125952912144 144.570544 0.000000
1649612126041270187 72.502775 0.000000
1649612126154238447 72.457280 0.000000
1649612126556486455 144.552800 0.000000
1649612126645233596 72.421703 0.000000
1649612126701245001 144.755771 0.000000
1649612126806121223 72.471136 0.000000
1649612126846173876 72.390915 0.000000
1649612126982885970 72.484199 0.000000
1649612127039171939 72.554551 0.000000
1649612127095659465 144.565334 0.000000
1649612127135451138 144.578809 0.000000
1649612127168006858 72.342263 0.000000
1649612127200388422 72.762902 0.000000
1649612127280283843 144.531670 0.000000
1649612127352582164 72.295596 0.000000
1649612127618366883 72.596990 0.000000
1649612127642407885 144.700207 0.000000
1649612127763200330 72.357272 0.000000
1649612127787164938 72.367541 0.000000
1649612127810960298 144.553882 0.000000
1649612127908302510 72.392458 0.000000
1649612127932078945 72.468220 0.000000
1649612127996806696 72.316646 0.000000
1649612128221544159 72.328157 0.000000
1649612128237630250 72.351521 0.000000
1649612128286332744 72.410322 0.000000
1649612128342738257 72.415671 0.000000
1649612128358647086 72.335301 0.000000
1649612128398800327 72.347914 0.000000
1649612128471182786 72.265550 0.000000
1649612128486716691 144.516983 0.000000
1649612128543545518 72.368603 0.000000
1649612128631602666 144.547490 0.000000
1649612128849047831 144.663658 0.000000
1649612128921958530 72.385385 0.000000
1649612128993887739 72.431190 0.000000
1649612128994338003 72.377209 0.000000
1649612129010238015 72.414729 0.000000
1649612129066462468 72.507353 0.000000
1649612129066473399 72.578767 0.000000
1649612129212155826 72.836700 0.000000
1649612129267579348 72.405301 0.000000
1649612129283768201 72.317216 0.000000
1649612129307618165 144.565735 0.000000
1649612129380254660 72.358414 0.000000
1649612129428730139 72.480633 0.000000
1649612129429430491 72.449715 0.000000
1649612129501887281 72.455658 0.000000
1649612129574378312 72.474000 0.000000
1649612129662581063 72.453672 0.000000
1649612129952442921 72.458772 0.000000
1649612130032627363 144.866648 0.000000
1649612130081004950 72.321826 0.000000
1649612130105177127 72.297251 0.000000
1649612130152487702 72.332204 0.000000
1649612130152571810 72.336603 0.000000
1649612130200235407 72.455956 0.000000
1649612130232495332 72.467076 0.000000
1649612130248393300 72.605367 0.000000
1649612130322480244 72.403638 0.000000
1649612130377282151 72.376629 0.000000
1649612130393140866 144.796698 0.000000
1649612130465534225 144.917534 0.000000
1649612130482680803 72.414219 0.000000
1649612130515162976 72.480743 0.000000
1649612130578473310 72.402667 0.000000
1649612130610654008 72.543200 0.000000
1649612130884597049 72.341583 0.000000
1649612130957054217 72.406593 0.000000
1649612131119289250 72.563729 0.000000
1649612131261976513 144.734690 0.000000
1649612131279581250 72.402787 0.000000
1649612131319065638 72.364406 0.000000
1649612131351761090 144.567177 0.000000
1649612131375409454 144.607243 0.000000
1649612131536313422 144.678055 0.000000
1649612131576217866 72.604976 0.000000
1649612131576257160 72.606960 0.000000
1649612131753837975 72.467399 0.000000
1649612131754280174 72.477797 0.000000
1649612131841644254 72.410732 0.000000
1649612131841710127 72.439045 0.000000
1649612131841952742 72.432122 0.000000
1649612131938061461 72.410602 0.000000
1649612132002627730 72.567515 0.000000
1649612132058775229 72.313529 0.000000
1649612132493793428 72.426892 0.000000
1649612132517217373 72.441921 0.000000
1649612132517263910 144.799955 0.000000
1649612132565810613 144.510531 0.000000
1649612132589706191 72.466666 0.000000
1649612132695306360 72.439085 0.000000
1649612132734757535 72.628741 0.000000
1649612132807271210 72.399211 0.000000
1649612132807395793 72.570301 0.000000
1649612132879944583 72.393079 0.000000
1649612132927898606 72.360688 0.000000
1649612133057834790 72.410402 0.000000
1649612133233762977 72.340120 0.000000
1649612133523471908 72.398149 0.000000
1649612133580767770 144.511724 0.000000
1649612133636825039 72.422634 0.000000
1649612133821296761 72.521209 0.000000
1649612133957578487 144.519056 0.000000
1649612133965914903 144.611960 0.000000
1649612134102669627 72.460916 0.000000
1649612134110846513 72.427774 0.000000
1649612134232907817 72.314662 0.000000
1649612134377646474 72.351349 0.000000
1649612134450217236 72.560462 0.000000
1649612134522161824 144.955645 0.000000
1649612134545567093 72.404771 0.000000
1649612134545799850 72.525287 0.000000
1649612134739526598 144.507595 0.000000
1649612134778431529 144.602864 0.000000
1649612134851117807 72.418226 0.000000
1649612134940532840 72.425640 0.000000
1649612134956376587 72.534984 0.000000
1649612134971543174 72.354135 0.000000
1649612134980374928 72.532581 0.000000
1649612135044146006 72.596470 0.000000
1649612135052761194 72.483558 0.000000
1649612135140735467 144.686640 0.000000
1649612135189457768 72.513815 0.000000
1649612135245879361 72.368704 0.000000
1649612135342492456 144.550016 0.000000
1649612135390519234 72.373412 0.000000
1649612135414961046 72.305885 0.000000
1649612135447760513 72.407375 0.000000
1649612135487291948 144.638741 0.000000
1649612135551351847 144.646836 0.000000
1649612135551563845 72.473138 0.000000
1649612135696385710 72.406745 0.000000
1649612135704504326 144.753387 0.000000
1649612135736570298 72.389321 0.000000
1649612135897943516 72.529173 0.000000
1649612135994441345 72.491914 0.000000
1649612136171245213 72.457048 0.000000
1649612136243653290 72.405592 0.000000
1649612136349415844 72.342183 0.000000
1649612136461008706 72.520267 0.000000
1649612136478429098 72.397156 0.000000
1649612136533373262 72.437963 0.000000
1649612136533469813 72.454514 0.000000
1649612136606325027 72.409249 0.000000
1649612136621891384 144.730543 0.000000
1649612136839966669 144.528485 0.000000
1649612136863499147 72.628691 0.000000
1649612136863519926 72.426782 0.000000
1649612136863563347 72.400893 0.000000
1649612136879571131 72.475082 0.000000
1649612136912952028 72.544132 0.000000
1649612136952031546 72.357202 0.000000
1649612137008365244 72.424278 0.000000
1649612137040840803 72.379643 0.000000
1649612137128817000 144.614695 0.000000
1649612137129017065 72.488036 0.000000
1649612137201352987 72.356841 0.000000
1649612137201518006 72.427273 0.000000
1649612137218531395 144.540587 0.000000
1649612137258110148 72.472447 0.000000
1649612137475596449 72.486484 0.000000
1649612137491044675 72.475774 0.000000
1649612137587862573 72.461296 0.000000
1649612137725416475 72.312668 0.000000
1649612137748867850 72.377089 0.000000
1649612137821266520 72.392638 0.000000
1649612137877381618 72.383592 0.000000
1649612137966078155 72.393509 0.000000
1649612138071211048 144.789402 0.000000
1649612138167347921 72.465754 0.000000
1649612138215607124 144.514598 0.000000
1649612138239376656 144.596190 0.000000
1649612138239739837 72.486523 0.000000
1649612138361384970 72.501040 0.000000
1649612138361458287 72.558367 0.000000
1649612138562024816 72.559731 0.000000
1649612138602123213 144.747224 0.000000
1649612138651349139 144.834457 0.000000
1649612138835313670 144.617010 0.000000
1649612138835700745 72.468399 0.000000
1649612139037244124 72.431410 0.000000
1649612139084637886 144.676492 0.000000
1649612139158392115 144.573348 0.000000
1649612139214075214 72.660961 0.000000
1649612139270803341 72.584126 0.000000
1649612139376197775 72.463460 0.000000
1649612139391668182 72.495881 0.000000
1649612139520976939 72.447410 0.000000
1649612139544539162 144.798760 0.000000
1649612139721373409 144.669298 0.000000
1649612139882999108 72.447059 0.000000
1649612139883069330 72.375936 0.000000
1649612140043362762 72.559460 0.000000
1649612140098384471 144.534856 0.000000
1649612140196285811 72.332786 0.000000
1649612140243206756 72.338235 0.000000
1649612140301352050 144.491966 0.000000
1649612140445914026 72.415591 0.000000
1649612140486202881 145.067764 0.000000
1649612140607633753 72.581140 0.000000
1649612140663984192 144.879883 0.000000
1649612140680152827 72.492304 0.000000
1649612140768253406 72.413897 0.000000
1649612140937293815 72.462820 0.000000
1649612140937352024 72.536698 0.000000
1649612141040505767 72.463530 0.000000
1649612141065923629 72.531899 0.000000
1649612141082155684 72.499679 0.000000
1649612141138195280 72.397016 0.000000
1649612141154679026 72.440046 0.000000
1649612141259535462 72.517282 0.000000
1649612141315967844 72.345879 0.000000
1649612141330216521 72.595578 0.000000
1649612141402517928 144.799923 0.000000
1649612141402571568 72.393189 0.000000
1649612141444057176 144.584058 0.000000
1649612141444306493 72.365286 0.000000
1649612141588721204 144.621389 0.000000
1649612141677916956 144.659800 0.000000
1649612141750359738 72.437001 0.000000
1649612141838497497 144.566024 0.000000
1649612141967720974 72.511010 0.000000
1649612142080701026 72.877816 0.000000
1649612142128072816 72.406323 0.000000
1649612142153088695 72.384883 0.000000
1649612142200827323 72.431902 0.000000
1649612142216718488 72.350448 0.000000
1649612142225594304 72.425879 0.000000
1649612142401959691 144.572927 0.000000
1649612142417239681 72.430158 0.000000
1649612142458160770 72.508665 0.000000
1649612142562350306 72.537539 0.000000
1649612142635228484 72.379133 0.000000
1649612142732733440 72.459883 0.000000
1649612142764252617 72.567565 0.000000
1649612142924865168 72.382668 0.000000
1649612143142497653 72.455936 0.000000
1649612143198396195 144.789023 0.000000
1649612143214082356 144.618684 0.000000
1649612143214838414 72.475113 0.000000
1649612143271258203 72.488217 0.000000
1649612143385022865 72.512061 0.000000
1649612143674661233 72.365627 0.000000
1649612143705555819 72.422033 0.000000
1649612143705617435 72.458350 0.000000
1649612143737973631 144.622029 0.000000
1649612143778154212 72.532891 0.000000
1649612143819541055 72.518845 0.000000
1649612144083970984 72.506381 0.000000
1649612144155603126 72.581633 0.000000
1649612144399076505 72.398539 0.000000
1649612144445882846 144.624264 0.000000
1649612144590956752 72.465023 0.000000
1649612144591042463 72.581381 0.000000
1649612144606676265 144.610618 0.000000
1649612144663917294 72.949652 0.000000
1649612144920651368 144.708100 0.000000
1649612144968525680 144.514588 0.000000
1649612144993276872 72.442060 0.000000
1649612145025730001 72.348105 0.000000
1649612145081711488 72.445868 0.000000
1649612145170771927 72.571964 0.000000
1649612145242974017 72.341582 0.000000
1649612145413874560 72.358864 0.000000
1649612145486450812 72.356660 0.000000
1649612145500266648 144.845919 0.000000
1649612145703809845 72.420771 0.000000
1649612145764965451 72.450015 0.000000
1649612145790209296 72.487706 0.000000
1649612145822245262 72.414569 0.000000
1649612145951016911 72.568968 0.000000
1649612145994065750 72.588345 0.000000
1649612146023564420 72.506061 0.000000
1649612146111095521 72.398429 0.000000
1649612146184525092 72.451888 0.000000
1649612146255917145 72.437472 0.000000
1649612146297612105 72.437592 0.000000
1649612146344652043 72.440647 0.000000
1649612146344670858 72.421762 0.000000
1649612146515056627 72.555653 0.000000
1649612146545407034 72.518263 0.000000
1649612146587407877 144.699144 0.000000
1649612146805071160 72.507583 0.000000
1649612146924245692 72.405462 0.000000
1649612146936098478 72.523413 0.000000
1649612146980142170 144.773994 0.000000
1649612146981660296 72.511300 0.000000
1649612146996332226 144.520699 0.000000
1649612147140966938 144.624232 0.000000
1649612147312107142 72.353033 0.000000
1649612147399941762 144.643609 0.000000
1649612147487025455 72.396043 0.000000
1649612147705598503 72.367159 0.000000
1649612147819137262 72.526558 0.000000
1649612147907551419 72.466898 0.000000
1649612148036473712 72.387939 0.000000
1649612148052791787 144.887185 0.000000
1649612148109000561 72.516189 0.000000
1649612148197482175 144.651946 0.000000
1649612148197800361 72.466807 0.000000
1649612148211331543 72.360838 0.000000
1649612148212376702 72.359095 0.000000
1649612148212427307 72.397547 0.000000
1649612148253787158 72.366549 0.000000
1649612148284707443 72.276349 0.000000
1649612148747025368 144.640954 0.000000
1649612148819610457 72.370937 0.000000
1649612148863055046 72.437933 0.000000
1649612148922639216 72.582854 0.000000
1649612149037373215 72.652304 0.000000
1649612149050667544 72.515288 0.000000
1649612149122700487 144.572176 0.000000
1649612149182311888 72.405371 0.000000
1649612149357470042 72.533893 0.000000
1649612149370362346 144.839366 0.000000
1649612149370475438 72.431090 0.000000
1649612149485052032 144.572796 0.000000
1649612149485206592 72.406343 0.000000
1649612149515794994 72.335059 0.000000
1649612149647199048 72.416692 0.000000
1649612149660577524 72.417995 0.000000
1649612149690132690 72.591400 0.000000
1649612149762396697 144.843835 0.000000
1649612149762487337 72.350719 0.000000
1649612149877991830 72.498255 0.000000
1649612150022867555 72.446059 0.000000
1649612150081632008 144.566715 0.000000
1649612150209039521 144.589597 0.000000
1649612150240319139 72.548309 0.000000
1649612150269592237 72.383029 0.000000
1649612150353973465 72.411232 0.000000
1649612150530302713 72.472718 0.000000
1649612150571145085 72.394471 0.000000
1649612150602883835 72.512833 0.000000
1649612150631743527 144.731103 0.000000
1649612150748096771 72.633389 0.000000
1649612150776741651 72.539663 0.000000
1649612150849236570 72.450877 0.000000
1649612150849378205 72.600657 0.000000
1649612150876857591 72.524344 0.000000
1649612150921725098 72.340501 0.000000
1649612151037558507 144.563659 0.000000
1649612151138963904 144.660841 0.000000
1649612151139159651 72.360668 0.000000
1649612151150915986 72.455736 0.000000
1649612151223282935 72.363783 0.000000
1649612151255432774 72.607660 0.000000
1649612151327957089 72.680157 0.000000
1649612151356079069 144.614155 0.000000
1649612151428525577 144.674688 0.000000
1649612151457772485 144.643919 0.000000
1649612151658005407 72.487526 0.000000
1649612151762673800 144.792699 0.000000
1649612151850764180 144.709523 0.000000
1649612151907770088 72.590438 0.000000
1649612151923200720 72.360908 0.000000
1649612151964385443 144.793079 0.000000
1649612151980161804 144.651454 0.000000
1649612152080933012 72.429597 0.000000
1649612152109241591 72.364865 0.000000
1649612152125192378 72.523212 0.000000
1649612152197778679 72.518143 0.000000
1649612152226021795 72.536868 0.000000
1649612152270188548 72.433854 0.000000
1649612152298436404 72.406984 0.000000
1649612152326221312 144.526029 0.000000
1649612152342774738 72.458761 0.000000
1649612152414835174 144.622430 0.000000
1649612152443333689 72.521469 0.000000
1649612152487179671 72.334739 0.000000
1649612152646911801 72.375546 0.000000
1649612152672587896 144.664899 0.000000
1649612152672797729 72.389531 0.000000
1649612152889900791 144.709864 0.000000
1649612153034693139 144.718981 0.000000
1649612153067237187 144.569991 0.000000
1649612153122133030 72.357782 0.000000
1649612153140249646 72.539353 0.000000
1649612153212660829 72.408317 0.000000
1649612153484077953 72.463921 0.000000
1649612153574960557 72.538832 0.000000
1649612153614521477 72.602080 0.000000
1649612153660437819 72.346651 0.000000
1649612153719747927 72.493598 0.000000
1649612153805120422 144.596492 0.000000
1649612153805147543 72.368752 0.000000
1649612153937430905 144.804901 0.000000
1649612153966450207 72.435538 0.000000
1649612153976380479 72.386415 0.000000
1649612154239314733 144.635604 0.000000
1649612154371940597 72.425399 0.000000
1649612154444581781 72.430959 0.000000
1649612154690822746 72.461226 0.000000
1649612154690878370 72.455815 0.000000
1649612154733492413 72.598152 0.000000
1649612154733980638 144.588365 0.000000
1649612154745767911 144.556946 0.000000
1649612154746087410 72.381627 0.000000
1649612154805954390 72.348474 0.000000
1649612154818416879 72.326543 0.000000
1649612155165491179 72.388289 0.000000
1649612155169064377 72.552707 0.000000
1649612155294650917 72.537840 0.000000
1649612155342969301 72.519345 0.000000
1649612155382837848 72.589386 0.000000
1649612155386448716 72.558999 0.000000
1649612155487742022 144.758374 0.000000
1649612155531327205 72.406674 0.000000
1649612155603877588 72.544602 0.000000
1649612155615202275 72.376889 0.000000
1649612155632967442 72.440769 0.000000
1649612155656761410 72.413096 0.000000
1649612155760100521 72.470683 0.000000
1649612155778123171 72.589516 0.000000
1649612155922887988 72.411543 0.000000
1649612155977309161 72.381216 0.000000
1649612156121976514 72.399720 0.000000
1649612156380574621 72.363372 0.000000
1649612156396965713 72.394931 0.000000
1649612156429746004 72.396354 0.000000
1649612156556699166 72.369715 0.000000
1649612156597841070 144.778884 0.000000
1649612156629128583 72.423145 0.000000
1649612156701618061 72.440567 0.000000
1649612156762759901 72.440828 0.000000
1649612156815151330 72.466596 0.000000
1649612156834481230 144.587423 0.000000
1649612156846575589 72.504928 0.000000
1649612156906917820 144.510099 0.000000
1649612157052629561 144.772250 0.000000
1649612157052755527 72.486563 0.000000
1649612157104827306 72.510458 0.000000
1649612157124637798 72.556354 0.000000
1649612157153778036 144.582695 0.000000
1649612157197204972 144.565903 0.000000
1649612157281482405 72.438714 0.000000
1649612157354064177 72.495740 0.000000
1649612157660503093 72.379953 0.000000
1649612157684578338 72.516479 0.000000
1649612157732800001 72.336592 0.000000
1649612157788913065 72.473619 0.000000
1649612157921546794 72.423916 0.000000
1649612158046609231 72.326774 0.000000
1649612158078555369 72.477035 0.000000
1649612158094617885 72.645110 0.000000
1649612158138854499 72.441859 0.000000
1649612158191294619 72.372349 0.000000
1649612158211269238 72.411182 0.000000
1649612158211373433 72.499567 0.000000
1649612158239664610 72.514606 0.000000
1649612158321761526 72.333306 0.000000
1649612158384528231 72.557356 0.000000
1649612158441024173 72.379773 0.000000
1649612158646254732 72.353364 0.000000
1649612158802812241 72.409218 0.000000
1649612158947782122 144.620926 0.000000
1649612158964380683 72.612179 0.000000
1649612159008461524 72.554049 0.000000
1649612159181423912 72.488788 0.000000
1649612159205533481 72.421161 0.000000
1649612159278081169 144.964130 0.000000
1649612159422700913 144.616248 0.000000
1649612159422922959 72.402956 0.000000
1649612159443270858 72.420389 0.000000
1649612159515738305 72.465353 0.000000
1649612159639887601 72.285427 0.000000
1649612159660661899 72.527640 0.000000
1649612159733142662 72.474090 0.000000
1649612159929884820 72.480642 0.000000
1649612159978452312 72.527040 0.000000
1649612160074814275 72.435046 0.000000
1649612160324344125 72.735500 0.000000
1649612160385880284 72.447360 0.000000
1649612160412745308 72.386476 0.000000
1649612160509408245 72.436158 0.000000
1649612160530533962 144.668155 0.000000
1649612160581834666 72.443102 0.000000
1649612160654345234 72.428564 0.000000
1649612160675615031 72.548610 0.000000
1649612160702476598 72.545694 0.000000
1649612160775370745 144.657925 0.000000
1649612160814543518 72.384843 0.000000
1649612160831254991 72.449664 0.000000
1649612160902889657 72.417554 0.000000
1649612161047734083 72.416422 0.000000
1649612161121197717 72.487044 0.000000
1649612161137575504 144.810782 0.000000
1649612161161591678 72.523291 0.000000
1649612161209968091 72.369844 0.000000
1649612161224603152 72.351620 0.000000
1649612161233705242 144.691888 0.000000
1649612161427179035 144.605067 0.000000
1649612161596233348 72.377028 0.000000
1649612161700503624 72.343725 0.000000
1649612161845175977 72.360537 0.000000
1649612161916779786 72.497784 0.000000
1649612162134268660 72.599255 0.000000
1649612162175603144 72.563918 0.000000
1649612162295886023 144.502715 0.000000
1649612162296142995 72.355899 0.000000
1649612162496622769 72.368822 0.000000
1649612162512917100 144.589818 0.000000
1649612162513354690 72.417143 0.000000
1649612162527818009 72.350328 0.000000
1649612162537871312 72.534944 0.000000
1649612162538406105 72.975380 0.000000
1649612162569163865 72.363874 0.000000
1649612162625227767 72.383220 0.000000
1649612162875385132 72.520196 0.000000
1649612162930971970 144.610217 0.000000
1649612163003545055 72.338435 0.000000
1649612163044861105 72.455144 0.000000
1649612163076280004 72.474651 0.000000
1649612163132303591 72.391886 0.000000
1649612163179241107 72.404289 0.000000
1649612163309911415 72.357662 0.000000
1649612163527397855 72.351741 0.000000
1649612163623932953 72.411002 0.000000
1649612163728177030 144.626537 0.000000
1649612163817125908 72.550794 0.000000
1649612163817451238 72.576111 0.000000
1649612163872254557 72.407896 0.000000
1649612163945497458 144.614575 0.000000
1649612164001089306 72.493236 0.000000
1649612164017897630 144.553039 0.000000
1649612164251897682 72.407044 0.000000
1649612164323691096 144.597813 0.000000
1649612164347870526 72.387638 0.000000
1649612164420248956 72.345259 0.000000
1649612164482402872 72.374903 0.000000
1649612164554538347 144.540484 0.000000
1649612164564961674 72.343325 0.000000
1649612164724647197 144.603153 0.000000
1649612165032389886 72.446579 0.000000
1649612165159302170 72.381286 0.000000
1649612165264944518 72.359595 0.000000
1649612165338140722 72.416763 0.000000
1649612165394896881 72.469711 0.000000
1649612165409952620 72.577242 0.000000
1649612165521299721 72.553098 0.000000
1649612165627249695 72.543580 0.000000
1649612165796738742 72.424316 0.000000
1649612166148333664 72.476885 0.000000
1649612166278696186 72.421091 0.000000
1649612166318077219 144.530657 0.000000
1649612166336681299 72.344226 0.000000
1649612166351109131 72.410200 0.000000
1649612166409240709 72.491503 0.000000
1649612166462712572 144.625825 0.000000
1649612166496168549 72.418024 0.000000
1649612166568759608 72.357100 0.000000
1649612166624007431 72.424778 0.000000
1649612166626447143 144.626818 0.000000
1649612166696396912 72.383740 0.000000
1649612166713754836 72.555583 0.000000
1649612166771632177 72.396193 0.000000
1649612166786194471 72.446828 0.000000
1649612166810784200 72.462497 0.000000
1649612166858536694 72.339999 0.000000
1649612166988937688 72.539372 0.000000
1649612167003432826 72.535354 0.000000
1649612167203247884 72.415560 0.000000
1649612167365845504 72.662653 0.000000
1649612167462369070 72.358502 0.000000
1649612167607334532 72.484730 0.000000
1649612167752130026 144.700115 0.000000
1649612167782966724 72.500520 0.000000
1649612167800569046 144.813347 0.000000
1649612168041887735 72.501521 0.000000
1649612168114057875 144.677643 0.000000
1649612168235726862 144.649279 0.000000
1649612168250014462 144.536008 0.000000
1649612168258869850 72.447841 0.000000
1649612168259022997 72.404520 0.000000
1649612168361422436 72.386345 0.000000
1649612168380367154 144.630854 0.000000
1649612168452909582 72.326193 0.000000
1649612168476002346 72.402035 0.000000
1649612168490081855 72.454302 0.000000
1649612168511318620 72.543460 0.000000
1649612168597861650 144.466367 0.000000
1649612168611925699 72.356508 0.000000
1649612168795132137 144.509728 0.000000
1649612168829015145 144.571153 0.000000
1649612168837670809 144.512504 0.000000
1649612168837953098 72.381897 0.000000
1649612168873407170 72.367009 0.000000
1649612168945837578 72.389481 0.000000
1649612169012411680 144.638289 0.000000
1649612169118544617 144.685718 0.000000
1649612169157135609 144.718449 0.000000
1649612169230139041 72.512632 0.000000
1649612169249540946 72.436018 0.000000
1649612169263418076 72.349456 0.000000
1649612169302282260 72.538780 0.000000
1649612169453166416 144.787479 0.000000
1649612169586350896 72.391184 0.000000
1649612169809638889 72.413136 0.000000
1649612169987541595 144.721915 0.000000
1649612170033477114 72.572845 0.000000
1649612170099678877 72.434566 0.000000
1649612170191439406 72.558217 0.000000
1649612170238129458 72.535746 0.000000
1649612170251063792 72.642255 0.000000
1649612170373170429 144.739488 0.000000
1649612170445740859 72.420689 0.000000
1649612170517855014 144.674836 0.000000
1649612170540947327 144.711446 0.000000
1649612170577013707 72.538681 0.000000
1649612170590616313 72.457229 0.000000
1649612170646060522 72.401444 0.000000
1649612170718554009 72.481915 0.000000
1649612170735897466 72.652685 0.000000
1649612170808580107 72.652795 0.000000
1649612170824125453 72.555051 0.000000
1649612170880897993 144.966213 0.000000
1649612170889877834 72.549431 0.000000
1649612170935992308 72.556064 0.000000
1649612170939429711 72.444865 0.000000
1649612170962309956 72.427523 0.000000
1649612171034411246 144.508104 0.000000
1649612171107056707 72.364594 0.000000
1649612171153574547 72.384692 0.000000
1649612171170752624 72.437201 0.000000
1649612171186493728 72.434856 0.000000
1649612171205526462 72.393960 0.000000
1649612171350374784 72.419528 0.000000
1649612171396276088 144.718189 0.000000
1649612171396585738 72.422573 0.000000
1649612171460381491 72.372950 0.000000
1649612171518604861 72.360908 0.000000
1649612171532587679 72.332033 0.000000
1649612171604941103 72.343836 0.000000
1649612171613854649 72.400521 0.000000
1649612171660391985 72.408616 0.000000
1649612171732830228 72.428705 0.000000
1649612171784964494 72.481033 0.000000
1649612171910795472 72.412925 0.000000
1649612172025797142 72.518913 0.000000
1649612172062598930 72.479108 0.000000
1649612172074858859 72.531857 0.000000
1649612172265610068 72.311315 0.000000
1649612172292446138 72.561374 0.000000
1649612172352283893 72.387247 0.000000
1649612172385259580 72.526608 0.000000
1649612172417288252 72.395101 0.000000
1649612172417843633 72.622437 0.000000
1649612172424776176 144.865805 0.000000
1649612172457779025 72.509797 0.000000
1649612172509969356 72.525586 0.000000
1649612172605405844 72.444544 0.000000
1649612172635266814 72.330561 0.000000
1649612172642146168 144.746381 0.000000
1649612172654650024 72.375335 0.000000
1649612172675235899 72.528452 0.000000
1649612172747448478 144.721555 0.000000
1649612172799556214 72.376857 0.000000
1649612172944438340 72.458019 0.000000
1649612172944465992 72.546776 0.000000
1649612172967426577 72.392877 0.000000
1649612172990002582 72.481112 0.000000
1649612173054510040 144.602131 0.000000
1649612173141517520 144.667944 0.000000
1649612173399937171 72.559079 0.000000
1649612173439503902 72.481804 0.000000
1649612173511782685 72.344628 0.000000
1649612173617233544 72.368802 0.000000
1649612173706635632 72.443512 0.000000
1649612173873723889 144.614574 0.000000
1649612174010789163 72.324230 0.000000
1649612174052302773 72.615876 0.000000
1649612174053482214 72.360827 0.000000
1649612174083299781 72.533440 0.000000
1649612174102800702 144.681429 0.000000
1649612174103181897 72.490791 0.000000
1649612174453505605 144.952837 0.000000
1649612174537980128 72.797697 0.000000
1649612174575952580 72.452300 0.000000
1649612174610391370 72.390674 0.000000
1649612174663273668 72.483698 0.000000
1649612174735752577 72.471635 0.000000
1649612174742961869 144.518544 0.000000
1649612174777595554 72.483827 0.000000
1649612174866009140 72.531828 0.000000
1649612175044664046 72.345198 0.000000
1649612175098243711 72.488596 0.000000
1649612175212239706 144.650361 0.000000
1649612175356897231 144.647716 0.000000
1649612175406529417 72.515617 0.000000
1649612175479025569 72.491312 0.000000
1649612175517990491 72.485360 0.000000
1649612175540325414 72.532479 0.000000
1649612175551310824 144.795212 0.000000
1649612175822780425 72.434726 0.000000
1649612175822835478 72.458219 0.000000
1649612175967404857 144.658476 0.000000
1649612175967578743 72.375745 0.000000
1649612176227865474 144.617058 0.000000
1649612176227982564 72.378271 0.000000
1649612176265497999 72.558427 0.000000
1649612176421157335 72.551805 0.000000
1649612176483043610 72.719280 0.000000
1649612176517148142 144.545364 0.000000
1649612176627487023 144.580540 0.000000
1649612176700261986 72.465673 0.000000
1649612177127056134 144.657324 0.000000
1649612177233475268 72.393910 0.000000
1649612177290009230 144.809490 0.000000
1649612177353174503 72.563818 0.000000
1649612177451096129 72.591820 0.000000
1649612177498053843 72.449875 0.000000
1649612177595865132 144.769985 0.000000
1649612177653792046 72.488206 0.000000
1649612177852234450 72.564759 0.000000
1649612177967592248 72.384873 0.000000
1649612178069271437 72.309962 0.000000
1649612178161273038 72.575079 0.000000
1649612178286128887 144.697339 0.000000
1649612178286539317 72.340129 0.000000
1649612178359086553 72.542688 0.000000
1649612178487079312 72.539181 0.000000
1649612178504055541 72.566482 0.000000
1649612178593768270 72.432321 0.000000
1649612178596099931 72.624461 0.000000
1649612178632146674 72.507351 0.000000
1649612178692438130 72.395683 0.000000
1649612178692501128 72.438493 0.000000
1649612178810867224 144.629483 0.000000
1649612178813559991 72.520257 0.000000
1649612178837296441 72.374914 0.000000
1649612178972975958 72.508294 0.000000
1649612178982263896 72.479389 0.000000
1649612179228297231 144.700354 0.000000
1649612179390398370 72.332824 0.000000
1649612179417010329 72.469831 0.000000
1649612179501562027 72.562957 0.000000
1649612179527131392 144.709042 0.000000
1649612179574054641 145.031425 0.000000
1649612179672174819 144.665739 0.000000
1649612179969790376 144.806694 0.000000
1649612180034515441 144.796835 0.000000
1649612180069333662 72.517180 0.000000
1649612180097733051 72.460474 0.000000
1649612180118268922 72.464913 0.000000
1649612180170274397 72.532359 0.000000
1649612180214225395 72.504376 0.000000
1649612180404967938 72.600848 0.000000
1649612180460314224 72.519725 0.000000
1649612180469212582 144.719160 0.000000
1649612180759042125 72.462488 0.000000
1649612180767061726 72.430998 0.000000
1649612180903828310 144.786256 0.000000
1649612181023328221 72.538560 0.000000
1649612181074021507 72.512311 0.000000
1649612181229186596 72.589506 0.000000
1649612181346875753 72.548730 0.000000
1649612181411804279 72.625372 0.000000
1649612181567526292 72.445326 0.000000
1649612181664125179 72.534503 0.000000
1649612181736590913 72.459612 0.000000
1649612181926633733 72.358432 0.000000
1649612182074332778 72.440265 0.000000
1649612182126617356 72.489769 0.000000
1649612182216274733 72.507362 0.000000
1649612182219551314 72.428524 0.000000
1649612182328232107 72.508384 0.000000
1649612182364513880 72.374613 0.000000
1649612182380490084 72.374662 0.000000
1649612182416625584 72.594535 0.000000
1649612182581942080 72.520597 0.000000
1649612182653936619 144.589407 0.000000
1649612182815073512 144.560033 0.000000
1649612182980573692 72.647626 0.000000
1649612183016902143 72.518012 0.000000
1649612183086377983 72.423675 0.000000
1649612183160311448 72.398058 0.000000
1649612183234201120 72.395542 0.000000
1649612183305026449 72.445015 0.000000
1649612183369573712 144.737044 0.000000
1649612183451370375 72.459332 0.000000
1649612183659449461 72.412143 0.000000
1649612183885384225 144.521329 0.000000
1649612183933613853 72.334398 0.000000
1649612184062678590 144.518172 0.000000
1649612184062707655 72.307898 0.000000
1649612184295466158 72.414207 0.000000
1649612184319703397 144.687701 0.000000
1649612184589779495 72.403457 0.000000
1649612184610046292 72.419267 0.000000
1649612184625711383 144.541917 0.000000
1649612184682458936 72.450084 0.000000
1649612184714101344 72.351209 0.000000
1649612184729828682 72.551084 0.000000
1649612184735019060 72.363593 0.000000
1649612184824296324 72.338224 0.000000
1649612184874420553 72.421190 0.000000
1649612185004068314 72.485791 0.000000
1649612185019415910 144.735520 0.000000
1649612185041497809 72.501241 0.000000
1649612185164365922 72.452650 0.000000
1649612185236856734 72.455125 0.000000
1649612185314044217 144.635814 0.000000
1649612185381563420 72.394861 0.000000
1649612185458766933 144.713950 0.000000
1649612185603748725 144.737004 0.000000
1649612185640065234 72.370285 0.000000
1649612185832429555 144.649459 0.000000
1649612185910922717 72.398258 0.000000
1649612185913824787 72.391736 0.000000
1649612185929877794 72.496782 0.000000
1649612186001965690 144.555914 0.000000
1649612186203299564 144.611498 0.000000
1649612186364489575 144.800512 0.000000
1649612186364602587 72.340329 0.000000
1649612186400870143 72.404969 0.000000
1649612186420747720 72.395431 0.000000
1649612186437002236 72.394319 0.000000
1649612186437027804 144.730089 0.000000
1649612186685568829 72.429956 0.000000
1649612186742827600 72.380674 0.000000
1649612186758030465 144.593704 0.000000
1649612186998293925 72.595658 0.000000
1649612187143071043 72.435878 0.000000
1649612187143121408 72.464882 0.000000
1649612187177515163 72.448211 0.000000
1649612187197717889 144.815189 0.000000
1649612187337649375 72.469561 0.000000
1649612187360488242 72.491602 0.000000
1649612187434520602 72.397086 0.000000
1649612187505180161 144.708039 0.000000
1649612187650212136 72.531707 0.000000
1649612187651539534 144.628299 0.000000
1649612187722617046 72.397687 0.000000
1649612187740873565 144.626205 0.000000
1649612187849626803 72.376877 0.000000
1649612188086103054 72.435337 0.000000
1649612188158255471 144.651533 0.000000
1649612188158675428 72.515738 0.000000
1649612188303411659 72.409257 0.000000
1649612188495862503 72.373009 0.000000
1649612188586855313 72.399290 0.000000
1649612188665723777 72.365385 0.000000
1649612188718854400 72.433995 0.000000
1649612188754889211 72.427151 0.000000
1649612188810610180 72.425669 0.000000
1649612189018678125 72.416160 0.000000
1649612189021462013 72.456165 0.000000
1649612189026881751 72.385384 0.000000
1649612189238649200 72.410960 0.000000
1649612189311029734 72.335990 0.000000
1649612189456153462 72.483226 0.000000
1649612189461537263 72.408586 0.000000
1649612189622562075 72.502162 0.000000
1649612189732661646 72.429025 0.000000
1649612189823633045 72.363582 0.000000
1649612189949915759 144.747362 0.000000
1649612190022458708 72.529484 0.000000
1649612190035960604 72.513332 0.000000
1649612190040983448 72.414567 0.000000
1649612190095006705 72.541465 0.000000
1649612190113237074 72.486894 0.000000
1649612190113267311 72.319469 0.000000
1649612190185649008 72.402756 0.000000
1649612190201633788 72.277892 0.000000
1649612190452102325 144.525787 0.000000
1649612190547883449 72.436659 0.000000
1649612190563712839 72.420269 0.000000
1649612190563854244 72.380945 0.000000
1649612190688129695 144.810350 0.000000
1649612190756643751 144.547797 0.000000
1649612190756712400 144.586370 0.000000
1649612190797514987 72.430647 0.000000
1649612190853359859 72.350158 0.000000
1649612190905718134 72.486282 0.000000
1649612190982252855 144.580900 0.000000
1649612190982565451 72.466576 0.000000
1649612191014587991 144.578325 0.000000
1649612191014677479 72.329178 0.000000
1649612191215112718 72.378861 0.000000
1649612191412596304 144.561353 0.000000
1649612191432652065 72.598382 0.000000
1649612191485110368 72.504927 0.000000
1649612191489470491 72.506390 0.000000
1649612191702665957 72.414228 0.000000
1649612191739072313 72.425488 0.000000
1649612191795359072 72.445415 0.000000
1649612191867566492 72.571742 0.000000
1649612191996684530 72.377518 0.000000
1649612192061103020 72.490040 0.000000
1649612192137907686 72.624020 0.000000
1649612192206085704 72.482526 0.000000
1649612192230013622 72.434806 0.000000
1649612192246192136 72.421010 0.000000
1649612192302519992 72.357741 0.000000
1649612192334850450 72.409458 0.000000
1649612192391104207 72.461636 0.000000
1649612192423568435 72.459933 0.000000
1649612192479740479 72.504266 0.000000
1649612192503771682 72.484098 0.000000
1649612192576193473 72.427302 0.000000
1649612192648583855 72.387046 0.000000
1649612192785477216 72.417073 0.000000
1649612192882083287 144.922811 0.000000
1649612192930691955 72.611167 0.000000
1649612193010837042 72.512391 0.000000
1649612193079361338 144.544362 0.000000
1649612193316945265 72.508734 0.000000
1649612193332970131 72.367179 0.000000
1649612193461978623 72.493205 0.000000
1649612193534485204 72.351590 0.000000
1649612193638969540 144.683473 0.000000
1649612193654832002 144.506831 0.000000
1649612193679023714 144.645661 0.000000
1649612193679229299 72.350528 0.000000
1649612193735336523 72.406794 0.000000
1649612193912469405 72.669856 0.000000
1649612193968540921 144.494038 0.000000
1649612193984821356 72.347382 0.000000
1649612194129602892 144.717416 0.000000
1649612194161619701 72.417052 0.000000
1649612194238834376 144.589827 0.000000
1649612194258568775 72.446839 0.000000
1649612194274369770 72.364303 0.000000
1649612194314667451 72.338074 0.000000
1649612194346562773 144.528482 0.000000
1649612194402819837 72.334558 0.000000
1649612194475262567 144.638157 0.000000
1649612194668231642 72.508013 0.000000
1649612194668433019 72.442551 0.000000
1649612194676719921 72.488727 0.000000
1649612194692793137 72.394150 0.000000
1649612194749336869 72.612449 0.000000
1649612194764958488 144.544261 0.000000
1649612194781170485 72.487955 0.000000
1649612194837614779 72.400351 0.000000
1649612194957512465 72.387617 0.000000
1649612194957973730 72.390903 0.000000
1649612194966321627 72.363232 0.000000
1649612195103262917 145.282474 0.000000
1649612195103901604 72.677570 0.000000
1649612195110869374 72.332553 0.000000
1649612195112421413 72.405660 0.000000
1649612195181446608 144.458720 0.000000
1649612195190360706 144.435347 0.000000
1649612195333554166 73.863454 0.000000
1649612195479961249 72.450826 0.000000
1649612195664123116 150.201284 0.000000
1649612195783627284 158.181622 0.000000
1649612195808743059 144.641535 0.000000
1649612196056748349 150.057986 0.000000
1649612196216228676 72.584196 0.000000
1649612196216271867 72.664717 0.000000
1649612196361038986 72.541556 0.000000
1649612196647197517 72.478758 0.000000
1649612196796710290 72.599784 0.000000
1649612197288105991 144.746671 0.000000
1649612197304359976 72.533711 0.000000
1649612197372114379 72.565080 0.000000
1649612197516736797 144.590638 0.000000
1649612197521381452 72.445135 0.000000
1649612197589253155 72.420499 0.000000
1649612197780669469 144.545954 0.000000
1649612197780688445 144.564429 0.000000
1649612197795459180 72.505267 0.000000
1649612197807010150 72.556934 0.000000
1649612198101629910 72.491181 0.000000
1649612198314141483 72.370304 0.000000
1649612198345681970 144.544082 0.000000
1649612198418058487 144.543821 0.000000
1649612198458880951 72.401002 0.000000
1649612198463694012 72.391464 0.000000
1649612198519722978 72.515206 0.000000
1649612198591833967 72.354576 0.000000
1649612198664240289 144.508755 0.000000
1649612198691364898 72.427733 0.000000
1649612198825561504 72.306334 0.000000
1649612198825781136 72.498965 0.000000
1649612198953950176 72.618029 0.000000
1649612199110518434 72.418816 0.000000
1649612199115576925 72.394019 0.000000
1649612199270092145 144.657443 0.000000
1649612199287491517 72.579747 0.000000
1649612199405689096 72.574627 0.000000
1649612199487483164 72.460704 0.000000
1649612199649846123 72.442681 0.000000
1649612199722189438 144.755007 0.000000
1649612199849436338 72.405811 0.000000
1649612199895913410 144.789171 0.000000
1649612199980073774 72.505308 0.000000
1649612200211786686 144.479200 0.000000
1649612200249442635 72.452428 0.000000
1649612200283684375 72.459752 0.000000
1649612200348111011 72.390052 0.000000
1649612200356342449 144.552196 0.000000
1649612200483008551 72.540604 0.000000
1649612200718172391 72.421371 0.000000
1649612200777036460 72.579626 0.000000
1649612200935409322 72.457258 0.000000
1649612201080343834 72.506529 0.000000
1649612201102175865 144.473038 0.000000
1649612201118536931 72.389541 0.000000
1649612201152968837 72.407355 0.000000
1649612201224866124 144.572914 0.000000
1649612201536302173 144.504767 0.000000
1649612201605919668 144.681098 0.000000
1649612201731838179 72.363662 0.000000
1649612201949020687 72.416360 0.000000
1649612202166556608 72.474781 0.000000
1649612202301966819 72.529223 0.000000
1649612202304103383 72.484618 0.000000
1649612202439042641 72.458580 0.000000
1649612202448718507 72.301375 0.000000
1649612202547923619 144.687249 0.000000
1649612202617038762 72.400581 0.000000
1649612202942031209 144.573616 0.000000
1649612202955051824 72.384903 0.000000
1649612203231671496 72.388048 0.000000
1649612203252942464 72.431740 0.000000
1649612203461082043 144.533021 0.000000
1649612203469909268 72.381957 0.000000
1649612203751051456 72.321323 0.000000
1649612203823401854 72.603031 0.000000
1649612203832322885 72.400652 0.000000
1649612203904651771 72.346370 0.000000
1649612204113473579 72.686627 0.000000
1649612204182124543 72.326613 0.000000
1649612204228898672 144.493176 0.000000
1649612204330712573 72.512051 0.000000
1649612204330773046 72.581871 0.000000
1649612204339076479 72.480922 0.000000
1649612204373437322 144.534633 0.000000
1649612204471669359 72.412503 0.000000
1649612204679688603 72.401573 0.000000
1649612204773506527 72.380273 0.000000
1649612204773605142 72.424667 0.000000
1649612204789979132 72.343975 0.000000
1649612204910909884 144.754585 0.000000
1649612205079547363 72.456066 0.000000
1649612205127732076 72.437109 0.000000
1649612205200208660 72.470843 0.000000
1649612205417615528 72.760476 0.000000
1649612205562840716 72.374683 0.000000
1649612205569526467 72.403717 0.000000
1649612205676826752 72.362220 0.000000
1649612205780086482 72.348364 0.000000
1649612205780563496 72.496622 0.000000
1649612205786527715 72.322244 0.000000
1649612205803265297 144.553498 0.000000
1649612205924502463 72.389430 0.000000
1649612205931822012 72.399890 0.000000
1649612205966325933 72.418175 0.000000
1649612205997291542 72.459472 0.000000
1649612206076477091 72.333505 0.000000
1649612206141740886 72.364393 0.000000
1649612206183081100 144.459292 0.000000
1649612206220559587 72.326183 0.000000
1649612206220815566 72.347272 0.000000
1649612206287768637 72.402865 0.000000
1649612206382733631 72.426079 0.000000
1649612206399963856 144.533831 0.000000
1649612206437622580 72.371477 0.000000
1649612206468188060 144.537418 0.000000
1649612206634938732 144.649468 0.000000
1649612206655213203 72.394319 0.000000
1649612206727596893 72.406863 0.000000
1649612206779842246 144.678672 0.000000
1649612206865950811 72.554450 0.000000
1649612206872365464 72.366427 0.000000
1649612206872414766 72.406202 0.000000
1649612206924432314 144.584267 0.000000
1649612206938900401 72.501211 0.000000
1649612207005437954 72.406653 0.000000
1649612207083724858 72.387487 0.000000
1649612207122887470 72.331642 0.000000
1649612207150272930 72.440557 0.000000
1649612207156324933 72.338455 0.000000
1649612207228413259 72.271499 0.000000
1649612207267381247 144.489318 0.000000
1649612207396949618 72.426731 0.000000
1649612207445769342 72.375183 0.000000
1649612207446914639 72.429546 0.000000
1649612207451694588 72.331843 0.000000
1649612207484294770 144.579657 0.000000
1649612207628767287 144.469441 0.000000
1649612207831633892 72.527581 0.000000
1649612207952061742 72.351029 0.000000
1649612208207479484 72.363061 0.000000
1649612208387294544 72.454663 0.000000
1649612208393335967 72.438973 0.000000
1649612208531859533 144.540944 0.000000
1649612208555827136 72.430708 0.000000
1649612208748659885 72.460544 0.000000
1649612208816295505 72.566072 0.000000
1649612208966029513 72.487133 0.000000
1649612208988816734 72.426770 0.000000
1649612209004387438 72.507132 0.000000
1649612209133841285 72.552255 0.000000
1649612209183758094 72.684163 0.000000
1649612209323360283 72.389721 0.000000
1649612209497020716 72.464761 0.000000
1649612209540507894 144.664436 0.000000
1649612209546004647 72.491151 0.000000
1649612209546038160 72.585548 0.000000
1649612209583980345 144.665708 0.000000
1649612209618218809 144.732123 0.000000
1649612209618486080 72.475722 0.000000
1649612209690974195 72.379161 0.000000
1649612209980727514 72.393529 0.000000
1649612210125506364 72.461976 0.000000
1649612210179909021 72.417963 0.000000
1649612210198206246 72.661089 0.000000
1649612210270830557 72.606277 0.000000
1649612210488249718 72.453851 0.000000
1649612210488276859 72.490821 0.000000
1649612210488292017 72.509986 0.000000
1649612210555268612 72.443662 0.000000
1649612210640750151 72.524624 0.000000
1649612210670875084 72.363080 0.000000
1649612210904527181 144.694302 0.000000
1649612211067553102 144.667482 0.000000
1649612211147879319 72.432872 0.000000
1649612211178582947 72.568576 0.000000
1649612211251139120 72.551063 0.000000
1649612211430375745 72.560231 0.000000
1649612211468436563 144.796253 0.000000
1649612211715086501 72.592991 0.000000
1649612211903267972 72.574627 0.000000
1649612211937617113 72.496691 0.000000
1649612211944239065 72.421401 0.000000
1649612212234356955 72.396843 0.000000
1649612212323215985 72.497864 0.000000
1649612212372434045 72.587301 0.000000
1649612212444903695 72.534231 0.000000
1649612212589843658 72.410269 0.000000
1649612212662411804 72.403678 0.000000
1649612212662452460 72.403497 0.000000
1649612212740761445 72.530955 0.000000
1649612212773095650 72.472556 0.000000
1649612212813273335 72.507041 0.000000
1649612212879950819 72.548999 0.000000
1649612212951564866 72.527349 0.000000
1649612212990632250 72.397004 0.000000
1649612213242517191 72.703819 0.000000
1649612213320589253 72.388078 0.000000
1649612213366844770 144.558067 0.000000
1649612213603255727 72.474810 0.000000
1649612213610729154 144.626675 0.000000
1649612213699210707 72.456707 0.000000
1649612213743872026 72.505809 0.000000
1649612213749547934 72.453220 0.000000
1649612213820845889 144.503565 0.000000
1649612213966191481 144.506980 0.000000
1649612214111553605 72.413114 0.000000
1649612214400947589 72.396152 0.000000
1649612214401024603 72.330208 0.000000
1649612214454919168 72.435025 0.000000
1649612214473514041 72.486422 0.000000
1649612214494574796 72.353383 0.000000
1649612214527204093 72.318708 0.000000
1649612214583607270 144.546695 0.000000
1649612214599711635 72.382497 0.000000
1649612214688769827 72.354054 0.000000
1649612214761104955 72.329878 0.000000
1649612214833534792 144.694172 0.000000
1649612214840642153 144.688010 0.000000
1649612214889089098 72.329699 0.000000
1649612214908097375 72.410631 0.000000
1649612214913168850 72.393337 0.000000
1649612214980497145 72.389420 0.000000
1649612215145965624 72.375644 0.000000
1649612215146916426 144.608821 0.000000
1649612215219304764 72.382857 0.000000
1649612215234553605 144.615775 0.000000
1649612215339595066 144.781275 0.000000
1649612215339626755 144.713838 0.000000
1649612215364376103 72.736801 0.000000
1649612215415364691 72.452928 0.000000
1649612215484485425 144.575960 0.000000
1649612215524490306 144.542437 0.000000
1649612215596993600 72.358532 0.000000
1649612215629350918 72.343985 0.000000
1649612215701618449 72.409036 0.000000
1649612215704992573 72.429625 0.000000
1649612215741745991 144.753974 0.000000
1649612215774145818 72.434505 0.000000
1649612215777466713 72.406944 0.000000
1649612216063515557 144.571662 0.000000
1649612216139414084 72.365074 0.000000
1649612216139435645 144.603522 0.000000
1649612216211889185 72.503975 0.000000
1649612216232049252 72.430808 0.000000
1649612216280676124 72.332194 0.000000
1649612216336821016 72.362029 0.000000
1649612216361340844 72.405410 0.000000
1649612216377155856 144.499998 0.000000
1649612216449421594 72.494446 0.000000
1649612216699043794 72.478317 0.000000
1649612216787321123 72.461616 0.000000
1649612216790941499 144.563137 0.000000
1649612216843784763 144.558097 0.000000
1649612216900355585 72.440607 0.000000
1649612217008922973 72.457697 0.000000
1649612217206036916 72.429725 0.000000
1649612217262980536 72.496611 0.000000
1649612217443774119 72.441247 0.000000
1649612217511434555 144.682108 0.000000
1649612217552041486 72.520075 0.000000
1649612217568297344 144.647775 0.000000
1649612217587928549 144.628007 0.000000
1649612217697292421 144.555642 0.000000
1649612217713097825 72.375073 0.000000
1649612217785450256 72.347932 0.000000
1649612217898256690 72.487304 0.000000
1649612217950009762 144.648456 0.000000
1649612218147306546 144.621134 0.000000
1649612218163132870 72.458088 0.000000
1649612218235592401 72.410098 0.000000
1649612218292333632 144.721583 0.000000
1649612218307937479 72.423766 0.000000
1649612218311977531 72.343324 0.000000
1649612218317014160 72.379862 0.000000
1649612218380179072 144.580339 0.000000
1649612218493300025 144.508534 0.000000
1649612218509567956 72.341171 0.000000
1649612218767354658 72.527889 0.000000
1649612218783145626 72.535304 0.000000
1649612219000369881 72.360055 0.000000
1649612219032634756 72.346621 0.000000
1649612219109461963 72.402674 0.000000
1649612219113169212 72.400621 0.000000
1649612219152259629 72.445254 0.000000
1649612219180637829 72.369914 0.000000
1649612219201495703 72.337082 0.000000
1649612219224713240 72.386305 0.000000
1649612219254174479 72.342411 0.000000
1649612219297174515 72.457528 0.000000
1649612219326615245 72.418504 0.000000
1649612219397517579 72.348554 0.000000
1649612219506771835 144.588924 0.000000
1649612219586904127 72.449332 0.000000
1649612219686935558 144.500139 0.000000
1649612219692165420 144.683191 0.000000
1649612219905993309 72.411662 0.000000
1649612220037774818 72.380674 0.000000
1649612220050641645 144.616276 0.000000
1649612220271936670 72.579086 0.000000
1649612220288279853 72.485261 0.000000
1649612220288308426 72.571512 0.000000
1649612220288344404 72.619392 0.000000
1649612220311709636 72.408005 0.000000
1649612220456570200 72.519964 0.000000
1649612220521411223 72.624732 0.000000
1649612220707002948 72.441457 0.000000
1649612220779320985 72.354625 0.000000
1649612220907112355 72.620442 0.000000
1649612220940616152 72.391624 0.000000
1649612220963960186 72.502873 0.000000
1649612220996860792 72.571091 0.000000
1649612221124628698 72.499766 0.000000
1649612221209552602 72.422011 0.000000
1649612221245348775 144.602109 0.000000
1649612221286838269 72.799899 0.000000
1649612221342573324 72.340007 0.000000
1649612221359218362 72.368261 0.000000
1649612221375357501 72.386084 0.000000
1649612221375448251 72.476594 0.000000
1649612221447936136 72.554499 0.000000
1649612221624376530 144.663845 0.000000
1649612221787763979 144.624421 0.000000
1649612221793351832 144.623689 0.000000
1649612221865972615 144.573235 0.000000
1649612221882321018 72.405340 0.000000
1649612222010673450 72.436108 0.000000
1649612222067042032 72.413476 0.000000
1649612222203595334 144.533179 0.000000
1649612222295152211 144.531326 0.000000
1649612222461429486 144.647575 0.000000
1649612222589935165 72.464290 0.000000
1649612222855750695 72.447379 0.000000
1649612222855775722 144.860624 0.000000
1649612222879832211 72.609512 0.000000
1649612223000416433 72.330870 0.000000
1649612223024698886 72.458600 0.000000
1649612223089910362 72.363321 0.000000
1649612223097184145 72.478627 0.000000
1649612223113438251 72.485720 0.000000
1649612223169526538 72.339838 0.000000
1649612223241873929 144.580579 0.000000
1649612223314225688 72.289362 0.000000
1649612223453087488 72.681186 0.000000
1649612223491406390 144.627316 0.000000
1649612223531624380 72.510336 0.000000
1649612223548382981 72.445014 0.000000
1649612223604171907 72.568937 0.000000
1649612223941194982 72.403135 0.000000
1649612223959445119 144.584737 0.000000
1649612224230871284 72.359463 0.000000
1649612224465568129 72.403186 0.000000
1649612224473191748 72.409417 0.000000
1649612224490542549 72.429856 0.000000
1649612224592982823 72.327223 0.000000
1649612224691425065 72.381526 0.000000
1649612224817885049 72.395372 0.000000
1649612224835398585 72.443732 0.000000
1649612224836145294 144.642884 0.000000
1649612224972902179 72.454251 0.000000
1649612224980169871 72.350076 0.000000
1649612225107558276 72.352841 0.000000
1649612225125846264 72.429957 0.000000
1649612225214826951 72.427542 0.000000
1649612225324631137 144.746068 0.000000
1649612225487364029 72.389540 0.000000
1649612225553378711 144.693871 0.000000
1649612225704265579 144.666389 0.000000
1649612225721902576 72.431579 0.000000
1649612225915285836 72.374392 0.000000
1649612225954400288 144.611135 0.000000
1649612226010878716 72.545803 0.000000
1649612226058420564 144.612918 0.000000
1649612226121711932 72.509124 0.000000
1649612226130556770 72.412493 0.000000
1649612226186322723 145.073092 0.000000
1649612226212302847 72.591899 0.000000
1649612226349913522 72.381655 0.000000
1649612226397693476 144.684213 0.000000
1649612226475978496 72.453018 0.000000
1649612226501925770 72.465563 0.000000
1649612226614928491 72.391393 0.000000
1649612226710253059 72.539952 0.000000
1649612226784835970 72.514524 0.000000
1649612226855287738 72.529663 0.000000
1649612226910633484 72.397746 0.000000
1649612226929435023 144.638617 0.000000
1649612227009412045 72.523391 0.000000
1649612227042050951 72.797906 0.000000
1649612227217480840 72.348864 0.000000
1649612227314272217 144.536897 0.000000
1649612227314844660 72.554510 0.000000
1649612227404105842 72.503553 0.000000
1649612227434453343 144.511599 0.000000
1649612227443647265 72.354745 0.000000
1649612227443754416 72.449452 0.000000
1649612227506958700 72.330610 0.000000
1649612227693535042 72.323257 0.000000
1649612227706659611 144.589565 0.000000
1649612227870761959 144.548929 0.000000
1649612227870895209 72.361779 0.000000
1649612228068855047 72.474710 0.000000
1649612228085650486 144.529162 0.000000
1649612228087997545 144.510588 0.000000
1649612228304918622 144.556172 0.000000
1649612228366459128 72.356600 0.000000
1649612228503602246 144.506549 0.000000
1649612228561836626 72.359925 0.000000
1649612228576129144 72.330570 0.000000
1649612228594983473 72.433713 0.000000
1649612228720399371 144.455324 0.000000
1649612228739498118 72.377497 0.000000
1649612228884564807 72.611796 0.000000
1649612228891182320 72.466385 0.000000
1649612228963596276 72.354645 0.000000
1649612229029273445 144.705844 0.000000
1649612229051825054 72.552406 0.000000
1649612229252729390 144.466675 0.000000
1649612229307272261 144.626154 0.000000
1649612229319119205 72.511208 0.000000
1649612229558625083 72.491651 0.000000
1649612229609065995 72.381736 0.000000
1649612229609199174 72.539812 0.000000
1649612229647279068 144.593633 0.000000
1649612229681427963 72.355486 0.000000
1649612229741770925 144.524814 0.000000
1649612229848264025 144.661389 0.000000
1649612229848506009 72.425768 0.000000
1649612229886305587 144.524443 0.000000
1649612229904980630 72.427872 0.000000
1649612229977392902 72.393627 0.000000
1649612230116203797 72.514895 0.000000
1649612230154089055 72.328545 0.000000
1649612230210314729 72.466394 0.000000
1649612230355058935 72.403677 0.000000
1649612230478605388 72.402766 0.000000
1649612230500024494 72.521878 0.000000
1649612230623601115 72.559078 0.000000
1649612230789975021 72.454924 0.000000
1649612230846982680 72.427962 0.000000
1649612230919367552 72.405330 0.000000
1649612230965755668 72.509025 0.000000
1649612231064249164 72.519704 0.000000
1649612231110745052 72.472165 0.000000
1649612231110803391 72.498083 0.000000
1649612231136752037 72.500088 0.000000
1649612231209178977 72.425859 0.000000
1649612231209211158 72.466725 0.000000
1649612231263019390 72.390451 0.000000
1649612231275989079 72.468288 0.000000
1649612231385597930 72.384129 0.000000
1649612231407866028 72.474840 0.000000
1649612231457939150 72.338184 0.000000
1649612231480193802 144.531726 0.000000
1649612231625271021 72.554901 0.000000
1649612231715912140 144.673352 0.000000
1649612231770090197 72.399009 0.000000
1649612231788445470 72.522200 0.000000
1649612231914861613 72.411322 0.000000
1649612232124255892 72.412243 0.000000
1649612232181806069 144.589807 0.000000
1649612232196675477 72.385522 0.000000
1649612232296119998 72.556634 0.000000
1649612232311656999 72.520887 0.000000
1649612232414119906 72.523843 0.000000
1649612232421898495 72.619482 0.000000
1649612232486487755 72.364333 0.000000
1649612232493872185 144.593112 0.000000
1649612232513083594 144.478817 0.000000
1649612232631239945 72.339015 0.000000
1649612232674097313 72.529322 0.000000
1649612232803315557 72.527579 0.000000
1649612232948237475 72.398115 0.000000
1649612233165712179 72.558237 0.000000
1649612233165747726 72.629399 0.000000
1649612233196800068 144.540834 0.000000
1649612233310790711 72.538640 0.000000
1649612233413048543 72.389730 0.000000
1649612233471613061 72.546854 0.000000
1649612233558577440 72.327925 0.000000
1649612233581151861 72.389551 0.000000
1649612233595229948 72.468018 0.000000
1649612233673189187 72.356518 0.000000
1649612233703411262 72.410238 0.000000
1649612233745460285 72.456104 0.000000
1649612233775836509 72.405960 0.000000
1649612233817823546 144.765514 0.000000
1649612233884832661 144.601467 0.000000
1649612234051445164 72.561923 0.000000
1649612234160572983 72.438231 0.000000
1649612234268669690 72.474270 0.000000
1649612234522442007 144.659496 0.000000
1649612234542361001 72.443752 0.000000
1649612234558590700 72.526397 0.000000
1649612234644787659 72.382847 0.000000
1649612234789673340 72.467626 0.000000
1649612234812557081 72.441027 0.000000
1649612234827139944 72.396513 0.000000
1649612234899600397 72.453150 0.000000
1649612235029817954 72.571230 0.000000
1649612235529107235 72.480921 0.000000
1649612235573169892 72.466003 0.000000
1649612235609573704 72.406001 0.000000
1649612235629805544 72.470281 0.000000
1649612235658710821 72.385863 0.000000
1649612235718126725 72.565800 0.000000
1649612235774788366 72.512762 0.000000
1649612235891557938 72.494938 0.000000
1649612236080295039 72.546484 0.000000
1649612236137559509 72.516498 0.000000
1649612236310158082 72.312485 0.000000
1649612236355260849 72.486993 0.000000
1649612236422311422 72.548488 0.000000
1649612236422311833 72.563506 0.000000
1649612236471136535 72.465212 0.000000
1649612236688282222 72.351659 0.000000
1649612236732679867 144.568525 0.000000
1649612236732911411 72.333045 0.000000
1649612236790051429 144.620062 0.000000
1649612236790094279 144.552074 0.000000
1649612236805192889 72.279724 0.000000
1649612236877547834 72.409878 0.000000
1649612236921407991 72.392405 0.000000
1649612237080387488 72.530554 0.000000
1649612237167255124 144.643306 0.000000
1649612237239842485 72.401643 0.000000
1649612237340189436 72.531316 0.000000
1649612237370457016 72.521246 0.000000
1649612237457363355 72.479409 0.000000
1649612237484871744 144.683791 0.000000
1649612237485106344 72.403185 0.000000
1649612237529654922 72.494847 0.000000
1649612237674237624 144.575849 0.000000
1649612237782931059 72.473348 0.000000
1649612237847680859 72.530674 0.000000
1649612238036381752 72.501541 0.000000
1649612238036782654 72.320321 0.000000
1649612238095311756 72.503304 0.000000
1649612238161409833 72.680735 0.000000
1649612238217530841 72.515877 0.000000
1649612238354569323 72.351218 0.000000
1649612238602204988 72.375123 0.000000
1649612238674404902 72.456055 0.000000
1649612238797009411 72.460603 0.000000
1649612238964269928 72.398186 0.000000
1649612239181555978 72.434014 0.000000
1649612239247385362 144.638999 0.000000
1649612239253943043 72.384511 0.000000
1649612239268285957 72.595577 0.000000
1649612239268618310 72.536857 0.000000
1649612239351558585 72.406762 0.000000
1649612239413277314 144.651951 0.000000
1649612239485712871 72.428484 0.000000
1649612239616040995 72.472185 0.000000
1649612239702934010 72.491972 0.000000
1649612239775341133 72.403827 0.000000
1649612239898819018 144.521368 0.000000
1649612239920034152 72.342953 0.000000
1649612239920122006 72.496821 0.000000
1649612240065168297 72.392816 0.000000
1649612240137714862 72.570139 0.000000
1649612240173547492 72.489005 0.000000
1649612240210254773 72.451926 0.000000
1649612240261101996 72.351007 0.000000
1649612240390552426 144.525535 0.000000
1649612240583319019 144.884779 0.000000
1649612240630113566 72.428473 0.000000
1649612240671160431 144.604343 0.000000
1649612240767794813 72.438101 0.000000
1649612240789848528 72.490951 0.000000
1649612241042157893 144.696816 0.000000
1649612241209902167 72.450374 0.000000
1649612241297374016 72.520446 0.000000
1649612241322896282 72.452498 0.000000
1649612241395360151 72.457336 0.000000
1649612241492418167 72.456987 0.000000
1649612241514824775 72.563909 0.000000
1649612241572351157 72.469961 0.000000
1649612241587232779 72.518051 0.000000
1649612241598268133 72.534162 0.000000
1649612241637249596 72.461515 0.000000
1649612241670604693 72.349955 0.000000
1649612241732108641 72.391544 0.000000
1649612241815510631 72.514835 0.000000
