1649639710981087303 335.571694 0.000000
1649639710993816686 264.161630 0.000000
1649639711563148731 359.501642 0.000000
1649639711872142664 309.058335 0.000000
1649639712135377125 111.077593 0.000000
1649639712519000595 315.328556 0.000000
1649639713579718600 543.014873 0.000000
1649639713579785375 468.897122 0.000000
1649639714138449681 466.777007 0.000000
1649639715070634860 679.741114 0.000000
1649639715070803005 281.743200 0.000000
1649639715737615734 482.026293 0.000000
1649639716452879448 229.238935 0.000000
1649639717106832554 717.289414 0.000000
1649639718427459785 411.786255 0.000000
1649639720415897259 503.114768 0.000000
1649639721023396218 318.609880 0.000000
1649639721797260903 773.848395 0.000000
1649639721921842861 898.479945 0.000000
1649639722779084592 95.155185 0.000000
1649639723551906344 158.246265 0.000000
1649639723742612437 223.314191 0.000000
1649639725360141242 415.684841 0.000000
1649639725596231750 550.872790 0.000000
1649639725930654652 334.464089 0.000000
1649639726030747974 297.949339 0.000000
1649639726523330796 790.507704 0.000000
1649639726523524299 592.858426 0.000000
1649639726963302476 439.943266 0.000000
1649639727679071788 715.693019 0.000000
1649639728166300272 487.103139 0.000000
1649639729786898744 600.987867 0.000000
1649639729787008199 264.601716 0.000000
1649639730121717336 334.797502 0.000000
1649639730121743635 334.886469 0.000000
1649639730499526105 585.155276 0.000000
1649639730858655299 359.125376 0.000000
1649639732557220475 327.808703 0.000000
1649639732826554500 181.816448 0.000000
1649639733245980738 517.934949 0.000000
1649639734169236826 662.658510 0.000000
1649639734724535774 492.654405 0.000000
1649639735736974808 361.236515 0.000000
1649639736326045182 459.651219 0.000000
1649639736354247510 328.986389 0.000000
1649639736901887171 575.526757 0.000000
1649639738047488664 794.605183 0.000000
1649639738142865537 641.686530 0.000000
1649639738761903829 714.366864 0.000000
1649639739511217030 372.428813 0.000000
1649639739760666401 355.374446 0.000000
1649639740438170743 523.537320 0.000000
1649639740438205478 422.045054 0.000000
1649639740718702170 348.238729 0.000000
1649639740790594557 114.509466 0.000000
1649639741607807323 546.929740 0.000000
1649639741748975172 635.966918 0.000000
1649639741748980583 665.456047 0.000000
1649639741934562760 335.885823 0.000000
1649639743267178054 568.614200 0.000000
1649639744351349955 481.944089 0.000000
1649639745291212976 276.196242 0.000000
1649639746103937409 389.261359 0.000000
1649639746510209837 535.953065 0.000000
1649639746510473371 536.253458 0.000000
1649639746979877021 406.250806 0.000000
1649639747974214399 412.686230 0.000000
1649639748428820773 454.642321 0.000000
1649639748609920086 181.141192 0.000000
1649639750117817463 485.948938 0.000000
1649639752120519853 240.315209 0.000000
1649639754491714582 747.827776 0.000000
1649639754934048840 442.321333 0.000000
1649639755183551821 667.333345 0.000000
1649639755519323450 335.725652 0.000000
1649639756619479804 421.045321 0.000000
1649639756680288315 481.826159 0.000000
1649639757625925901 254.458661 0.000000
1649639757686454758 314.842997 0.000000
1649639758562016753 490.516278 0.000000
1649639758562054354 490.515247 0.000000
1649639758740606192 311.712478 0.000000
1649639760546988788 413.200202 0.000000
1649639760547046767 413.237593 0.000000
1649639760547048750 413.224839 0.000000
1649639761417545641 368.763874 0.000000
1649639762038028542 387.208870 0.000000
1649639763514254566 356.429984 0.000000
1649639763514260057 356.456795 0.000000
1649639765323519807 471.903118 0.000000
1649639765417085103 523.584638 0.000000
1649639765417107144 523.647826 0.000000
1649639765417121321 424.854593 0.000000
1649639765953067230 535.994530 0.000000
1649639766760730975 173.710623 0.000000
1649639768019289155 419.167861 0.000000
1649639768068130101 467.954335 0.000000
1649639768908526076 573.103916 0.000000
1649639769908807286 505.343394 0.000000
1649639770219201062 474.285163 0.000000
1649639771347262496 507.325980 0.000000
1649639771496113007 369.887531 0.000000
1649639772120612296 338.418679 0.000000
1649639772496389218 656.187813 0.000000
1649639773034252964 537.906776 0.000000
1649639774250469511 396.103415 0.000000
1649639774654926757 404.373168 0.000000
1649639775027206361 372.273534 0.000000
1649639775153738715 318.134406 0.000000
1649639775859364583 705.611761 0.000000
1649639775896999593 403.607171 0.000000
1649639776255408026 358.708986 0.000000
1649639776859154794 375.423248 0.000000
1649639777237348837 451.318811 0.000000
1649639777237382340 451.382971 0.000000
1649639778224435973 369.482340 0.000000
1649639778224552091 320.972095 0.000000
1649639779002173010 476.004965 0.000000
1649639779299746182 360.516724 0.000000
1649639779876526840 576.734000 0.000000
1649639780319111407 374.584365 0.000000
1649639780548909010 416.640743 0.000000
1649639781780543780 952.856470 0.000000
1649639783630312369 402.351497 0.000000
1649639783981466581 351.151197 0.000000
1649639784072886405 442.625633 0.000000
1649639784072887578 442.638317 0.000000
1649639784188207112 115.314014 0.000000
1649639785001401666 173.920598 0.000000
1649639786304535846 357.565694 0.000000
1649639786996193670 691.646793 0.000000
1649639787226520544 273.834311 0.000000
1649639788665123913 491.698645 0.000000
1649639788750997129 354.398297 0.000000
1649639788997514794 332.208138 0.000000
1649639789134533375 332.951972 0.000000
1649639790216149967 387.899147 0.000000
1649639790887617354 308.017675 0.000000
1649639791045424260 324.453020 0.000000
1649639791125160192 237.540313 0.000000
1649639791125192352 404.206564 0.000000
1649639791880312852 443.617845 0.000000
1649639792223074363 342.787059 0.000000
1649639792508182079 433.040376 0.000000
1649639793040901721 528.162369 0.000000
1649639793323167159 282.254037 0.000000
1649639793552115089 365.325150 0.000000
1649639793775219134 438.191373 0.000000
1649639794463230392 224.447154 0.000000
1649639794463241613 340.864417 0.000000
1649639794698327009 459.590308 0.000000
1649639794949838765 486.601399 0.000000
1649639796307792359 496.110495 0.000000
1649639796636710940 466.225213 0.000000
1649639797154402823 517.384346 0.000000
1649639797154790800 518.207479 0.000000
1649639797498825979 344.059004 0.000000
1649639798165290426 578.640564 0.000000
1649639798327049184 200.071138 0.000000
1649639799170021550 318.175054 0.000000
1649639800311733933 332.922808 0.000000
1649639801117347264 497.351631 0.000000
1649639801117588536 502.040542 0.000000
1649639801499169860 359.131951 0.000000
1649639801892793025 309.346292 0.000000
1649639802401056442 520.597909 0.000000
1649639802401107588 443.157613 0.000000
1649639802871192297 161.963875 0.000000
1649639803176528331 424.103142 0.000000
1649639803272829255 401.633451 0.000000
1649639803416972902 388.122393 0.000000
1649639803615716853 261.847413 0.000000
1649639804222607723 422.903003 0.000000
1649639804869626870 445.601613 0.000000
1649639804996829490 344.516641 0.000000
1649639806052482406 329.996581 0.000000
1649639806189176877 466.596043 0.000000
1649639806189189651 466.800235 0.000000
1649639806189226380 441.202851 0.000000
1649639806669108150 228.266651 0.000000
1649639806957097568 516.246481 0.000000
1649639807116016503 339.455213 0.000000
1649639807116045768 336.019783 0.000000
1649639807540001614 363.046908 0.000000
1649639807986450565 446.461163 0.000000
1649639808075794768 444.638887 0.000000
1649639808388210445 379.175482 0.000000
1649639809656231984 316.255403 0.000000
1649639811291194884 357.635941 0.000000
1649639811291253594 357.713306 0.000000
1649639811291285904 357.860392 0.000000
1649639812579066294 975.350067 0.000000
1649639813000700729 421.695260 0.000000
1649639813487723458 487.037747 0.000000
1649639814863304357 577.793536 0.000000
1649639815557937888 632.749225 0.000000
1649639816899461865 475.133333 0.000000
1649639816899487303 377.404794 0.000000
1649639817008003093 485.893864 0.000000
1649639817094370346 488.528162 0.000000
1649639817267253758 367.743362 0.000000
1649639817534785176 458.348448 0.000000
1649639818566289166 516.256270 0.000000
1649639818730772731 680.810437 0.000000
1649639819193900020 263.648860 0.000000
1649639819354873276 160.970581 0.000000
1649639819851821631 496.938437 0.000000
1649639819851870543 310.358049 0.000000
1649639820487153839 409.569729 0.000000
1649639820864304776 390.655764 0.000000
1649639821208678981 603.107268 0.000000
1649639821837104742 602.587305 0.000000
1649639822390444918 372.371888 0.000000
1649639823208810477 392.104170 0.000000
1649639823299006877 402.128832 0.000000
1649639823340020118 389.361417 0.000000
1649639823531612302 322.812186 0.000000
1649639823724011949 424.973343 0.000000
1649639824027133683 687.133633 0.000000
1649639825972338855 379.391768 0.000000
1649639826194797760 222.479514 0.000000
1649639826968735422 446.313347 0.000000
1649639827067539690 332.994794 0.000000
1649639827128539047 159.822471 0.000000
1649639828404228603 682.011681 0.000000
1649639828418420455 457.606808 0.000000
1649639828746763017 342.549233 0.000000
1649639829673020076 343.841045 0.000000
1649639829783877236 454.596203 0.000000
1649639829856749411 454.779539 0.000000
1649639829958650853 179.530544 0.000000
1649639830090515271 306.629168 0.000000
1649639830930382675 240.797032 0.000000
1649639831691420376 319.359163 0.000000
1649639831691430505 319.317173 0.000000
1649639831691450513 471.518413 0.000000
1649639832682079220 385.502714 0.000000
1649639832682099357 328.867376 0.000000
1649639833322255238 227.655136 0.000000
1649639834180770890 559.751227 0.000000
1649639837206923467 275.229281 0.000000
1649639837761880836 329.618095 0.000000
1649639838476500662 301.569082 0.000000
1649639838506118354 331.217372 0.000000
1649639838704080708 414.437634 0.000000
1649639839588364785 183.929881 0.000000
1649639841232176030 289.931007 0.000000
1649639841665204645 433.005583 0.000000
1649639841966186377 300.895511 0.000000
1649639841966200795 300.945174 0.000000
1649639842062955969 258.666871 0.000000
1649639842650697664 684.469829 0.000000
1649639842790372706 824.061695 0.000000
1649639843877821940 452.660839 0.000000
1649639845296682351 560.062640 0.000000
1649639845297004465 440.649793 0.000000
1649639845860488806 563.500351 0.000000
1649639845860501339 465.538745 0.000000
1649639846146859489 638.562442 0.000000
1649639846146928829 638.658463 0.000000
1649639846295034074 471.530749 0.000000
1649639847007836766 442.098036 0.000000
1649639847359292274 731.451449 0.000000
1649639848133145320 361.272492 0.000000
1649639848706766245 573.693972 0.000000
1649639849158433108 296.876908 0.000000
1649639849343580410 265.464102 0.000000
1649639849343584889 265.499499 0.000000
1649639850112404969 172.785598 0.000000
1649639850434160303 468.939201 0.000000
1649639851352437624 179.852629 0.000000
1649639851723628638 363.327304 0.000000
1649639852031130112 307.808439 0.000000
1649639852103480898 274.088458 0.000000
1649639852505403563 192.610804 0.000000
1649639852699810904 347.666306 0.000000
1649639853259786359 417.689099 0.000000
1649639853259903298 246.999167 0.000000
1649639853286226054 169.413681 0.000000
1649639853597228960 337.515589 0.000000
1649639853747840752 461.620059 0.000000
1649639854574379852 426.161531 0.000000
1649639854658732390 491.798095 0.000000
1649639854946734699 221.848150 0.000000
1649639855394734939 447.984992 0.000000
1649639855654294373 456.844559 0.000000
1649639855654330981 259.580764 0.000000
1649639855777271100 354.489737 0.000000
1649639857120223355 435.257091 0.000000
1649639857275616070 155.451175 0.000000
1649639857564612566 444.432181 0.000000
1649639858270128147 681.619357 0.000000
1649639858270151682 404.612337 0.000000
1649639858270226141 128.714415 0.000000
1649639858783329831 195.573928 0.000000
1649639859758071928 510.420292 0.000000
1649639859792079478 243.308099 0.000000
