1649612093645218206 64.653336 743.556737 740 48 0.000000
1649612094649644869 58.648720 812.403795 816 48 0.000000
1649612095648244980 64.416268 752.052767 751 48 0.000000
1649612096654514206 67.636667 702.595265 707 48 0.000000
1649612097654903039 65.588948 732.715066 733 48 0.000000
1649612098657032014 67.307476 720.466125 722 48 0.000000
1649612099658855556 63.633225 749.633095 751 48 0.000000
1649612100657499367 66.029639 726.985930 726 48 0.000000
1649612101661773072 65.202662 740.833865 744 48 0.000000
1649612102661259091 66.846453 711.365593 711 48 0.000000
1649612103660185782 64.203461 750.805847 750 48 0.000000
1649612104665993770 62.727953 766.547952 771 48 0.000000
1649612105662410496 63.137106 756.711459 754 48 0.000000
1649612106668723119 62.359385 772.125891 777 48 0.000000
1649612107671944217 65.721353 726.659373 729 48 0.000000
1649612108671889675 64.812736 740.040355 740 48 0.000000
1649612109674125536 65.778435 738.349155 740 48 0.000000
1649612110675438347 65.439093 723.050793 724 48 0.000000
1649612111675925950 66.732545 719.649024 720 48 0.000000
1649612112674267321 65.127579 739.226162 738 48 0.000000
1649612113680390447 63.520053 754.380824 759 48 0.000000
1649612114685315497 63.750247 758.265504 762 48 0.000000
1649612115685913195 62.654055 760.545431 761 48 0.000000
1649612116688651916 64.020360 748.948793 751 48 0.000000
1649612117688357703 64.282424 751.221072 751 48 0.000000
1649612118686371447 64.993502 735.460747 734 48 0.000000
1649612119693210643 61.915758 774.701740 780 48 0.000000
1649612120691962159 60.757602 796.995036 796 48 0.000000
1649612121697546983 60.785102 788.595808 793 48 0.000000
1649612122694049634 64.508471 739.586548 737 48 0.000000
1649612123699892260 63.897487 744.649293 749 48 0.000000
1649612124697552019 62.901077 774.813320 773 48 0.000000
1649612125703757145 62.913225 758.294618 763 48 0.000000
1649612126701337905 64.473194 744.801907 743 48 0.000000
1649612127707271721 66.088241 721.717411 726 48 0.000000
1649612128704818817 65.503606 740.817220 739 48 0.000000
1649612129710119316 65.710233 724.161517 728 48 0.000000
1649612130708518519 63.764166 759.215350 758 48 0.000000
1649612131712876139 63.652203 745.750348 749 48 0.000000
1649612132710684304 66.452267 725.590331 724 48 0.000000
1649612133718076902 64.140802 748.466929 754 48 0.000000
1649612134714887787 65.481740 730.329126 728 48 0.000000
1649612135712720396 63.413755 768.665984 767 48 0.000000
1649612136721249483 62.052850 769.437424 776 48 0.000000
1649612137719302395 63.977231 750.461207 749 48 0.000000
1649612138723947352 63.631530 742.550883 746 48 0.000000
1649612139728095408 63.786829 754.868747 758 48 0.000000
1649612140727859074 59.927237 810.191476 810 48 0.000000
1649612141725796919 60.997685 784.617940 783 48 0.000000
1649612142732733440 62.248773 771.647506 777 48 0.000000
1649612143730041724 62.915282 759.043144 757 48 0.000000
1649612144736441488 62.774134 765.103526 770 48 0.000000
1649612145733696583 61.341781 786.157897 784 48 0.000000
1649612146738583981 60.409732 792.128552 796 48 0.000000
1649612147741146011 61.396924 777.009294 779 48 0.000000
1649612148742294611 59.734942 805.075291 806 48 0.000000
1649612149741083389 62.039357 781.947104 781 48 0.000000
1649612150741546644 65.793335 720.666090 721 48 0.000000
1649612151747208894 64.879949 742.794195 747 48 0.000000
1649612152745186499 64.575143 742.501617 741 48 0.000000
1649612153749086777 61.616439 778.961786 782 48 0.000000
1649612154747716253 60.374980 801.097956 800 48 0.000000
1649612155752933919 62.198417 766.003251 770 48 0.000000
1649612156753060271 63.627789 755.904520 756 48 0.000000
1649612157757054853 64.637081 742.035862 745 48 0.000000
1649612158756175669 63.653202 753.662593 753 48 0.000000
1649612159761372874 61.491779 782.930979 787 48 0.000000
1649612160758803643 65.828286 725.864907 724 48 0.000000
1649612161764131934 65.447327 737.072648 741 48 0.000000
1649612162763483913 66.723831 719.466229 719 48 0.000000
1649612163766616898 66.312287 718.748130 721 48 0.000000
1649612164767048220 67.345703 721.688763 722 48 0.000000
1649612165765263478 69.040633 686.224734 685 48 0.000000
1649612166771632177 66.457979 725.380257 730 48 0.000000
1649612167773833916 65.478254 728.396232 730 48 0.000000
1649612168774662721 69.621220 688.429461 689 48 0.000000
1649612169770373814 69.545684 694.980715 692 48 0.000000
1649612170771808354 66.262429 730.951376 732 48 0.000000
1649612171773917208 65.403850 730.459612 732 48 0.000000
1649612172780665197 66.268808 722.127116 727 48 0.000000
1649612173779037256 62.210266 767.249005 766 48 0.000000
1649612174785673875 66.801155 724.193815 729 48 0.000000
1649612175784832238 68.050403 701.590485 701 48 0.000000
1649612176782951452 65.671595 736.384931 735 48 0.000000
1649612177788013360 65.604175 729.308308 733 48 0.000000
1649612178793674920 63.044656 755.721513 760 48 0.000000
1649612179791998156 64.784170 746.251257 745 48 0.000000
1649612180797030537 66.809386 715.399857 719 48 0.000000
1649612181798151126 67.497610 716.197372 717 48 0.000000
1649612182799440721 64.026892 744.040511 745 48 0.000000
1649612183801173507 64.153207 746.706096 748 48 0.000000
1649612184802212632 68.709803 701.271284 702 48 0.000000
1649612185801291233 67.452865 707.652023 707 48 0.000000
1649612186806201313 66.523168 723.447821 727 48 0.000000
1649612187804558180 64.942412 745.224578 744 48 0.000000
1649612188809669847 66.719391 711.363724 715 48 0.000000
1649612189808166456 65.784260 733.102095 732 48 0.000000
1649612190805432998 68.932078 693.896745 692 48 0.000000
1649612191811582090 67.155345 718.581420 723 48 0.000000
1649612192809660414 66.140694 723.390121 722 48 0.000000
1649612193815663841 66.909649 716.697353 721 48 0.000000
1649612194819754804 66.628207 720.054234 723 48 0.000000
1649612195820702655 70.191655 690.345710 691 48 0.000000
1649612196817467776 66.412379 716.317148 714 48 0.000000
1649612197822821335 63.085293 764.905105 769 48 0.000000
1649612198826034160 62.109326 766.537250 769 48 0.000000
1649612199807027300 65.714245 744.143838 730 48 0.000000
1649612200828838915 68.860954 687.993671 703 48 0.000000
1649612201831102982 71.447469 671.479799 673 48 0.000000
1649612202826473779 67.652169 709.283331 706 48 0.000000
1649612203832391243 69.258245 696.876343 701 48 0.000000
1649612204833780399 68.554912 690.041404 691 48 0.000000
1649612205838345097 69.781809 689.851004 693 48 0.000000
1649612206834370339 71.023525 683.717639 681 48 0.000000
1649612207839522388 67.637821 705.365949 709 48 0.000000
1649612208844170761 65.733140 730.603859 734 48 0.000000
1649612209845146743 68.728214 700.316497 701 48 0.000000
1649612210846911020 70.764952 670.816521 672 48 0.000000
1649612211846491045 68.937138 700.294085 700 48 0.000000
1649612212848739289 65.512674 728.362427 730 48 0.000000
1649612213851866010 63.837587 753.643559 756 48 0.000000
1649612214848776700 61.578517 787.432679 785 48 0.000000
1649612215854568195 63.665341 754.629567 759 48 0.000000
1649612216851879165 62.408792 756.032942 754 48 0.000000
1649612217857890481 66.645199 725.638003 730 48 0.000000
1649612218855574199 64.830451 740.715640 739 48 0.000000
1649612219861439271 64.805918 739.661896 744 48 0.000000
1649612220860085733 64.828123 751.016529 750 48 0.000000
1649612221861026244 64.283756 740.303758 741 48 0.000000
1649612222863487105 66.560456 711.249664 713 48 0.000000
1649612223862929368 67.382988 718.400700 718 48 0.000000
1649612224868079740 66.908356 718.300442 722 48 0.000000
1649612225870804003 64.948780 740.981446 743 48 0.000000
1649612226872320994 63.243284 758.848818 760 48 0.000000
1649612227871018440 59.379972 810.055165 809 48 0.000000
1649612228875366647 62.818337 758.700973 762 48 0.000000
1649612229872726295 64.661952 745.969584 744 48 0.000000
1649612230879011182 64.860103 741.340802 746 48 0.000000
1649612231876809862 66.071809 721.588440 720 48 0.000000
1649612232880681896 65.250464 729.176611 732 48 0.000000
1649612233880959181 62.634507 770.786211 771 48 0.000000
1649612234885053140 62.476856 773.832025 777 48 0.000000
1649612235883886560 63.374318 751.877065 751 48 0.000000
1649612236888381319 64.735753 744.652964 748 48 0.000000
1649612237885779267 62.971314 760.980179 759 48 0.000000
1649612238891908350 63.225011 761.333669 766 48 0.000000
1649612239891778832 67.015513 711.092099 711 48 0.000000
1649612240894638867 67.644766 711.963801 714 48 0.000000
1649612241895987319 63.010032 762.971132 764 48 0.000000
