1649640255640574607 191.838285 0.000000
1649640255646659724 197.534664 0.000000
1649640255951883901 150.748340 0.000000
1649640256008958992 151.013917 0.000000
1649640256066782567 150.873353 0.000000
1649640256172283898 176.984421 0.000000
1649640256330226352 182.501141 0.000000
1649640256336554505 188.526356 0.000000
1649640256387054691 150.671425 0.000000
1649640256595252916 182.599437 0.000000
1649640256728739035 182.828115 0.000000
1649640256909079488 150.965326 0.000000
1649640256945158971 150.658491 0.000000
1649640257076525719 185.436034 0.000000
1649640257132741800 150.888992 0.000000
1649640257135489240 182.295147 0.000000
1649640257334961326 156.638652 0.000000
1649640257377435407 156.496966 0.000000
1649640257458536578 150.380179 0.000000
1649640257590547702 183.185065 0.000000
1649640257675929959 151.064813 0.000000
1649640257682070599 157.172642 0.000000
1649640257802547072 156.627791 0.000000
1649640257950189378 182.420781 0.000000
1649640258219699627 150.875819 0.000000
1649640258341272765 151.211066 0.000000
1649640258536224447 186.566674 0.000000
1649640258588402890 150.479025 0.000000
1649640258739546309 150.579993 0.000000
1649640258818730307 150.616213 0.000000
1649640258823554490 188.804429 0.000000
1649640258882127379 154.851471 0.000000
1649640258931768194 182.823988 0.000000
1649640258968510560 156.267395 0.000000
1649640259049552500 150.811457 0.000000
1649640259107154250 182.935538 0.000000
1649640259113813382 189.524418 0.000000
1649640259208170032 195.320945 0.000000
1649640259264603981 150.819693 0.000000
1649640259314402913 188.278332 0.000000
1649640259446314812 182.460286 0.000000
1649640259557800811 150.893041 0.000000
1649640259575364656 150.181486 0.000000
1649640259835829888 151.129814 0.000000
1649640259841380653 156.322317 0.000000
1649640259926723004 151.259648 0.000000
1649640259932630148 189.080787 0.000000
1649640260032068563 193.928264 0.000000
1649640260126958681 194.326130 0.000000
1649640260290205921 153.227106 0.000000
1649640260502012769 152.253941 0.000000
1649640260672366340 158.979540 0.000000
1649640260695887333 150.581117 0.000000
1649640260781089180 157.245148 0.000000
1649640260847284699 186.982594 0.000000
1649640260913471170 162.157136 0.000000
1649640260951394761 198.467613 0.000000
1649640261584032870 182.600428 0.000000
1649640261754888923 157.105978 0.000000
1649640261779664336 188.785813 0.000000
1649640261831893033 150.984662 0.000000
1649640261978759476 151.097765 0.000000
1649640262093834923 151.197010 0.000000
1649640262136195591 157.260706 0.000000
1649640262140521089 183.430464 0.000000
1649640262287431746 151.272844 0.000000
1649640262332009270 150.849239 0.000000
1649640262502164819 157.174246 0.000000
1649640262565843090 183.140943 0.000000
1649640262770688448 183.553736 0.000000
1649640262989595046 182.938943 0.000000
1649640263102109482 194.821929 0.000000
1649640263172115304 182.518946 0.000000
1649640263326602742 150.708495 0.000000
1649640263404921126 150.602576 0.000000
1649640263564514096 183.059750 0.000000
1649640263646098110 182.976753 0.000000
1649640263780107322 156.753307 0.000000
1649640263813149052 153.053231 0.000000
1649640263855679197 151.323028 0.000000
1649640264070519311 183.116906 0.000000
1649640264152336464 153.195757 0.000000
1649640264190373518 150.401449 0.000000
1649640264195407183 157.328394 0.000000
1649640264209524087 189.133936 0.000000
1649640264282827961 182.501493 0.000000
1649640264342629103 151.107072 0.000000
1649640264348515817 156.434389 0.000000
1649640264451925126 152.719414 0.000000
1649640264489982828 191.544504 0.000000
1649640264517127012 168.609441 0.000000
1649640264521767801 166.823764 0.000000
1649640264542534029 183.104814 0.000000
1649640264572227502 193.766891 0.000000
1649640264938940173 183.547925 0.000000
1649640265003241672 156.313512 0.000000
1649640265003763941 182.853273 0.000000
1649640265333926045 185.205582 0.000000
1649640265364131117 152.869787 0.000000
1649640265407176509 157.567853 0.000000
1649640265436255570 194.544870 0.000000
1649640265502926230 184.877428 0.000000
1649640265609306166 150.202495 0.000000
1649640265716681810 191.721848 0.000000
1649640265745265022 183.179283 0.000000
1649640265795315065 182.452622 0.000000
1649640265801557166 188.542098 0.000000
1649640266030421199 162.453090 0.000000
1649640266072324570 168.128439 0.000000
1649640266113868688 156.060587 0.000000
1649640266323720832 195.024178 0.000000
1649640266503721246 150.316129 0.000000
1649640266804517533 150.261347 0.000000
1649640266859643511 150.105204 0.000000
1649640266985973246 188.230543 0.000000
1649640267007654259 155.473508 0.000000
1649640267187502949 219.331203 0.000000
1649640267311649873 195.119788 0.000000
1649640267419062475 188.206488 0.000000
1649640267448376427 156.646256 0.000000
1649640267521006126 182.957127 0.000000
1649640267753380740 151.277902 0.000000
1649640267957600095 182.553079 0.000000
1649640267991728231 157.413974 0.000000
1649640268288476028 151.504146 0.000000
1649640268324644378 183.109523 0.000000
1649640268454434279 188.743074 0.000000
1649640269094401378 150.352889 0.000000
1649640269221675272 150.341326 0.000000
1649640269346835285 182.687232 0.000000
1649640269559071368 182.954312 0.000000
1649640269830763906 182.865556 0.000000
1649640269860116811 183.097421 0.000000
1649640270008327473 155.132078 0.000000
1649640270200720118 155.828312 0.000000
1649640270206388615 160.360028 0.000000
1649640270229515416 192.032930 0.000000
1649640270513223510 183.426758 0.000000
1649640270802263397 182.105862 0.000000
1649640270864109873 150.256778 0.000000
1649640270878315182 153.853219 0.000000
1649640270933042022 150.774729 0.000000
1649640271030832387 161.225631 0.000000
1649640271169677003 189.122726 0.000000
1649640271177041538 150.156399 0.000000
1649640271254587133 155.050193 0.000000
1649640271332326131 155.282319 0.000000
1649640271445158583 182.377881 0.000000
1649640271446728216 150.348489 0.000000
1649640271607645178 162.010522 0.000000
1649640271707734392 150.535931 0.000000
1649640271800773382 156.177216 0.000000
1649640271812428270 182.652336 0.000000
1649640271830230932 150.049700 0.000000
1649640271957384642 156.641356 0.000000
1649640272022091810 183.079897 0.000000
1649640272040165321 150.755984 0.000000
1649640272128530658 150.387823 0.000000
1649640272164130553 182.179320 0.000000
1649640272171523942 181.405899 0.000000
1649640272204805611 182.711717 0.000000
1649640272407375523 153.890539 0.000000
1649640272440143260 179.230742 0.000000
1649640272643049804 150.698837 0.000000
1649640272756671116 182.813928 0.000000
1649640272785377748 192.769130 0.000000
1649640272938794971 153.263364 0.000000
1649640272942016490 185.344202 0.000000
1649640272968799407 154.874855 0.000000
1649640273248127940 182.778943 0.000000
1649640273347826202 187.821706 0.000000
1649640273530186160 182.358064 0.000000
1649640273610524410 150.680453 0.000000
1649640273768042089 156.504038 0.000000
1649640274033965934 182.204447 0.000000
1649640274100716293 182.439748 0.000000
1649640274145100284 151.017725 0.000000
1649640274175130468 187.569804 0.000000
1649640274223588466 156.901655 0.000000
1649640274275503285 155.222116 0.000000
1649640274287663139 155.627375 0.000000
1649640274374732437 151.140424 0.000000
1649640274577596852 150.576338 0.000000
1649640274805526334 150.970466 0.000000
1649640274820096547 151.387588 0.000000
1649640275056035984 182.669548 0.000000
1649640275150140961 188.079331 0.000000
1649640275293978515 151.267853 0.000000
1649640275316139829 150.097218 0.000000
1649640275338635418 154.721276 0.000000
1649640275406775763 154.193788 0.000000
1649640275600878012 182.633881 0.000000
1649640275687808390 150.765651 0.000000
1649640275719369083 182.192624 0.000000
1649640275742358228 157.107160 0.000000
1649640275855634454 150.445833 0.000000
1649640275861335951 156.170483 0.000000
1649640276151253414 188.161814 0.000000
1649640276157344873 150.564525 0.000000
1649640276262554507 182.438636 0.000000
1649640276403519095 150.946451 0.000000
1649640276573268524 150.407300 0.000000
1649640276783145354 182.050358 0.000000
1649640276801529797 155.497582 0.000000
1649640276884181785 194.517618 0.000000
1649640277026727087 150.527425 0.000000
1649640277066516956 182.333388 0.000000
1649640277117557185 185.656387 0.000000
1649640277143115726 152.568190 0.000000
1649640277280545539 150.994380 0.000000
1649640277314840899 188.181611 0.000000
1649640277338511761 150.581938 0.000000
1649640277370106478 151.072687 0.000000
1649640277445139944 193.300026 0.000000
1649640277585986271 182.296429 0.000000
1649640277777758623 149.824648 0.000000
1649640278142529615 182.360288 0.000000
1649640278568682302 188.827402 0.000000
1649640278698404085 182.226427 0.000000
1649640278717239093 158.060126 0.000000
1649640279122796892 150.870138 0.000000
1649640279194446826 182.146758 0.000000
1649640279250012628 156.804192 0.000000
1649640279306132379 182.566285 0.000000
1649640279520240291 182.102506 0.000000
1649640279755402360 182.634312 0.000000
1649640279766585504 182.087357 0.000000
1649640279811708200 155.877104 0.000000
1649640279941833079 150.784798 0.000000
1649640279969391971 182.864644 0.000000
1649640280096875238 182.351732 0.000000
1649640280112552696 150.327070 0.000000
1649640280122309416 159.871531 0.000000
1649640280151762318 182.377991 0.000000
1649640280295529049 173.217951 0.000000
1649640280298245121 182.139825 0.000000
1649640280414220857 150.255826 0.000000
1649640280517029239 186.617338 0.000000
1649640280567971484 153.748503 0.000000
1649640280583088953 190.789870 0.000000
1649640280711222840 156.184751 0.000000
1649640280825488750 150.424192 0.000000
1649640280867483453 156.067250 0.000000
1649640281018210803 150.726078 0.000000
1649640281089152028 187.390748 0.000000
1649640281172486033 182.211699 0.000000
1649640281180649687 150.946641 0.000000
1649640281278854009 188.508714 0.000000
1649640281419870295 155.935303 0.000000
1649640281443367833 182.140527 0.000000
1649640281468162352 154.881828 0.000000
1649640281740547399 182.080164 0.000000
1649640281914622857 150.540190 0.000000
1649640281970579201 150.420866 0.000000
1649640281984298890 186.055084 0.000000
1649640282162946609 150.396780 0.000000
1649640282241340675 156.199699 0.000000
1649640282319227890 151.187213 0.000000
1649640282526211167 182.127572 0.000000
1649640282622613370 151.902794 0.000000
1649640282627244622 182.092316 0.000000
1649640282715751846 150.025344 0.000000
1649640282746951451 150.351976 0.000000
1649640282914757587 149.852941 0.000000
1649640282936364029 162.186921 0.000000
1649640283000992170 188.493285 0.000000
1649640283110997234 181.942256 0.000000
1649640283157565058 182.611820 0.000000
1649640283247535414 159.956320 0.000000
1649640283273614131 149.897996 0.000000
1649640283326976804 166.248946 0.000000
1649640283392144927 190.795892 0.000000
1649640283623474962 151.038032 0.000000
1649640283764845182 182.553661 0.000000
1649640284033753592 150.492840 0.000000
1649640284140010158 181.720780 0.000000
1649640284227074026 156.347325 0.000000
1649640284331107515 189.788413 0.000000
1649640284558728518 150.052775 0.000000
1649640284747883384 151.162947 0.000000
1649640284753530920 156.736825 0.000000
1649640285012503264 156.914439 0.000000
1649640285348486070 150.283177 0.000000
1649640285404609377 163.332139 0.000000
1649640285512158005 186.214813 0.000000
1649640285644715465 150.803833 0.000000
1649640285706135101 150.543005 0.000000
1649640285822279582 155.501200 0.000000
1649640285907285974 157.288170 0.000000
1649640285934250200 182.322719 0.000000
1649640286103663839 154.262407 0.000000
1649640286124427342 189.399353 0.000000
1649640286179845468 182.094160 0.000000
1649640286218427092 160.214996 0.000000
1649640286309067635 155.957164 0.000000
1649640286350388012 160.841709 0.000000
1649640286545247071 157.841616 0.000000
1649640286590994759 150.700059 0.000000
1649640286668132049 182.526510 0.000000
1649640286730042043 182.333519 0.000000
1649640286932299531 162.619212 0.000000
1649640286997526684 193.131661 0.000000
1649640287178831294 151.393208 0.000000
1649640287468469703 190.590116 0.000000
1649640287648303376 151.627477 0.000000
1649640287779281604 182.255081 0.000000
1649640287834134541 182.332266 0.000000
1649640287954641000 150.847836 0.000000
1649640288129814676 187.615730 0.000000
1649640288224964973 188.626234 0.000000
1649640288371122756 150.117436 0.000000
1649640288489249785 182.201320 0.000000
1649640288556640414 182.477829 0.000000
1649640288636630241 150.196655 0.000000
1649640288761003148 182.376910 0.000000
1649640288777202404 155.335519 0.000000
1649640289189129234 183.155199 0.000000
1649640289228047138 182.281360 0.000000
1649640289264485946 152.608817 0.000000
1649640289276427130 182.115690 0.000000
1649640289330169454 156.245323 0.000000
1649640289395551247 185.067212 0.000000
1649640289487116043 150.086059 0.000000
1649640289595938039 150.208799 0.000000
1649640289612314086 151.214183 0.000000
1649640289679140929 188.640913 0.000000
1649640289690896054 150.874295 0.000000
1649640289695099514 204.307971 0.000000
1649640290033593888 150.898812 0.000000
1649640290147520983 150.210371 0.000000
1649640290227216859 156.383253 0.000000
1649640290341890495 198.152122 0.000000
1649640290761866713 161.143827 0.000000
1649640290782333589 156.294837 0.000000
1649640290824037616 161.263060 0.000000
1649640291133464771 151.391885 0.000000
1649640291178503811 182.811825 0.000000
1649640291368417809 188.986570 0.000000
1649640291597291982 151.012245 0.000000
1649640291640031069 182.852751 0.000000
1649640291899798713 151.118984 0.000000
1649640291914253559 185.556900 0.000000
1649640292057342021 157.498184 0.000000
1649640292172088191 213.848525 0.000000
1649640292196283427 186.455765 0.000000
1649640292250153641 156.778402 0.000000
1649640292298633691 162.764855 0.000000
1649640292304724178 168.807964 0.000000
1649640292383275038 162.917481 0.000000
1649640292425259581 194.399066 0.000000
1649640292519946078 194.453438 0.000000
1649640292536575892 153.299281 0.000000
1649640292632952898 151.362861 0.000000
1649640292712054371 151.178096 0.000000
1649640292712584504 151.135246 0.000000
1649640292715411624 188.347302 0.000000
1649640293055930452 150.875427 0.000000
1649640293107423961 269.589878 0.000000
1649640293112822341 187.160937 0.000000
1649640293296321174 183.496629 0.000000
1649640293315064690 194.225571 0.000000
1649640293899810131 153.875422 0.000000
1649640294059539686 157.130423 0.000000
1649640294101843768 156.904449 0.000000
1649640294210667868 151.127110 0.000000
1649640294482754015 156.674759 0.000000
1649640294531161037 162.047221 0.000000
1649640294790563627 176.869545 0.000000
1649640294855304259 154.683636 0.000000
1649640294895686728 190.894876 0.000000
1649640294929936783 163.668680 0.000000
1649640295015515347 188.840787 0.000000
1649640295105700456 163.186426 0.000000
1649640295479073452 151.179256 0.000000
1649640295629697018 150.621502 0.000000
1649640295634045289 182.662094 0.000000
1649640295672277518 155.913271 0.000000
1649640295729349144 183.363880 0.000000
1649640295741377411 151.514345 0.000000
1649640295887461438 182.772722 0.000000
1649640295912489925 183.057635 0.000000
1649640295934437798 151.112111 0.000000
1649640296056066891 151.372640 0.000000
1649640296274566786 183.936644 0.000000
1649640296308369763 155.724058 0.000000
1649640296513561621 183.142755 0.000000
1649640296833835999 151.026982 0.000000
1649640296874181982 183.052957 0.000000
1649640296912348478 150.820515 0.000000
1649640296953360658 150.563773 0.000000
1649640297177364430 151.352923 0.000000
1649640297186252982 189.084402 0.000000
1649640297281128996 182.992223 0.000000
1649640297295033080 151.324449 0.000000
1649640297585636408 183.002183 0.000000
1649640297660003555 189.177638 0.000000
1649640297819101677 182.893257 0.000000
1649640298092191735 151.141507 0.000000
1649640298215288610 151.081514 0.000000
1649640298285526777 156.743437 0.000000
1649640298356836382 183.042707 0.000000
1649640298382213464 183.835153 0.000000
1649640298495771327 157.617757 0.000000
1649640298615911940 156.168962 0.000000
1649640298792913272 187.256427 0.000000
1649640298813029272 189.107798 0.000000
1649640299182453295 182.890202 0.000000
1649640299188602963 189.097498 0.000000
1649640299380052370 184.221568 0.000000
1649640299424868111 182.615237 0.000000
1649640299479648741 193.778854 0.000000
1649640299485262415 193.271022 0.000000
1649640299548478839 161.761945 0.000000
1649640299566165053 144.982200 0.000000
1649640299626792514 155.604813 0.000000
1649640299631497013 182.801505 0.000000
1649640299704805556 150.419454 0.000000
1649640299868115032 156.523435 0.000000
1649640299891989486 150.893351 0.000000
1649640299947973342 163.734643 0.000000
1649640299983666121 163.651456 0.000000
1649640300023147001 182.795293 0.000000
1649640300112177556 157.443700 0.000000
1649640300178244945 183.929591 0.000000
1649640300197956034 150.924259 0.000000
1649640300228734391 183.591367 0.000000
1649640300373517568 193.620277 0.000000
1649640300397000439 156.061389 0.000000
1649640300439268103 168.640700 0.000000
1649640300477787951 182.870647 0.000000
1649640300600922095 182.747293 0.000000
1649640300665299526 152.478032 0.000000
1649640300757967340 188.798658 0.000000
1649640300807951147 183.013403 0.000000
1649640300902749113 151.189807 0.000000
1649640300986734049 156.318370 0.000000
1649640301022442238 150.373387 0.000000
1649640301144713053 182.576463 0.000000
1649640301267729518 183.522577 0.000000
1649640301303174011 153.272732 0.000000
1649640301329046040 184.331164 0.000000
1649640301506078682 188.353884 0.000000
1649640301512692320 151.095610 0.000000
1649640301537427548 161.563644 0.000000
1649640301539720716 183.214961 0.000000
1649640301580010092 151.220626 0.000000
1649640301767574867 151.019017 0.000000
1649640301789923000 193.509288 0.000000
1649640301921933594 188.892584 0.000000
1649640302149975327 182.953521 0.000000
1649640302262486627 183.852155 0.000000
1649640302296899878 158.763094 0.000000
1649640302362749919 188.265759 0.000000
1649640302833121607 204.301720 0.000000
1649640302904691130 182.932081 0.000000
1649640303086850161 152.134368 0.000000
1649640303201829549 150.990494 0.000000
1649640303211805449 188.422472 0.000000
1649640303244334898 157.460572 0.000000
1649640303369075344 155.345457 0.000000
1649640303404596912 154.164934 0.000000
1649640303451884566 161.156310 0.000000
1649640303495949289 183.628526 0.000000
1649640303602346619 150.460590 0.000000
1649640303681808938 150.756475 0.000000
1649640303835290891 153.479158 0.000000
1649640304021510584 151.356278 0.000000
1649640304047576126 150.422428 0.000000
1649640304124943487 151.303971 0.000000
1649640304354259458 182.924586 0.000000
1649640304360036938 150.213436 0.000000
1649640304391014548 151.196479 0.000000
1649640304478055203 182.678815 0.000000
1649640304484271997 188.901801 0.000000
1649640304490178990 194.857034 0.000000
1649640304513257893 153.218711 0.000000
1649640304644029915 159.398716 0.000000
1649640304661402452 183.344624 0.000000
1649640304737920872 152.189281 0.000000
1649640304818140399 183.450442 0.000000
1649640304852329389 150.413051 0.000000
1649640304858352971 156.378384 0.000000
1649640304980830825 151.065764 0.000000
1649640305101413245 156.537220 0.000000
1649640305114192722 155.733114 0.000000
1649640305115575564 183.587248 0.000000
1649640305156535527 175.702708 0.000000
1649640305209477581 189.201043 0.000000
1649640305222298665 189.738319 0.000000
1649640305311374645 154.460788 0.000000
1649640305322795615 188.901651 0.000000
1649640305351080226 183.426929 0.000000
1649640305659000647 183.322752 0.000000
1649640305854552244 182.586683 0.000000
1649640305866886376 182.899119 0.000000
1649640305930525602 182.749369 0.000000
1649640305967996844 189.513829 0.000000
1649640306192041083 145.007748 0.000000
1649640306300842279 186.502965 0.000000
1649640306310964734 151.533421 0.000000
1649640306316682483 156.893830 0.000000
1649640306328119542 168.144621 0.000000
1649640306529134380 182.429899 0.000000
1649640306540506548 150.873264 0.000000
1649640306824693779 150.585253 0.000000
1649640306837805969 151.170861 0.000000
1649640306846473036 183.043339 0.000000
1649640306891036694 184.173768 0.000000
1649640307065505951 151.087406 0.000000
1649640307115801914 182.682553 0.000000
1649640307210732168 188.884168 0.000000
1649640307327321984 183.083843 0.000000
1649640307348170908 278.492005 0.000000
1649640307489492586 183.917728 0.000000
1649640307590100864 188.765216 0.000000
1649640307767677014 183.242651 0.000000
1649640307873715903 182.559752 0.000000
1649640308027288336 152.708964 0.000000
1649640308218382528 183.120334 0.000000
1649640308220552766 153.186100 0.000000
1649640308234124738 182.990160 0.000000
1649640308359378986 188.172794 0.000000
1649640308407974212 151.098576 0.000000
1649640308501100314 151.312958 0.000000
1649640308558943115 150.938957 0.000000
1649640308578559126 182.681841 0.000000
1649640308785222393 153.560792 0.000000
1649640308882780994 157.126686 0.000000
1649640308961541968 151.604735 0.000000
1649640308972255040 162.150143 0.000000
1649640309038420893 184.355700 0.000000
1649640309187673839 188.349606 0.000000
1649640309263455378 182.943151 0.000000
1649640309269255891 151.253386 0.000000
1649640309293516259 145.269479 0.000000
1649640309297897121 154.356723 0.000000
1649640309399294108 183.228346 0.000000
1649640309426744125 196.331159 0.000000
1649640309478969656 154.184481 0.000000
1649640309706864993 150.914401 0.000000
1649640309751105646 188.501461 0.000000
1649640309986116031 157.724638 0.000000
1649640310028144397 163.104152 0.000000
1649640310179624488 150.663590 0.000000
1649640310252166112 191.777031 0.000000
1649640310402033330 188.059874 0.000000
1649640310490623589 188.604153 0.000000
1649640310720453724 182.494721 0.000000
1649640310848495859 151.252945 0.000000
1649640310947091234 183.761685 0.000000
1649640311065392088 150.663240 0.000000
1649640311301682191 150.589111 0.000000
1649640311429367799 163.089043 0.000000
1649640311664852273 162.697138 0.000000
1649640311700825398 168.509845 0.000000
1649640311730378136 185.805427 0.000000
1649640311734858505 154.002008 0.000000
1649640311966623346 150.538907 0.000000
1649640312203663206 183.107169 0.000000
1649640312297526260 156.890604 0.000000
1649640312345789443 144.699671 0.000000
1649640312365448555 182.536439 0.000000
1649640312408631675 154.601282 0.000000
1649640312481468453 182.914747 0.000000
1649640312575501766 157.156041 0.000000
1649640312581238029 194.418653 0.000000
1649640312726421056 150.890416 0.000000
1649640312762213512 157.534781 0.000000
1649640312921251401 188.183825 0.000000
1649640312992821214 150.716820 0.000000
1649640313000851818 151.535044 0.000000
1649640313033173357 182.906893 0.000000
1649640313131197822 182.779795 0.000000
1649640313280185180 150.946591 0.000000
1649640313403979893 151.059984 0.000000
1649640313521924890 156.758917 0.000000
1649640313564918124 182.946357 0.000000
1649640313627490030 150.876730 0.000000
1649640313679465702 150.916143 0.000000
1649640313765853504 183.006751 0.000000
1649640313830527690 151.059914 0.000000
1649640313836400890 182.779635 0.000000
1649640313955737706 161.128057 0.000000
1649640314019598778 182.925277 0.000000
1649640314125908824 182.777490 0.000000
1649640314251750805 150.377044 0.000000
1649640314764285933 150.495115 0.000000
1649640314895371603 154.877139 0.000000
1649640315086119324 182.393681 0.000000
1649640315156593112 151.904076 0.000000
1649640315201192418 182.714162 0.000000
1649640315258840323 184.501552 0.000000
1649640315275176146 188.116960 0.000000
1649640315393888852 162.238819 0.000000
1649640315508226497 156.308562 0.000000
1649640315718800414 150.898581 0.000000
1649640315839861432 189.486949 0.000000
1649640315879459913 182.657375 0.000000
1649640315904412218 155.230712 0.000000
1649640316091922801 150.624187 0.000000
1649640316113051819 150.635628 0.000000
1649640316170128013 156.043586 0.000000
1649640316201416596 182.918766 0.000000
1649640316278919711 150.839852 0.000000
1649640316323896343 153.765776 0.000000
1649640316403118792 194.998900 0.000000
1649640316550261232 187.324464 0.000000
1649640316817180332 157.580788 0.000000
1649640316827854743 157.125705 0.000000
1649640316853368711 157.787385 0.000000
1649640316926078531 186.540625 0.000000
1649640316967761338 150.557341 0.000000
1649640317121050882 194.419124 0.000000
1649640317138603425 159.732891 0.000000
1649640317580462776 150.623927 0.000000
1649640317637864298 187.925491 0.000000
1649640317997409785 161.651028 0.000000
1649640318111167723 154.828067 0.000000
1649640318302069002 182.808979 0.000000
1649640318450958076 156.832414 0.000000
1649640318474438612 181.875559 0.000000
1649640318480222755 150.785188 0.000000
1649640318492908085 162.283493 0.000000
1649640318639140379 183.415738 0.000000
1649640318814934138 182.562568 0.000000
1649640318896295466 151.220254 0.000000
1649640319027040227 182.597733 0.000000
1649640319135237201 159.902931 0.000000
1649640319141519257 166.085029 0.000000
1649640319299847275 151.387347 0.000000
1649640319648017447 150.308164 0.000000
1649640319839449181 183.038790 0.000000
1649640320037278267 151.360206 0.000000
1649640320110847167 182.709574 0.000000
1649640320205262586 188.344215 0.000000
1649640320501682779 156.820924 0.000000
1649640320761828633 183.256779 0.000000
1649640321030704932 189.867441 0.000000
1649640321122926369 159.202107 0.000000
1649640321294181079 156.794193 0.000000
1649640321314842731 182.958019 0.000000
1649640321327248176 193.867379 0.000000
1649640321512885868 151.149350 0.000000
1649640321514874816 186.687511 0.000000
1649640321683580919 151.598684 0.000000
1649640321700687317 151.159521 0.000000
1649640321703400934 182.233411 0.000000
1649640321892717893 183.521655 0.000000
1649640321894329574 157.023302 0.000000
1649640322044796967 150.418441 0.000000
1649640322184508768 183.395930 0.000000
1649640322361166265 182.881765 0.000000
1649640322476448621 183.017741 0.000000
1649640322504724646 156.580492 0.000000
1649640322549733950 188.566052 0.000000
1649640322663700660 152.068955 0.000000
1649640322707680243 182.898829 0.000000
1649640322736271440 153.464452 0.000000
1649640322780203534 160.016494 0.000000
1649640323040657785 151.200377 0.000000
1649640323046457337 156.495823 0.000000
1649640323119005304 189.451461 0.000000
1649640323124915895 151.512292 0.000000
1649640323391623549 151.284755 0.000000
1649640323579183413 150.952802 0.000000
1649640323986805703 150.803983 0.000000
1649640324123295595 182.791056 0.000000
1649640324256084818 153.995436 0.000000
1649640324262874456 160.847251 0.000000
1649640324480202825 151.284495 0.000000
1649640324678827442 150.456592 0.000000
1649640324798733996 183.131414 0.000000
1649640324804813764 189.124990 0.000000
1649640324809853020 194.195184 0.000000
1649640324970966970 182.658827 0.000000
1649640324991648801 186.830409 0.000000
1649640325070318032 150.643704 0.000000
1649640325270573696 150.824412 0.000000
1649640325403443241 182.394863 0.000000
1649640325630200094 183.170577 0.000000
1649640325730662729 151.173416 0.000000
1649640325737485239 151.317857 0.000000
1649640325901251581 182.398781 0.000000
1649640326040147002 187.234586 0.000000
1649640326064857954 175.403097 0.000000
1649640326173113658 183.012661 0.000000
1649640326229977254 161.108091 0.000000
1649640326266335279 160.778301 0.000000
1649640326270568905 184.938762 0.000000
1649640326312126138 183.122407 0.000000
1649640326363895313 190.778248 0.000000
1649640326513864632 150.863316 0.000000
1649640326591838019 188.952326 0.000000
1649640326635781454 182.770497 0.000000
1649640326653063781 182.663125 0.000000
1649640326665511446 150.849208 0.000000
1649640326746711001 182.248870 0.000000
1649640326889485433 150.892360 0.000000
1649640327009971443 149.836621 0.000000
1649640327036063224 156.160746 0.000000
1649640327086242629 183.910796 0.000000
1649640327392490936 163.218978 0.000000
1649640327398577075 169.150857 0.000000
1649640327404742943 163.903501 0.000000
1649640327700726177 150.753960 0.000000
1649640327857990130 151.069532 0.000000
1649640327913958107 151.086183 0.000000
1649640327935045727 197.192001 0.000000
1649640328344879662 182.817716 0.000000
1649640328388531902 159.161300 0.000000
1649640328395556230 182.625706 0.000000
1649640328460822927 158.763534 0.000000
1649640328575769654 151.017845 0.000000
1649640328854561922 187.091969 0.000000
1649640328977277441 189.054436 0.000000
1649640329249855099 149.920337 0.000000
1649640329400263291 150.405887 0.000000
1649640329558045947 150.446334 0.000000
1649640329564857776 157.266037 0.000000
1649640329615815952 183.284641 0.000000
1649640329759993073 189.257618 0.000000
1649640329782566819 151.647855 0.000000
1649640329976135218 182.745370 0.000000
1649640330140140970 155.065723 0.000000
1649640330220114016 151.257895 0.000000
1649640330301816743 183.095898 0.000000
1649640330397362061 183.262861 0.000000
1649640330443981392 155.457146 0.000000
1649640330449991709 161.486288 0.000000
1649640330589010671 151.002566 0.000000
1649640330675304636 189.000867 0.000000
1649640330814134343 152.326408 0.000000
1649640330858229733 182.922593 0.000000
1649640330971375894 183.095316 0.000000
1649640331110423340 150.734284 0.000000
1649640331204429572 150.994832 0.000000
1649640331407031745 151.171603 0.000000
1649640331494207914 157.829353 0.000000
1649640331500266110 163.859487 0.000000
1649640331899967892 195.272082 0.000000
1649640332037139541 156.648189 0.000000
1649640332153541395 151.096031 0.000000
1649640332438293777 183.162683 0.000000
1649640332607635971 188.395783 0.000000
1649640332621582976 183.287175 0.000000
1649640332969314075 182.310164 0.000000
1649640332981795994 182.336374 0.000000
1649640333075465223 150.424883 0.000000
1649640333130319091 150.983280 0.000000
1649640333251038870 150.897489 0.000000
1649640333329938574 182.807116 0.000000
1649640333402183492 150.961219 0.000000
1649640333695550662 181.324927 0.000000
1649640333726693021 150.066581 0.000000
1649640333745870861 152.632170 0.000000
1649640333988549972 150.162881 0.000000
1649640334067524466 182.516892 0.000000
1649640334073344446 187.575324 0.000000
1649640334212891638 150.971177 0.000000
1649640334605884684 183.203189 0.000000
1649640334763366516 150.673579 0.000000
1649640334788877038 182.989929 0.000000
1649640334800589343 183.037238 0.000000
1649640334805904918 157.027240 0.000000
1649640334894942286 188.758934 0.000000
1649640334972036334 182.980080 0.000000
1649640334973823444 150.106416 0.000000
1649640335211063990 150.805036 0.000000
1649640335273473090 188.381556 0.000000
1649640335279231756 193.437764 0.000000
1649640335333084998 183.253453 0.000000
1649640335425668533 156.107506 0.000000
1649640335451783518 178.307863 0.000000
1649640335480102013 194.691825 0.000000
1649640335737977600 156.477510 0.000000
1649640335913523085 151.218101 0.000000
1649640335974767242 151.195067 0.000000
1649640335988534399 183.564876 0.000000
1649640336084026136 183.144789 0.000000
1649640336240822793 150.979543 0.000000
1649640336349025988 183.086200 0.000000
1649640336354900851 188.917621 0.000000
1649640336391584638 150.759821 0.000000
1649640336499260716 155.636754 0.000000
1649640336543276536 188.373110 0.000000
1649640336727004629 183.726279 0.000000
1649640336744390741 188.896732 0.000000
1649640336923123759 151.398648 0.000000
1649640336928685636 151.429897 0.000000
1649640336958916756 183.017059 0.000000
1649640337299995555 152.299909 0.000000
1649640337675401833 157.181378 0.000000
1649640337716214839 195.178586 0.000000
1649640337728329239 195.289375 0.000000
1649640337924046617 189.013671 0.000000
1649640338020150882 183.184714 0.000000
1649640338085917216 150.814284 0.000000
1649640338108059093 182.665370 0.000000
1649640338149456957 156.576875 0.000000
1649640338291176451 183.114933 0.000000
1649640338714578382 155.167395 0.000000
1649640338727634615 182.667575 0.000000
1649640338793302986 161.086840 0.000000
1649640338871435030 156.858963 0.000000
1649640338877500240 162.920676 0.000000
1649640338920164508 157.930993 0.000000
1649640339105420445 182.170854 0.000000
1649640339220777400 196.316680 0.000000
1649640339354259793 182.957959 0.000000
1649640339377000443 182.843976 0.000000
1649640339492751046 183.129610 0.000000
1649640339727342476 183.165978 0.000000
1649640339745024733 154.513708 0.000000
1649640339860227410 151.468409 0.000000
1649640339865822798 182.966556 0.000000
1649640339981551992 183.658382 0.000000
1649640340030674736 182.748796 0.000000
1649640340177870205 155.936325 0.000000
1649640340251349839 189.901575 0.000000
1649640340328169944 150.298656 0.000000
1649640340341137173 156.059346 0.000000
1649640340447755507 188.505118 0.000000
1649640340481872321 153.701014 0.000000
1649640340569655467 150.776032 0.000000
1649640341077500522 150.771863 0.000000
1649640341204458375 150.654884 0.000000
1649640341250542694 188.362220 0.000000
1649640341480170088 181.734205 0.000000
1649640341752554113 182.804040 0.000000
1649640341883400425 183.531234 0.000000
1649640341935198775 182.642367 0.000000
1649640342080796039 160.135477 0.000000
1649640342125029698 188.354566 0.000000
1649640342335905120 151.292480 0.000000
1649640342372740200 182.505440 0.000000
1649640342378793508 152.331958 0.000000
1649640342383923114 157.394749 0.000000
1649640342680482057 150.629888 0.000000
1649640342738862645 183.031686 0.000000
1649640342893111587 151.133632 0.000000
1649640342986009201 151.277542 0.000000
1649640343207318513 182.951888 0.000000
1649640343246076968 182.967527 0.000000
1649640343299447215 150.857374 0.000000
1649640343350140413 166.268774 0.000000
1649640343365499866 183.365493 0.000000
1649640343414784795 207.463948 0.000000
1649640343432190673 168.564397 0.000000
1649640343549039716 183.537525 0.000000
1649640343594189192 150.708505 0.000000
1649640343885130364 182.307189 0.000000
1649640343898030566 156.950506 0.000000
1649640344022754231 150.343040 0.000000
1649640344052237239 182.464655 0.000000
1649640344093055315 182.465286 0.000000
1649640344240926862 183.848869 0.000000
1649640344323292082 155.416710 0.000000
1649640344386669499 152.319054 0.000000
1649640344436931709 188.156504 0.000000
1649640344600424488 182.112775 0.000000
1649640344708491899 182.500600 0.000000
1649640344756845101 150.722791 0.000000
1649640344822432019 188.308368 0.000000
1649640344872057074 182.899699 0.000000
1649640344992793104 152.127755 0.000000
1649640344998975673 158.291490 0.000000
1649640345019952497 195.508075 0.000000
1649640345042960216 153.337413 0.000000
1649640345056097093 184.037494 0.000000
1649640345291479835 182.848134 0.000000
1649640345368955630 182.305075 0.000000
1649640345456209946 153.159140 0.000000
1649640345535272744 150.946130 0.000000
1649640345541558327 157.215252 0.000000
1649640345584626111 150.285872 0.000000
1649640345591877314 150.658350 0.000000
1649640345700218548 182.621197 0.000000
1649640345818325519 183.110365 0.000000
1649640346041264917 156.511383 0.000000
1649640346258586181 183.230991 0.000000
1649640346470327538 156.434329 0.000000
1649640346550652443 189.356383 0.000000
1649640346561259156 150.712432 0.000000
1649640346606989632 161.405246 0.000000
1649640346635924682 158.555445 0.000000
1649640346753408114 189.109871 0.000000
1649640346877040252 150.735996 0.000000
1649640346883056550 156.646596 0.000000
1649640346954560360 195.722747 0.000000
1649640347005282822 150.927655 0.000000
1649640347021511144 156.385747 0.000000
1649640347112517022 150.775831 0.000000
1649640347162157968 156.873332 0.000000
1649640347193300456 182.576022 0.000000
1649640347280441880 152.004274 0.000000
1649640347288083064 183.357598 0.000000
1649640347320578149 182.975923 0.000000
1649640347414880806 182.778873 0.000000
1649640347576483354 183.277148 0.000000
1649640347963884948 182.534396 0.000000
1649640347969960186 188.281589 0.000000
1649640347996994844 150.326770 0.000000
1649640348125111309 182.389323 0.000000
1649640348189039868 176.964584 0.000000
1649640348239469162 150.906496 0.000000
1649640348485523038 182.740712 0.000000
1649640348490884599 151.244500 0.000000
1649640348497505711 183.111035 0.000000
1649640348536005672 159.835825 0.000000
1649640348737873509 183.297325 0.000000
1649640348850649878 151.249780 0.000000
1649640348978971816 188.430407 0.000000
1649640349026262197 185.711301 0.000000
1649640349029253704 152.931782 0.000000
1649640349096386360 167.252968 0.000000
1649640349276703008 183.078014 0.000000
1649640349386647366 182.349839 0.000000
1649640349471501662 183.307513 0.000000
1649640349488272962 161.693337 0.000000
1649640349566222665 183.336639 0.000000
1649640349638995874 150.721098 0.000000
1649640349749586725 183.362477 0.000000
1649640349966491960 183.161760 0.000000
1649640350037061869 150.601635 0.000000
1649640350229886414 195.591561 0.000000
1649640350231747583 160.339128 0.000000
1649640350333110866 150.534829 0.000000
1649640350700574215 158.319554 0.000000
1649640350908885531 182.453554 0.000000
1649640350946575674 157.200164 0.000000
1649640350997248153 150.946050 0.000000
1649640351481856259 187.964243 0.000000
1649640351592026922 150.822038 0.000000
1649640351665326148 182.487467 0.000000
1649640351743103157 150.967340 0.000000
1649640352054005177 152.712441 0.000000
1649640352093561838 163.378926 0.000000
1649640352123977115 157.246070 0.000000
1649640352137727241 193.800795 0.000000
1649640352201661761 150.439851 0.000000
1649640352327910584 155.681757 0.000000
1649640352427488091 151.068080 0.000000
1649640352554331658 151.380835 0.000000
1649640352672654664 166.599764 0.000000
1649640352749564908 182.753526 0.000000
1649640352813636065 168.029946 0.000000
1649640352853444949 183.145721 0.000000
1649640353260265105 150.510002 0.000000
1649640353354255769 171.883009 0.000000
1649640353361994255 150.809294 0.000000
1649640353553408876 156.101074 0.000000
1649640353577260708 187.275273 0.000000
1649640353577562955 150.681785 0.000000
1649640353806216985 193.091635 0.000000
1649640353859949520 154.350421 0.000000
1649640354029192049 150.567560 0.000000
1649640354167481193 151.627067 0.000000
1649640354174298432 152.563984 0.000000
1649640354380625629 181.868266 0.000000
1649640354446822710 182.242588 0.000000
1649640354629000647 182.175793 0.000000
1649640354738580704 196.725407 0.000000
1649640354751621480 151.226767 0.000000
1649640354786000806 176.648772 0.000000
1649640354921873310 183.161200 0.000000
1649640354996598668 150.211663 0.000000
1649640355015638219 182.572285 0.000000
1649640355109673896 182.023808 0.000000
1649640355258722470 157.522639 0.000000
1649640355375116189 182.116562 0.000000
1649640355455483804 157.705280 0.000000
1649640355473654326 186.632978 0.000000
1649640355649559144 151.413688 0.000000
1649640355875572153 150.558715 0.000000
1649640356039711534 181.793796 0.000000
1649640356365278325 182.518695 0.000000
1649640356413010132 153.784051 0.000000
1649640356541029374 182.184659 0.000000
1649640356766028012 158.539234 0.000000
1649640356867068330 152.198658 0.000000
1649640356881044930 153.818055 0.000000
1649640356951724684 197.093788 0.000000
1649640357240457667 152.791700 0.000000
1649640357270362957 191.301119 0.000000
1649640357373075330 163.192938 0.000000
1649640357497034070 150.135491 0.000000
1649640357541750845 150.380861 0.000000
1649640357693506433 183.118199 0.000000
1649640357799030786 183.284681 0.000000
1649640357902548538 187.970125 0.000000
1649640358270093371 150.999672 0.000000
1649640358278912652 150.906136 0.000000
1649640358521390165 182.398099 0.000000
1649640358727965858 151.485081 0.000000
1649640359004710797 191.892318 0.000000
1649640359029389580 159.545651 0.000000
1649640359068131073 183.327422 0.000000
1649640359201879295 183.211835 0.000000
1649640359257253879 188.419938 0.000000
1649640359262206633 150.400457 0.000000
1649640359541787089 182.502736 0.000000
1649640359628408337 187.768107 0.000000
1649640359718585280 150.578951 0.000000
1649640359946016448 153.521948 0.000000
1649640360231735411 157.472403 0.000000
1649640360315476370 151.016783 0.000000
1649640360357290645 188.616147 0.000000
1649640360611579348 156.329351 0.000000
1649640360663185027 170.978392 0.000000
1649640360686819622 152.880136 0.000000
1649640360885966278 150.203618 0.000000
1649640360984561092 183.171149 0.000000
1649640361044898739 156.102556 0.000000
1649640361110321509 151.543600 0.000000
1649640361147659241 155.382967 0.000000
1649640361186041462 182.725934 0.000000
1649640361392845522 160.065325 0.000000
1649640361458075972 183.259294 0.000000
1649640361582571369 154.127034 0.000000
1649640361624668463 182.750530 0.000000
1649640361664880954 157.209561 0.000000
1649640361962515123 189.040852 0.000000
1649640362157546163 194.251288 0.000000
1649640362177797697 182.594978 0.000000
1649640362242910446 191.564042 0.000000
1649640362251901460 184.253929 0.000000
1649640362346523516 183.209360 0.000000
1649640362440843166 188.973376 0.000000
1649640362446511061 194.607136 0.000000
1649640362446554813 189.252919 0.000000
1649640362537054462 150.414614 0.000000
1649640362608434269 182.559643 0.000000
1649640362688262843 150.798022 0.000000
1649640362730552359 150.121885 0.000000
1649640362912124080 151.049084 0.000000
1649640363109860612 155.583814 0.000000
1649640363152479975 157.328063 0.000000
1649640363188555611 151.306706 0.000000
1649640363260347862 188.420479 0.000000
1649640363313082407 150.804385 0.000000
1649640363374491092 183.188882 0.000000
1649640363443077893 182.727737 0.000000
1649640363638757480 150.272297 0.000000
1649640363646564936 183.206645 0.000000
1649640363784557403 182.126930 0.000000
1649640363941763399 155.069160 0.000000
1649640363967787683 183.053107 0.000000
1649640364032938433 186.926688 0.000000
1649640364171589285 151.062168 0.000000
1649640364239207150 182.602963 0.000000
1649640364364645133 150.821126 0.000000
1649640364383025749 150.845151 0.000000
1649640364421958802 182.697019 0.000000
1649640364429749777 154.565575 0.000000
1649640364521703752 157.056415 0.000000
1649640364532677813 161.443227 0.000000
1649640364669902592 182.766820 0.000000
1649640364877738476 157.834854 0.000000
1649640365059594650 182.829419 0.000000
1649640365084104847 150.288298 0.000000
1649640365307044404 150.277887 0.000000
1649640365336558360 182.553631 0.000000
1649640365406848765 155.221284 0.000000
1649640365430970143 188.575439 0.000000
1649640365437175886 194.733833 0.000000
1649640365442239578 194.267239 0.000000
1649640365625518729 183.183541 0.000000
1649640365682094875 156.467521 0.000000
1649640365730074537 161.103832 0.000000
1649640365808555406 183.034142 0.000000
1649640365839377204 157.280595 0.000000
1649640365907854690 188.326733 0.000000
1649640366031632180 150.455311 0.000000
1649640366116689547 162.622920 0.000000
1649640366174051607 183.013704 0.000000
1649640366401559207 150.830342 0.000000
1649640366427361035 159.299349 0.000000
1649640366456566975 189.049619 0.000000
1649640366560498151 192.907059 0.000000
1649640366692816082 152.188490 0.000000
1649640366728255686 182.838054 0.000000
1649640367110629154 182.706487 0.000000
1649640367153515498 151.226807 0.000000
1649640367177994146 183.319557 0.000000
1649640367209395470 193.072510 0.000000
1649640367308980590 150.752737 0.000000
1649640367551073172 151.623420 0.000000
1649640367626851905 182.697411 0.000000
1649640367847215894 150.864307 0.000000
1649640367903427287 156.230286 0.000000
1649640368135943677 194.151602 0.000000
1649640368230475965 199.790444 0.000000
1649640368356627085 150.938927 0.000000
1649640368503084651 183.513911 0.000000
1649640368586342244 152.115843 0.000000
1649640368680228591 177.039424 0.000000
1649640368876835226 150.482231 0.000000
1649640368979969900 150.885246 0.000000
1649640369029507702 152.671133 0.000000
1649640369130868942 150.896628 0.000000
1649640369185224967 151.336252 0.000000
1649640369312803272 182.545936 0.000000
1649640369455791165 155.923731 0.000000
1649640369476315349 150.661317 0.000000
1649640369529276929 182.752243 0.000000
1649640369585124130 183.655287 0.000000
1649640369602967918 182.810913 0.000000
1649640369784571078 189.675532 0.000000
1649640369878717372 182.562207 0.000000
1649640370032046039 156.722920 0.000000
1649640370041122253 182.948621 0.000000
1649640370115451258 167.652177 0.000000
1649640370195225161 150.646789 0.000000
1649640370239273533 183.023171 0.000000
1649640370250930375 183.156510 0.000000
1649640370537685199 182.778362 0.000000
1649640370632794819 182.864384 0.000000
1649640371311961260 282.879149 0.000000
1649640371352685341 162.517963 0.000000
1649640371376523517 208.782358 0.000000
1649640371472949335 185.964825 0.000000
1649640371476430000 177.898374 0.000000
1649640371527147373 150.620660 0.000000
1649640371656040704 183.049241 0.000000
1649640371707702217 192.738974 0.000000
1649640371844581388 144.969677 0.000000
1649640371914632865 150.328111 0.000000
1649640371996181194 186.955873 0.000000
1649640372034322081 183.453628 0.000000
1649640372141356656 150.656798 0.000000
1649640372207575068 186.894649 0.000000
1649640372270705671 185.937594 0.000000
1649640372655802616 182.295467 0.000000
1649640372661717214 183.667690 0.000000
1649640372755900287 188.323878 0.000000
1649640372860601558 155.042119 0.000000
1649640373023163552 183.121175 0.000000
1649640373031076967 151.133632 0.000000
1649640373126968703 150.114291 0.000000
1649640373155113613 211.466480 0.000000
1649640373181821480 150.609259 0.000000
1649640373247676890 150.163854 0.000000
1649640373261607024 150.700590 0.000000
1649640373340141262 150.781943 0.000000
1649640373344840391 183.321721 0.000000
1649640373445072864 182.133492 0.000000
1649640373622143827 182.246115 0.000000
1649640373624790629 150.658652 0.000000
1649640373643119689 150.495997 0.000000
1649640373804347894 182.202684 0.000000
1649640373810410138 187.203498 0.000000
1649640373816950689 187.112027 0.000000
1649640374149969278 155.293540 0.000000
1649640374176948633 182.300407 0.000000
1649640374181918830 187.279310 0.000000
1649640374291181662 153.331722 0.000000
1649640374359500130 182.549343 0.000000
1649640374472935894 182.230074 0.000000
1649640374515221552 151.013667 0.000000
1649640374675808836 160.582976 0.000000
1649640374764104242 182.043946 0.000000
1649640374770330603 183.118119 0.000000
1649640374929400543 150.075238 0.000000
1649640374950685092 154.715646 0.000000
1649640375048973051 150.352137 0.000000
1649640375069686360 188.280697 0.000000
1649640375073797827 181.872605 0.000000
1649640375100914759 150.227263 0.000000
1649640375192563532 183.200804 0.000000
1649640375251682175 182.012316 0.000000
1649640375506350080 182.248669 0.000000
1649640375612758791 156.194288 0.000000
1649640375629440443 172.894955 0.000000
1649640375658428483 150.866732 0.000000
1649640375663955835 156.358827 0.000000
1649640375714649864 182.113706 0.000000
1649640375881976090 150.961338 0.000000
1649640375894755496 152.553924 0.000000
1649640375961384097 150.773256 0.000000
1649640375999051217 182.937481 0.000000
1649640376055406870 150.732880 0.000000
1649640376175800287 188.821992 0.000000
1649640376264359338 150.347137 0.000000
1649640376596778022 162.025509 0.000000
1649640376897449304 182.989648 0.000000
1649640376945591912 161.519090 0.000000
1649640377060604591 151.042281 0.000000
1649640377066657859 157.037168 0.000000
1649640377145320779 151.642566 0.000000
1649640377168814048 150.604750 0.000000
1649640377215745555 161.139639 0.000000
1649640377223977087 157.314268 0.000000
1649640377439649901 151.136667 0.000000
1649640377440493452 187.849639 0.000000
1649640377455968372 150.980665 0.000000
1649640377767695839 186.110950 0.000000
1649640378083607401 182.286490 0.000000
1649640378156945849 184.331574 0.000000
1649640378328878791 156.162118 0.000000
1649640378355499383 182.279998 0.000000
1649640378449887601 187.988499 0.000000
1649640378462421748 151.029627 0.000000
1649640378482854731 182.303432 0.000000
1649640378499088853 182.275780 0.000000
1649640378503915591 149.999576 0.000000
1649640378618229863 155.804478 0.000000
1649640378626581267 182.226699 0.000000
1649640378775293851 150.451393 0.000000
1649640378987829426 151.495661 0.000000
1649640379056303144 193.774656 0.000000
1649640379074330638 153.416241 0.000000
1649640379080698896 159.508762 0.000000
1649640379171142600 156.216430 0.000000
1649640379337723601 186.255733 0.000000
1649640379363671150 153.359335 0.000000
1649640379501062751 154.402820 0.000000
1649640379506914781 160.142890 0.000000
1649640379522923471 150.886388 0.000000
1649640379549112875 159.473135 0.000000
1649640379614638298 183.174635 0.000000
1649640379627118954 150.596094 0.000000
1649640379715377601 182.671582 0.000000
1649640379830242815 182.421363 0.000000
1649640379923615409 151.006784 0.000000
1649640380043724583 154.720685 0.000000
1649640380241461527 150.328573 0.000000
1649640380335234562 156.933684 0.000000
1649640380908609217 154.267346 0.000000
1649640380950634197 182.432754 0.000000
1649640381132979386 182.342564 0.000000
1649640381574698714 187.538826 0.000000
1649640381583463564 184.518905 0.000000
1649640381584227206 151.493767 0.000000
1649640381589535527 156.398581 0.000000
1649640381650231135 186.945413 0.000000
1649640381683177736 195.767302 0.000000
1649640381734950809 150.719577 0.000000
1649640382043626817 182.725593 0.000000
1649640382049338985 182.140477 0.000000
1649640382266494349 150.803562 0.000000
1649640382500840299 182.522743 0.000000
1649640382567356990 155.175418 0.000000
1649640382833298868 151.013416 0.000000
1649640382846615863 187.116805 0.000000
1649640383074182233 160.728669 0.000000
1649640383130975828 182.236157 0.000000
1649640383189839001 151.615435 0.000000
1649640383301195958 182.410533 0.000000
1649640383491435518 150.492892 0.000000
1649640383502374192 187.502268 0.000000
1649640383577187216 150.669542 0.000000
1649640383736375356 159.186467 0.000000
1649640383774491518 182.088579 0.000000
1649640383875712444 182.300535 0.000000
1649640384013832281 150.518569 0.000000
1649640384578471381 182.348557 0.000000
1649640384666654698 156.573980 0.000000
1649640384901549326 158.782160 0.000000
1649640384942990671 154.554835 0.000000
1649640384945267269 191.089883 0.000000
1649640384945647041 189.856221 0.000000
1649640385058640285 157.088245 0.000000
1649640385151848792 182.179800 0.000000
1649640385189403632 186.107563 0.000000
1649640385268081900 150.672087 0.000000
1649640385301189733 155.825015 0.000000
1649640385423334643 182.660382 0.000000
1649640385439176991 197.903325 0.000000
1649640385444419479 185.310710 0.000000
1649640385551928863 182.490183 0.000000
1649640385566232046 150.775070 0.000000
1649640385898518122 150.730436 0.000000
1649640386049876556 151.357362 0.000000
1649640386055778469 151.542588 0.000000
1649640386353705727 187.070859 0.000000
1649640386420548969 182.352003 0.000000
1649640386570849731 182.795195 0.000000
1649640386631309998 188.162907 0.000000
1649640386685962509 183.147684 0.000000
1649640386821086860 182.170824 0.000000
1649640386822724610 156.027035 0.000000
1649640386901837623 152.036604 0.000000
1649640387003327293 182.238319 0.000000
1649640387080068812 182.675750 0.000000
1649640387198774464 151.027904 0.000000
1649640387222244671 150.291444 0.000000
1649640387354028720 150.386811 0.000000
1649640387496923397 185.645387 0.000000
1649640387504810673 150.778257 0.000000
1649640387717951051 182.634482 0.000000
1649640387734676645 182.170042 0.000000
1649640387916992721 182.229915 0.000000
1649640387917072861 150.530381 0.000000
1649640387958759496 182.673346 0.000000
1649640388068051182 150.928237 0.000000
1649640388074086856 150.678538 0.000000
1649640388099595103 182.599988 0.000000
1649640388306485997 182.697772 0.000000
1649640388571294280 153.180349 0.000000
1649640388584351126 182.463852 0.000000
1649640388669869888 185.897319 0.000000
1649640388764514958 150.965297 0.000000
1649640388924891075 187.912847 0.000000
1649640388961759037 154.555867 0.000000
1649640389065181100 150.231661 0.000000
1649640389177081235 189.789416 0.000000
1649640389537299953 182.410332 0.000000
1649640389564399694 184.042191 0.000000
1649640389580929430 186.958147 0.000000
1649640389602465422 158.385216 0.000000
1649640389602910376 158.575343 0.000000
1649640389680074275 150.583871 0.000000
1649640389801505237 182.217411 0.000000
1649640389866215422 154.408832 0.000000
1649640389941089078 182.860407 0.000000
1649640389965571672 192.877654 0.000000
1649640389991054462 152.776361 0.000000
1649640390000123963 187.810896 0.000000
1649640390167419692 150.817680 0.000000
1649640390214541265 150.689939 0.000000
1649640390300709484 182.270520 0.000000
1649640390442898970 155.017533 0.000000
1649640390454106009 166.140504 0.000000
1649640390532130872 155.788548 0.000000
1649640390614574820 182.387771 0.000000
1649640390619795406 187.582218 0.000000
1649640390685124862 152.959265 0.000000
1649640390690944300 158.727488 0.000000
1649640390877374478 150.338641 0.000000
1649640390904100368 154.570796 0.000000
1649640390996862057 182.868551 0.000000
1649640391091327901 182.663587 0.000000
1649640391101833384 151.699832 0.000000
1649640391132609206 155.668774 0.000000
1649640391217018227 150.302654 0.000000
1649640391288523770 150.327743 0.000000
1649640391409890221 156.245034 0.000000
1649640391430807762 152.754951 0.000000
1649640391540307779 182.297592 0.000000
1649640391600565176 182.361471 0.000000
1649640391623250451 153.253596 0.000000
1649640391654457621 150.422719 0.000000
1649640392173689493 182.322749 0.000000
1649640392186052077 150.818181 0.000000
1649640392356223507 182.532041 0.000000
1649640392365912229 150.407661 0.000000
1649640392390172095 153.657392 0.000000
1649640392531355946 152.366613 0.000000
1649640392594721530 150.995934 0.000000
1649640392636669414 150.604379 0.000000
1649640392655877371 182.809532 0.000000
1649640392721429323 182.541599 0.000000
1649640392750884419 156.160685 0.000000
1649640392792229694 155.518742 0.000000
1649640392974018501 182.207333 0.000000
1649640393133001948 151.975330 0.000000
1649640393169909295 182.474484 0.000000
1649640393232970227 186.119355 0.000000
1649640393383598471 150.248412 0.000000
1649640393394170489 160.268626 0.000000
1649640393433120384 182.277103 0.000000
1649640393528197253 183.215361 0.000000
1649640393553384689 182.278165 0.000000
1649640393642017077 231.605692 0.000000
1649640393773960806 224.596544 0.000000
1649640394159683684 165.859447 0.000000
1649640394191552534 161.617494 0.000000
1649640394274837839 188.807214 0.000000
1649640394315775811 150.142845 0.000000
1649640394622667593 155.752170 0.000000
1649640394772979324 150.309167 0.000000
1649640394793550406 182.839126 0.000000
1649640394908066035 183.319547 0.000000
1649640394941540055 182.735802 0.000000
1649640395002224613 183.291605 0.000000
1649640395084200092 150.443497 0.000000
1649640395130296574 182.778312 0.000000
1649640395136044468 186.225745 0.000000
1649640395222526957 151.735170 0.000000
1649640395306247567 150.668720 0.000000
1649640395452763023 150.661417 0.000000
1649640395560365491 192.936344 0.000000
1649640395673740332 182.736554 0.000000
1649640395815674739 145.298393 0.000000
1649640395926319692 188.319510 0.000000
1649640396119813792 150.529499 0.000000
1649640396161632905 152.117055 0.000000
1649640396292519822 183.246900 0.000000
1649640396421347821 150.629207 0.000000
1649640396577027194 155.677980 0.000000
1649640397168325578 151.152427 0.000000
1649640397251362538 183.053127 0.000000
1649640397274016515 183.010658 0.000000
1649640397545092367 150.587447 0.000000
1649640397726502856 150.795558 0.000000
1649640397792999640 184.589597 0.000000
1649640397993597936 150.787934 0.000000
1649640398058903997 177.130946 0.000000
1649640398153621383 151.203612 0.000000
1649640398195450715 156.635205 0.000000
1649640398224152078 182.934014 0.000000
1649640398527216146 181.963726 0.000000
1649640398580681090 154.462903 0.000000
1649640398743366326 161.249685 0.000000
1649640398804145562 150.670514 0.000000
1649640398978901475 174.753469 0.000000
1649640399268383542 151.457349 0.000000
1649640399428361042 186.215906 0.000000
1649640399442595887 154.650845 0.000000
1649640399504427545 157.192790 0.000000
1649640399739049021 156.853374 0.000000
1649640399780430764 155.851506 0.000000
1649640400010377638 155.598592 0.000000
1649640400079959214 154.050600 0.000000
1649640400258992476 183.124100 0.000000
1649640400530992071 183.159658 0.000000
1649640400547081902 182.705014 0.000000
1649640400637168326 150.384458 0.000000
1649640400713900306 182.451299 0.000000
1649640400719252960 187.724244 0.000000
1649640400834074823 152.972118 0.000000
1649640400864793057 153.419898 0.000000
1649640400917223011 169.238131 0.000000
1649640401005390147 150.091539 0.000000
1649640401031347346 150.217294 0.000000
1649640401058496960 157.382366 0.000000
1649640401184936952 152.964384 0.000000
1649640401208869655 150.324625 0.000000
1649640401214491243 155.993311 0.000000
1649640401305361958 156.584140 0.000000
1649640401317686612 166.909175 0.000000
1649640401317807037 157.966772 0.000000
1649640401349673744 188.070563 0.000000
1649640401356104599 194.194443 0.000000
1649640401361794435 198.439841 0.000000
1649640401408170010 155.853901 0.000000
1649640401484642032 182.743928 0.000000
1649640401565348092 182.401095 0.000000
1649640401577456450 150.520512 0.000000
1649640401722563915 183.403694 0.000000
1649640401740775675 159.985596 0.000000
1649640401866766665 155.984024 0.000000
1649640401910750275 182.315955 0.000000
1649640401969921848 151.114006 0.000000
1649640402018691750 150.253231 0.000000
1649640402071965125 151.271591 0.000000
1649640402348867530 155.194665 0.000000
1649640402446423226 151.078168 0.000000
1649640402668561122 182.427916 0.000000
1649640402842410766 150.483964 0.000000
1649640402852944161 160.598053 0.000000
1649640403279787052 150.784747 0.000000
1649640403314328663 150.060700 0.000000
1649640403590125035 183.499223 0.000000
1649640403643275730 183.308015 0.000000
1649640403655292716 150.624636 0.000000
1649640403784440845 187.825974 0.000000
1649640403949160234 155.155722 0.000000
1649640404173165330 205.639387 0.000000
1649640404186219651 150.235619 0.000000
1649640404480436434 183.107980 0.000000
1649640404573027483 157.289722 0.000000
1649640404586401815 187.911015 0.000000
1649640404773304779 150.419023 0.000000
