1649640255741903987 184.271390 0.000000
1649640255921215120 150.588520 0.000000
1649640255957875974 206.704234 0.000000
1649640256013549638 182.678916 0.000000
1649640256019515271 188.164409 0.000000
1649640256040329018 193.921672 0.000000
1649640256045097226 151.071646 0.000000
1649640256134427773 203.443500 0.000000
1649640256145800803 151.168828 0.000000
1649640256147328397 188.460484 0.000000
1649640256199901489 154.802148 0.000000
1649640256323674310 182.937299 0.000000
1649640256494626744 182.729702 0.000000
1649640256690186787 182.648399 0.000000
1649640256696555085 188.808927 0.000000
1649640256784330446 188.121307 0.000000
1649640256972118549 187.786120 0.000000
1649640257095104456 182.877308 0.000000
1649640257292758984 150.737087 0.000000
1649640257496262127 183.216213 0.000000
1649640257597800209 182.225546 0.000000
1649640257697385649 150.539909 0.000000
1649640257899993382 184.141347 0.000000
1649640257917318159 150.990593 0.000000
1649640257925633016 182.881665 0.000000
1649640257958241192 183.239487 0.000000
1649640258178231091 183.207166 0.000000
1649640258561539141 158.455006 0.000000
1649640258658307922 150.869256 0.000000
1649640258735133557 182.267303 0.000000
1649640258991530764 183.504543 0.000000
1649640259006984904 183.038690 0.000000
1649640259012606552 188.080050 0.000000
1649640259027336324 150.850201 0.000000
1649640259189890495 182.903667 0.000000
1649640259308659296 188.493135 0.000000
1649640259415165460 189.658661 0.000000
1649640259541097790 182.684817 0.000000
1649640259692554568 182.960063 0.000000
1649640259876317746 182.841921 0.000000
1649640260026568943 194.732150 0.000000
1649640260085357858 182.640154 0.000000
1649640260209263930 182.692772 0.000000
1649640260413547925 182.425762 0.000000
1649640260534388701 182.992604 0.000000
1649640260674267614 183.370152 0.000000
1649640260793218557 157.002865 0.000000
1649640260859329888 156.922964 0.000000
1649640260863518711 182.859795 0.000000
1649640260884869885 150.503841 0.000000
1649640260964406442 183.008954 0.000000
1649640261134948166 182.374716 0.000000
1649640261155331395 150.803954 0.000000
1649640261338850526 183.276116 0.000000
1649640261414105919 156.984640 0.000000
1649640261524705185 150.990864 0.000000
1649640261773515079 182.891203 0.000000
1649640261785939710 194.350184 0.000000
1649640261969298250 183.342710 0.000000
1649640261994612674 151.136797 0.000000
1649640262488536742 183.032849 0.000000
1649640262522843694 191.136190 0.000000
1649640262611082013 190.929061 0.000000
1649640262793990089 182.656134 0.000000
1649640262800668678 182.898608 0.000000
1649640263089981657 188.680747 0.000000
1649640263136920768 183.021036 0.000000
1649640263285264630 183.132737 0.000000
1649640263517985423 183.230620 0.000000
1649640263523904740 189.020363 0.000000
1649640263557875100 161.613496 0.000000
1649640263748445489 183.671576 0.000000
1649640263842770678 189.486478 0.000000
1649640263899894432 183.424814 0.000000
1649640263951202863 188.949791 0.000000
1649640264039965797 183.958434 0.000000
1649640264074354020 167.259701 0.000000
1649640264391061352 162.881494 0.000000
1649640264435147385 182.964631 0.000000
1649640264490001753 191.754087 0.000000
1649640264503557064 182.986793 0.000000
1649640264561358067 183.190565 0.000000
1649640264590078285 203.352390 0.000000
1649640264606251002 154.217282 0.000000
1649640264830525803 150.985023 0.000000
1649640264891528597 178.188167 0.000000
1649640264952675482 183.136764 0.000000
1649640265074614235 183.128759 0.000000
1649640265132354714 150.661647 0.000000
1649640265311731239 183.607055 0.000000
1649640265371144043 207.476020 0.000000
1649640265376127715 164.920296 0.000000
1649640265378223755 214.542837 0.000000
1649640265472905995 201.357773 0.000000
1649640265548349699 177.203471 0.000000
1649640265596716145 182.506754 0.000000
1649640265622588375 186.284595 0.000000
1649640265671706111 182.697421 0.000000
1649640265839508328 182.780156 0.000000
1649640266022856850 183.347239 0.000000
1649640266119065169 161.313675 0.000000
1649640266155091002 155.437659 0.000000
1649640266215042897 206.806344 0.000000
1649640266311334012 182.719652 0.000000
1649640266317495773 188.789140 0.000000
1649640266329510786 200.866069 0.000000
1649640266397574166 182.529656 0.000000
1649640266455352085 150.442126 0.000000
1649640266582143365 182.204796 0.000000
1649640266654132474 150.235758 0.000000
1649640266789542331 182.039277 0.000000
1649640266809554736 154.578820 0.000000
1649640266846373174 182.674848 0.000000
1649640266885113195 182.069763 0.000000
1649640266891374804 188.388799 0.000000
1649640267163655685 154.801877 0.000000
1649640267205915344 160.703721 0.000000
1649640267220803563 198.165827 0.000000
1649640267241832313 213.831483 0.000000
1649640267392398602 150.436936 0.000000
1649640267413689232 195.454956 0.000000
1649640267425860308 194.573765 0.000000
1649640267528033169 189.937232 0.000000
1649640267698023238 183.245638 0.000000
1649640267773726961 182.616359 0.000000
1649640267792965105 182.996231 0.000000
1649640267894507884 188.520756 0.000000
1649640267955327816 157.688279 0.000000
1649640267989532505 183.077824 0.000000
1649640268431774291 182.668005 0.000000
1649640268448221774 183.019554 0.000000
1649640268485709457 155.699230 0.000000
1649640268542765213 188.791555 0.000000
1649640268548191575 181.669024 0.000000
1649640268599499776 149.939594 0.000000
1649640268697319547 182.808289 0.000000
1649640268881038853 182.991141 0.000000
1649640268976083832 182.719923 0.000000
1649640269027404086 183.171450 0.000000
1649640269161055195 184.970431 0.000000
1649640269222353283 182.711968 0.000000
1649640269225547742 153.584136 0.000000
1649640269327741622 186.390413 0.000000
1649640269521557915 182.735111 0.000000
1649640269552990919 182.670990 0.000000
1649640269564343200 188.244589 0.000000
1649640269569896190 187.406969 0.000000
1649640269608481070 160.291889 0.000000
1649640269614930330 187.665033 0.000000
1649640269703053914 150.120903 0.000000
1649640269709912151 181.959207 0.000000
1649640269836319240 183.250077 0.000000
1649640269977033169 184.728879 0.000000
1649640270075680441 182.693274 0.000000
1649640270090535618 182.338198 0.000000
1649640270144909446 192.351127 0.000000
1649640270373400792 182.102837 0.000000
1649640270441984887 182.305447 0.000000
1649640270607206980 182.451139 0.000000
1649640270708722398 154.099502 0.000000
1649640270807627813 187.478013 0.000000
1649640270967123701 182.653498 0.000000
1649640271104725656 212.835316 0.000000
1649640271180728149 149.929474 0.000000
1649640271182319352 155.428272 0.000000
1649640271297447088 192.719618 0.000000
1649640271403720746 150.201074 0.000000
1649640271539489865 181.815126 0.000000
1649640271951243600 150.445242 0.000000
1649640272096273709 182.420040 0.000000
1649640272131960858 197.886734 0.000000
1649640272314098139 182.069354 0.000000
1649640272317837990 151.655159 0.000000
1649640272389981547 184.611038 0.000000
1649640272408838616 182.931258 0.000000
1649640272496390109 182.289025 0.000000
1649640272686525683 182.479993 0.000000
1649640272708818302 182.191131 0.000000
1649640272891420805 182.552900 0.000000
1649640272969499699 182.326946 0.000000
1649640272974830172 187.546271 0.000000
1649640272980276121 154.095504 0.000000
1649640273058131296 171.343266 0.000000
1649640273152108715 182.607112 0.000000
1649640273253841380 185.099523 0.000000
1649640273536837679 182.138713 0.000000
1649640273584764050 182.356672 0.000000
1649640273660378165 155.224931 0.000000
1649640273811318825 150.275854 0.000000
1649640273820123580 182.729611 0.000000
1649640273870002703 182.312319 0.000000
1649640274081406084 182.276231 0.000000
1649640274127376470 187.142665 0.000000
1649640274334222639 151.508695 0.000000
1649640274399010028 182.860015 0.000000
1649640274420594630 150.968011 0.000000
1649640274499574764 150.839570 0.000000
1649640274512997556 182.655773 0.000000
1649640274695475045 182.474873 0.000000
1649640274758786046 182.336324 0.000000
1649640274814465862 183.142606 0.000000
1649640274869164569 150.663561 0.000000
1649640275142679944 150.549537 0.000000
1649640275329367675 184.604515 0.000000
1649640275404290053 187.035112 0.000000
1649640275736588973 151.367751 0.000000
1649640275875218795 150.744942 0.000000
1649640276049755377 150.403774 0.000000
1649640276296601209 182.280579 0.000000
1649640276557539088 182.169481 0.000000
1649640276622996102 182.357934 0.000000
1649640276688460972 182.229134 0.000000
1649640276716417628 187.117386 0.000000
1649640276833115847 151.212840 0.000000
1649640276859442729 155.527359 0.000000
1649640276903473929 185.837297 0.000000
1649640277220894899 182.821742 0.000000
1649640277263142686 182.216109 0.000000
1649640277383534019 159.298668 0.000000
1649640277640001568 182.492877 0.000000
1649640277756457994 150.129570 0.000000
1649640277953059108 188.263385 0.000000
1649640278047751196 182.407958 0.000000
1649640278285078945 188.852930 0.000000
1649640278324803001 182.284537 0.000000
1649640278573977568 187.822087 0.000000
1649640278709981408 155.979756 0.000000
1649640278721937320 162.510158 0.000000
1649640278761526844 182.585310 0.000000
1649640278798055269 182.397277 0.000000
1649640278845773471 182.415803 0.000000
1649640278922322107 182.672855 0.000000
1649640279029264149 182.599598 0.000000
1649640279211260043 182.020540 0.000000
1649640279338718745 182.271993 0.000000
1649640279495527946 182.305546 0.000000
1649640279737774686 182.214245 0.000000
1649640279983279875 155.756909 0.000000
1649640280014857289 182.157799 0.000000
1649640280137641318 185.779318 0.000000
1649640280164857587 166.245050 0.000000
1649640280191246674 182.549694 0.000000
1649640280612247323 182.396697 0.000000
1649640280647627836 153.648045 0.000000
1649640280676865525 184.143611 0.000000
1649640280690079395 151.194276 0.000000
1649640280894130484 181.843148 0.000000
1649640280995769124 182.202924 0.000000
1649640280996326950 154.699326 0.000000
1649640281043510539 150.796891 0.000000
1649640281263852497 155.957384 0.000000
1649640281284620628 187.707512 0.000000
1649640281308123587 182.337626 0.000000
1649640281449442881 181.926786 0.000000
1649640281490456344 182.330683 0.000000
1649640281512271378 182.360980 0.000000
1649640281646531308 182.802727 0.000000
1649640282038917517 150.650285 0.000000
1649640282054824205 182.096734 0.000000
1649640282078042700 183.925963 0.000000
1649640282183986349 182.611278 0.000000
1649640282205041729 182.357061 0.000000
1649640282355791171 181.994733 0.000000
1649640282370986475 150.489775 0.000000
1649640282413174581 156.540848 0.000000
1649640282532016369 187.258561 0.000000
1649640282773940484 151.220615 0.000000
1649640282812055924 183.779198 0.000000
1649640282906319920 182.040369 0.000000
1649640282925111135 151.169729 0.000000
1649640283088446730 182.123313 0.000000
1649640283292722341 180.065406 0.000000
1649640283304192523 186.303921 0.000000
1649640283407741643 150.257059 0.000000
1649640283575799081 182.382089 0.000000
1649640283630528585 150.191285 0.000000
1649640283855417307 152.221902 0.000000
1649640283856333905 185.989582 0.000000
1649640284024505054 182.453993 0.000000
1649640284090971811 182.128334 0.000000
1649640284229069326 150.607395 0.000000
1649640284323904312 150.963222 0.000000
1649640284397092759 182.731605 0.000000
1649640284451771439 150.082341 0.000000
1649640284655608597 183.070309 0.000000
1649640284916923201 182.274617 0.000000
1649640284963260775 188.263905 0.000000
1649640285058357872 182.229514 0.000000
1649640285058872466 159.692025 0.000000
1649640285362913064 151.754696 0.000000
1649640285783568025 182.437834 0.000000
1649640285788773884 187.432708 0.000000
1649640285822852146 152.431996 0.000000
1649640285901198372 151.172905 0.000000
1649640285985410935 151.717506 0.000000
1649640285997389430 183.045403 0.000000
1649640286344336989 151.365515 0.000000
1649640286515927368 189.195441 0.000000
1649640286613507231 198.557092 0.000000
1649640286797027232 182.337064 0.000000
1649640286892588420 189.107888 0.000000
1649640286916467533 185.147443 0.000000
1649640287053561175 182.785024 0.000000
1649640287098759553 182.268296 0.000000
1649640287280633981 150.067593 0.000000
1649640287324805744 182.384444 0.000000
1649640287335740883 156.858403 0.000000
1649640287463115075 185.484575 0.000000
1649640287507178837 182.371149 0.000000
1649640287726763385 157.060492 0.000000
1649640287786544810 184.431140 0.000000
1649640287939246531 191.532943 0.000000
1649640288055760776 150.998278 0.000000
1649640288057894176 182.557709 0.000000
1649640288080049788 182.426302 0.000000
1649640288266048637 182.137060 0.000000
1649640288319239838 182.389563 0.000000
1649640288607336798 150.808332 0.000000
1649640288666050301 182.308602 0.000000
1649640288704586911 195.493648 0.000000
1649640288709657887 200.491197 0.000000
1649640288731447253 154.520832 0.000000
1649640288848104526 182.051940 0.000000
1649640289086783518 182.022536 0.000000
1649640289093357792 187.994591 0.000000
1649640289207825170 182.151125 0.000000
1649640289330442125 182.101563 0.000000
1649640289813737881 182.003620 0.000000
1649640289877383288 182.227538 0.000000
1649640289889670001 150.558964 0.000000
1649640289915662085 151.911600 0.000000
1649640289921798699 158.064063 0.000000
1649640290334911122 151.043906 0.000000
1649640290440506187 200.589902 0.000000
1649640290448993507 150.989703 0.000000
1649640290562996615 150.152512 0.000000
1649640290719265002 182.609276 0.000000
1649640290806009672 182.351032 0.000000
1649640290866531895 168.151904 0.000000
1649640290990086508 183.856062 0.000000
1649640291006949208 150.249264 0.000000
1649640291362219049 183.250287 0.000000
1649640291445529601 151.037261 0.000000
1649640291552053318 182.643549 0.000000
1649640291634216710 183.177380 0.000000
1649640291735799465 182.975823 0.000000
1649640291741784584 188.928922 0.000000
1649640291748559684 151.036279 0.000000
1649640291835885583 183.665524 0.000000
1649640291848653517 156.925298 0.000000
1649640292057382658 157.551694 0.000000
1649640292290407951 188.595077 0.000000
1649640292318330935 209.479596 0.000000
1649640292419333182 188.374874 0.000000
1649640292502292746 183.282006 0.000000
1649640292708866244 182.731875 0.000000
1649640292810400578 155.055113 0.000000
1649640292924299881 291.987894 0.000000
1649640292924414927 230.601310 0.000000
1649640293026167369 156.742496 0.000000
1649640293208398285 183.313495 0.000000
1649640293504199438 182.932231 0.000000
1649640293510269266 187.318583 0.000000
1649640293745481960 182.673846 0.000000
1649640293873881835 185.845171 0.000000
1649640294240464804 183.079016 0.000000
1649640294368456204 151.252634 0.000000
1649640294554400952 182.757584 0.000000
1649640294585533011 189.044508 0.000000
1649640294600332714 182.583627 0.000000
1649640294878831672 153.696055 0.000000
1649640294942250766 175.909817 0.000000
1649640295009553230 182.939785 0.000000
1649640295121434721 183.068035 0.000000
1649640295130395479 183.717473 0.000000
1649640295303959868 182.570873 0.000000
1649640295317418678 151.035107 0.000000
1649640296818874814 182.887897 0.000000
1649640296846889990 182.577425 0.000000
1649640296941405317 188.442761 0.000000
1649640297083943486 150.281175 0.000000
1649640297390879962 183.448378 0.000000
1649640297396568916 188.944632 0.000000
1649640297402595494 194.759532 0.000000
1649640297461310450 156.730073 0.000000
1649640297520565949 182.182356 0.000000
1649640297591404772 188.726613 0.000000
1649640297621664796 182.836882 0.000000
1649640297653153654 182.885843 0.000000
1649640297740975173 150.932074 0.000000
1649640297754427430 188.857167 0.000000
1649640297754748071 183.231371 0.000000
1649640297863162853 182.880554 0.000000
1649640297895752505 183.041695 0.000000
1649640298120526461 188.250059 0.000000
1649640298206996466 150.799505 0.000000
1649640298309522590 188.750037 0.000000
1649640298423906140 150.687886 0.000000
1649640298522895403 182.913265 0.000000
1649640298593740467 189.159695 0.000000
1649640298687881122 194.703727 0.000000
1649640298694518023 187.895845 0.000000
1649640298712681592 189.364899 0.000000
1649640298806870166 195.219424 0.000000
1649640298818653204 153.878187 0.000000
1649640298892976108 198.402341 0.000000
1649640298916595044 178.871479 0.000000
1649640298952561396 158.324382 0.000000
1649640299058181418 191.519277 0.000000
1649640299103259961 150.696040 0.000000
1649640299266943389 151.010100 0.000000
1649640299312365827 155.607138 0.000000
1649640299586959894 183.087942 0.000000
1649640299592694294 188.832481 0.000000
1649640299699215577 194.177611 0.000000
1649640299775740389 176.832136 0.000000
1649640299795017545 183.602537 0.000000
1649640299851805278 182.948141 0.000000
1649640299867567766 190.224531 0.000000
1649640299899775111 199.871184 0.000000
1649640299927040432 165.057823 0.000000
1649640299941652593 163.536341 0.000000
1649640299971148065 183.307565 0.000000
1649640300322795025 183.245548 0.000000
1649640300362520253 183.185375 0.000000
1649640300469269362 182.723849 0.000000
1649640300596662420 153.292578 0.000000
1649640300728135998 182.965834 0.000000
1649640300751827359 182.662495 0.000000
1649640300817152416 151.893185 0.000000
1649640301035820757 182.858303 0.000000
1649640301218828208 183.006099 0.000000
1649640301233156698 182.759486 0.000000
1649640301317689561 187.142303 0.000000
1649640301323383085 191.087038 0.000000
1649640301360062033 177.002787 0.000000
1649640301361575149 172.354092 0.000000
1649640301378502260 182.848734 0.000000
1649640301518623880 157.047047 0.000000
1649640301778253675 183.373067 0.000000
1649640301783712398 187.856271 0.000000
1649640301819449109 155.300864 0.000000
1649640302130930104 156.467270 0.000000
1649640302227272586 182.690939 0.000000
1649640302257205538 183.198821 0.000000
1649640302374758259 182.999897 0.000000
1649640302517509097 150.649283 0.000000
1649640302571283561 184.507634 0.000000
1649640302721980283 151.039876 0.000000
1649640302727458673 186.180691 0.000000
1649640302752842316 154.015273 0.000000
1649640302788791878 161.078315 0.000000
1649640302796878927 182.685599 0.000000
1649640302819563652 156.469154 0.000000
1649640302865877400 183.257710 0.000000
1649640303025878806 177.074220 0.000000
1649640303110705640 182.737385 0.000000
1649640303137953678 183.414394 0.000000
1649640303300085176 189.389876 0.000000
1649640303312262033 188.128081 0.000000
1649640303334675288 183.116356 0.000000
1649640303394229858 194.679521 0.000000
1649640303453699198 156.890443 0.000000
1649640303540430282 151.089499 0.000000
1649640303669469386 186.550604 0.000000
1649640303760651123 156.905292 0.000000
1649640303871254889 153.346351 0.000000
1649640303878133644 187.391180 0.000000
1649640304267035220 150.486279 0.000000
1649640304341444656 182.512554 0.000000
1649640304422872749 155.835054 0.000000
1649640304495724726 191.228412 0.000000
1649640304537832250 182.797298 0.000000
1649640304544088187 157.293820 0.000000
1649640304616898856 185.944126 0.000000
1649640304739991253 182.814550 0.000000
1649640304912562821 189.075086 0.000000
1649640305078193649 182.942199 0.000000
1649640305316910363 183.046225 0.000000
1649640305389903373 156.626880 0.000000
1649640305417343723 183.077774 0.000000
1649640305717264357 177.234650 0.000000
1649640305923817597 151.854012 0.000000
1649640306068285383 183.737450 0.000000
1649640306082844114 187.324695 0.000000
1649640306251787813 182.833355 0.000000
1649640306630842310 183.062756 0.000000
1649640306636456995 188.748745 0.000000
1649640306730842989 182.760219 0.000000
1649640306737011763 188.960472 0.000000
1649640306852104804 188.664757 0.000000
1649640306902860298 151.031280 0.000000
1649640306926051252 188.964569 0.000000
1649640307033421355 151.424878 0.000000
1649640307188334442 182.860687 0.000000
1649640307204405518 183.263672 0.000000
1649640307298250508 188.371908 0.000000
1649640307305428353 183.284510 0.000000
1649640307526762402 182.476186 0.000000
1649640307584378438 183.267390 0.000000
1649640307649122084 155.752510 0.000000
1649640307840791083 183.448158 0.000000
1649640307890653043 154.027206 0.000000
1649640307950585611 182.917084 0.000000
1649640307969219542 183.325198 0.000000
1649640308028342923 187.550608 0.000000
1649640308029368726 188.531457 0.000000
1649640308063419667 183.134669 0.000000
1649640308070296559 189.682094 0.000000
1649640308076565821 192.955550 0.000000
1649640308164933272 195.712058 0.000000
1649640308208670000 150.909130 0.000000
1649640308277037190 150.636499 0.000000
1649640308632142513 183.091489 0.000000
1649640308673943993 183.072694 0.000000
1649640308708508216 154.999708 0.000000
1649640308719587635 182.534334 0.000000
1649640308876370657 150.807290 0.000000
1649640308909908356 183.022269 0.000000
1649640308952987011 182.617260 0.000000
1649640308991546223 183.385420 0.000000
1649640309141508308 188.519945 0.000000
1649640309182087427 183.350595 0.000000
1649640309284445445 150.878063 0.000000
1649640309355170684 157.968714 0.000000
1649640309432278910 184.985369 0.000000
1649640309436260184 151.809469 0.000000
1649640309460842655 162.906821 0.000000
1649640309532643352 190.787697 0.000000
1649640309544366628 184.835479 0.000000
1649640309644492832 182.713180 0.000000
1649640309650480196 188.595457 0.000000
1649640309684916609 151.332985 0.000000
1649640309715069383 182.424027 0.000000
1649640309726801275 182.388651 0.000000
1649640309864555336 151.045336 0.000000
1649640309941683018 183.182540 0.000000
1649640309969876419 182.853153 0.000000
1649640310015628945 151.069582 0.000000
1649640310057369702 156.430101 0.000000
1649640310107765843 182.682192 0.000000
1649640310182902222 182.675759 0.000000
1649640310468473858 182.956065 0.000000
1649640310484597613 183.095176 0.000000
1649640310714279060 182.311858 0.000000
1649640310791084237 152.722771 0.000000
1649640311052963480 150.424052 0.000000
1649640311322331150 182.869332 0.000000
1649640311361101188 182.749187 0.000000
1649640311471745169 162.843152 0.000000
1649640311495689063 150.347177 0.000000
1649640311616962490 157.198160 0.000000
1649640311630650158 187.066561 0.000000
1649640311646892235 151.199536 0.000000
1649640311785137216 182.806113 0.000000
1649640311925816661 182.755379 0.000000
1649640312019985588 188.267461 0.000000
1649640312037459894 182.544503 0.000000
1649640312063606328 151.485822 0.000000
1649640312093513321 182.273287 0.000000
1649640312218842601 150.855401 0.000000
1649640312374872671 182.944153 0.000000
1649640312755782025 151.071546 0.000000
1649640312806348596 182.287793 0.000000
1649640312915827413 182.744027 0.000000
1649640312948364086 183.149178 0.000000
1649640313166546786 182.875494 0.000000
1649640313284391525 182.658949 0.000000
1649640313409406876 182.865234 0.000000
1649640313520781417 155.673012 0.000000
1649640313788785581 188.989696 0.000000
1649640313885969459 185.462094 0.000000
1649640313909700776 150.312683 0.000000
1649640314087658131 150.328804 0.000000
1649640314389975248 151.190960 0.000000
1649640314423448987 188.406242 0.000000
1649640314518321303 182.635956 0.000000
1649640314649891581 150.872363 0.000000
1649640314701779559 183.019414 0.000000
1649640314783779395 182.568590 0.000000
1649640314812323923 162.429847 0.000000
1649640314877938724 182.756752 0.000000
1649640314897152160 188.956814 0.000000
1649640314976100525 192.319727 0.000000
1649640314976813372 164.487044 0.000000
1649640315341246820 182.420953 0.000000
1649640315353910630 183.073095 0.000000
1649640315359609964 188.723807 0.000000
1649640315891797460 182.889001 0.000000
1649640316302536643 183.273070 0.000000
1649640316386208402 151.098335 0.000000
1649640316397358113 189.296901 0.000000
1649640316415044588 184.341232 0.000000
1649640316529447435 215.197484 0.000000
1649640316743220539 155.403545 0.000000
1649640316810549232 151.217869 0.000000
1649640316905766515 156.983208 0.000000
1649640317147403912 168.406171 0.000000
1649640317266858519 152.729302 0.000000
1649640317328986142 204.757904 0.000000
1649640317422711878 210.089881 0.000000
1649640317544311256 183.120073 0.000000
1649640317586654863 156.810173 0.000000
1649640317889455375 155.072355 0.000000
1649640317939902373 189.942593 0.000000
1649640318041508160 183.019584 0.000000
1649640318175923623 183.092641 0.000000
1649640318351895856 182.368414 0.000000
1649640318530124710 176.749821 0.000000
1649640318553690295 181.456565 0.000000
1649640318910393213 182.513276 0.000000
1649640318984490004 183.412130 0.000000
1649640318990066477 188.942667 0.000000
1649640318995688876 194.491730 0.000000
1649640319039673028 151.034806 0.000000
1649640319092982330 154.218434 0.000000
1649640319445368796 183.471761 0.000000
1649640319484777351 182.277503 0.000000
1649640319627945371 182.475816 0.000000
1649640319708760454 150.547432 0.000000
1649640320089568719 183.174715 0.000000
1649640320211540565 188.737783 0.000000
1649640320272843322 183.276256 0.000000
1649640320417376069 182.377261 0.000000
1649640320461354942 183.040204 0.000000
1649640320521288852 183.003354 0.000000
1649640320544422598 182.914878 0.000000
1649640320657103528 183.189353 0.000000
1649640320665842069 182.281762 0.000000
1649640320668968129 150.539388 0.000000
1649640320949506360 151.026782 0.000000
1649640321082400199 182.930858 0.000000
1649640321115974206 155.144921 0.000000
1649640321238972667 185.305210 0.000000
1649640321321775396 189.486187 0.000000
1649640321539391696 153.519946 0.000000
1649640321609554831 186.513333 0.000000
1649640321664462380 157.912760 0.000000
1649640321835582979 150.885497 0.000000
1649640321860180138 183.527437 0.000000
1649640322075808300 183.061863 0.000000
1649640322088969221 183.529710 0.000000
1649640322189543395 188.534152 0.000000
1649640322258524687 182.680800 0.000000
1649640322426000773 155.491170 0.000000
1649640322455327869 188.659156 0.000000
1649640322555075854 187.660975 0.000000
1649640322590784973 182.895852 0.000000
1649640322649564200 150.954306 0.000000
1649640322715265143 183.029294 0.000000
1649640322750243782 194.156181 0.000000
1649640322923137235 186.786076 0.000000
1649640323240116548 151.256423 0.000000
1649640323319270486 188.375544 0.000000
1649640323337186051 185.870799 0.000000
1649640323520142657 182.952318 0.000000
1649640323693480283 183.172652 0.000000
1649640323703861934 183.151743 0.000000
1649640323880475139 182.817916 0.000000
1649640323965458537 182.743828 0.000000
1649640323998737300 153.176110 0.000000
1649640324154206139 188.744055 0.000000
1649640324160818344 188.939612 0.000000
1649640324432412729 182.722979 0.000000
1649640324667370856 182.818307 0.000000
1649640324682103974 191.872420 0.000000
1649640324704282029 183.145260 0.000000
1649640324765665627 171.446149 0.000000
1649640324776722645 186.583436 0.000000
1649640324787203652 182.911201 0.000000
1649640324976697142 188.371747 0.000000
1649640325191548798 150.905334 0.000000
1649640325263463428 182.981824 0.000000
1649640325269399295 187.785308 0.000000
1649640325294148259 182.749107 0.000000
1649640325343259131 188.893446 0.000000
1649640325378585463 150.778706 0.000000
1649640325414104867 182.843614 0.000000
1649640325420951561 156.555896 0.000000
1649640325680231652 150.441454 0.000000
1649640325813588260 182.927312 0.000000
1649640325852754720 182.904819 0.000000
1649640325889486848 151.603553 0.000000
1649640325947734477 183.097702 0.000000
1649640326086666246 151.104628 0.000000
1649640326375126097 182.440189 0.000000
1649640326381016067 156.769457 0.000000
1649640326516536401 185.903390 0.000000
1649640326558071302 182.104830 0.000000
1649640326913473309 183.284851 0.000000
1649640326940186536 183.323744 0.000000
1649640326965675988 182.957859 0.000000
1649640326973894915 151.787998 0.000000
1649640327134095423 187.283708 0.000000
1649640327237230488 182.944413 0.000000
1649640327313497717 151.464462 0.000000
1649640327336831879 188.558708 0.000000
1649640327501474754 189.323261 0.000000
1649640327506722171 194.366666 0.000000
1649640327512501405 200.011397 0.000000
1649640327559783919 177.138379 0.000000
1649640327583092173 182.719392 0.000000
1649640327588696929 188.323868 0.000000
1649640327706307850 156.140728 0.000000
1649640327773087734 183.455972 0.000000
1649640327784974928 183.358039 0.000000
1649640327923826065 185.974814 0.000000
1649640327932769480 151.120798 0.000000
1649640328118156272 183.115464 0.000000
1649640328158051749 183.359912 0.000000
1649640328234604894 183.004907 0.000000
1649640328592082073 150.882280 0.000000
1649640328601602930 183.428031 0.000000
1649640328888663568 151.151094 0.000000
1649640328971644372 185.862273 0.000000
1649640329112333615 150.438158 0.000000
1649640329166476650 182.919196 0.000000
1649640329356330296 182.767483 0.000000
1649640329621248826 188.338715 0.000000
1649640329804176037 182.924487 0.000000
1649640329822642113 189.656275 0.000000
1649640329973723217 178.573279 0.000000
1649640330051736519 167.630777 0.000000
1649640330192613393 151.440287 0.000000
1649640330225111203 183.088654 0.000000
1649640330258192356 187.619427 0.000000
1649640330407607386 182.327026 0.000000
1649640330414332824 189.219817 0.000000
1649640330438725339 150.199760 0.000000
1649640330582476672 151.232978 0.000000
1649640330618698153 182.896855 0.000000
1649640330642970413 155.288851 0.000000
1649640330681564721 195.293363 0.000000
1649640330724777336 182.661743 0.000000
1649640330870909433 183.161471 0.000000
1649640330879081131 151.118554 0.000000
1649640330907542614 182.763454 0.000000
1649640331014057104 150.867814 0.000000
1649640331066162018 182.943060 0.000000
1649640331123051853 150.686995 0.000000
1649640331356247797 183.146282 0.000000
1649640331426440428 182.859775 0.000000
1649640331466713993 188.933329 0.000000
1649640331467755526 154.536330 0.000000
1649640331500629462 186.477698 0.000000
1649640331521494895 182.910610 0.000000
1649640331609359034 182.912564 0.000000
1649640331796071009 150.530020 0.000000
1649640331893584596 188.862789 0.000000
1649640332088888549 182.938723 0.000000
1649640332142982242 152.975895 0.000000
1649640332255037087 183.425355 0.000000
1649640332272295920 182.932821 0.000000
1649640332507913834 183.565609 0.000000
1649640332721458220 182.871366 0.000000
1649640332948721323 151.141467 0.000000
1649640333056431444 181.967073 0.000000
1649640333159348280 161.483564 0.000000
1649640333329718882 182.960774 0.000000
1649640333348185058 182.887947 0.000000
1649640333424770423 183.132916 0.000000
1649640333442705635 188.812554 0.000000
1649640333505937668 183.145410 0.000000
1649640333695385933 182.876567 0.000000
1649640333789950782 182.713450 0.000000
1649640333902570106 151.174097 0.000000
1649640334333649969 183.172772 0.000000
1649640334440849373 151.234300 0.000000
1649640334442705072 183.081250 0.000000
1649640334611471728 182.323680 0.000000
1649640334645473486 154.386690 0.000000
1649640334694192214 176.759830 0.000000
1649640334812697711 192.058949 0.000000
1649640334895805323 151.077647 0.000000
1649640334900931643 194.673130 0.000000
1649640335084458668 183.092351 0.000000
1649640335267559214 183.001300 0.000000
1649640335385696282 188.268784 0.000000
1649640335450704525 183.143166 0.000000
1649640335502941637 182.950976 0.000000
1649640335544021545 151.669035 0.000000
1649640335575749932 149.210727 0.000000
1649640335616023479 194.126626 0.000000
1649640335732038027 150.521284 0.000000
1649640335804779256 188.753673 0.000000
1649640335900598787 182.826282 0.000000
1649640336185345808 155.833543 0.000000
1649640336400974400 151.677491 0.000000
1649640336449328444 188.784071 0.000000
1649640336624518461 150.925012 0.000000
1649640336655232616 186.652975 0.000000
1649640336738283773 183.023131 0.000000
1649640336914697222 147.822104 0.000000
1649640336942571455 186.001233 0.000000
1649640336942599357 186.343455 0.000000
1649640337010175645 183.185425 0.000000
1649640337153208531 151.087604 0.000000
1649640337281961088 182.836731 0.000000
1649640337283717411 150.641319 0.000000
1649640337449084754 150.499964 0.000000
1649640337505802547 183.205984 0.000000
1649640337551325653 182.853564 0.000000
1649640337688866814 183.061723 0.000000
1649640338026222123 155.387796 0.000000
1649640338091569803 184.350149 0.000000
1649640338363394920 183.178342 0.000000
1649640338391371605 189.066780 0.000000
1649640338752859352 182.929947 0.000000
1649640338758423993 188.294063 0.000000
1649640338840474393 182.577406 0.000000
1649640338991656035 161.999632 0.000000
1649640339120499682 184.738897 0.000000
1649640339147673161 156.014892 0.000000
1649640339352290712 156.013509 0.000000
1649640339481553566 159.191347 0.000000
1649640339588381062 183.069297 0.000000
1649640339747264852 183.220922 0.000000
1649640340049475730 182.983988 0.000000
1649640340138000396 183.372056 0.000000
1649640340245099903 183.816228 0.000000
1649640340257493245 195.656964 0.000000
1649640340334919036 156.439398 0.000000
1649640340441680819 183.252842 0.000000
1649640340462934110 183.312743 0.000000
1649640341013422023 181.745877 0.000000
1649640341056034663 183.335617 0.000000
1649640341245070255 183.148265 0.000000
1649640341344405708 182.888409 0.000000
1649640341405183030 150.905164 0.000000
1649640341421813674 183.025115 0.000000
1649640341846990312 151.099078 0.000000
1649640341871105718 182.752183 0.000000
1649640341970532370 182.666241 0.000000
1649640341977504209 189.112716 0.000000
1649640342084458915 183.261187 0.000000
1649640342423026326 182.541948 0.000000
1649640342587981898 182.960734 0.000000
1649640342662613050 182.608935 0.000000
1649640342968032623 183.025375 0.000000
1649640343052850180 186.312477 0.000000
1649640343171039264 194.502790 0.000000
1649640343252049645 188.863710 0.000000
1649640343258109524 194.876691 0.000000
1649640343378131005 150.589392 0.000000
1649640343456746925 156.725895 0.000000
1649640343572997477 161.988650 0.000000
1649640343790973950 187.154626 0.000000
1649640343821370982 182.409350 0.000000
1649640343855730231 152.559124 0.000000
1649640343916512182 183.000840 0.000000
1649640343992778639 182.394482 0.000000
1649640344187351281 182.502164 0.000000
1649640344430834279 182.319202 0.000000
1649640344437809705 155.226274 0.000000
1649640344532114577 195.127973 0.000000
1649640344538124482 188.312446 0.000000
1649640344972908058 181.819735 0.000000
1649640345009309665 185.489525 0.000000
1649640345014565218 190.549911 0.000000
1649640345069121638 181.946312 0.000000
1649640345075922436 182.916410 0.000000
1649640345108612626 190.522800 0.000000
1649640345209906971 156.523285 0.000000
1649640345296945511 188.194255 0.000000
1649640345613136847 182.318330 0.000000
1649640345729393970 151.587272 0.000000
1649640346271669046 156.422515 0.000000
1649640346374913146 196.299339 0.000000
1649640346412240639 183.181899 0.000000
1649640346442746957 199.493217 0.000000
1649640346442775891 199.549011 0.000000
1649640346454700483 196.088634 0.000000
1649640346564262205 194.706583 0.000000
1649640346564955224 166.620012 0.000000
1649640346637552354 182.849536 0.000000
1649640346747451428 183.187259 0.000000
1649640346841199285 187.864876 0.000000
1649640346890804845 177.028473 0.000000
1649640346943443370 154.849557 0.000000
1649640347257193399 188.701535 0.000000
1649640347386606545 193.142422 0.000000
1649640347598054720 183.096428 0.000000
1649640347614591169 151.399961 0.000000
1649640347670258461 188.424537 0.000000
1649640347781223514 182.998735 0.000000
1649640347805311840 182.601902 0.000000
1649640347942721084 183.296934 0.000000
1649640347981750167 182.094631 0.000000
1649640348052067623 150.582569 0.000000
1649640348165333438 182.483208 0.000000
1649640348330790811 183.113250 0.000000
1649640348442334438 182.489110 0.000000
1649640348549769263 183.090467 0.000000
1649640348602215358 182.638079 0.000000
1649640348634649628 192.312965 0.000000
1649640348656791685 158.074163 0.000000
1649640348778817813 192.501790 0.000000
1649640348817497932 182.669458 0.000000
1649640348929107292 156.961557 0.000000
1649640348973122071 194.302675 0.000000
1649640349004575032 187.042866 0.000000
1649640349098587686 192.204253 0.000000
1649640349357277811 151.141767 0.000000
1649640349376863195 183.380119 0.000000
1649640349566203740 183.424284 0.000000
1649640349614455661 150.681676 0.000000
1649640349754763359 187.914720 0.000000
1649640349867798372 183.688648 0.000000
1649640350050346793 182.546047 0.000000
1649640350130802163 156.187987 0.000000
1649640350139161773 192.767238 0.000000
1649640350222925104 188.594225 0.000000
1649640350233751890 188.026481 0.000000
1649640350282807779 151.341161 0.000000
1649640350397023375 165.208145 0.000000
1649640350530026320 187.959766 0.000000
1649640350625029430 183.176598 0.000000
1649640350630625931 188.757680 0.000000
1649640350664822746 152.737389 0.000000
1649640350733456306 182.815443 0.000000
1649640350910479499 157.354413 0.000000
1649640351074379302 182.897667 0.000000
1649640351188185731 188.552887 0.000000
1649640351246733774 182.951176 0.000000
1649640351353298408 150.754301 0.000000
1649640351387623693 182.454685 0.000000
1649640351725021902 182.366140 0.000000
1649640352012674319 150.927034 0.000000
1649640352019945048 183.226713 0.000000
1649640352126505745 183.210943 0.000000
1649640352291772290 161.843689 0.000000
1649640352300344880 186.365556 0.000000
1649640352560425862 157.566040 0.000000
1649640352593140679 182.714773 0.000000
1649640352776020581 182.716947 0.000000
1649640352778311466 199.642576 0.000000
1649640352870135918 182.830680 0.000000
1649640352964619474 188.568135 0.000000
1649640353002373157 151.366468 0.000000
1649640353036698693 150.332239 0.000000
1649640353059138669 183.362568 0.000000
1649640353246606132 182.670211 0.000000
1649640353282407363 177.421901 0.000000
1649640353341556062 183.124171 0.000000
1649640353507904034 182.698303 0.000000
1649640353572078554 182.067761 0.000000
1649640353584100971 151.004790 0.000000
1649640353700282803 182.346402 0.000000
1649640353707155717 182.677834 0.000000
1649640354098037255 182.385326 0.000000
1649640354198340181 182.450758 0.000000
1649640354316616088 182.422466 0.000000
1649640354390608253 149.909127 0.000000
1649640354426165767 181.975357 0.000000
1649640354441476088 182.047202 0.000000
1649640354587712529 182.054174 0.000000
1649640354626179719 151.014148 0.000000
1649640354727638541 186.764926 0.000000
1649640354785383369 181.933789 0.000000
1649640354803619574 150.745805 0.000000
1649640354967694856 182.321696 0.000000
1649640355215466033 155.831700 0.000000
1649640355359674502 183.051173 0.000000
1649640355372191426 156.722979 0.000000
1649640355393427114 187.487119 0.000000
1649640355416007132 182.053303 0.000000
1649640355421047932 187.129128 0.000000
1649640355670011523 187.253942 0.000000
1649640355724585115 182.836401 0.000000
1649640355797832704 154.686572 0.000000
1649640356002946055 184.286319 0.000000
1649640356299052910 159.373148 0.000000
1649640356311969864 182.527312 0.000000
1649640356576718176 182.255322 0.000000
1649640356582895616 182.257867 0.000000
1649640356629798379 182.392840 0.000000
1649640356765362064 182.414050 0.000000
1649640356812098585 182.298904 0.000000
1649640356946680078 192.082814 0.000000
1649640357134731345 182.407798 0.000000
1649640357308039865 184.195219 0.000000
1649640357322781520 187.068464 0.000000
1649640357378456978 168.529241 0.000000
1649640357485306315 177.204303 0.000000
1649640357667733630 182.101224 0.000000
1649640357850216638 182.381408 0.000000
1649640357881492046 187.956689 0.000000
1649640357897447015 182.825330 0.000000
1649640358118513602 150.620039 0.000000
1649640358257164674 182.109668 0.000000
1649640358477155203 183.193531 0.000000
1649640358723785251 182.477418 0.000000
1649640358785403519 189.462582 0.000000
1649640358789925966 179.840214 0.000000
1649640358841084888 182.184399 0.000000
1649640358890568349 184.185410 0.000000
1649640358999352083 186.766820 0.000000
1649640359057350835 183.288969 0.000000
1649640359251155698 182.971054 0.000000
1649640359384808169 182.954483 0.000000
1649640359543525878 150.318934 0.000000
1649640359561775739 151.240131 0.000000
1649640359595673132 183.475289 0.000000
1649640359769219008 151.242195 0.000000
1649640359778811660 183.086911 0.000000
1649640359943942190 221.125517 0.000000
1649640359977332162 254.509688 0.000000
1649640360248815760 151.085362 0.000000
1649640360552281209 188.133861 0.000000
1649640360557759699 193.570803 0.000000
1649640360707482256 184.349708 0.000000
1649640360740611158 182.221097 0.000000
1649640360746412193 187.680101 0.000000
1649640360846840223 194.278490 0.000000
1649640360923417293 182.804081 0.000000
1649640361050042301 150.857704 0.000000
1649640361079246657 155.325730 0.000000
1649640361127255603 189.289457 0.000000
1649640361191786151 188.256301 0.000000
1649640361197858574 182.941858 0.000000
1649640361210215088 185.742629 0.000000
1649640361350909440 155.500558 0.000000
1649640361394679570 184.256231 0.000000
1649640361507218093 156.304986 0.000000
1649640361658818540 151.598363 0.000000
1649640361755111849 182.938823 0.000000
1649640361773295646 182.409801 0.000000
1649640361816140923 150.844239 0.000000
1649640361956330519 183.014925 0.000000
1649640362120642065 188.283533 0.000000
1649640362268796721 155.534451 0.000000
1649640362399761185 182.768134 0.000000
1649640362452593333 186.051769 0.000000
1649640362659379429 183.171288 0.000000
1649640362715633562 151.407545 0.000000
1649640362793567105 156.685509 0.000000
1649640362914252479 185.387113 0.000000
1649640362974247264 182.905370 0.000000
1649640363008476509 184.358083 0.000000
1649640363020447149 150.885928 0.000000
1649640363102697404 183.320749 0.000000
1649640363175210365 183.396030 0.000000
1649640363202495032 182.644010 0.000000
1649640363385446879 182.949193 0.000000
1649640363607789218 150.561299 0.000000
1649640363663435481 182.518946 0.000000
1649640363714387143 182.747465 0.000000
1649640363923720246 182.920851 0.000000
1649640364057108752 152.343020 0.000000
1649640364128609596 182.884260 0.000000
1649640364195789500 183.447287 0.000000
1649640364213847661 157.260165 0.000000
1649640364227122406 187.499903 0.000000
1649640364246690499 177.080433 0.000000
1649640364334974714 151.922351 0.000000
1649640364412074623 144.755857 0.000000
1649640364442844694 156.426924 0.000000
1649640364604964832 182.961336 0.000000
1649640364659441602 151.405462 0.000000
1649640364745740235 182.996100 0.000000
1649640364803748336 150.783496 0.000000
1649640364840664388 183.660166 0.000000
1649640364876784077 182.958080 0.000000
1649640364945699024 199.897153 0.000000
1649640364959034893 182.951488 0.000000
1649640364965015294 182.604547 0.000000
1649640364969993797 159.695402 0.000000
1649640365103730687 153.218490 0.000000
1649640365126641985 187.680952 0.000000
1649640365132864259 182.043795 0.000000
1649640365147800800 182.783302 0.000000
1649640365153513137 182.775877 0.000000
1649640365343822056 144.640779 0.000000
1649640365420913060 187.251097 0.000000
1649640365797220277 151.247786 0.000000
1649640365852641459 185.977520 0.000000
1649640365890629169 183.014123 0.000000
1649640366129290138 182.972045 0.000000
1649640366262009071 182.956517 0.000000
1649640366267459357 188.382990 0.000000
1649640366355477713 187.533235 0.000000
1649640366462711873 189.786670 0.000000
1649640367001741957 151.336092 0.000000
1649640367233404747 158.886676 0.000000
1649640367393127560 182.880323 0.000000
1649640367435577105 151.204975 0.000000
1649640367831319064 183.415867 0.000000
1649640367891641854 150.252740 0.000000
1649640367925354521 182.973278 0.000000
1649640367970368073 150.833290 0.000000
1649640368124660005 183.069648 0.000000
1649640368130683657 188.886904 0.000000
1649640368188298761 151.145414 0.000000
1649640368235793213 150.773897 0.000000
1649640368376483567 182.592002 0.000000
1649640368478340386 182.460286 0.000000
1649640368687138665 183.508982 0.000000
1649640368964776689 182.843494 0.000000
1649640369148097909 183.319196 0.000000
1649640369216292495 150.767926 0.000000
1649640369318330033 188.042301 0.000000
1649640369446078407 156.623743 0.000000
1649640369490300756 183.750736 0.000000
1649640369669067778 150.495065 0.000000
1649640369675645909 157.039273 0.000000
1649640369684148167 183.132446 0.000000
1649640369690334795 189.324714 0.000000
1649640369768623092 183.518228 0.000000
1649640369826645870 150.998438 0.000000
1649640370193054342 150.365702 0.000000
1649640370339739745 183.619168 0.000000
1649640370354822368 187.625639 0.000000
1649640370400508390 188.261231 0.000000
1649640370400531985 176.866290 0.000000
1649640370434244291 154.542051 0.000000
1649640370500293335 188.021461 0.000000
1649640370513008821 150.580836 0.000000
1649640370570360381 155.719749 0.000000
1649640370700466004 183.332030 0.000000
1649640370921930698 244.623727 0.000000
1649640371022113387 306.972043 0.000000
1649640371143425957 476.257272 0.000000
1649640371328858555 230.489732 0.000000
1649640371346616284 156.894521 0.000000
1649640371406356251 233.447226 0.000000
1649640371482509436 172.057475 0.000000
1649640371695919870 183.360253 0.000000
1649640371701391657 188.585498 0.000000
1649640371801879079 184.419869 0.000000
1649640371956962015 153.918874 0.000000
1649640371989727446 204.965604 0.000000
1649640372132718393 182.696930 0.000000
1649640372296796080 154.527694 0.000000
1649640372364937036 185.449059 0.000000
1649640372465045617 188.845306 0.000000
1649640372526790262 182.240724 0.000000
1649640372559254048 194.044982 0.000000
1649640372834070793 185.883842 0.000000
1649640372844126313 182.240664 0.000000
1649640373105535135 182.762543 0.000000
1649640373117032307 188.330200 0.000000
1649640373251154870 184.424267 0.000000
1649640373717078300 182.445759 0.000000
1649640373735360001 186.397557 0.000000
1649640373881967708 155.829133 0.000000
1649640374188797555 187.175936 0.000000
1649640374194098171 191.884143 0.000000
1649640374289939483 182.910991 0.000000
1649640374569883791 190.644208 0.000000
1649640374785958990 182.293854 0.000000
1649640374807944174 150.779558 0.000000
1649640374881068100 182.222460 0.000000
1649640375007774521 182.160704 0.000000
1649640375142857525 188.419818 0.000000
1649640375258369581 181.864339 0.000000
1649640375278866795 182.256034 0.000000
1649640375293847618 156.394764 0.000000
1649640375344506321 165.150637 0.000000
1649640375361836768 166.583584 0.000000
1649640375436886125 183.828652 0.000000
1649640375574546329 182.619214 0.000000
1649640376002919048 155.541997 0.000000
1649640376169266018 182.318941 0.000000
1649640376210196916 182.499949 0.000000
1649640376241006551 182.583968 0.000000
1649640376350436246 151.249209 0.000000
1649640376518541582 152.017017 0.000000
1649640376710470919 149.811975 0.000000
1649640376779205237 183.046475 0.000000
1649640376875578826 190.663113 0.000000
1649640376939502636 182.846771 0.000000
1649640377304961688 159.087101 0.000000
1649640377398371572 182.424269 0.000000
1649640377416164336 182.674958 0.000000
1649640377446186104 185.677136 0.000000
1649640377628950441 182.227671 0.000000
1649640377659846738 187.731087 0.000000
1649640377674334947 187.178450 0.000000
1649640377850406177 151.496442 0.000000
1649640377860766437 152.329082 0.000000
1649640377866944278 182.477208 0.000000
1649640377988983721 182.254480 0.000000
1649640378080053097 151.031942 0.000000
1649640378193767434 182.171114 0.000000
1649640378227181862 182.666112 0.000000
1649640378375788557 150.342048 0.000000
1649640378624356738 161.901627 0.000000
1649640378648946863 182.783030 0.000000
1649640378731123299 182.388161 0.000000
1649640378764425988 182.154173 0.000000
1649640379086229233 164.509765 0.000000
1649640379729567912 181.991578 0.000000
1649640379810053799 182.322628 0.000000
1649640380016866877 185.542294 0.000000
1649640380082543883 182.350931 0.000000
1649640380287445828 151.517391 0.000000
1649640380329077390 150.889174 0.000000
1649640380376620723 182.236516 0.000000
1649640380448953327 189.266455 0.000000
1649640380462869303 151.606659 0.000000
1649640380471463984 182.080564 0.000000
1649640380632345089 182.662235 0.000000
1649640380638440765 188.025749 0.000000
1649640380921737417 182.194028 0.000000
1649640381178975650 182.363755 0.000000
1649640381579848297 150.242391 0.000000
1649640381677036124 189.642059 0.000000
1649640381689154721 201.722315 0.000000
1649640382334288044 182.312218 0.000000
1649640382376242681 182.200359 0.000000
1649640382382863873 186.742283 0.000000
1649640382527887721 199.056776 0.000000
1649640382659323108 181.958496 0.000000
1649640382836242636 182.145947 0.000000
1649640382940424604 185.959456 0.000000
1649640383031306760 155.983523 0.000000
1649640383035957509 182.432374 0.000000
1649640383077608777 184.650071 0.000000
1649640383195655795 157.294080 0.000000
1649640383256926562 153.101331 0.000000
1649640383311701532 186.159421 0.000000
1649640383496807187 182.214746 0.000000
1649640383671704195 182.725693 0.000000
1649640383780517865 187.940159 0.000000
1649640383798252309 188.157505 0.000000
1649640383986386662 188.132639 0.000000
1649640384236612180 182.612391 0.000000
1649640384458502740 162.359856 0.000000
1649640384474011162 150.756575 0.000000
1649640384528253394 182.197634 0.000000
1649640384603359816 182.877618 0.000000
1649640384624794588 176.830683 0.000000
1649640384746791931 182.220356 0.000000
1649640384825786613 182.463522 0.000000
1649640384852840778 184.788851 0.000000
1649640384875784047 183.192208 0.000000
1649640384990237028 163.649985 0.000000
1649640385088008007 150.223796 0.000000
1649640385145344440 155.106520 0.000000
1649640385165536390 181.855543 0.000000
1649640385222255375 182.212342 0.000000
1649640385334848328 182.337887 0.000000
1649640385345511778 192.948336 0.000000
1649640385778543851 187.338159 0.000000
1649640386070307024 182.127943 0.000000
1649640386134788950 151.205025 0.000000
1649640386298835078 182.238360 0.000000
1649640386502843739 181.791884 0.000000
1649640386515541230 151.102653 0.000000
1649640386701206474 155.440735 0.000000
1649640386817182550 150.459187 0.000000
1649640386848036639 182.140046 0.000000
1649640386903030529 182.241466 0.000000
1649640386942873698 188.559330 0.000000
1649640387044679110 154.657387 0.000000
1649640387061226991 182.350069 0.000000
1649640387130881895 150.780871 0.000000
1649640387214553333 182.906172 0.000000
1649640387263907051 183.481921 0.000000
1649640387485818180 182.432274 0.000000
1649640387491729892 156.213835 0.000000
1649640387728948397 186.408757 0.000000
1649640387754454149 156.498228 0.000000
1649640387982255892 186.235473 0.000000
1649640388053066923 188.310533 0.000000
1649640388126175139 182.296198 0.000000
1649640388371796416 182.430811 0.000000
1649640388412516058 182.105250 0.000000
1649640388707943891 182.043735 0.000000
1649640388852914519 182.420702 0.000000
1649640388919460345 182.477338 0.000000
1649640388920210090 155.523300 0.000000
1649640388953696473 194.465631 0.000000
1649640388997392304 182.025621 0.000000
1649640389136240826 182.542921 0.000000
1649640389169533496 187.466020 0.000000
1649640389324352116 150.055200 0.000000
1649640389407400617 182.398901 0.000000
1649640389481539736 182.501663 0.000000
1649640389529766080 182.520799 0.000000
1649640389558581738 182.381789 0.000000
1649640389591807993 182.777902 0.000000
1649640389686993486 166.696587 0.000000
1649640389832151326 145.156187 0.000000
1649640389837776049 150.142714 0.000000
1649640389869413426 185.573653 0.000000
1649640389917510057 182.231096 0.000000
1649640389943783939 155.190597 0.000000
1649640390114083580 182.416434 0.000000
1649640390626503992 182.544504 0.000000
1649640390641534207 182.708652 0.000000
1649640390651880542 182.514958 0.000000
1649640390721107253 182.369546 0.000000
1649640390952696916 152.756294 0.000000
1649640391139283487 150.189732 0.000000
1649640391303198238 155.378399 0.000000
1649640391587328022 152.324104 0.000000
1649640391606643189 187.966477 0.000000
1649640391789171744 182.482168 0.000000
1649640391819595265 182.247147 0.000000
1649640392071490692 150.439170 0.000000
1649640392091040881 182.306257 0.000000
1649640392153756947 182.330533 0.000000
1649640392228742383 182.260351 0.000000
1649640392273958434 182.542169 0.000000
1649640392407406393 155.623298 0.000000
1649640392430975555 182.663497 0.000000
1649640392525376247 182.355008 0.000000
1649640393156372629 192.531957 0.000000
1649640393238215409 191.342957 0.000000
1649640393338583147 182.140647 0.000000
1649640393533425042 188.382688 0.000000
1649640393673905364 208.671841 0.000000
1649640393768614424 240.452217 0.000000
1649640394139425719 187.594801 0.000000
1649640394203797268 182.523986 0.000000
1649640394309560089 182.798089 0.000000
1649640394492446894 182.839586 0.000000
1649640394511088029 183.443048 0.000000
1649640394799253597 188.533169 0.000000
1649640395036602066 183.475750 0.000000
1649640395070810292 150.488603 0.000000
1649640395199752775 187.730646 0.000000
1649640395457963742 151.001725 0.000000
1649640395466254443 184.998835 0.000000
1649640395679667753 182.301679 0.000000
1649640395950606670 182.714383 0.000000
1649640395957011606 182.399512 0.000000
1649640396044385765 182.359908 0.000000
1649640396130693045 156.584971 0.000000
1649640396318142123 150.772154 0.000000
1649640396386755284 182.373123 0.000000
1649640396415701646 188.291768 0.000000
1649640396424047512 196.557353 0.000000
1649640396481150806 182.612021 0.000000
1649640396579733818 192.380062 0.000000
1649640396674366113 192.857246 0.000000
1649640396696005538 182.904469 0.000000
1649640396859581002 185.213496 0.000000
1649640397145215106 151.121159 0.000000
1649640397225353722 182.558449 0.000000
1649640397285566797 183.508241 0.000000
1649640397436943604 185.030664 0.000000
1649640397619825311 182.600439 0.000000
1649640397897424061 188.957145 0.000000
1649640398030350351 183.383215 0.000000
1649640398035685773 188.631233 0.000000
1649640398041248601 194.239937 0.000000
1649640398074776682 150.651108 0.000000
1649640398318505762 188.662473 0.000000
1649640398479643797 183.198049 0.000000
1649640398497537000 149.998584 0.000000
1649640398533388987 188.038994 0.000000
1649640398548528267 150.697283 0.000000
1649640398590727032 182.525679 0.000000
1649640398749487761 160.689494 0.000000
1649640398793379620 150.374268 0.000000
1649640398971527021 152.323232 0.000000
1649640398994845384 183.847167 0.000000
1649640399142608176 182.657766 0.000000
1649640399177049940 182.200799 0.000000
1649640399282205403 188.256583 0.000000
1649640399325896365 182.963069 0.000000
1649640399332187748 188.976902 0.000000
1649640399425913714 151.622118 0.000000
1649640399427830959 196.555138 0.000000
1649640399545815199 156.038927 0.000000
1649640399589247837 189.298634 0.000000
1649640399616857714 182.430600 0.000000
1649640399867013190 188.783569 0.000000
1649640400015799431 160.950644 0.000000
1649640400092448526 182.928955 0.000000
1649640400251042634 150.300721 0.000000
1649640400329675877 150.328883 0.000000
1649640400420697244 156.046992 0.000000
1649640400422598879 183.049861 0.000000
1649640400452294376 182.582265 0.000000
1649640400641663162 188.781696 0.000000
1649640400800359942 182.503477 0.000000
1649640400819852452 193.804501 0.000000
1649640401021140763 156.305687 0.000000
1649640401343599266 182.512154 0.000000
1649640401449745997 199.796073 0.000000
1649640401538600291 150.622555 0.000000
1649640401671117245 199.251724 0.000000
1649640401817115079 189.214447 0.000000
1649640401959617581 182.688615 0.000000
1649640402271162056 182.712449 0.000000
1649640402278521842 189.924579 0.000000
1649640402359159814 150.516094 0.000000
1649640402391443412 182.976894 0.000000
1649640402485347322 188.191380 0.000000
1649640402556291563 182.981342 0.000000
1649640402832532038 187.541712 0.000000
1649640402847366726 155.332703 0.000000
1649640402941847769 177.217799 0.000000
1649640403027325232 186.881704 0.000000
1649640403033210184 185.223405 0.000000
1649640403223196117 183.257931 0.000000
1649640403399064377 182.496985 0.000000
1649640403482187819 182.969462 0.000000
1649640403683890216 188.674706 0.000000
1649640403721499927 184.947378 0.000000
1649640403760039683 183.040674 0.000000
1649640403807302381 151.553570 0.000000
1649640403927038796 150.513189 0.000000
1649640404030489393 150.527726 0.000000
1649640404032031393 183.290081 0.000000
1649640404069364607 149.918483 0.000000
1649640404096881580 187.627442 0.000000
1649640404141589047 204.185261 0.000000
1649640404278348454 183.070260 0.000000
1649640404306423272 151.176562 0.000000
1649640404413582190 183.316241 0.000000
1649640404451237859 150.298567 0.000000
1649640404461570578 183.219530 0.000000
1649640404486754116 188.729759 0.000000
