1649640256569249270 89.572100 533.944424 530 8440 0.000000
1649640257569046226 88.526380 546.110917 546 8986 0.000000
1649640258579389844 88.362641 540.410198 546 9532 0.000000
1649640259576047596 91.232723 529.770598 528 10060 0.000000
1649640260580995148 86.597583 549.282397 552 10612 0.000000
1649640261573643394 88.663772 537.954945 534 11147 0.000000
1649640262578267249 88.250663 540.500819 543 11689 0.000000
1649640263584855086 89.688437 542.426544 546 12238 0.000000
1649640264583509401 92.465656 514.692604 514 12749 0.000000
1649640265588719054 90.670545 524.268753 527 13276 0.000000
1649640266589889636 93.682001 521.389702 522 13798 0.000000
1649640267591108559 95.988217 493.398560 494 14292 0.000000
1649640268589146799 89.327035 539.057496 538 14833 0.000000
1649640269588712512 88.405592 546.237223 546 15376 0.000000
1649640270595111215 90.174539 527.623897 531 15907 0.000000
1649640271593278176 96.341028 506.929221 506 16413 0.000000
1649640272592702704 91.013293 531.305773 531 16946 0.000000
1649640273598892966 89.457916 529.720863 533 17477 0.000000
1649640274595893070 88.803345 543.630836 542 18019 0.000000
1649640275601672341 87.388389 549.822460 553 18572 0.000000
1649640276601111307 87.182121 551.309303 551 19123 0.000000
1649640277605223754 89.471066 532.808825 535 19659 0.000000
1649640278604324445 88.403987 545.490580 545 20203 0.000000
1649640279596749042 88.708345 537.068478 533 20742 0.000000
1649640280605750595 89.798687 524.280671 529 21265 0.000000
1649640281606011421 90.325584 542.858446 543 21808 0.000000
1649640282602079888 87.240318 546.147146 544 22352 0.000000
1649640283613395878 90.614712 530.991329 537 22889 0.000000
1649640284614644076 87.757874 552.310596 553 23442 0.000000
1649640285601918168 87.895632 548.986400 542 23986 0.000000
1649640286614728730 90.891912 522.308919 529 24514 0.000000
1649640287612872558 87.177814 549.019068 548 25062 0.000000
1649640288609564995 89.543861 530.755523 529 25590 0.000000
1649640289612447226 89.779793 541.439430 543 26133 0.000000
1649640290617988331 89.159473 527.079366 530 26672 0.000000
1649640291616163317 88.872825 544.994672 544 27211 0.000000
1649640292621033114 96.809964 494.591401 497 27705 0.000000
1649640293618406848 95.825284 515.353497 514 28218 0.000000
1649640294627934226 87.785726 543.818832 549 28767 0.000000
1649640295629697018 89.130396 526.072638 527 29294 0.000000
1649640296622421868 85.859666 569.140577 565 29859 0.000000
1649640297630219183 88.554283 541.775567 546 30405 0.000000
1649640298634257149 89.294805 536.832338 539 30944 0.000000
1649640299633136446 95.006166 507.568834 507 31454 0.000000
1649640300629280386 92.003633 520.005161 518 31969 0.000000
1649640301635375238 92.158164 521.819576 525 32494 0.000000
1649640302639863138 88.560069 543.560522 546 33043 0.000000
1649640303639923900 92.073026 516.968640 517 33557 0.000000
1649640304635323204 91.192146 532.449597 530 34088 0.000000
1649640305644069617 89.963631 527.387253 532 34619 0.000000
1649640306643618931 90.130769 527.237603 527 35146 0.000000
1649640307644001856 92.999529 514.802879 515 35661 0.000000
1649640308646995736 90.027287 543.373244 545 36206 0.000000
1649640309650510012 92.422839 510.206992 512 36719 0.000000
1649640310651146352 88.656063 544.653371 545 37263 0.000000
1649640311650412965 87.854446 544.399294 544 37807 0.000000
1649640312654674211 88.847231 541.691713 544 38351 0.000000
1649640313653763462 90.122237 535.487657 535 38887 0.000000
1649640314650474664 92.332148 518.705929 517 39406 0.000000
1649640315657350852 90.569094 540.284932 544 39947 0.000000
1649640316660011557 91.807457 522.609496 524 40473 0.000000
1649640317660297612 91.884482 512.853250 513 40995 0.000000
1649640318661093581 89.528383 539.570551 540 41524 0.000000
1649640319663278265 88.100317 545.807610 547 42071 0.000000
1649640320658579094 87.072989 550.587287 548 42620 0.000000
1649640321664788331 89.631941 532.692387 536 43155 0.000000
1649640322663898301 90.445720 540.481061 540 43695 0.000000
1649640323668435253 88.938696 522.628811 525 44220 0.000000
1649640324668063745 87.603466 550.204439 550 44770 0.000000
1649640325670017445 90.197494 538.947011 540 45310 0.000000
1649640326668339307 92.036016 521.875827 521 45832 0.000000
1649640327656218884 88.921877 539.539413 533 46364 0.000000
1649640328667512283 88.424299 542.869200 549 46913 0.000000
1649640329666226630 87.610647 550.707975 550 47463 0.000000
1649640330675368445 92.951298 505.379945 510 47973 0.000000
1649640331677957617 88.867984 545.587348 547 48520 0.000000
1649640332672726128 88.861057 537.813566 535 49055 0.000000
1649640333679851432 86.871793 546.108814 550 49605 0.000000
1649640334682021959 87.584175 552.800127 554 50160 0.000000
1649640335682811428 91.640838 530.581128 531 50690 0.000000
1649640336687049038 89.488864 530.750911 533 51227 0.000000
1649640337685811587 90.760734 523.647984 523 51747 0.000000
1649640338685691210 88.093768 554.066708 554 52303 0.000000
1649640339689367288 90.431847 530.051457 532 52832 0.000000
1649640340689520694 90.465551 526.919168 527 53359 0.000000
1649640341688351370 88.228097 544.636856 544 53903 0.000000
1649640342694847175 86.864472 555.392286 559 54463 0.000000
1649640343691304342 92.086808 514.823925 513 54978 0.000000
1649640344696222500 88.152110 546.313167 549 55524 0.000000
1649640345698732592 90.197890 530.667953 532 56058 0.000000
1649640346688833955 91.239090 533.278733 528 56584 0.000000
1649640347700800164 90.317177 533.614655 540 57125 0.000000
1649640348699665285 89.943447 536.609014 536 57660 0.000000
1649640349696899198 93.178404 511.414597 510 58171 0.000000
1649640350700574215 92.954885 510.125260 512 58684 0.000000
1649640351700233505 88.179866 555.189215 555 59237 0.000000
1649640352693382650 89.070502 539.697355 536 59774 0.000000
1649640353707155717 90.192647 525.758680 533 60306 0.000000
1649640354707951317 88.094985 536.573113 537 60843 0.000000
1649640355693391450 90.503222 542.904613 535 61378 0.000000
1649640356703894578 88.187672 536.366507 542 61922 0.000000
1649640357715361842 89.739276 544.753193 551 62471 0.000000
1649640358713720022 87.554733 538.884736 538 63009 0.000000
1649640359718585280 89.497756 528.429046 531 63546 0.000000
1649640360712602564 94.180895 512.063510 509 64051 0.000000
1649640361720253334 90.401627 533.915154 538 64587 0.000000
1649640362722595082 89.754277 534.747772 536 65123 0.000000
1649640363719243617 88.997619 540.812465 539 65669 0.000000
1649640364725612915 90.643819 528.632869 532 66194 0.000000
1649640365724082785 91.686100 534.818497 534 66728 0.000000
1649640366728255686 89.861181 518.834927 521 67253 0.000000
1649640367715675011 86.165111 564.096746 557 67806 0.000000
1649640368726350771 89.276602 539.243137 545 68351 0.000000
1649640369724348446 88.973974 545.091478 544 68895 0.000000
1649640370727698584 90.676112 527.233700 529 69424 0.000000
1649640371730250466 131.296433 363.073454 364 69789 0.000000
1649640372736894489 88.198540 538.422766 542 70333 0.000000
1649640373735500634 91.708832 532.742545 532 70862 0.000000
1649640374736842237 87.749743 536.280492 537 71399 0.000000
1649640375737987732 92.011275 531.391326 532 71935 0.000000
1649640376736579030 88.482391 540.761734 540 72471 0.000000
1649640377743135850 90.196535 528.534547 532 73005 0.000000
1649640378739364959 88.748202 546.059129 544 73548 0.000000
1649640379746212965 89.218450 543.279602 547 74094 0.000000
1649640380742194290 87.985642 547.199026 545 74639 0.000000
1649640381749228765 88.558033 525.304705 529 75169 0.000000
1649640382748404137 88.498862 542.447334 542 75710 0.000000
1649640383746208249 89.104692 540.186188 539 76250 0.000000
1649640384754176835 87.874718 553.588725 558 76809 0.000000
1649640385754636515 89.851646 539.751876 540 77347 0.000000
1649640386754339747 88.409307 534.158489 534 77881 0.000000
1649640387757380886 90.186757 527.396147 529 78410 0.000000
1649640388758417628 87.755186 545.434476 546 78962 0.000000
1649640389760069181 89.839619 537.112994 538 79499 0.000000
1649640390758579678 90.576971 537.801002 537 80031 0.000000
1649640391762916626 89.045411 529.702712 532 80567 0.000000
1649640392762700379 89.037307 544.117647 544 81107 0.000000
1649640393761526477 92.527204 512.601790 512 81619 0.000000
1649640394759627837 89.048260 544.032874 543 82163 0.000000
1649640395768343302 88.238413 550.204737 555 82717 0.000000
1649640396769049965 88.689937 536.620779 537 83255 0.000000
1649640397763355760 87.473477 549.126824 546 83800 0.000000
1649640398768340652 90.515870 536.326529 539 84339 0.000000
1649640399768507814 91.740825 509.914721 510 84849 0.000000
1649640400766253076 89.056402 545.229338 544 85393 0.000000
1649640401775538470 92.967319 517.197632 522 85917 0.000000
1649640402776615517 87.489998 547.410419 548 86463 0.000000
1649640403776524014 88.944695 535.048974 535 86998 0.000000
1649640404773304779 91.778769 539.737559 538 87536 0.000000
