1641922203181535714 72.436766 0.000000
1641922203330807901 146.513496 0.000000
1641922203519089008 145.301095 0.000000
1641922203525862935 72.626151 0.000000
1641922203592997823 72.428049 0.000000
1641922203666257882 72.771062 0.000000
1641922203761597147 72.513571 0.000000
1641922203808959123 72.455170 0.000000
1641922203885880986 72.474417 0.000000
1641922204032836682 73.432763 0.000000
1641922204163372710 72.740696 0.000000
1641922204179380976 145.422732 0.000000
1641922204248429511 72.637462 0.000000
1641922204322664829 74.231130 0.000000
1641922204396567132 73.897074 0.000000
1641922204472829830 74.092971 0.000000
1641922204498237865 144.800516 0.000000
1641922204544027393 73.331383 0.000000
1641922204647282025 73.378682 0.000000
1641922204799512648 72.388506 0.000000
1641922204841677893 72.662319 0.000000
1641922204844127214 73.254429 0.000000
1641922204871985151 72.465339 0.000000
1641922204914241557 72.638214 0.000000
1641922204920897964 73.169349 0.000000
1641922204980913067 72.770011 0.000000
1641922205053317211 72.427779 0.000000
1641922205069559967 74.027828 0.000000
1641922205091881287 72.546602 0.000000
1641922205271525414 144.817477 0.000000
1641922205310310423 73.404099 0.000000
1641922205311422808 73.404981 0.000000
1641922205366511056 72.526805 0.000000
1641922205388408811 73.385986 0.000000
1641922205458314444 74.471911 0.000000
1641922205603147811 144.823519 0.000000
1641922205639289254 146.985181 0.000000
1641922205711551283 145.534812 0.000000
1641922205820467136 74.789876 0.000000
1641922205856354294 144.793252 0.000000
1641922205888978996 72.505946 0.000000
1641922205936985400 73.435238 0.000000
1641922206083765847 72.502129 0.000000
1641922206176990468 72.444781 0.000000
1641922206243322842 72.508812 0.000000
1641922206251283954 72.460010 0.000000
1641922206253607920 144.950296 0.000000
1641922206256852803 144.627502 0.000000
1641922206298635210 72.810687 0.000000
1641922206331846321 72.654284 0.000000
1641922206401616760 144.758958 0.000000
1641922206460512324 73.262935 0.000000
1641922206622917248 72.460641 0.000000
1641922206750472178 72.422910 0.000000
1641922206753888091 144.560195 0.000000
1641922206759271682 72.375281 0.000000
1641922206763711213 144.728039 0.000000
1641922206822944120 72.463036 0.000000
1641922206873334322 72.570958 0.000000
1641922206910907841 74.787082 0.000000
1641922206974509246 146.343157 0.000000
1641922206978899715 72.316481 0.000000
1641922207180799849 73.102544 0.000000
1641922207399544417 144.758607 0.000000
1641922207489738077 144.579492 0.000000
1641922207568035738 144.784306 0.000000
1641922207625427494 144.640126 0.000000
1641922207711681449 72.442958 0.000000
1641922207764534478 72.718905 0.000000
1641922207776434243 144.632561 0.000000
1641922207824205656 72.665015 0.000000
1641922207987769523 72.485438 0.000000
1641922208144094810 72.482411 0.000000
1641922208197936231 73.262634 0.000000
1641922208216519334 72.421598 0.000000
1641922208224661876 144.741615 0.000000
1641922208415583131 144.706128 0.000000
1641922208516317188 75.358533 0.000000
1641922208566490073 144.572038 0.000000
1641922208634432545 72.646470 0.000000
1641922208807754922 72.725358 0.000000
1641922208865432493 73.080192 0.000000
1641922209075798667 72.627584 0.000000
1641922209092574010 72.416167 0.000000
1641922209140735986 73.368974 0.000000
1641922209152175668 72.531574 0.000000
1641922209157894377 72.477914 0.000000
1641922209167177297 144.526813 0.000000
1641922209230269729 73.340230 0.000000
1641922209286688471 72.431527 0.000000
1641922209301466762 145.777979 0.000000
1641922209302767590 72.494906 0.000000
1641922209441359378 72.494294 0.000000
1641922209459492477 72.473866 0.000000
1641922209518881476 72.449801 0.000000
1641922209530421847 72.332100 0.000000
1641922209736181425 144.705888 0.000000
1641922209821667211 73.416102 0.000000
1641922209880989515 72.410156 0.000000
1641922210028122293 144.735354 0.000000
1641922210038088584 72.379169 0.000000
1641922210114744198 72.407712 0.000000
1641922210147947675 72.580145 0.000000
1641922210379607230 72.665415 0.000000
1641922210549711996 72.457957 0.000000
1641922210602711439 72.728713 0.000000
1641922210908458404 72.468446 0.000000
1641922210910520480 72.520974 0.000000
1641922210966908023 73.577845 0.000000
1641922211020980116 72.458407 0.000000
1641922211053082029 144.620358 0.000000
1641922211156962794 72.691985 0.000000
1641922211186778040 72.551872 0.000000
1641922211203669562 72.690743 0.000000
1641922211405447507 72.692355 0.000000
1641922211473213949 72.539098 0.000000
1641922211481633160 144.765029 0.000000
1641922211545710878 72.488153 0.000000
1641922211570088051 144.663830 0.000000
1641922211700885890 73.280137 0.000000
1641922211706934387 72.451764 0.000000
1641922211769974099 72.419574 0.000000
1641922211771919736 145.239608 0.000000
1641922211782174969 72.479977 0.000000
1641922211790517527 146.665843 0.000000
1641922211835424851 72.422580 0.000000
1641922211842331878 72.353571 0.000000
1641922211854574505 72.391441 0.000000
1641922211936126297 146.217411 0.000000
1641922212082371811 144.938674 0.000000
1641922212126728283 72.495736 0.000000
1641922212227588888 145.213320 0.000000
1641922212282797531 73.597391 0.000000
1641922212576345311 72.420275 0.000000
1641922212590111935 145.310421 0.000000
1641922212712396797 144.724473 0.000000
1641922212793255630 72.462434 0.000000
1641922212807792909 145.001673 0.000000
1641922212831208099 72.565538 0.000000
1641922212930125210 72.491829 0.000000
1641922213297710987 144.783514 0.000000
1641922213299773783 73.318259 0.000000
1641922213444653888 73.223100 0.000000
1641922213445878884 73.571693 0.000000
1641922213527717744 72.421738 0.000000
1641922213533777773 72.786942 0.000000
1641922213614897735 144.987355 0.000000
1641922213628555295 144.643351 0.000000
1641922213756434123 73.432432 0.000000
1641922213811380856 72.544369 0.000000
1641922213904066888 145.096912 0.000000
1641922214098796701 144.555597 0.000000
1641922214136033027 145.623278 0.000000
1641922214168202927 72.668160 0.000000
1641922214209775000 72.494605 0.000000
1641922214340981745 145.398717 0.000000
1641922214441922640 72.572009 0.000000
1641922214475105529 74.291282 0.000000
1641922214487220717 72.434341 0.000000
1641922214540057165 72.696092 0.000000
1641922214643833505 145.642845 0.000000
1641922214659464945 144.974022 0.000000
1641922214689823268 73.182013 0.000000
1641922214714781040 144.792732 0.000000
1641922214763041589 145.173805 0.000000
1641922214836156086 74.084525 0.000000
1641922214920553822 72.999731 0.000000
1641922214991265545 72.417310 0.000000
1641922215053043272 145.415599 0.000000
1641922215057505586 72.462685 0.000000
1641922215120498511 72.639998 0.000000
1641922215149984640 72.410276 0.000000
1641922215225667601 72.461833 0.000000
1641922215336814316 72.632333 0.000000
1641922215440832910 72.501609 0.000000
1641922215481503723 144.684047 0.000000
1641922215585513320 144.677705 0.000000
1641922215709753157 72.476261 0.000000
1641922215804860667 72.402843 0.000000
1641922215805992589 72.476000 0.000000
1641922216073341771 144.770008 0.000000
1641922216141195828 72.500096 0.000000
1641922216164533783 144.664201 0.000000
1641922216165238924 145.326481 0.000000
1641922216167455208 144.992256 0.000000
1641922216238928980 73.684315 0.000000
1641922216311512862 72.580135 0.000000
1641922216355432495 72.411399 0.000000
1641922216366056850 72.385070 0.000000
1641922216373189078 145.562775 0.000000
1641922216603360264 145.051717 0.000000
1641922216718819903 72.588531 0.000000
1641922216793587488 144.777703 0.000000
1641922216808941989 72.437708 0.000000
1641922216822230246 73.491172 0.000000
1641922216839857998 72.617725 0.000000
1641922216880214022 144.826434 0.000000
1641922216892370117 144.582737 0.000000
1641922216894465986 72.357107 0.000000
1641922217035431553 72.524881 0.000000
1641922217090823450 73.329780 0.000000
1641922217258769190 72.431637 0.000000
1641922217319167281 74.037747 0.000000
1641922217326369901 144.652990 0.000000
1641922217456894037 73.120128 0.000000
1641922217459045410 72.696713 0.000000
1641922217477554774 73.058882 0.000000
1641922217537772016 144.984180 0.000000
1641922217817951989 73.029327 0.000000
1641922217905396796 72.660486 0.000000
1641922217967731026 147.185205 0.000000
1641922218053792982 74.292816 0.000000
1641922218180727329 145.662552 0.000000
1641922218197189636 72.534219 0.000000
1641922218244734355 73.432553 0.000000
1641922218253468626 72.908610 0.000000
1641922218421157625 76.545779 0.000000
1641922218469389310 73.018055 0.000000
1641922218475802822 73.503796 0.000000
1641922218548898784 145.554509 0.000000
1641922218702444252 74.570707 0.000000
1641922218709133600 74.747888 0.000000
1641922218834603242 72.320308 0.000000
1641922218841187654 73.214024 0.000000
1641922218994722872 72.370452 0.000000
1641922219117707095 144.619246 0.000000
1641922219196745645 72.344444 0.000000
1641922219276275908 144.800976 0.000000
1641922219279513547 72.321020 0.000000
1641922219282269663 72.396792 0.000000
1641922219359712272 74.442505 0.000000
1641922219420908800 146.138103 0.000000
1641922219430641843 145.362119 0.000000
1641922219569296650 72.594532 0.000000
1641922219621438044 72.498432 0.000000
1641922219650387176 73.318509 0.000000
1641922219702428734 72.571629 0.000000
1641922219717380349 73.007437 0.000000
1641922219774819524 72.384819 0.000000
1641922219922433433 144.816275 0.000000
1641922219928533377 144.764308 0.000000
1641922219999861144 72.310980 0.000000
1641922220006141586 72.485728 0.000000
1641922220072807226 72.397674 0.000000
1641922220149354036 74.104282 0.000000
1641922220225646259 73.654549 0.000000
1641922220274420672 72.546812 0.000000
1641922220303577705 72.458117 0.000000
1641922220445613508 72.435914 0.000000
1641922220582770436 72.521174 0.000000
1641922220665349143 72.539228 0.000000
1641922220947319872 72.460771 0.000000
1641922221074334490 72.435153 0.000000
1641922221092357042 72.458798 0.000000
1641922221093257249 72.410256 0.000000
1641922221159087121 72.472202 0.000000
1641922221237265860 72.475990 0.000000
1641922221382193524 72.497089 0.000000
1641922221614944846 72.468766 0.000000
1641922221656440747 72.392984 0.000000
1641922221822948491 72.994802 0.000000
1641922222024368735 72.405608 0.000000
1641922222035074021 72.564485 0.000000
1641922222045539849 73.021673 0.000000
1641922222097781721 72.410928 0.000000
1641922222325839566 144.736105 0.000000
1641922222463690656 72.400499 0.000000
1641922222486140496 73.843373 0.000000
1641922222547173076 144.725164 0.000000
1641922222772323591 74.280122 0.000000
1641922222848461524 72.775532 0.000000
1641922222851183927 72.477592 0.000000
1641922222866968314 72.892190 0.000000
1641922222927202277 145.800700 0.000000
1641922222957799138 145.573555 0.000000
1641922222998719049 73.721494 0.000000
1641922223070993351 73.329720 0.000000
1641922223213354865 72.530522 0.000000
1641922223256289411 72.378547 0.000000
1641922223302957026 72.715038 0.000000
1641922223436997343 72.708145 0.000000
1641922223494538889 73.392086 0.000000
1641922223540859063 74.298286 0.000000
1641922223544226084 74.253903 0.000000
1641922223688061330 72.563975 0.000000
1641922223699696640 73.629061 0.000000
1641922223714599985 73.520528 0.000000
1641922223763152692 74.239716 0.000000
1641922223839207030 73.933743 0.000000
1641922223847038429 145.113042 0.000000
1641922223857238899 72.575026 0.000000
1641922223937546168 72.418522 0.000000
1641922224003379998 145.256712 0.000000
1641922224053836684 72.704718 0.000000
1641922224069500344 72.544759 0.000000
1641922224071832946 72.500606 0.000000
1641922224141107205 144.586885 0.000000
1641922224372235875 72.377866 0.000000
1641922224416959155 72.652080 0.000000
1641922224435826901 72.485859 0.000000
1641922224439966099 72.339665 0.000000
1641922224499789924 144.586555 0.000000
1641922224500526485 144.578971 0.000000
1641922224508309603 72.477293 0.000000
1641922224583971024 74.235097 0.000000
1641922224649928525 144.589070 0.000000
1641922224711124442 72.733022 0.000000
1641922224808902709 73.057009 0.000000
1641922224869586325 72.374590 0.000000
1641922224879995345 73.373793 0.000000
1641922224939182887 144.856521 0.000000
1641922224948715585 144.597095 0.000000
1641922225082523256 73.492084 0.000000
1641922225089744512 72.514222 0.000000
1641922225098158202 72.434451 0.000000
1641922225163537741 72.497220 0.000000
1641922225219766146 72.632934 0.000000
1641922225295856551 144.714565 0.000000
1641922225300346186 72.536965 0.000000
1641922225389382497 72.474377 0.000000
1641922225394050206 73.224563 0.000000
1641922225454648202 72.501438 0.000000
1641922225468848178 72.795618 0.000000
1641922225592313042 72.406248 0.000000
1641922225656930392 144.598587 0.000000
1641922225677186991 72.494555 0.000000
1641922225682285839 72.493614 0.000000
1641922225897827642 72.338954 0.000000
1641922225970282863 72.453096 0.000000
1641922226035556213 73.359787 0.000000
1641922226037567983 72.504593 0.000000
1641922226257325770 146.237569 0.000000
1641922226325873487 72.397302 0.000000
1641922226391130906 72.488203 0.000000
1641922226512937181 72.550850 0.000000
1641922226619983550 72.456434 0.000000
1641922226636790603 73.608272 0.000000
1641922226659553851 72.471732 0.000000
1641922226696495876 72.406350 0.000000
1641922226732847043 72.481490 0.000000
1641922226766937693 72.386372 0.000000
1641922226779910048 72.485297 0.000000
1641922226856454885 144.958593 0.000000
1641922226952629525 72.606875 0.000000
1641922227113758518 72.676175 0.000000
1641922227141998161 72.451474 0.000000
1641922227206925330 72.455723 0.000000
1641922227404347852 72.567933 0.000000
1641922227417459077 72.563934 0.000000
1641922227606020479 72.474436 0.000000
1641922227714093172 73.500349 0.000000
1641922227827439290 145.776796 0.000000
1641922227839909363 72.546052 0.000000
1641922227880147496 72.478153 0.000000
1641922227943918680 72.530031 0.000000
1641922228156052477 145.778480 0.000000
1641922228219257969 145.399028 0.000000
1641922228297317565 73.670449 0.000000
1641922228298190311 144.669049 0.000000
1641922228564307504 72.466983 0.000000
1641922228600201123 74.345615 0.000000
1641922228855479330 72.665696 0.000000
1641922228972337250 72.820726 0.000000
1641922229040533598 144.668007 0.000000
1641922229085910593 72.652701 0.000000
1641922229116222009 144.630177 0.000000
1641922229189729161 72.478644 0.000000
1641922229257160256 72.630019 0.000000
1641922229314336106 144.797851 0.000000
1641922229387851445 73.510289 0.000000
1641922229606057923 72.572761 0.000000
1641922229665115482 72.657851 0.000000
1641922229810908628 144.800586 0.000000
1641922230420889564 72.401931 0.000000
1641922230427216112 73.405452 0.000000
1641922230731384759 72.472824 0.000000
1641922231021871712 145.098264 0.000000
1641922231069176711 72.548325 0.000000
1641922231078706634 72.559997 0.000000
1641922231154090865 144.535609 0.000000
1641922231441252094 72.479617 0.000000
1641922231515789467 72.446825 0.000000
1641922231606883755 145.218920 0.000000
1641922231640264414 72.542685 0.000000
1641922231665458448 72.472604 0.000000
1641922231713754655 72.501077 0.000000
1641922231873786140 72.388976 0.000000
1641922231930815678 144.816837 0.000000
1641922231966100746 144.642590 0.000000
1641922232014742661 144.585623 0.000000
1641922232096243518 73.389783 0.000000
1641922232097323512 73.326434 0.000000
1641922232180415300 72.375251 0.000000
1641922232379725429 146.284498 0.000000
1641922232669430246 145.276809 0.000000
1641922232971990258 73.650902 0.000000
1641922233141954230 72.445683 0.000000
1641922233143475522 73.154161 0.000000
1641922233477381198 73.332245 0.000000
1641922233642241735 74.521524 0.000000
1641922233715817587 72.560108 0.000000
1641922233725356276 72.447947 0.000000
1641922233787265940 72.585595 0.000000
1641922233945681747 146.766290 0.000000
1641922234071268899 72.428521 0.000000
1641922234074123570 144.626951 0.000000
1641922234146002681 72.500396 0.000000
1641922234151357608 72.631922 0.000000
1641922234166816274 73.381718 0.000000
1641922234216414992 72.668501 0.000000
1641922234238204585 72.352568 0.000000
1641922234255994220 72.425736 0.000000
1641922234274332293 144.672275 0.000000
1641922234446136054 73.445036 0.000000
1641922234456708552 72.514843 0.000000
1641922234672974162 144.844939 0.000000
1641922234676005795 72.461012 0.000000
1641922234690515562 144.717560 0.000000
1641922234814759667 144.639274 0.000000
1641922234884499869 73.822394 0.000000
1641922234893702338 145.283932 0.000000
1641922235032487759 144.693064 0.000000
1641922235110479628 72.403013 0.000000
1641922235329508208 72.482232 0.000000
1641922235377370301 72.554066 0.000000
1641922235398587902 72.431467 0.000000
1641922235466921236 72.675474 0.000000
1641922235537098307 72.786211 0.000000
1641922235614429568 144.717921 0.000000
1641922235619377382 145.268954 0.000000
1641922235668717686 72.709637 0.000000
1641922235831497954 144.691442 0.000000
1641922235902021935 72.501778 0.000000
1641922235940027192 144.670843 0.000000
1641922235972874471 72.665424 0.000000
1641922236012953967 72.417149 0.000000
1641922236193923118 72.381072 0.000000
1641922236203831941 72.477332 0.000000
1641922236204691282 146.354830 0.000000
1641922236302383046 144.929377 0.000000
1641922236338012310 73.172926 0.000000
1641922236375852989 144.861541 0.000000
1641922236481844441 73.705544 0.000000
1641922236511631685 72.521986 0.000000
1641922236704109337 72.516556 0.000000
1641922236779435639 73.285848 0.000000
1641922236989160240 73.155714 0.000000
1641922236994939312 72.515443 0.000000
1641922237067442684 72.493744 0.000000
1641922237102930312 72.524120 0.000000
1641922237182960391 144.651226 0.000000
1641922237204531234 72.476500 0.000000
1641922237214491544 72.511787 0.000000
1641922237284412404 72.560087 0.000000
1641922237292975214 144.908669 0.000000
1641922237310737759 73.091123 0.000000
1641922237422376555 144.611081 0.000000
1641922237423477539 144.603426 0.000000
1641922237568426614 72.519592 0.000000
1641922237641036515 72.600543 0.000000
1641922237780032099 72.432228 0.000000
1641922237869656332 72.505265 0.000000
1641922237894387269 72.572571 0.000000
1641922237925416470 72.824803 0.000000
1641922237939588895 73.296889 0.000000
1641922238018997950 72.791753 0.000000
1641922238240138849 73.196491 0.000000
1641922238337523008 73.209054 0.000000
1641922238373858575 144.662968 0.000000
1641922238437004106 72.676685 0.000000
1641922238439932154 72.649765 0.000000
1641922238450267968 72.570617 0.000000
1641922238460235381 72.394116 0.000000
1641922238460778910 145.238146 0.000000
1641922238482038479 145.811069 0.000000
1641922238513567557 72.585344 0.000000
1641922238530408224 73.127281 0.000000
1641922238606151678 72.467203 0.000000
1641922238733210479 145.278041 0.000000
1641922238751532542 145.377067 0.000000
1641922238805407907 72.449330 0.000000
1641922238892891136 144.581214 0.000000
1641922238912637399 72.519852 0.000000
1641922238951882010 145.309761 0.000000
1641922238955081778 73.398600 0.000000
1641922239041011445 144.705748 0.000000
1641922239172761789 72.618408 0.000000
1641922239173693125 144.607033 0.000000
1641922239193753757 144.801408 0.000000
1641922239392038955 145.613179 0.000000
1641922239483428787 72.421488 0.000000
1641922239543652562 73.359045 0.000000
1641922239548804108 74.349061 0.000000
1641922239619230676 73.892264 0.000000
1641922239629974004 73.063181 0.000000
1641922239699952833 144.955046 0.000000
1641922239829449793 72.471431 0.000000
1641922239835357076 145.603551 0.000000
1641922239907789254 72.426858 0.000000
1641922239912567460 144.552721 0.000000
1641922239914566728 73.950354 0.000000
1641922239921183962 74.340275 0.000000
1641922240137863378 73.370637 0.000000
1641922240273640790 75.185798 0.000000
1641922240495560419 72.653963 0.000000
1641922240500838092 72.617545 0.000000
1641922240552750127 144.852945 0.000000
1641922240567648933 144.672867 0.000000
1641922240580390136 72.528178 0.000000
1641922240639874042 72.850501 0.000000
1641922240698165415 72.891689 0.000000
1641922240702206019 72.380872 0.000000
1641922240717361887 74.430564 0.000000
1641922240774580899 72.370973 0.000000
1641922240779905629 145.415469 0.000000
1641922240794041326 147.274414 0.000000
1641922240842941735 144.768305 0.000000
1641922240930912629 72.466993 0.000000
1641922240938739269 73.644099 0.000000
1641922240939791932 74.539688 0.000000
1641922241068259293 144.692413 0.000000
1641922241080253986 72.355564 0.000000
1641922241145541803 144.790537 0.000000
1641922241152035594 72.525954 0.000000
1641922241162127421 72.487101 0.000000
1641922241376735034 73.594697 0.000000
1641922241507556548 72.925032 0.000000
1641922241594887241 72.413242 0.000000
1641922241654438455 144.649893 0.000000
1641922241670363765 73.188265 0.000000
1641922241684375098 144.621499 0.000000
1641922241936332891 72.541222 0.000000
1641922241943297255 144.710927 0.000000
1641922241947465809 72.509593 0.000000
1641922241982852298 73.044967 0.000000
1641922242054010668 145.214071 0.000000
1641922242092294688 72.396571 0.000000
1641922242272798446 72.419724 0.000000
1641922242345253307 72.449571 0.000000
1641922242379528272 144.603105 0.000000
1641922242535223910 144.754469 0.000000
1641922242562796192 72.602016 0.000000
1641922242662503384 145.129944 0.000000
1641922242745341016 72.403464 0.000000
1641922242813760382 144.606502 0.000000
1641922242815181045 144.833668 0.000000
1641922242817719012 72.373848 0.000000
1641922242954547976 144.773094 0.000000
1641922242963257020 72.560769 0.000000
1641922243010440221 72.499034 0.000000
1641922243099096881 144.543204 0.000000
1641922243319176450 72.405538 0.000000
1641922243334921824 72.888684 0.000000
1641922243336035481 73.004711 0.000000
1641922243344221475 72.481319 0.000000
1641922243416677448 72.447677 0.000000
1641922243475804927 144.684979 0.000000
1641922243554354080 72.702785 0.000000
1641922243607265778 72.431637 0.000000
1641922243624474846 144.991154 0.000000
1641922243663284731 72.596696 0.000000
1641922243680819459 144.731307 0.000000
1641922243692290811 146.227321 0.000000
1641922243994644526 72.430685 0.000000
1641922244206224915 72.551491 0.000000
1641922244216764821 144.523326 0.000000
1641922244352976428 144.891677 0.000000
1641922244396740249 145.566532 0.000000
1641922244500354555 72.471351 0.000000
1641922244509922891 145.069250 0.000000
1641922244792004137 73.028656 0.000000
1641922244804000192 145.418433 0.000000
1641922244869716702 145.568495 0.000000
1641922244982578021 72.587840 0.000000
1641922245082703247 73.998944 0.000000
1641922245090944414 72.457024 0.000000
1641922245216658124 144.606943 0.000000
1641922245227122839 73.317778 0.000000
1641922245273022343 72.590896 0.000000
1641922245372571259 144.709445 0.000000
1641922245442918720 72.538127 0.000000
1641922245514142903 72.590905 0.000000
1641922245586627088 72.474677 0.000000
1641922245590523822 74.922416 0.000000
1641922245598039931 72.443139 0.000000
1641922245661415082 73.265981 0.000000
1641922245670492867 72.448389 0.000000
1641922245733821622 72.467454 0.000000
1641922245744709059 72.562472 0.000000
1641922245817667874 72.937926 0.000000
1641922245871566212 72.677518 0.000000
1641922245895416146 73.543941 0.000000
1641922245951240484 73.001725 0.000000
1641922246025643837 72.731860 0.000000
1641922246255086176 72.810016 0.000000
1641922246291253849 146.815764 0.000000
1641922246308789388 72.411359 0.000000
1641922246362762086 72.759892 0.000000
1641922246390704230 72.646519 0.000000
1641922246462166761 72.443870 0.000000
1641922246539614630 72.786632 0.000000
1641922246685261402 73.176924 0.000000
1641922246685488658 144.544466 0.000000
1641922246745685682 72.412481 0.000000
1641922246753874551 72.486600 0.000000
1641922246761577670 72.836455 0.000000
1641922246824220238 144.747556 0.000000
1641922246826925429 144.585423 0.000000
1641922246849365241 144.742508 0.000000
1641922246971633151 144.702101 0.000000
1641922246982245653 73.333858 0.000000
1641922247039776660 144.866168 0.000000
1641922247041260762 72.582530 0.000000
1641922247054201558 72.403694 0.000000
1641922247121987437 73.994867 0.000000
1641922247123139767 75.112562 0.000000
1641922247332107458 144.752155 0.000000
1641922247405749765 144.670583 0.000000
1641922247409934128 144.508809 0.000000
1641922247416626652 144.549896 0.000000
1641922247495392643 145.396894 0.000000
1641922247553802707 145.912170 0.000000
1641922247633353808 144.698544 0.000000
1641922247634080671 72.362517 0.000000
1641922247638269843 72.452706 0.000000
1641922247774334965 72.495536 0.000000
1641922247933150451 73.471115 0.000000
1641922247995404611 72.320218 0.000000
1641922248059102336 145.418995 0.000000
1641922248078992028 144.659551 0.000000
1641922248130714378 144.805085 0.000000
1641922248205327884 144.779817 0.000000
1641922248367811004 72.699149 0.000000
1641922248475787787 144.854827 0.000000
1641922248512725854 74.429571 0.000000
1641922248563029154 144.769728 0.000000
1641922248564857230 144.606692 0.000000
1641922248574951601 72.481470 0.000000
1641922248577836108 73.355829 0.000000
1641922248785880068 144.587416 0.000000
1641922248805242862 144.591404 0.000000
1641922248854196752 144.704686 0.000000
1641922248868390647 72.577931 0.000000
1641922248938647297 144.637531 0.000000
1641922249022107797 144.695630 0.000000
1641922249300872266 73.767952 0.000000
1641922249309332294 72.592839 0.000000
1641922249313417661 144.621791 0.000000
1641922249602688624 144.589390 0.000000
1641922249603925423 72.352579 0.000000
1641922249607661175 145.353703 0.000000
1641922249667007505 144.534347 0.000000
1641922249732351125 72.476260 0.000000
1641922249741710058 144.614718 0.000000
1641922249818268761 72.378077 0.000000
1641922249966277150 146.238752 0.000000
1641922250022314947 72.568032 0.000000
1641922250038930211 72.586717 0.000000
1641922250167108039 144.784917 0.000000
1641922250180860177 72.427499 0.000000
1641922250231721682 144.669290 0.000000
1641922250403358861 72.470810 0.000000
1641922250478626223 145.634148 0.000000
1641922250553667912 72.825034 0.000000
1641922250616709248 73.082457 0.000000
1641922250698631463 73.487306 0.000000
1641922250760815522 144.835581 0.000000
1641922250898768323 81.025936 0.000000
1641922251038676268 150.398459 0.000000
1641922251202721626 152.204274 0.000000
1641922251351638839 148.901503 0.000000
1641922251358062329 72.387233 0.000000
1641922251374943782 72.435073 0.000000
1641922251424545647 73.324601 0.000000
1641922251508367974 84.793688 0.000000
1641922251519805713 72.615391 0.000000
1641922251739088139 144.950638 0.000000
1641922251803112447 72.420987 0.000000
1641922251807262936 73.224953 0.000000
1641922251871550378 72.541513 0.000000
1641922251879526539 73.315424 0.000000
1641922251960017772 72.338482 0.000000
1641922252008307006 145.827210 0.000000
1641922252016438137 72.459960 0.000000
1641922252102202194 75.660329 0.000000
1641922252115764776 72.369902 0.000000
1641922252241782756 144.724834 0.000000
1641922252255518993 75.648596 0.000000
1641922252388800137 144.737628 0.000000
1641922252398076575 145.696035 0.000000
1641922252404317183 73.218863 0.000000
1641922252450227317 72.488403 0.000000
1641922252475788068 72.353371 0.000000
1641922252545728806 145.389520 0.000000
1641922252595462868 145.224852 0.000000
1641922252596683797 146.450669 0.000000
1641922252691579320 73.496573 0.000000
1641922252903507652 144.817848 0.000000
1641922252915285728 73.290626 0.000000
1641922252985486424 73.143682 0.000000
1641922253046905748 145.011050 0.000000
1641922253195623287 72.510575 0.000000
1641922253205303642 72.381122 0.000000
1641922253208083322 72.441365 0.000000
1641922253277501140 73.075574 0.000000
1641922253487041344 145.662743 0.000000
1641922253563854003 145.872525 0.000000
1641922253615323508 72.450652 0.000000
1641922253623826336 144.663208 0.000000
1641922253782926606 144.617884 0.000000
1641922253846336482 72.444531 0.000000
1641922253863628444 145.475301 0.000000
1641922253885718250 72.531434 0.000000
1641922253922067914 144.934357 0.000000
1641922253975694432 72.547574 0.000000
1641922254009507331 72.465160 0.000000
1641922254133355454 72.438920 0.000000
1641922254146881758 144.630117 0.000000
1641922254175521490 73.631876 0.000000
1641922254247964769 72.440674 0.000000
1641922254278438680 144.786219 0.000000
1641922254280956599 72.647982 0.000000
1641922254290473508 72.417430 0.000000
1641922254298776912 144.629596 0.000000
1641922254423968974 72.408634 0.000000
1641922254573290583 144.595661 0.000000
1641922254641199794 72.886230 0.000000
1641922254811100087 72.433540 0.000000
1641922255015055033 72.370773 0.000000
1641922255017340727 72.359431 0.000000
1641922255026910946 72.569355 0.000000
1641922255100482760 72.402192 0.000000
1641922255154069013 144.618375 0.000000
1641922255157268911 72.387725 0.000000
1641922255160073798 72.440824 0.000000
1641922255222427324 72.588731 0.000000
1641922255293994110 72.579995 0.000000
1641922255302232612 72.532826 0.000000
1641922255442671984 72.512799 0.000000
1641922255466129623 73.256773 0.000000
1641922255524477471 144.718242 0.000000
1641922255611264927 72.549197 0.000000
1641922255802488729 72.675003 0.000000
1641922255806135624 144.684629 0.000000
1641922255883803847 72.443609 0.000000
1641922255889492920 145.347821 0.000000
1641922255898376802 72.444500 0.000000
1641922255900362495 144.878613 0.000000
1641922255902716657 73.181694 0.000000
1641922255933473599 72.537836 0.000000
1641922255992554471 72.703367 0.000000
1641922256266211958 72.521255 0.000000
1641922256271318028 73.316585 0.000000
1641922256325447299 73.098877 0.000000
1641922256443829316 72.576028 0.000000
1641922256461203342 72.611604 0.000000
1641922256532094190 144.687814 0.000000
1641922256706945303 144.881357 0.000000
1641922256734539146 144.671755 0.000000
1641922256776954049 73.115859 0.000000
1641922256779420662 72.465380 0.000000
1641922256997971336 72.566751 0.000000
1641922257120299430 72.679021 0.000000
1641922257143648165 72.457074 0.000000
1641922257292025907 73.701958 0.000000
1641922257341669038 144.930860 0.000000
1641922257416145037 72.754101 0.000000
1641922257460578013 72.653914 0.000000
1641922257510734587 72.668972 0.000000
1641922257562931736 144.829089 0.000000
1641922257575971719 144.618986 0.000000
1641922257582075099 72.477092 0.000000
1641922257636490245 72.470410 0.000000
1641922257720810746 144.830281 0.000000
1641922257825703669 144.957170 0.000000
1641922257853400314 145.237465 0.000000
1641922257854802301 72.487911 0.000000
1641922258017718945 144.634545 0.000000
1641922258087435913 72.504263 0.000000
1641922258139440481 144.847634 0.000000
1641922258252290780 72.625952 0.000000
1641922258397665511 145.060753 0.000000
1641922258430464530 144.775279 0.000000
1641922258433873771 72.380311 0.000000
1641922258512718698 72.459509 0.000000
1641922258527008804 144.820413 0.000000
1641922258727560772 147.021450 0.000000
1641922258880344592 74.626922 0.000000
1641922258961059083 72.329696 0.000000
1641922259100740464 73.365517 0.000000
1641922259178561093 72.392895 0.000000
1641922259241122499 72.782755 0.000000
1641922259324641077 144.538735 0.000000
1641922259381882881 144.730775 0.000000
1641922259392965625 72.755774 0.000000
1641922259429637113 72.455742 0.000000
1641922259464032333 74.488071 0.000000
1641922259470458538 145.811551 0.000000
1641922259471207102 145.249427 0.000000
1641922259538681807 72.547894 0.000000
1641922259825348469 144.811657 0.000000
1641922259889634217 144.845931 0.000000
1641922260012915717 72.543446 0.000000
1641922260125578474 146.284849 0.000000
1641922260191329859 72.652450 0.000000
1641922260245468387 72.715860 0.000000
1641922260252271870 145.040837 0.000000
1641922260343070975 72.584393 0.000000
1641922260418765307 73.540024 0.000000
1641922260420969910 144.579492 0.000000
1641922260482590251 72.509392 0.000000
1641922260536809881 72.470871 0.000000
1641922260687984515 72.640478 0.000000
1641922260779173581 72.688949 0.000000
1641922260899683276 72.590114 0.000000
1641922261003795526 73.380786 0.000000
1641922261010392030 73.155934 0.000000
1641922261153377364 74.734723 0.000000
1641922261341008332 72.913149 0.000000
1641922261485817013 144.805826 0.000000
1641922261595361605 146.203215 0.000000
1641922261619087837 72.582340 0.000000
1641922261776995742 73.407987 0.000000
1641922261809564399 144.663899 0.000000
1641922261835037376 72.553415 0.000000
1641922262029858462 72.548046 0.000000
1641922262036397759 144.570785 0.000000
1641922262172281150 72.519161 0.000000
1641922262174770416 72.496599 0.000000
1641922262365075948 72.511808 0.000000
1641922262542022709 72.462264 0.000000
1641922262546369176 147.737511 0.000000
1641922262578202435 72.860531 0.000000
1641922262589030671 73.411403 0.000000
1641922262652824287 144.877921 0.000000
1641922262686964219 72.572260 0.000000
1641922262728769599 72.557373 0.000000
1641922262779947037 72.488814 0.000000
1641922263018580054 144.830572 0.000000
1641922263053393038 145.013615 0.000000
1641922263095389697 72.592499 0.000000
1641922263167857643 72.460041 0.000000
1641922263276138695 73.424288 0.000000
1641922263307568017 72.613167 0.000000
1641922263567068237 73.371207 0.000000
1641922263604650913 72.481480 0.000000
1641922263675802590 144.752656 0.000000
1641922263929160448 72.540210 0.000000
1641922263994440019 144.723883 0.000000
1641922264003051380 72.561780 0.000000
1641922264058365371 72.397402 0.000000
1641922264077329859 144.606322 0.000000
1641922264185161460 72.506457 0.000000
1641922264208108412 72.630240 0.000000
1641922264574502215 73.448583 0.000000
1641922264657105517 72.422650 0.000000
1641922264658782390 146.690749 0.000000
1641922264693509264 72.665686 0.000000
1641922264695240228 144.796138 0.000000
1641922264721444125 73.398670 0.000000
1641922264731365852 72.579965 0.000000
1641922264752459591 144.630708 0.000000
1641922264766505539 72.508912 0.000000
1641922264786511819 144.797230 0.000000
1641922264789177005 72.664755 0.000000
1641922264839479332 73.382399 0.000000
1641922264854624169 72.599621 0.000000
1641922264910424762 73.179969 0.000000
1641922264985659253 75.230252 0.000000
1641922265230250618 73.221016 0.000000
1641922265239427390 144.766602 0.000000
1641922265314793827 74.344793 0.000000
1641922265384027249 144.596092 0.000000
1641922265441097913 145.001925 0.000000
1641922265460738368 73.490181 0.000000
1641922265638966851 73.306176 0.000000
1641922265658888463 72.573503 0.000000
1641922265661641914 72.530713 0.000000
1641922265729911679 144.646287 0.000000
1641922265784336324 72.843188 0.000000
1641922265800490924 144.720295 0.000000
1641922265823049328 73.181622 0.000000
1641922265869746578 73.267453 0.000000
1641922265898419703 73.336152 0.000000
1641922265951986550 74.625439 0.000000
1641922265955414575 75.509105 0.000000
1641922266017744748 72.369631 0.000000
1641922266094940094 72.755053 0.000000
1641922266117174060 72.854570 0.000000
1641922266118273430 73.048002 0.000000
1641922266169155774 72.336689 0.000000
1641922266243009386 72.461984 0.000000
1641922266256178591 144.875867 0.000000
1641922266336159779 72.613497 0.000000
1641922266383179173 72.389368 0.000000
1641922266390610332 146.436633 0.000000
1641922266461646763 72.393135 0.000000
1641922266464390647 144.908248 0.000000
1641922266578956390 144.835141 0.000000
1641922266944067359 72.784869 0.000000
1641922267040518438 73.394402 0.000000
1641922267250400303 145.284392 0.000000
1641922267344420777 72.386853 0.000000
1641922267408446387 72.875519 0.000000
1641922267410744415 73.072749 0.000000
1641922267489275695 72.422309 0.000000
1641922267615472119 144.758477 0.000000
1641922267673030938 145.048260 0.000000
1641922267700445103 72.449902 0.000000
1641922267703622319 144.684398 0.000000
1641922267745587840 72.545992 0.000000
1641922267774651837 73.202932 0.000000
1641922267784058960 72.507258 0.000000
1641922267831011028 72.533869 0.000000
1641922267849552112 72.665185 0.000000
1641922267908193200 72.608860 0.000000
1641922267983480058 73.538972 0.000000
1641922268286922184 73.100260 0.000000
1641922268295045140 144.807359 0.000000
1641922268334418973 72.644176 0.000000
1641922268364769482 74.099603 0.000000
1641922268414282319 72.497871 0.000000
1641922268442294407 74.298337 0.000000
1641922268500508262 72.411057 0.000000
1641922268505512041 72.907057 0.000000
1641922268559499166 72.572551 0.000000
1641922268727815821 74.322130 0.000000
1641922268749781203 144.792341 0.000000
1641922268802193075 145.780714 0.000000
1641922268855975014 73.044004 0.000000
1641922268872424677 75.350527 0.000000
1641922268894841396 72.534109 0.000000
1641922269087518282 73.678935 0.000000
1641922269274707301 72.738613 0.000000
1641922269373632468 72.435514 0.000000
1641922269381151281 72.721640 0.000000
1641922269398692691 72.553906 0.000000
1641922269459576783 72.620130 0.000000
1641922269564598187 72.432469 0.000000
1641922269601725949 145.340399 0.000000
1641922269605046824 145.482675 0.000000
1641922269620679476 144.693125 0.000000
1641922269818417038 145.855022 0.000000
1641922269893901387 74.236590 0.000000
1641922269959603029 72.792704 0.000000
1641922270044492337 72.663301 0.000000
1641922270112904319 74.436635 0.000000
1641922270392070712 72.683309 0.000000
1641922270467257434 144.806879 0.000000
1641922270597832044 72.609710 0.000000
1641922270610397878 72.332341 0.000000
1641922270898437984 72.573383 0.000000
1641922270909481513 144.702100 0.000000
1641922270914704604 144.988297 0.000000
1641922271001843468 145.856065 0.000000
1641922271056857198 72.428041 0.000000
1641922271131219563 72.436986 0.000000
1641922271233859583 72.643474 0.000000
1641922271271831878 144.772333 0.000000
1641922271468366105 72.374981 0.000000
1641922271469954893 72.508601 0.000000
1641922271482523512 72.615752 0.000000
1641922271638228176 145.633426 0.000000
1641922271667747748 72.554547 0.000000
1641922271671766150 144.822387 0.000000
1641922271860448760 72.664143 0.000000
1641922272036354109 145.748513 0.000000
1641922272037292899 145.713257 0.000000
1641922272147105854 72.444141 0.000000
1641922272341407024 72.590605 0.000000
1641922272371513396 73.668575 0.000000
1641922272530603757 72.555589 0.000000
1641922272674458270 144.897378 0.000000
1641922272675616651 72.442327 0.000000
1641922272813978218 74.363148 0.000000
1641922272864818654 72.420346 0.000000
1641922273031931032 73.132380 0.000000
1641922273218967075 72.506257 0.000000
1641922273275250593 72.648743 0.000000
1641922273306366978 73.535205 0.000000
1641922273347820259 72.562502 0.000000
1641922273544001724 72.568503 0.000000
1641922273696588244 73.375395 0.000000
1641922273697750934 72.485408 0.000000
1641922273699834549 72.443509 0.000000
1641922273873523855 72.664684 0.000000
1641922273990140172 144.710918 0.000000
1641922274276641013 145.222608 0.000000
1641922274353420569 73.242777 0.000000
1641922274489693321 72.599091 0.000000
1641922274534470933 75.089869 0.000000
1641922274605887397 72.643133 0.000000
1641922274908601949 72.489605 0.000000
1641922275048019044 73.423646 0.000000
1641922275055931896 72.529630 0.000000
1641922275056533885 72.538698 0.000000
1641922275192962649 72.537345 0.000000
1641922275367723573 144.551680 0.000000
1641922275409858531 73.041770 0.000000
1641922275514341726 74.256378 0.000000
1641922275560822991 72.570016 0.000000
1641922275625665242 144.915932 0.000000
1641922275637153546 72.530081 0.000000
1641922275729053194 144.630407 0.000000
1641922275832674754 72.560559 0.000000
1641922275917162859 72.531895 0.000000
1641922275944508075 72.727481 0.000000
1641922275953209586 73.034246 0.000000
1641922276023345159 144.740854 0.000000
1641922276089482107 72.417080 0.000000
1641922276169806568 72.456954 0.000000
1641922276170488216 144.726928 0.000000
1641922276239684348 72.533618 0.000000
1641922276358902702 144.645956 0.000000
1641922276428700262 72.652311 0.000000
1641922276458819528 73.024659 0.000000
1641922276465557127 74.255646 0.000000
1641922276556910721 73.236044 0.000000
1641922276647155667 73.036580 0.000000
1641922276674946259 72.507199 0.000000
1641922276761538519 73.632889 0.000000
1641922276829407994 73.219854 0.000000
1641922276872813544 72.546442 0.000000
1641922276965643666 73.474732 0.000000
1641922277016342717 144.769738 0.000000
1641922277136999738 72.454389 0.000000
1641922277196971770 72.695180 0.000000
1641922277305867045 72.513670 0.000000
1641922277306228242 72.565197 0.000000
1641922277490396599 144.624465 0.000000
1641922277595694331 72.436746 0.000000
1641922277628796589 72.634758 0.000000
1641922277629875741 72.703778 0.000000
1641922277636936035 72.575056 0.000000
1641922277703231180 72.741207 0.000000
1641922277742545120 72.474998 0.000000
1641922277772458430 144.655433 0.000000
1641922277920914308 146.748068 0.000000
1641922277959308475 73.483669 0.000000
1641922277976756620 72.455662 0.000000
1641922278151306478 72.465301 0.000000
1641922278215485967 72.669302 0.000000
1641922278286960340 72.634698 0.000000
1641922278369660464 73.470183 0.000000
1641922278394944226 72.551370 0.000000
1641922278506935385 72.568555 0.000000
1641922278578543006 72.797983 0.000000
1641922278579894199 72.955528 0.000000
1641922278615749586 72.595855 0.000000
1641922278759618717 144.902728 0.000000
1641922278865129398 72.593871 0.000000
1641922278867634954 73.350860 0.000000
1641922278922696382 73.715784 0.000000
1641922279051430563 72.562172 0.000000
1641922279094178030 72.370633 0.000000
1641922279303940351 146.425432 0.000000
1641922279333337273 72.506427 0.000000
1641922279500747829 72.627444 0.000000
1641922279522798101 72.536313 0.000000
1641922279576677904 72.531995 0.000000
1641922279595370461 72.563495 0.000000
1641922279781438791 144.759249 0.000000
1641922279955026265 72.560017 0.000000
1641922279958456866 72.573543 0.000000
1641922279964698164 72.668761 0.000000
1641922279968804862 72.730867 0.000000
1641922279998217333 144.853425 0.000000
1641922280186211421 72.439692 0.000000
1641922280300435104 72.629287 0.000000
1641922280373995316 72.495026 0.000000
1641922280376862911 73.290727 0.000000
1641922280435805574 72.784778 0.000000
1641922280541867188 72.938377 0.000000
1641922280582418968 144.733560 0.000000
1641922280614298454 72.428030 0.000000
1641922280656874118 144.745413 0.000000
1641922280720748606 72.561791 0.000000
1641922280736627599 72.613026 0.000000
1641922280763198884 72.408974 0.000000
1641922280799956454 72.502269 0.000000
1641922280901637296 73.533713 0.000000
1641922280982473245 144.750662 0.000000
1641922281026617911 72.483634 0.000000
1641922281054129890 72.433921 0.000000
1641922281056311610 74.595133 0.000000
1641922281057223829 74.745244 0.000000
1641922281090502828 145.248456 0.000000
1641922281119354368 72.696513 0.000000
1641922281126671182 72.529050 0.000000
1641922281127580517 72.467404 0.000000
1641922281195526626 144.703855 0.000000
1641922281244077941 72.500235 0.000000
1641922281317515864 72.687225 0.000000
1641922281389079914 72.550249 0.000000
1641922281429397577 74.464647 0.000000
1641922281526300563 145.377818 0.000000
1641922281538575491 144.644634 0.000000
1641922281710607070 145.285705 0.000000
1641922281834997900 72.589453 0.000000
1641922281859814376 73.137480 0.000000
1641922281864408748 144.892358 0.000000
1641922281932339829 72.520413 0.000000
1641922281999426837 72.492171 0.000000
1641922282001551590 144.903859 0.000000
1641922282081806161 144.789586 0.000000
1641922282126900245 72.509022 0.000000
1641922282144231501 144.797911 0.000000
1641922282196071601 72.660766 0.000000
1641922282269544800 73.468271 0.000000
1641922282300797431 144.750543 0.000000
1641922282345256014 144.937984 0.000000
1641922282485722397 72.799056 0.000000
1641922282545043078 144.817468 0.000000
1641922282631108199 72.752638 0.000000
1641922282703819741 72.703707 0.000000
1641922282729427761 72.607837 0.000000
1641922282793025270 144.611232 0.000000
1641922282849700011 72.448179 0.000000
1641922282937734294 72.577290 0.000000
1641922282946445232 144.670853 0.000000
1641922283088338098 73.400614 0.000000
1641922283095685349 72.393566 0.000000
1641922283171618630 72.574124 0.000000
1641922283301143533 72.863987 0.000000
1641922283449998629 73.060996 0.000000
1641922283450123252 146.148663 0.000000
1641922283457279256 72.818151 0.000000
1641922283491564371 72.424554 0.000000
1641922283525091645 144.742117 0.000000
1641922283527395373 73.298712 0.000000
1641922283815564030 145.007424 0.000000
1641922284181401141 145.347392 0.000000
1641922284218955432 73.511321 0.000000
1641922284307012057 72.776333 0.000000
1641922284363625924 144.661044 0.000000
1641922284451969367 72.461613 0.000000
1641922284478640460 144.602726 0.000000
1641922284553701836 72.636561 0.000000
1641922284654233544 72.698548 0.000000
1641922284696323197 72.512339 0.000000
1641922284779895125 145.908803 0.000000
1641922284782943880 74.067062 0.000000
1641922284840329044 145.881632 0.000000
1641922284912735163 72.768669 0.000000
1641922284929624981 73.592242 0.000000
1641922284962870537 72.696613 0.000000
1641922284996920200 72.463997 0.000000
1641922285016721667 144.824481 0.000000
1641922285105774128 72.382435 0.000000
1641922285178838430 72.436827 0.000000
1641922285365084954 144.508179 0.000000
1641922285394269056 72.418983 0.000000
1641922285559907251 72.410637 0.000000
1641922285634584327 72.481440 0.000000
1641922285642902088 145.269445 0.000000
1641922285645546224 72.540781 0.000000
1641922285722522028 145.155069 0.000000
1641922285934595713 72.735528 0.000000
1641922285974857039 72.542825 0.000000
1641922285976633188 72.437698 0.000000
1641922286047463513 72.600663 0.000000
1641922286163994380 72.482061 0.000000
1641922286195398866 72.670695 0.000000
1641922286233150517 73.040008 0.000000
1641922286529621808 72.541864 0.000000
1641922286647009180 144.602034 0.000000
1641922286764023443 145.699773 0.000000
1641922286776536087 72.995153 0.000000
1641922286969652277 72.484987 0.000000
1641922287009264566 72.418412 0.000000
1641922287046736364 72.963213 0.000000
1641922287410583204 74.675282 0.000000
1641922287502927545 72.574505 0.000000
1641922287503340990 145.415038 0.000000
1641922287516950279 145.097512 0.000000
1641922287546921348 144.773926 0.000000
1641922287555371186 144.778023 0.000000
1641922287575531074 72.594662 0.000000
1641922287590457152 73.465615 0.000000
1641922287626438296 72.955820 0.000000
1641922287629229988 72.421458 0.000000
1641922287701688115 72.454290 0.000000
1641922287737692983 73.606740 0.000000
1641922287844618015 73.062069 0.000000
1641922288008138460 144.841293 0.000000
1641922288129227010 73.674637 0.000000
1641922288187599213 73.200768 0.000000
1641922288201763693 72.534018 0.000000
1641922288277857896 73.565392 0.000000
1641922288282175759 72.637623 0.000000
1641922288354736658 72.558304 0.000000
1641922288523013899 146.460016 0.000000
1641922288591036231 72.507789 0.000000
1641922288595548379 72.529591 0.000000
1641922288645426831 72.578332 0.000000
1641922288685303467 73.063151 0.000000
1641922288761701158 74.330246 0.000000
1641922288788208965 72.541303 0.000000
1641922288859709396 72.646179 0.000000
1641922288901603663 144.819823 0.000000
1641922288906486797 72.553947 0.000000
1641922289096415291 72.697717 0.000000
1641922289132439375 72.836595 0.000000
1641922289168925735 72.505284 0.000000
1641922289263923691 144.761943 0.000000
1641922289270611607 145.230603 0.000000
1641922289270671329 72.553936 0.000000
1641922289311979258 144.903901 0.000000
1641922289338190468 72.651098 0.000000
1641922289349416581 73.274006 0.000000
1641922289350212583 72.642462 0.000000
1641922289417441617 73.506191 0.000000
1641922289457094413 145.106549 0.000000
1641922289609310548 72.592017 0.000000
1641922289712407185 144.556629 0.000000
1641922289926043478 74.596675 0.000000
1641922290143129767 72.721300 0.000000
1641922290216932274 73.793861 0.000000
1641922290257414965 144.975234 0.000000
1641922290334248403 73.410913 0.000000
1641922290336334353 72.456464 0.000000
1641922290363912535 73.213974 0.000000
1641922290443552113 145.647985 0.000000
1641922290549631319 145.771515 0.000000
1641922290661563637 72.428280 0.000000
1641922290697484327 146.232030 0.000000
1641922290731981249 73.575691 0.000000
1641922290840397816 73.032212 0.000000
1641922290989489114 72.502390 0.000000
1641922291025045612 72.743221 0.000000
1641922291093414594 72.552384 0.000000
1641922291311585907 72.730336 0.000000
1641922291317312060 72.969885 0.000000
1641922291351300960 72.429713 0.000000
1641922291403700559 72.333063 0.000000
1641922291429113493 72.468096 0.000000
1641922291467033972 145.069271 0.000000
1641922291494111316 72.685193 0.000000
1641922291643200691 144.892308 0.000000
1641922291679627620 72.384609 0.000000
1641922291693193187 72.423171 0.000000
1641922291693580834 72.792152 0.000000
1641922291736400456 72.478314 0.000000
1641922291969963941 72.495808 0.000000
1641922292117191897 73.996260 0.000000
1641922292193772711 145.685064 0.000000
1641922292262398594 72.668971 0.000000
1641922292265340909 72.495557 0.000000
1641922292317468628 73.328548 0.000000
1641922292336126311 72.752318 0.000000
1641922292339106787 72.740175 0.000000
1641922292341854738 146.845660 0.000000
1641922292389882522 72.410397 0.000000
1641922292635661083 72.445603 0.000000
1641922292698317217 72.694230 0.000000
1641922292709308168 72.482783 0.000000
1641922292741049865 72.548796 0.000000
1641922292814899139 72.581578 0.000000
1641922292871584260 144.766021 0.000000
1641922292958517179 72.454069 0.000000
1641922293068362885 72.400939 0.000000
1641922293140367211 72.998098 0.000000
1641922293281183609 72.614849 0.000000
1641922293288139688 144.662598 0.000000
1641922293422051234 72.657250 0.000000
1641922293712654604 72.615051 0.000000
1641922293871868237 72.410308 0.000000
1641922293938777333 72.827600 0.000000
1641922294016627565 72.425795 0.000000
1641922294079163414 144.632911 0.000000
1641922294083659271 72.570417 0.000000
1641922294086532726 144.892537 0.000000
1641922294164499168 75.553529 0.000000
1641922294178875636 73.730852 0.000000
1641922294354219072 73.363424 0.000000
1641922294380832607 144.933195 0.000000
1641922294394912739 144.692444 0.000000
1641922294426663343 73.454595 0.000000
1641922294487087883 72.531193 0.000000
1641922294501178154 73.325512 0.000000
1641922294571717033 72.608147 0.000000
1641922294603496471 145.083977 0.000000
1641922294644273554 72.549999 0.000000
1641922294675902931 72.396912 0.000000
1641922294736421618 72.508270 0.000000
1641922294744736163 145.649377 0.000000
1641922294757715932 73.103165 0.000000
1641922294760120650 144.689548 0.000000
1641922294922006270 72.432087 0.000000
1641922295321932238 144.684399 0.000000
1641922295325866241 72.609811 0.000000
1641922295413099853 72.494003 0.000000
1641922295681784840 73.063240 0.000000
1641922295703267327 72.677348 0.000000
1641922295825538544 72.442958 0.000000
1641922295920577166 144.701822 0.000000
1641922295924457068 145.688029 0.000000
1641922296085817435 144.505533 0.000000
1641922296212702750 73.512282 0.000000
1641922296277770664 72.437618 0.000000
1641922296639529320 72.528819 0.000000
1641922296666663320 72.413753 0.000000
1641922296929689480 72.569315 0.000000
1641922296939883588 144.839991 0.000000
1641922297100672924 144.665894 0.000000
1641922297162393894 72.429332 0.000000
1641922297205914130 72.460121 0.000000
1641922297321495938 73.212290 0.000000
1641922297393901897 72.403214 0.000000
1641922297485488338 72.874708 0.000000
1641922297493173543 72.508782 0.000000
1641922297557882965 72.385441 0.000000
1641922297595750875 72.424123 0.000000
1641922297710513708 73.359826 0.000000
1641922297783006800 72.487621 0.000000
1641922297891911573 72.499264 0.000000
1641922298042624953 145.167134 0.000000
1641922298044116679 72.419004 0.000000
1641922298181406326 144.688907 0.000000
1641922298330980530 144.710878 0.000000
1641922298414990610 74.999190 0.000000
1641922298485049960 146.494992 0.000000
1641922298569643814 72.392634 0.000000
1641922298616233703 144.909682 0.000000
1641922298693804322 72.497569 0.000000
1641922298771614761 73.688913 0.000000
1641922298998586480 72.900075 0.000000
1641922299061240079 145.987571 0.000000
1641922299068679994 72.379009 0.000000
1641922299080346572 73.213342 0.000000
1641922299132921710 72.612355 0.000000
1641922299136907681 144.851301 0.000000
1641922299139110179 144.970264 0.000000
1641922299141316826 72.688498 0.000000
1641922299350692102 72.551461 0.000000
1641922299386209597 144.698074 0.000000
1641922299423354161 72.652090 0.000000
1641922299429341744 145.120587 0.000000
1641922299431254480 72.604261 0.000000
1641922299530766677 72.432499 0.000000
1641922299572525630 72.553766 0.000000
1641922299602330266 72.386823 0.000000
1641922299603774533 144.634675 0.000000
1641922299620132605 72.603138 0.000000
1641922299734534161 73.732565 0.000000
1641922299879567764 72.540511 0.000000
1641922299941275810 72.420936 0.000000
1641922299996608997 72.508601 0.000000
1641922300011182064 72.434553 0.000000
1641922300013718418 72.439953 0.000000
1641922300085208379 72.823370 0.000000
1641922300157601434 72.387254 0.000000
1641922300214919782 145.848430 0.000000
1641922300444734201 73.371850 0.000000
1641922300448409259 147.808767 0.000000
1641922300528740573 73.327265 0.000000
1641922300593176563 72.688940 0.000000
1641922300671830933 73.819328 0.000000
1641922300735286415 72.560418 0.000000
1641922300739630698 73.159912 0.000000
1641922300816204600 73.021012 0.000000
1641922300840101392 73.402256 0.000000
1641922300889518059 145.583294 0.000000
1641922300890978256 72.673700 0.000000
1641922300893953704 72.375582 0.000000
1641922300961279029 72.559386 0.000000
1641922300964862747 72.872383 0.000000
1641922300968718484 145.012053 0.000000
1641922300979339532 72.428411 0.000000
1641922301110245694 72.944788 0.000000
1641922301117995730 74.499042 0.000000
1641922301277993173 144.866119 0.000000
1641922301335168042 72.500666 0.000000
1641922301402167497 72.491770 0.000000
1641922301439120052 73.533964 0.000000
1641922301501087795 73.853382 0.000000
1641922301554174741 144.732738 0.000000
1641922301691690773 72.580174 0.000000
1641922301728571413 72.370362 0.000000
1641922301761969204 72.506156 0.000000
1641922301766843401 72.483535 0.000000
1641922301837136819 144.697022 0.000000
1641922301936605576 72.616774 0.000000
1641922302200360371 72.888053 0.000000
1641922302222176023 72.471232 0.000000
1641922302237322273 73.261853 0.000000
1641922302278195907 73.289895 0.000000
1641922302373588913 73.459733 0.000000
1641922302423364894 72.695492 0.000000
1641922302571532331 72.668211 0.000000
1641922302574866070 72.405808 0.000000
1641922302709171063 73.148130 0.000000
1641922302793151858 72.472263 0.000000
1641922302808058599 144.991173 0.000000
1641922302819680824 73.359887 0.000000
1641922302867116869 144.711219 0.000000
1641922302904085313 72.464748 0.000000
1641922302931006605 144.943534 0.000000
1641922302941498361 74.377885 0.000000
1641922303170735496 146.754488 0.000000
1641922303272048509 72.429553 0.000000
1641922303294847774 73.200037 0.000000
1641922303385323653 144.777182 0.000000
1641922303448198106 73.557627 0.000000
1641922303521777304 147.094416 0.000000
1641922303606955353 144.750623 0.000000
1641922303650616512 144.830372 0.000000
1641922303894978898 72.428612 0.000000
1641922303924369228 144.865968 0.000000
1641922303981287807 73.396405 0.000000
1641922304039184399 72.590905 0.000000
1641922304069211543 72.433020 0.000000
1641922304085478333 144.721478 0.000000
1641922304136363864 72.370082 0.000000
1641922304137050100 73.006274 0.000000
1641922304209633321 72.575566 0.000000
1641922304349020010 72.508121 0.000000
1641922304354724663 72.860191 0.000000
1641922304419221086 72.443259 0.000000
1641922304649722110 72.519161 0.000000
1641922304695194534 72.816268 0.000000
1641922304704568495 144.683567 0.000000
1641922304708798053 72.338773 0.000000
1641922304841303353 73.565753 0.000000
1641922305119603132 144.739932 0.000000
1641922305175688438 72.604620 0.000000
1641922305428999789 72.461693 0.000000
1641922305430584750 144.598197 0.000000
1641922305644420427 72.868286 0.000000
1641922305668529327 144.716088 0.000000
1641922305784393595 72.634578 0.000000
1641922305786312572 72.592378 0.000000
1641922305787770775 72.751587 0.000000
1641922305848385752 144.690650 0.000000
1641922306047001771 144.763969 0.000000
1641922306085823890 74.483512 0.000000
1641922306238268605 75.895580 0.000000
1641922306308967093 72.782825 0.000000
1641922306371803434 72.553174 0.000000
1641922306385263865 145.969517 0.000000
1641922306430715840 145.650118 0.000000
1641922306439760574 145.790141 0.000000
1641922306667772573 72.431286 0.000000
1641922306688185906 144.716268 0.000000
1641922306733840271 72.552373 0.000000
1641922306812074855 72.515203 0.000000
1641922306816519316 72.525192 0.000000
1641922306819944156 72.393536 0.000000
1641922307050827306 72.555950 0.000000
1641922307172286662 144.946610 0.000000
1641922307183388942 72.423131 0.000000
1641922307185734909 72.577822 0.000000
1641922307390649134 145.070312 0.000000
1641922307611790093 73.700134 0.000000
1641922307698578471 72.577811 0.000000
1641922307757579663 144.808532 0.000000
1641922307977735567 75.011262 0.000000
1641922308051472420 72.795729 0.000000
1641922308053607492 74.914000 0.000000
1641922308279342483 146.083390 0.000000
1641922308342252062 72.876781 0.000000
1641922308430135011 73.683724 0.000000
1641922308431208814 144.847885 0.000000
1641922308505486472 75.348515 0.000000
1641922308514226113 75.622919 0.000000
1641922308573383347 73.246093 0.000000
1641922308578710693 73.221216 0.000000
1641922308578788249 147.575879 0.000000
1641922308585392077 72.368258 0.000000
1641922308734192000 73.783972 0.000000
1641922308794788433 72.506858 0.000000
1641922308865379980 72.640038 0.000000
1641922308954442300 73.150755 0.000000
1641922309073107818 145.145442 0.000000
1641922309097481835 72.476802 0.000000
1641922309159570646 72.696574 0.000000
1641922309164223287 72.577781 0.000000
1641922309229723431 72.861833 0.000000
1641922309311657379 73.187384 0.000000
1641922309508455430 72.521915 0.000000
1641922309527224061 72.456654 0.000000
1641922309601466702 72.396150 0.000000
1641922309729653818 145.241583 0.000000
1641922309979600060 72.832729 0.000000
1641922310031353509 72.538058 0.000000
1641922310048421902 72.556752 0.000000
1641922310050142828 73.023377 0.000000
1641922310102626764 72.453818 0.000000
1641922310237744470 72.580605 0.000000
1641922310410731179 72.603348 0.000000
1641922310555706383 72.496479 0.000000
1641922310560542458 72.549107 0.000000
1641922310629813029 72.463145 0.000000
1641922310682210475 144.936111 0.000000
1641922310706247489 73.299323 0.000000
1641922310718511446 72.482351 0.000000
1641922310750121137 72.640237 0.000000
1641922310764741321 72.429984 0.000000
1641922310779665455 73.406725 0.000000
1641922310818124223 72.620180 0.000000
1641922310909939552 72.565287 0.000000
1641922310986181261 72.527427 0.000000
1641922310999521426 144.744400 0.000000
1641922311222783823 73.089801 0.000000
1641922311289036868 73.033064 0.000000
1641922311292349578 73.488408 0.000000
1641922311492650044 144.585894 0.000000
1641922311554268753 144.852103 0.000000
1641922311604747781 72.856443 0.000000
1641922311641304865 72.542625 0.000000
1641922311653366423 72.586367 0.000000
1641922311782491306 72.432979 0.000000
1641922311784088390 73.970431 0.000000
1641922311856979368 72.885588 0.000000
1641922311999799041 144.765159 0.000000
1641922312015659741 72.434703 0.000000
1641922312017379624 72.526885 0.000000
1641922312223896192 72.499835 0.000000
1641922312516248742 72.448619 0.000000
1641922312521807522 144.841092 0.000000
1641922312666655307 144.837696 0.000000
1641922312668820275 72.650037 0.000000
1641922312764347051 72.451704 0.000000
1641922312924564396 72.489897 0.000000
1641922312949286915 72.574685 0.000000
1641922313128118169 72.575256 0.000000
1641922313154191782 144.743949 0.000000
1641922313199361920 72.618688 0.000000
1641922313345416386 144.715887 0.000000
1641922313372948483 144.813661 0.000000
1641922313467510191 73.082958 0.000000
1641922313489411152 72.473545 0.000000
1641922313728728001 72.514983 0.000000
1641922313808846256 72.707143 0.000000
1641922313833276939 73.149021 0.000000
1641922313894704049 145.271178 0.000000
1641922313954143193 72.496418 0.000000
1641922314025843419 72.529530 0.000000
1641922314125561903 72.729126 0.000000
1641922314185454105 145.661681 0.000000
1641922314269181585 144.744330 0.000000
1641922314346562109 73.335141 0.000000
1641922314390690734 73.589337 0.000000
1641922314393744067 74.216642 0.000000
1641922314457635226 144.817959 0.000000
1641922314488121740 144.603878 0.000000
1641922314681681421 144.695850 0.000000
1641922314705941044 72.579044 0.000000
1641922314811869287 72.617986 0.000000
1641922314857695143 146.820421 0.000000
1641922314915530131 72.596056 0.000000
1641922314972975326 73.142438 0.000000
1641922314978184400 72.500426 0.000000
1641922315407122930 144.701581 0.000000
1641922315436028049 72.496097 0.000000
1641922315440774466 72.663441 0.000000
1641922315513006359 73.303552 0.000000
1641922315758379680 144.905653 0.000000
1641922315764955847 72.546182 0.000000
1641922315808357480 73.143722 0.000000
1641922315858626895 72.496759 0.000000
1641922315874577013 72.830124 0.000000
1641922316024259430 72.461564 0.000000
1641922316097838417 72.483624 0.000000
1641922316242487068 144.645755 0.000000
1641922316299963813 73.386727 0.000000
1641922316351813632 72.493814 0.000000
1641922316417942715 72.664504 0.000000
1641922316429943890 75.556173 0.000000
1641922316571786712 144.965535 0.000000
1641922316747275482 73.521180 0.000000
1641922316856201504 144.779086 0.000000
1641922316936643666 73.119135 0.000000
1641922317012345202 73.508345 0.000000
1641922317071135960 72.632193 0.000000
1641922317078413552 72.685533 0.000000
1641922317231170942 73.708761 0.000000
1641922317329012127 73.798328 0.000000
1641922317433938773 72.674863 0.000000
1641922317474659531 73.113746 0.000000
1641922317595893744 145.486282 0.000000
1641922317841893379 73.493487 0.000000
1641922317846025845 73.456568 0.000000
1641922317933371197 72.733463 0.000000
1641922318121941956 144.917225 0.000000
1641922318135480594 72.640609 0.000000
1641922318201060177 72.803194 0.000000
1641922318214464032 72.732832 0.000000
1641922318275427733 72.545771 0.000000
1641922318277668393 72.443539 0.000000
1641922318284232576 74.791950 0.000000
1641922318294438506 144.668067 0.000000
1641922318350869512 145.623128 0.000000
1641922318385389807 144.840061 0.000000
1641922318491216420 144.975464 0.000000
1641922318500597905 145.195606 0.000000
1641922318550172829 72.566851 0.000000
1641922318719407815 72.995113 0.000000
1641922318803214063 72.555339 0.000000
1641922318803822724 144.737448 0.000000
1641922318821435257 145.713377 0.000000
1641922318825917298 73.596209 0.000000
1641922318856755031 144.992957 0.000000
1641922319038761718 144.761133 0.000000
1641922319072077445 144.709816 0.000000
1641922319147040737 144.843857 0.000000
1641922319184046482 72.703878 0.000000
1641922319229331614 146.907706 0.000000
1641922319256576673 72.520243 0.000000
1641922319333386176 72.618127 0.000000
1641922319445169183 73.058932 0.000000
1641922319528883629 74.454719 0.000000
1641922319550942417 72.587420 0.000000
1641922319663807402 72.641620 0.000000
1641922319676744722 146.652067 0.000000
1641922319883829665 72.600873 0.000000
1641922320053910798 72.383817 0.000000
1641922320087575961 73.772280 0.000000
1641922320187368674 144.659973 0.000000
1641922320475915660 73.322156 0.000000
1641922320539250416 72.634918 0.000000
1641922320541926061 72.591807 0.000000
1641922320582819753 72.421898 0.000000
1641922320693535781 72.754582 0.000000
1641922320727646889 144.822527 0.000000
1641922320844362953 145.542025 0.000000
1641922320899334953 144.979041 0.000000
1641922320911951442 72.558745 0.000000
1641922321050630815 72.697345 0.000000
1641922321191483621 145.005750 0.000000
1641922321199633317 144.503710 0.000000
1641922321207356073 72.489224 0.000000
1641922321278207347 74.445060 0.000000
1641922321337043571 73.032914 0.000000
1641922321423867325 144.714205 0.000000
1641922321554553705 144.875397 0.000000
1641922321632652535 72.530171 0.000000
1641922321673127061 72.467975 0.000000
1641922321698945425 145.876242 0.000000
1641922321783364892 144.583209 0.000000
1641922321789362154 72.440824 0.000000
1641922321930390730 72.460472 0.000000
1641922321934461701 72.391452 0.000000
1641922321965155454 72.527427 0.000000
1641922322002933856 72.532185 0.000000
1641922322062997049 144.931351 0.000000
1641922322140709094 144.691612 0.000000
1641922322148525495 144.798142 0.000000
1641922322280947649 72.541383 0.000000
1641922322358365672 144.996153 0.000000
1641922322361569889 73.189127 0.000000
1641922322400977334 72.942463 0.000000
1641922322425976984 145.023824 0.000000
1641922322445247004 72.669724 0.000000
1641922322643603627 144.657057 0.000000
1641922322715342886 72.505415 0.000000
1641922322723332001 72.450312 0.000000
1641922322809055392 74.611413 0.000000
1641922322812069922 74.350653 0.000000
1641922322876375157 72.542264 0.000000
1641922322936158225 73.154631 0.000000
1641922323028086267 72.498222 0.000000
1641922323028874434 73.259309 0.000000
1641922323141554563 72.492020 0.000000
1641922323156743614 144.690370 0.000000
1641922323320273988 144.799754 0.000000
1641922323360058120 144.778945 0.000000
1641922323466117079 72.535863 0.000000
1641922323603048104 72.471552 0.000000
1641922323752254149 72.532006 0.000000
1641922323833813424 72.346357 0.000000
1641922323895332477 72.654235 0.000000
1641922323914293297 72.447958 0.000000
1641922324040812627 72.691033 0.000000
1641922324059002131 72.347449 0.000000
1641922324221937760 72.487101 0.000000
1641922324266376046 144.953593 0.000000
1641922324267888140 72.464739 0.000000
1641922324276781199 144.558903 0.000000
1641922324402635272 144.851943 0.000000
1641922324711124379 144.567951 0.000000
1641922324769103416 72.652741 0.000000
1641922324770151781 73.734880 0.000000
1641922324782559588 72.295982 0.000000
1641922324847008192 75.395723 0.000000
1641922324849256656 75.931837 0.000000
1641922324923752042 72.430285 0.000000
1641922325055858053 145.054692 0.000000
1641922325139863976 72.594975 0.000000
1641922325141719444 145.207080 0.000000
1641922325209633402 74.202316 0.000000
1641922325282577029 73.927491 0.000000
1641922325394020560 72.368800 0.000000
1641922325525290444 72.566069 0.000000
1641922325572662829 145.158387 0.000000
1641922325654633347 75.641084 0.000000
1641922325724510054 73.312206 0.000000
1641922325799282078 72.549488 0.000000
1641922325800355760 72.447977 0.000000
1641922325871925622 73.689725 0.000000
1641922325878282748 72.772726 0.000000
1641922325920051269 144.703333 0.000000
1641922326022631959 146.436283 0.000000
1641922326118537004 72.460770 0.000000
1641922326163185444 72.807301 0.000000
1641922326172052925 73.579548 0.000000
1641922326320023464 74.376152 0.000000
1641922326322207487 75.399540 0.000000
1641922326408966290 72.631502 0.000000
1641922326459398792 73.234984 0.000000
1641922326574426411 72.586718 0.000000
1641922326679885384 144.789485 0.000000
1641922326720388294 72.482021 0.000000
1641922326755706815 73.139184 0.000000
1641922326971695387 72.370702 0.000000
1641922326975920627 73.606338 0.000000
1641922327045947978 145.550822 0.000000
1641922327320355552 72.469318 0.000000
1641922327322797820 72.495998 0.000000
1641922327480192262 72.769931 0.000000
1641922327549908459 74.280893 0.000000
1641922327628918356 73.377820 0.000000
1641922327704339777 74.217575 0.000000
1641922327714097397 74.357216 0.000000
1641922327778079736 72.661278 0.000000
1641922327787753118 72.544148 0.000000
1641922327876918892 146.167919 0.000000
1641922328004818880 72.389388 0.000000
1641922328021554489 144.671004 0.000000
1641922328062736852 72.970036 0.000000
1641922328170734725 73.399060 0.000000
1641922328359022825 146.160526 0.000000
1641922328438701857 146.920070 0.000000
1641922328440922129 72.535511 0.000000
1641922328502815693 144.839479 0.000000
1641922328506439606 72.438551 0.000000
1641922328585066564 72.433349 0.000000
1641922328586727908 72.413061 0.000000
1641922328712884749 72.671747 0.000000
1641922328724821523 72.812821 0.000000
1641922328733372271 72.947082 0.000000
1641922328807868098 145.262563 0.000000
1641922328941299513 72.534390 0.000000
1641922329016379384 72.504523 0.000000
1641922329056784480 144.748728 0.000000
1641922329105115874 74.502359 0.000000
1641922329111466838 73.005653 0.000000
1641922329184779627 145.190097 0.000000
1641922329201507412 144.720197 0.000000
1641922329202303635 144.678990 0.000000
1641922329346991188 144.683566 0.000000
1641922329392764416 144.716839 0.000000
1641922329469053834 144.533566 0.000000
1641922329541412064 72.477984 0.000000
1641922329544585312 72.454941 0.000000
1641922329579245179 72.477233 0.000000
1641922329695985238 146.439017 0.000000
1641922329856385495 73.201329 0.000000
1641922329888004452 145.400491 0.000000
1641922330006561367 73.338126 0.000000
1641922330033978607 145.968865 0.000000
1641922330053999104 72.659815 0.000000
1641922330054680111 72.479687 0.000000
1641922330092125570 144.720106 0.000000
1641922330209171332 73.415121 0.000000
1641922330543786089 72.512368 0.000000
1641922330644503425 72.466432 0.000000
1641922330760971254 144.649182 0.000000
1641922330777272790 72.623597 0.000000
1641922330862355880 72.392584 0.000000
1641922331079654960 144.728121 0.000000
1641922331091166607 144.681402 0.000000
1641922331150104491 144.633243 0.000000
1641922331235794009 144.623105 0.000000
1641922331301283633 73.373932 0.000000
1641922331395464397 72.757517 0.000000
1641922331483361002 72.529430 0.000000
1641922331540267900 72.447357 0.000000
1641922331667009465 72.825916 0.000000
1641922331685302495 72.614059 0.000000
1641922331741797900 144.683186 0.000000
1641922331811262255 144.876659 0.000000
1641922331905462987 144.784748 0.000000
1641922332063020264 72.396991 0.000000
1641922332120980827 72.560458 0.000000
1641922332137052161 73.343707 0.000000
1641922332209575990 72.520674 0.000000
1641922332242432287 145.966091 0.000000
1641922332321367535 144.597717 0.000000
1641922332323452102 73.321004 0.000000
1641922332378873785 72.512649 0.000000
1641922332411712689 144.750844 0.000000
1641922332538784094 72.566741 0.000000
1641922332967590655 72.741078 0.000000
1641922333124091653 72.574465 0.000000
1641922333185996538 144.691542 0.000000
1641922333270025133 72.366315 0.000000
1641922333412848313 144.796869 0.000000
1641922333550546647 72.497150 0.000000
1641922333625234072 72.556852 0.000000
1641922333632309043 72.389167 0.000000
1641922333739927705 74.363588 0.000000
1641922333770258949 72.563665 0.000000
1641922333920574142 72.612907 0.000000
1641922333920935569 72.944798 0.000000
1641922333921110627 144.577289 0.000000
1641922333933016414 72.438680 0.000000
1641922334081455971 72.541973 0.000000
1641922334153999448 72.538898 0.000000
1641922334286308921 72.417310 0.000000
1641922334295044705 72.385750 0.000000
1641922334407446573 72.586687 0.000000
1641922334537192821 72.672287 0.000000
1641922334584564375 72.445293 0.000000
1641922334625441085 144.871649 0.000000
1641922334682122049 72.451945 0.000000
1641922334711678640 72.441725 0.000000
1641922334801786650 72.474608 0.000000
1641922334991362043 146.232661 0.000000
1641922335013104387 74.027198 0.000000
1641922335024724979 144.942492 0.000000
1641922335132475779 144.751584 0.000000
1641922335259735026 72.530462 0.000000
1641922335281822447 145.610455 0.000000
1641922335291153367 72.508962 0.000000
1641922335334302245 73.557538 0.000000
1641922335354278460 72.446866 0.000000
1641922335366424065 72.510014 0.000000
1641922335519431825 145.078517 0.000000
1641922335553734433 144.897889 0.000000
1641922335664067703 144.630367 0.000000
1641922335678133458 72.536603 0.000000
1641922335845604358 72.510094 0.000000
1641922336021465635 72.555358 0.000000
1641922336028898167 72.409856 0.000000
1641922336138580878 72.740636 0.000000
1641922336185756715 72.964946 0.000000
1641922336235560919 72.525143 0.000000
1641922336394060703 72.652951 0.000000
1641922336679597458 144.786861 0.000000
1641922336791544914 144.731577 0.000000
1641922336801410686 72.579364 0.000000
1641922336819836173 72.464659 0.000000
1641922336873885394 72.465160 0.000000
1641922336910824634 72.593040 0.000000
1641922337044119494 144.696802 0.000000
1641922337254602486 144.767224 0.000000
1641922337274929287 144.658269 0.000000
1641922337476112187 72.598319 0.000000
1641922337489531751 72.530893 0.000000
1641922337544562251 72.542735 0.000000
1641922337638066086 72.486190 0.000000
1641922337709550137 72.500366 0.000000
1641922337842916992 72.548767 0.000000
1641922337846933521 73.693693 0.000000
1641922337910878650 72.472954 0.000000
1641922337920502640 72.504664 0.000000
1641922337966609393 73.421473 0.000000
1641922338039347314 73.790504 0.000000
1641922338075799641 72.473515 0.000000
1641922338077040006 144.534578 0.000000
1641922338110608918 145.070032 0.000000
1641922338148816645 72.528539 0.000000
1641922338210268672 144.710458 0.000000
1641922338296431787 145.371626 0.000000
1641922338327846672 144.771672 0.000000
1641922338398652351 73.015662 0.000000
1641922338588055101 73.287401 0.000000
1641922338641619913 144.947791 0.000000
1641922338646832413 72.425495 0.000000
1641922338801382434 145.743013 0.000000
1641922338865438281 144.741947 0.000000
1641922338941151290 73.527552 0.000000
1641922339013609817 72.453257 0.000000
1641922339155654828 145.766508 0.000000
1641922339199562710 73.411553 0.000000
1641922339342528096 145.831548 0.000000
1641922339437219728 72.440784 0.000000
