1641922203178941872 88.730567 0.000000
1641922203234848865 88.471853 0.000000
1641922203273790267 176.615981 0.000000
1641922203276684722 89.145075 0.000000
1641922203348377805 176.670554 0.000000
1641922203419199363 88.483685 0.000000
1641922203540743938 177.595287 0.000000
1641922203768871783 176.863415 0.000000
1641922203937271764 88.403033 0.000000
1641922204084051009 88.511798 0.000000
1641922204130303896 88.427049 0.000000
1641922204205253712 88.869759 0.000000
1641922204260046487 177.112933 0.000000
1641922204274568968 88.493724 0.000000
1641922204281533762 89.048322 0.000000
1641922204308827282 176.762456 0.000000
1641922204350230027 177.240701 0.000000
1641922204354006767 88.598340 0.000000
1641922204495164304 88.456975 0.000000
1641922204511090086 177.228579 0.000000
1641922204589381636 88.637463 0.000000
1641922204599549314 88.454710 0.000000
1641922204639052089 88.502981 0.000000
1641922204688124741 88.571169 0.000000
1641922204711320960 88.552635 0.000000
1641922204722437457 88.446925 0.000000
1641922204727602459 88.544118 0.000000
1641922204785033088 88.548046 0.000000
1641922204933902780 88.524351 0.000000
1641922204960218938 176.617334 0.000000
1641922204972607378 177.894767 0.000000
1641922205042865561 88.471271 0.000000
1641922205149632947 177.016031 0.000000
1641922205152895673 88.539469 0.000000
1641922205189396541 88.476672 0.000000
1641922205261050460 88.675855 0.000000
1641922205325912808 88.530272 0.000000
1641922205336547021 89.420791 0.000000
1641922205385601639 176.618265 0.000000
1641922205387465072 88.610693 0.000000
1641922205390774566 176.626842 0.000000
1641922205538721480 88.457677 0.000000
1641922205627222356 88.494995 0.000000
1641922205629221794 88.535462 0.000000
1641922205669173630 89.813718 0.000000
1641922205671208975 88.472243 0.000000
1641922205676671865 88.686385 0.000000
1641922205853888121 88.759061 0.000000
1641922205895935906 89.711687 0.000000
1641922206043983067 176.761794 0.000000
1641922206060042980 176.747167 0.000000
1641922206115470965 88.349223 0.000000
1641922206118529979 88.353712 0.000000
1641922206258487096 88.588552 0.000000
1641922206261959836 89.055387 0.000000
1641922206264392866 176.623826 0.000000
1641922206331817818 88.507389 0.000000
1641922206347131843 88.639196 0.000000
1641922206382316513 88.481921 0.000000
1641922206408488280 89.397999 0.000000
1641922206500986921 88.516778 0.000000
1641922206528830591 88.633736 0.000000
1641922206529791141 88.614840 0.000000
1641922206570470561 88.447226 0.000000
1641922206844261128 88.700943 0.000000
1641922206911856178 176.715948 0.000000
1641922206928415898 176.929529 0.000000
1641922207016978891 88.551823 0.000000
1641922207045003842 88.469919 0.000000
1641922207142865585 89.364937 0.000000
1641922207214351279 88.418343 0.000000
1641922207301592775 88.740196 0.000000
1641922207477616636 88.612025 0.000000
1641922207538903863 88.499155 0.000000
1641922207548570563 88.513861 0.000000
1641922207697733646 89.466798 0.000000
1641922207707349891 89.353355 0.000000
1641922207794013293 176.780719 0.000000
1641922207850692253 88.631762 0.000000
1641922207851647904 89.243520 0.000000
1641922207877829500 176.958994 0.000000
1641922207958563298 89.559221 0.000000
1641922208030052157 176.833539 0.000000
1641922208085271792 88.940171 0.000000
1641922208141942686 88.441325 0.000000
1641922208143061794 88.476932 0.000000
1641922208230599065 88.650347 0.000000
1641922208306239967 88.570618 0.000000
1641922208407651494 88.621023 0.000000
1641922208447646631 88.415166 0.000000
1641922208494909231 88.515374 0.000000
1641922208592965749 88.493393 0.000000
1641922208608888555 176.847475 0.000000
1641922208697507163 88.613088 0.000000
1641922208803699701 89.145044 0.000000
1641922208850522136 88.553135 0.000000
1641922208865592784 89.130417 0.000000
1641922208886878181 88.817571 0.000000
1641922208976713831 88.429223 0.000000
1641922209049442914 88.732732 0.000000
1641922209085558480 88.475579 0.000000
1641922209117597845 88.592498 0.000000
1641922209180130918 88.798856 0.000000
1641922209181210301 177.562154 0.000000
1641922209194004242 88.489787 0.000000
1641922209239914217 88.376284 0.000000
1641922209266384413 88.510305 0.000000
1641922209302333577 88.450494 0.000000
1641922209384033836 88.546282 0.000000
1641922209385040082 88.545992 0.000000
1641922209410031406 88.931444 0.000000
1641922209497852489 176.742708 0.000000
1641922209534893259 89.346432 0.000000
1641922209555531844 89.425250 0.000000
1641922209623378977 88.480138 0.000000
1641922209683017715 177.266541 0.000000
1641922209693805565 177.086984 0.000000
1641922209700783444 88.587068 0.000000
1641922209740354427 89.289996 0.000000
1641922209752152512 88.534380 0.000000
1641922209753214673 88.364862 0.000000
1641922209770185363 178.455329 0.000000
1641922209820083963 88.433061 0.000000
1641922209840666874 88.508262 0.000000
1641922209849076197 88.450363 0.000000
1641922209865986233 176.889694 0.000000
1641922209897963462 89.080925 0.000000
1641922209908592034 88.502250 0.000000
1641922209934866172 177.465633 0.000000
1641922209996228100 91.786886 0.000000
1641922210213809146 88.506848 0.000000
1641922210245084399 88.462325 0.000000
1641922210259174900 89.558930 0.000000
1641922210264596192 89.259228 0.000000
1641922210267213258 88.504585 0.000000
1641922210269204059 88.541193 0.000000
1641922210293336884 176.846473 0.000000
1641922210302367722 88.552525 0.000000
1641922210317872344 88.587620 0.000000
1641922210503478075 88.548867 0.000000
1641922210713914710 88.387655 0.000000
1641922210826652667 88.878495 0.000000
1641922210864070083 88.417150 0.000000
1641922210921458362 88.528048 0.000000
1641922211008898891 89.384823 0.000000
1641922211108511296 88.737621 0.000000
1641922211314969704 88.507389 0.000000
1641922211366184652 88.481811 0.000000
1641922211374369864 89.181673 0.000000
1641922211430932696 89.244792 0.000000
1641922211505601096 89.316546 0.000000
1641922211533206620 177.616947 0.000000
1641922211592358314 89.596340 0.000000
1641922211700335388 88.489506 0.000000
1641922211735253188 176.670583 0.000000
1641922211742252147 90.480828 0.000000
1641922211812548862 88.453829 0.000000
1641922211859928651 88.878605 0.000000
1641922212152626207 88.358410 0.000000
1641922212232395548 88.367658 0.000000
1641922212241461330 88.826597 0.000000
1641922212355872694 90.349762 0.000000
1641922212385414037 88.482202 0.000000
1641922212541292768 88.558265 0.000000
1641922212601333980 176.708084 0.000000
1641922212602526485 176.886768 0.000000
1641922212627357629 88.495849 0.000000
1641922212662790204 89.739598 0.000000
1641922212850672273 176.835112 0.000000
1641922212925868271 176.931943 0.000000
1641922212952265089 89.276110 0.000000
1641922213039214539 177.351120 0.000000
1641922213049186850 88.461713 0.000000
1641922213067146785 176.643743 0.000000
1641922213246781093 88.384399 0.000000
1641922213262730689 177.873678 0.000000
1641922213504890206 176.928136 0.000000
1641922213532021772 88.741889 0.000000
1641922213546458602 176.765442 0.000000
1641922213579878485 88.664774 0.000000
1641922213611273392 88.636972 0.000000
1641922213654477224 176.692925 0.000000
1641922213678152932 88.449130 0.000000
1641922213729973134 177.801453 0.000000
1641922213797488876 88.563744 0.000000
1641922213843162778 176.696351 0.000000
1641922213975003502 88.821668 0.000000
1641922214044731381 88.472144 0.000000
1641922214090951727 176.825644 0.000000
1641922214190429038 88.516346 0.000000
1641922214261793043 88.830515 0.000000
1641922214338150739 88.571800 0.000000
1641922214450832511 89.330382 0.000000
1641922214479459810 88.465881 0.000000
1641922214490311892 88.679943 0.000000
1641922214579701154 89.290026 0.000000
1641922214653065329 176.676996 0.000000
1641922214668266291 88.562112 0.000000
1641922214793530839 176.697083 0.000000
1641922214845125118 176.847586 0.000000
1641922215070785098 89.987183 0.000000
1641922215082213539 176.842185 0.000000
1641922215088594831 89.203404 0.000000
1641922215142521801 89.270900 0.000000
1641922215230494368 88.468967 0.000000
1641922215360743859 89.469783 0.000000
1641922215449099415 88.344024 0.000000
1641922215481496590 176.758038 0.000000
1641922215556073067 88.724126 0.000000
1641922215654518384 89.983556 0.000000
1641922215655536873 90.040924 0.000000
1641922215700053114 177.472236 0.000000
1641922215718660853 88.651138 0.000000
1641922215782018442 88.461183 0.000000
1641922215807104803 88.438740 0.000000
1641922215887991288 177.730770 0.000000
1641922215937631594 88.516056 0.000000
1641922215946634980 90.413081 0.000000
1641922216094338257 88.499254 0.000000
1641922216106571717 177.831059 0.000000
1641922216146461718 88.763218 0.000000
1641922216162769035 90.358700 0.000000
1641922216172537004 176.896236 0.000000
1641922216172876400 88.457236 0.000000
1641922216174729624 88.355184 0.000000
1641922216222759832 89.531449 0.000000
1641922216294529007 88.712994 0.000000
1641922216541424531 88.481891 0.000000
1641922216611108918 176.547653 0.000000
1641922216686651546 88.848388 0.000000
1641922216742080132 89.586512 0.000000
1641922216806677985 176.775781 0.000000
1641922216813566697 90.563433 0.000000
1641922216815754548 90.484184 0.000000
1641922216885107294 88.480319 0.000000
1641922217059216286 176.697444 0.000000
1641922217108700971 177.057088 0.000000
1641922217119200802 176.746406 0.000000
1641922217136778559 178.432426 0.000000
1641922217175269167 88.806490 0.000000
1641922217191574770 88.344404 0.000000
1641922217312283157 88.431326 0.000000
1641922217460791433 88.724776 0.000000
1641922217485532858 176.670052 0.000000
1641922217547015983 176.627963 0.000000
1641922217573147785 88.589423 0.000000
1641922217613396438 90.103912 0.000000
1641922217614854170 88.366165 0.000000
1641922217748114755 88.930792 0.000000
1641922217773429405 177.499236 0.000000
1641922217967667688 88.500487 0.000000
1641922218058130682 177.217748 0.000000
1641922218132965244 178.386430 0.000000
1641922218179960492 89.148942 0.000000
1641922218187685301 88.541393 0.000000
1641922218268934466 89.759496 0.000000
1641922218336099761 88.641250 0.000000
1641922218364017530 176.719655 0.000000
1641922218691240270 88.657050 0.000000
1641922218707535184 88.316121 0.000000
1641922218717220618 176.780178 0.000000
1641922218845503834 88.439612 0.000000
1641922218911818224 176.691352 0.000000
1641922218998066599 88.443429 0.000000
1641922219050826393 88.587430 0.000000
1641922219166349971 176.696823 0.000000
1641922219182098621 88.513070 0.000000
1641922219206529284 88.390921 0.000000
1641922219219965990 88.501969 0.000000
1641922219360025179 89.245583 0.000000
1641922219442304204 176.736447 0.000000
1641922219448545592 88.513921 0.000000
1641922219506485816 88.503692 0.000000
1641922219507334397 88.781643 0.000000
1641922219571807255 88.598180 0.000000
1641922219582443813 88.734735 0.000000
1641922219647388185 88.606656 0.000000
1641922219684247665 176.910613 0.000000
1641922219703154575 88.617947 0.000000
1641922219801500755 88.510184 0.000000
1641922219812421245 176.737158 0.000000
1641922219869147183 88.445343 0.000000
1641922219928167190 88.445683 0.000000
1641922219964244364 176.678598 0.000000
1641922220075892940 88.376795 0.000000
1641922220102063514 177.940574 0.000000
1641922220247365349 176.837145 0.000000
1641922220293685813 89.316055 0.000000
1641922220302200253 88.630671 0.000000
1641922220371915097 176.601093 0.000000
1641922220517840601 177.393197 0.000000
1641922220539702329 178.407749 0.000000
1641922220575683673 89.109347 0.000000
1641922220597821077 89.174700 0.000000
1641922220605075826 89.988716 0.000000
1641922220617949056 88.789428 0.000000
1641922220694428760 178.803371 0.000000
1641922220716557228 176.849358 0.000000
1641922220758248054 177.261651 0.000000
1641922220834106524 89.291940 0.000000
1641922220836266282 176.998489 0.000000
1641922220950818270 88.460311 0.000000
1641922220976632516 176.719484 0.000000
1641922220980009196 177.520467 0.000000
1641922221093257239 90.082512 0.000000
1641922221179165777 177.275417 0.000000
1641922221197191134 88.439462 0.000000
1641922221241349675 89.282051 0.000000
1641922221542221282 176.907176 0.000000
1641922221550579138 88.686285 0.000000
1641922221566574510 88.498332 0.000000
1641922221623694517 88.484627 0.000000
1641922221634740782 176.620399 0.000000
1641922221673572900 88.502360 0.000000
1641922221694820306 88.480780 0.000000
1641922221712154337 88.451324 0.000000
1641922221848627163 88.457185 0.000000
1641922221855722212 88.557243 0.000000
1641922221911264091 88.414716 0.000000
1641922222054468695 88.726630 0.000000
1641922222068930913 88.428611 0.000000
1641922222125083446 177.384501 0.000000
1641922222229797874 177.538891 0.000000
1641922222254760494 88.610512 0.000000
1641922222343155603 88.391913 0.000000
1641922222436857870 176.686473 0.000000
1641922222744802625 88.537396 0.000000
1641922222921906671 88.382676 0.000000
1641922222964551184 88.488003 0.000000
1641922223007823625 176.717572 0.000000
1641922223098984217 90.309387 0.000000
1641922223204326913 88.488244 0.000000
1641922223269906636 88.475559 0.000000
1641922223280851762 88.566670 0.000000
1641922223309462310 176.732540 0.000000
1641922223373235718 176.710358 0.000000
1641922223556916591 88.496319 0.000000
1641922223599893848 177.531727 0.000000
1641922223655928921 176.968973 0.000000
1641922223721965060 88.743953 0.000000
1641922223898808497 176.840972 0.000000
1641922224075661162 88.330788 0.000000
1641922224166163491 176.675182 0.000000
1641922224212408823 88.443499 0.000000
1641922224307841434 88.402473 0.000000
1641922224366604971 88.541554 0.000000
1641922224440924376 88.452397 0.000000
1641922224617595630 176.665754 0.000000
1641922224659317715 88.418332 0.000000
1641922224739148360 88.426528 0.000000
1641922224808560016 176.751274 0.000000
1641922224833862183 176.715037 0.000000
1641922224867355363 88.483444 0.000000
1641922224954877135 88.704779 0.000000
1641922225031668574 88.415167 0.000000
1641922225097915006 88.712755 0.000000
1641922225108592611 89.742495 0.000000
1641922225165035538 88.430465 0.000000
1641922225173088513 176.753048 0.000000
1641922225173168463 88.395200 0.000000
1641922225406172027 89.313751 0.000000
1641922225452841335 88.556111 0.000000
1641922225473929282 88.319026 0.000000
1641922225539947638 89.015412 0.000000
1641922225614123755 89.256654 0.000000
1641922225686814146 88.526595 0.000000
1641922225691359216 88.449521 0.000000
1641922225752855815 88.498773 0.000000
1641922225908353502 88.427630 0.000000
1641922225920079942 176.771573 0.000000
1641922226205323306 88.925493 0.000000
1641922226261433840 89.264618 0.000000
1641922226641046310 176.839480 0.000000
1641922226683557955 88.456043 0.000000
1641922226716858514 88.837889 0.000000
1641922226775624285 88.444962 0.000000
1641922226776865682 88.594092 0.000000
1641922226847401224 89.007446 0.000000
1641922226872441911 88.549648 0.000000
1641922226874534153 177.140675 0.000000
1641922226976553118 88.541404 0.000000
1641922227003700784 88.402272 0.000000
1641922227066298778 89.740159 0.000000
1641922227097134117 177.125506 0.000000
1641922227146599896 89.623101 0.000000
1641922227172874054 176.715277 0.000000
1641922227294259811 88.454620 0.000000
1641922227321995199 177.943489 0.000000
1641922227356019484 88.533557 0.000000
1641922227395435837 88.435314 0.000000
1641922227440144930 89.279336 0.000000
1641922227531746069 178.585143 0.000000
1641922227677888370 178.582337 0.000000
1641922227718456931 88.572993 0.000000
1641922227736751393 88.381503 0.000000
1641922227740016273 89.419358 0.000000
1641922227792736903 176.794546 0.000000
1641922227812771797 89.063843 0.000000
1641922227825330086 88.573473 0.000000
1641922228104583612 88.494375 0.000000
1641922228175130816 88.684051 0.000000
1641922228319399275 88.453007 0.000000
1641922228412041415 89.290517 0.000000
1641922228467725850 88.435985 0.000000
1641922228474037210 88.630731 0.000000
1641922228476164708 88.647682 0.000000
1641922228488079481 176.781110 0.000000
1641922228552956668 176.944707 0.000000
1641922228617104528 88.410138 0.000000
1641922228656274789 88.596667 0.000000
1641922228834575357 176.644866 0.000000
1641922228975172785 88.465801 0.000000
1641922229061652123 88.408053 0.000000
1641922229209264088 177.296186 0.000000
1641922229315110608 88.542906 0.000000
1641922229370978037 88.580767 0.000000
1641922229398838068 88.498012 0.000000
1641922229423552653 88.384879 0.000000
1641922229427830963 89.413588 0.000000
1641922229443321088 177.563127 0.000000
1641922229482798555 88.486140 0.000000
1641922229485304141 88.409355 0.000000
1641922229557960259 89.483880 0.000000
1641922229647487569 89.524495 0.000000
1641922229658551618 177.395583 0.000000
1641922229701504890 88.496148 0.000000
1641922229718805098 88.476731 0.000000
1641922229732553097 176.928115 0.000000
1641922229975283204 176.934478 0.000000
1641922230066797439 89.165713 0.000000
1641922230224637797 89.544994 0.000000
1641922230322688655 90.239045 0.000000
1641922230373726671 88.489305 0.000000
1641922230439815559 89.212692 0.000000
1641922230521961935 88.488304 0.000000
1641922230736965951 177.511650 0.000000
1641922230753135720 177.367600 0.000000
1641922230793043123 88.684161 0.000000
1641922230810854479 88.747360 0.000000
1641922230831101801 88.669744 0.000000
1641922230958606707 88.388356 0.000000
1641922230959810343 88.333082 0.000000
1641922231025740353 89.467599 0.000000
1641922231102591073 88.436696 0.000000
1641922231164486420 88.459078 0.000000
1641922231253893496 89.404100 0.000000
1641922231398825389 176.530602 0.000000
1641922231408093471 88.452406 0.000000
1641922231465330767 88.443169 0.000000
1641922231467331016 88.483635 0.000000
1641922231472434883 176.554436 0.000000
1641922231482984637 90.245207 0.000000
1641922231487429118 88.598460 0.000000
1641922231540664654 88.606024 0.000000
1641922231603182478 88.476351 0.000000
1641922231665295864 88.483264 0.000000
1641922231758017442 88.449430 0.000000
1641922231762672197 88.490337 0.000000
1641922231883720502 88.569085 0.000000
1641922231953855283 176.774849 0.000000
1641922231966834442 88.519342 0.000000
1641922231972873902 89.029167 0.000000
1641922231988750772 89.067559 0.000000
1641922232255399000 88.458778 0.000000
1641922232375919095 88.567973 0.000000
1641922232498350852 89.403189 0.000000
1641922232560153696 88.603910 0.000000
1641922232862332905 176.638434 0.000000
1641922232912032222 88.570999 0.000000
1641922232934548306 88.551713 0.000000
1641922233038780470 88.691224 0.000000
1641922233039512242 177.176412 0.000000
1641922233093831198 88.649396 0.000000
1641922233151098961 88.591206 0.000000
1641922233291166846 88.655637 0.000000
1641922233299750886 88.582500 0.000000
1641922233421599751 88.394318 0.000000
1641922233476532738 176.776622 0.000000
1641922233525317531 176.612886 0.000000
1641922233652568402 88.372437 0.000000
1641922233662614412 88.590435 0.000000
1641922233665597043 88.490789 0.000000
1641922233748277190 88.533789 0.000000
1641922233901826764 88.560749 0.000000
1641922233984971632 88.620351 0.000000
1641922233985516504 89.174009 0.000000
1641922234115764091 88.814494 0.000000
1641922234176303006 88.567843 0.000000
1641922234262778526 88.822890 0.000000
1641922234388497977 88.453158 0.000000
1641922234624460568 88.527377 0.000000
1641922234766486002 88.460501 0.000000
1641922234995423656 176.821647 0.000000
1641922235055568021 176.633554 0.000000
1641922235057645736 88.506859 0.000000
1641922235146200654 88.543617 0.000000
1641922235196680845 88.392635 0.000000
1641922235211250394 88.575607 0.000000
1641922235274942078 88.729846 0.000000
1641922235408662906 88.436746 0.000000
1641922235487837001 88.374741 0.000000
1641922235663721732 176.937303 0.000000
1641922235851524451 88.556511 0.000000
1641922235853707163 88.584314 0.000000
1641922235932727379 176.741827 0.000000
1641922235937620762 88.554949 0.000000
1641922235940058421 88.528680 0.000000
1641922236005947944 176.696992 0.000000
1641922236008382848 88.448840 0.000000
1641922236023664423 177.609063 0.000000
1641922236028616695 88.555550 0.000000
1641922236037411861 88.823061 0.000000
1641922236079873642 88.527176 0.000000
1641922236221569598 88.577470 0.000000
1641922236415861382 88.471212 0.000000
1641922236437925098 88.604131 0.000000
1641922236588744616 176.614428 0.000000
1641922236655818350 88.554488 0.000000
1641922236669020025 176.764149 0.000000
1641922236802161898 89.037623 0.000000
1641922236878266850 88.432248 0.000000
1641922236902746184 88.434213 0.000000
1641922237009733783 88.472513 0.000000
1641922237098280817 88.537336 0.000000
1641922237099637750 88.454791 0.000000
1641922237124676093 88.487302 0.000000
1641922237134750115 88.485128 0.000000
1641922237189210296 88.771263 0.000000
1641922237270873677 88.576599 0.000000
1641922237338115185 90.372504 0.000000
1641922237408512629 88.586287 0.000000
1641922237430765370 176.776793 0.000000
1641922237619834774 176.623796 0.000000
1641922237714547334 88.681846 0.000000
1641922237848587852 88.538248 0.000000
1641922237849843836 88.682137 0.000000
1641922237850673471 88.502851 0.000000
1641922237937091794 88.500076 0.000000
1641922237948991359 88.478926 0.000000
1641922237962053743 88.474087 0.000000
1641922238070881882 89.147058 0.000000
1641922238172924051 88.340757 0.000000
1641922238252702700 88.653153 0.000000
1641922238331507111 90.396371 0.000000
1641922238341828648 89.116500 0.000000
1641922238365475212 176.889354 0.000000
1641922238473699578 88.686035 0.000000
1641922238536223144 88.400640 0.000000
1641922238562272701 88.567542 0.000000
1641922238798224732 88.469408 0.000000
1641922238917896988 176.734784 0.000000
1641922238969426916 88.378578 0.000000
1641922239035511115 88.539149 0.000000
1641922239196103121 89.012667 0.000000
1641922239253604893 176.764179 0.000000
1641922239421662502 90.126294 0.000000
1641922239430180458 177.681639 0.000000
1641922239620584664 88.989142 0.000000
1641922239631421487 89.785355 0.000000
1641922239650387747 179.040214 0.000000
1641922239714343276 177.548458 0.000000
1641922239774106698 88.448840 0.000000
1641922239872620723 88.946693 0.000000
1641922239924930283 176.794685 0.000000
1641922239931960702 176.626802 0.000000
1641922240002783362 176.892590 0.000000
1641922240013263767 177.359585 0.000000
1641922240072745080 88.718987 0.000000
1641922240161111494 177.061907 0.000000
1641922240444008650 179.423043 0.000000
1641922240453804532 182.777521 0.000000
1641922240498132861 88.482523 0.000000
1641922240525855525 176.988289 0.000000
1641922240590995554 176.930270 0.000000
1641922240614355490 88.494294 0.000000
1641922240671961488 179.029545 0.000000
1641922240740694622 176.529088 0.000000
1641922240791975854 88.590284 0.000000
1641922240859043306 88.377285 0.000000
1641922240947493929 88.444341 0.000000
1641922241165108078 88.422771 0.000000
1641922241435919089 88.498622 0.000000
1641922241456645279 89.262435 0.000000
1641922241590861655 88.460340 0.000000
1641922241609543313 88.553145 0.000000
1641922241636459595 88.654234 0.000000
1641922241822934887 176.684009 0.000000
1641922241860501372 89.715674 0.000000
1641922241880740488 88.447056 0.000000
1641922241882896079 88.466533 0.000000
1641922241955551244 88.644407 0.000000
1641922242151845811 88.446755 0.000000
1641922242177664326 88.460131 0.000000
1641922242192307784 88.437839 0.000000
1641922242314795947 88.624619 0.000000
1641922242491880977 177.079460 0.000000
1641922242549645592 88.463266 0.000000
1641922242687093667 89.009942 0.000000
1641922242765668398 176.700179 0.000000
1641922242838617855 88.499224 0.000000
1641922242877618889 89.168289 0.000000
1641922243055561998 176.774168 0.000000
1641922243080934086 177.617198 0.000000
1641922243297542980 177.640602 0.000000
1641922243340103787 176.586716 0.000000
1641922243344348413 89.280188 0.000000
1641922243408969369 88.466983 0.000000
1641922243411677476 88.425135 0.000000
1641922243603548701 88.555430 0.000000
1641922243643477885 177.072677 0.000000
1641922243701078582 89.451259 0.000000
1641922243791817354 90.735626 0.000000
1641922243821828588 176.753328 0.000000
1641922243861356249 88.447517 0.000000
1641922243998383034 176.550509 0.000000
1641922244185501481 88.652852 0.000000
1641922244230076493 89.641545 0.000000
1641922244280850414 88.421418 0.000000
1641922244317784504 88.455472 0.000000
1641922244445830545 176.748219 0.000000
1641922244646376140 88.436166 0.000000
1641922244662031715 88.508471 0.000000
1641922244737906846 176.595233 0.000000
1641922244768888088 176.942453 0.000000
1641922244829332065 176.575305 0.000000
1641922244987390862 176.717371 0.000000
1641922244990602683 178.662708 0.000000
1641922245021289222 88.458027 0.000000
1641922245026308890 88.378448 0.000000
1641922245354780562 88.676496 0.000000
1641922245388752429 88.419324 0.000000
1641922245391345119 88.613277 0.000000
1641922245445418385 88.459760 0.000000
1641922245446970945 88.500296 0.000000
1641922245537717331 176.731157 0.000000
1641922245559929396 88.552524 0.000000
1641922245610452397 88.519763 0.000000
1641922245742480973 88.337651 0.000000
1641922245757610171 88.459019 0.000000
1641922245888063865 88.651279 0.000000
1641922245911447766 176.738701 0.000000
1641922245943120143 177.383159 0.000000
1641922245976565523 88.496358 0.000000
1641922245988778846 176.689498 0.000000
1641922246118541806 88.526355 0.000000
1641922246121804341 177.208432 0.000000
1641922246185742037 88.331750 0.000000
1641922246475020684 89.128724 0.000000
1641922246542808457 88.409807 0.000000
1641922246786969305 176.658983 0.000000
1641922246790320126 88.462496 0.000000
1641922246967604008 88.668883 0.000000
1641922247059270249 88.345255 0.000000
1641922247123218915 88.372075 0.000000
1641922247149657372 176.652089 0.000000
1641922247200369256 90.984743 0.000000
1641922247228432198 88.534891 0.000000
1641922247288851369 88.478275 0.000000
1641922247343409463 88.607948 0.000000
1641922247431850087 88.433962 0.000000
1641922247444162816 176.802040 0.000000
1641922247489366707 89.437603 0.000000
1641922247532841807 88.672139 0.000000
1641922247640554275 91.270058 0.000000
1641922247792917727 88.569746 0.000000
1641922247809560322 88.533558 0.000000
1641922247957352526 88.600965 0.000000
1641922248006340499 176.578080 0.000000
1641922248102312931 88.521305 0.000000
1641922248300994442 88.515795 0.000000
1641922248720311536 88.584605 0.000000
1641922248754006213 178.016776 0.000000
1641922248801348572 88.426707 0.000000
1641922248807791359 88.457436 0.000000
1641922248951805150 88.355324 0.000000
1641922249047942181 176.732540 0.000000
1641922249145549908 176.908750 0.000000
1641922249161876661 88.461383 0.000000
1641922249257913494 177.338636 0.000000
1641922249313398385 176.695901 0.000000
1641922249383082021 89.347093 0.000000
1641922249387369037 88.821539 0.000000
1641922249538722445 88.702956 0.000000
1641922249613984147 88.325479 0.000000
1641922249647112804 176.807280 0.000000
1641922249679373894 88.516556 0.000000
1641922249824586723 88.511767 0.000000
1641922249889804949 88.500256 0.000000
1641922250030749216 88.611203 0.000000
1641922250047936633 89.359346 0.000000
1641922250103309224 88.640269 0.000000
1641922250175543881 88.388106 0.000000
1641922250248290058 88.544319 0.000000
1641922250330895194 88.477433 0.000000
1641922250405822769 88.385722 0.000000
1641922250550511947 88.431698 0.000000
1641922250559585304 88.520785 0.000000
1641922250622370669 176.601704 0.000000
1641922250655035757 95.445143 0.000000
1641922250796600027 88.429864 0.000000
1641922250836289181 89.710615 0.000000
1641922250864074863 188.318567 0.000000
1641922250866317557 90.442667 0.000000
1641922250886044893 88.329005 0.000000
1641922250896279748 98.563859 0.000000
1641922250910377403 88.233807 0.000000
1641922250912210589 90.066983 0.000000
1641922250924480417 184.188614 0.000000
1641922250929852066 93.448200 0.000000
1641922250952238187 191.312127 0.000000
1641922251080353608 89.733718 0.000000
1641922251108660066 88.477113 0.000000
1641922251215641734 88.985084 0.000000
1641922251223162561 89.030109 0.000000
1641922251368919891 89.372811 0.000000
1641922251591457248 88.743592 0.000000
1641922251599648812 88.989102 0.000000
1641922251600618409 89.069854 0.000000
1641922251675021181 90.691713 0.000000
1641922251694351555 177.573467 0.000000
1641922251760952011 176.672096 0.000000
1641922251908018554 176.676564 0.000000
1641922251969326591 88.419665 0.000000
1641922251983976881 176.533988 0.000000
1641922251985673762 177.238488 0.000000
1641922252124697910 89.272384 0.000000
1641922252195074986 88.420967 0.000000
1641922252260693633 88.815026 0.000000
1641922252331519630 88.478285 0.000000
1641922252347704367 177.023224 0.000000
1641922252356520692 177.424446 0.000000
1641922252385897727 88.503242 0.000000
1641922252400656481 88.437609 0.000000
1641922252473964150 88.960760 0.000000
1641922252482416342 90.120123 0.000000
1641922252631467075 88.434843 0.000000
1641922252632555616 88.468577 0.000000
1641922252633610463 88.547775 0.000000
1641922252851195407 88.808494 0.000000
1641922252852302031 88.815817 0.000000
1641922252924874142 176.782324 0.000000
1641922252993928057 88.399528 0.000000
1641922253083288305 88.463307 0.000000
1641922253141935154 88.373529 0.000000
1641922253142929357 88.395510 0.000000
1641922253156515984 88.588462 0.000000
1641922253288290944 176.794195 0.000000
1641922253528421508 88.444752 0.000000
1641922253539082731 176.881108 0.000000
1641922253568708863 88.551262 0.000000
1641922253591994460 177.396504 0.000000
1641922253636666714 88.444652 0.000000
1641922253648388526 88.364963 0.000000
1641922253730489296 176.646829 0.000000
1641922253764890078 88.589413 0.000000
1641922253926747225 88.427981 0.000000
1641922253932922390 89.330342 0.000000
1641922254008885736 88.488674 0.000000
1641922254021320584 88.395280 0.000000
1641922254140918430 88.499444 0.000000
1641922254270579388 88.533699 0.000000
1641922254301575017 176.584463 0.000000
1641922254312369139 88.423462 0.000000
1641922254374179798 88.505035 0.000000
1641922254519321834 176.537824 0.000000
1641922254607911467 176.694848 0.000000
1641922254651999086 88.437649 0.000000
1641922254784657212 176.742589 0.000000
1641922254891576243 89.152278 0.000000
1641922255227823569 176.760543 0.000000
1641922255273197008 177.643588 0.000000
1641922255487989006 88.376383 0.000000
1641922255577737482 88.523550 0.000000
1641922255780342518 88.707815 0.000000
1641922255924960151 88.479988 0.000000
1641922256056898067 88.361927 0.000000
1641922256218587149 88.464689 0.000000
1641922256279473124 88.371043 0.000000
1641922256395135353 88.512930 0.000000
1641922256409356079 88.534891 0.000000
1641922256412607773 88.489034 0.000000
1641922256433925231 88.554447 0.000000
1641922256440217586 89.199166 0.000000
1641922256509259489 176.756014 0.000000
1641922256568686169 88.494515 0.000000
1641922256613704642 88.363479 0.000000
1641922256658989615 88.470510 0.000000
1641922256701019677 88.505887 0.000000
1641922256861793965 176.602397 0.000000
1641922256931375869 88.420226 0.000000
1641922256941194954 176.695020 0.000000
1641922256944975601 88.836025 0.000000
1641922257019534715 88.597188 0.000000
1641922257208932054 88.501558 0.000000
1641922257249487562 176.802962 0.000000
1641922257309215697 88.551883 0.000000
1641922257603036669 88.559858 0.000000
1641922257662295465 89.626748 0.000000
1641922257693969464 89.522432 0.000000
1641922257704066801 88.530813 0.000000
1641922257748710202 88.984374 0.000000
1641922257840338481 178.893601 0.000000
1641922257871159933 88.595274 0.000000
1641922257912879493 177.049554 0.000000
1641922257946399883 88.655187 0.000000
1641922257981711442 176.765572 0.000000
1641922258058396151 88.517960 0.000000
1641922258092301824 88.477424 0.000000
1641922258259294908 177.286158 0.000000
1641922258385541546 88.856273 0.000000
1641922258446824195 88.443399 0.000000
1641922258603138473 89.182646 0.000000
1641922258887787012 88.422130 0.000000
1641922258900440690 88.654034 0.000000
1641922259001206346 176.863605 0.000000
1641922259054633300 88.490337 0.000000
1641922259079405774 88.518460 0.000000
1641922259090688974 89.397859 0.000000
1641922259264924603 89.841279 0.000000
1641922259269634472 176.767756 0.000000
1641922259381130912 88.519232 0.000000
1641922259781560031 88.370654 0.000000
1641922259801301736 178.571257 0.000000
1641922259803337853 177.275679 0.000000
1641922259804621018 178.542022 0.000000
1641922259850917796 88.456865 0.000000
1641922259865246705 89.947559 0.000000
1641922259928913002 90.104784 0.000000
1641922259936217734 88.444271 0.000000
1641922259981778152 177.154450 0.000000
1641922260074863062 89.144964 0.000000
1641922260156778796 89.361671 0.000000
1641922260165098872 178.025784 0.000000
1641922260293213131 88.489457 0.000000
1641922260340202268 88.535562 0.000000
1641922260455434260 176.660384 0.000000
1641922260566634505 88.556882 0.000000
1641922260673380672 176.764690 0.000000
1641922260677995772 176.764570 0.000000
1641922260708517713 88.442608 0.000000
1641922260941671400 88.592350 0.000000
1641922261166099611 176.664633 0.000000
1641922261243048675 89.303311 0.000000
1641922261396992950 88.888764 0.000000
1641922261438390656 88.647962 0.000000
1641922261526809590 88.409496 0.000000
1641922261541959627 88.434822 0.000000
1641922261583261975 88.429173 0.000000
1641922261587583335 88.802884 0.000000
1641922261731847816 88.562733 0.000000
1641922261850880282 176.731888 0.000000
1641922261955581415 89.197743 0.000000
1641922261993064925 176.842756 0.000000
1641922262026057647 88.567963 0.000000
1641922262114834041 88.770773 0.000000
1641922262309795699 88.415517 0.000000
1641922262319859893 88.460572 0.000000
1641922262409954598 88.674523 0.000000
1641922262543057849 176.723772 0.000000
1641922262612126242 88.589904 0.000000
1641922262860377808 88.568735 0.000000
1641922262869525654 176.753078 0.000000
1641922262892590187 88.500647 0.000000
1641922262905026888 88.468306 0.000000
1641922262949941317 89.565172 0.000000
1641922263003136506 88.795789 0.000000
1641922263079559274 88.361106 0.000000
1641922263195479657 88.603009 0.000000
1641922263447095960 88.464970 0.000000
1641922263553107359 88.563234 0.000000
1641922263591305148 88.441757 0.000000
1641922263717490040 88.497632 0.000000
1641922263730074829 88.547164 0.000000
1641922264041564570 88.581138 0.000000
1641922264108303516 88.700141 0.000000
1641922264130178158 88.609801 0.000000
1641922264163460383 88.539880 0.000000
1641922264230832025 88.403054 0.000000
1641922264319799457 88.963645 0.000000
1641922264554421396 177.120488 0.000000
1641922264672182278 88.587460 0.000000
1641922264756460269 88.576600 0.000000
1641922264937883331 88.401040 0.000000
1641922265109055238 88.636441 0.000000
1641922265113032152 176.724484 0.000000
1641922265235755256 89.465566 0.000000
1641922265346987732 177.534533 0.000000
1641922265396022593 176.834140 0.000000
1641922265525659747 88.536353 0.000000
1641922265543682329 176.799486 0.000000
1641922265587763315 88.784809 0.000000
1641922265687566968 176.707402 0.000000
1641922265715029975 176.878353 0.000000
1641922265828886839 177.242164 0.000000
1641922266173012083 88.541543 0.000000
1641922266177950670 89.421582 0.000000
1641922266317922034 88.486881 0.000000
1641922266335793542 176.862663 0.000000
1641922266385246758 89.310635 0.000000
1641922266483483124 176.787052 0.000000
1641922266501309949 89.015342 0.000000
1641922266512832688 177.035298 0.000000
1641922266535800077 88.406480 0.000000
1641922266540102753 88.457005 0.000000
1641922266625082970 176.839609 0.000000
1641922266757241620 90.682617 0.000000
1641922266760289333 88.398967 0.000000
1641922266836101106 88.656540 0.000000
1641922266838286743 89.697832 0.000000
1641922266924536711 88.429694 0.000000
1641922266926775778 88.481371 0.000000
1641922267113059169 88.467665 0.000000
1641922267116307728 88.552704 0.000000
1641922267133366333 88.381453 0.000000
1641922267139073621 88.420145 0.000000
1641922267200702690 88.529271 0.000000
1641922267220685546 176.802200 0.000000
1641922267276161631 88.519613 0.000000
1641922267351445504 88.465360 0.000000
1641922267355950899 88.501358 0.000000
1641922267397485232 176.795528 0.000000
1641922267600674552 88.534340 0.000000
1641922267637004620 88.408214 0.000000
1641922267718892432 89.036291 0.000000
1641922267843782196 88.441637 0.000000
1641922268000547810 89.715653 0.000000
1641922268003876008 88.395469 0.000000
1641922268132535580 89.795965 0.000000
1641922268167871704 89.219264 0.000000
1641922268217159630 88.582941 0.000000
1641922268240532590 176.778706 0.000000
1641922268296050905 88.537375 0.000000
1641922268453808798 177.594225 0.000000
1641922268651135069 88.463477 0.000000
1641922268658410516 176.543596 0.000000
1641922268873180334 88.936383 0.000000
1641922268879039706 88.423853 0.000000
1641922268890515988 176.966098 0.000000
1641922268954572737 88.551171 0.000000
1641922269018866761 88.434103 0.000000
1641922269020840450 88.504054 0.000000
1641922269173076944 88.527807 0.000000
1641922269253325183 176.577089 0.000000
1641922269309009919 88.494295 0.000000
1641922269339703070 88.586657 0.000000
1641922269619064269 176.703335 0.000000
1641922269821713998 88.599952 0.000000
1641922269862166332 88.666949 0.000000
1641922269899902746 89.124757 0.000000
1641922270023874250 88.582841 0.000000
1641922270121250303 89.328529 0.000000
1641922270123419489 89.236998 0.000000
1641922270188879738 88.556260 0.000000
1641922270189632790 88.466402 0.000000
1641922270300449526 176.753539 0.000000
1641922270334781328 88.785770 0.000000
1641922270480677669 88.584134 0.000000
1641922270502698354 88.956982 0.000000
1641922270531598715 88.633185 0.000000
1641922270532231201 177.603703 0.000000
1641922270701558440 89.524986 0.000000
1641922270774137955 88.467155 0.000000
1641922270775355166 88.558235 0.000000
1641922270849616752 89.050837 0.000000
1641922270855313300 176.801659 0.000000
1641922270862591733 88.449861 0.000000
1641922270866761429 90.070950 0.000000
1641922270966493939 88.546683 0.000000
1641922271043363935 178.324534 0.000000
1641922271055115753 88.611345 0.000000
1641922271169999292 88.456985 0.000000
1641922271275388685 88.992318 0.000000
1641922271420093061 88.523439 0.000000
1641922271433027095 88.386823 0.000000
1641922271575737373 88.478726 0.000000
1641922271619409282 88.758730 0.000000
1641922271793749287 88.583512 0.000000
1641922271810923479 88.609311 0.000000
1641922271934162390 88.486591 0.000000
1641922271944521176 88.411650 0.000000
1641922272002126552 89.020431 0.000000
1641922272090010674 88.559518 0.000000
1641922272157712395 88.926465 0.000000
1641922272599396002 89.341002 0.000000
1641922272702062872 176.651337 0.000000
1641922272733819467 88.398615 0.000000
1641922272763604066 89.524476 0.000000
1641922272813830681 88.824063 0.000000
1641922272822797078 88.971280 0.000000
1641922272981967209 88.465371 0.000000
1641922273104972141 88.724606 0.000000
1641922273113917338 88.400429 0.000000
1641922273209498587 88.421498 0.000000
1641922273250943742 88.851675 0.000000
1641922273352568930 89.711487 0.000000
1641922273353714166 89.760138 0.000000
1641922273503193261 88.525904 0.000000
1641922273583885713 176.909581 0.000000
1641922273630313387 89.080533 0.000000
1641922273649276652 88.381754 0.000000
1641922273734409006 88.694791 0.000000
1641922273767838887 88.562081 0.000000
1641922273786491580 176.747187 0.000000
1641922273845897432 88.429634 0.000000
1641922273986986170 178.044609 0.000000
1641922274019552993 176.908088 0.000000
1641922274062189051 88.953686 0.000000
1641922274090809157 89.235594 0.000000
1641922274158321764 88.639247 0.000000
1641922274177689127 176.969335 0.000000
1641922274246864880 88.539049 0.000000
1641922274266132125 88.641360 0.000000
1641922274332565568 88.683570 0.000000
1641922274348732392 88.550981 0.000000
1641922274452875089 89.235986 0.000000
1641922274461030615 176.746806 0.000000
1641922274513568042 88.557824 0.000000
1641922274730992866 88.502360 0.000000
1641922274789474875 88.455191 0.000000
1641922274799145703 176.556690 0.000000
1641922274816066559 88.517158 0.000000
1641922274904648860 88.576820 0.000000
1641922274990249370 88.616734 0.000000
1641922275137096362 88.563665 0.000000
1641922275168409426 88.323886 0.000000
1641922275169591652 89.530458 0.000000
1641922275178218362 88.616365 0.000000
1641922275187175962 177.039616 0.000000
1641922275188332470 176.880478 0.000000
1641922275257910117 90.401219 0.000000
1641922275311644197 88.576459 0.000000
1641922275328004953 89.354157 0.000000
1641922275370536726 176.826426 0.000000
1641922275439753566 88.641580 0.000000
1641922275443125056 89.027033 0.000000
1641922275500404502 88.454100 0.000000
1641922275609558952 88.455301 0.000000
1641922275762813995 88.677779 0.000000
1641922275824845949 88.399527 0.000000
1641922275895699418 88.590285 0.000000
1641922276014763644 88.687979 0.000000
1641922276089519016 88.438581 0.000000
1641922276266262546 176.738671 0.000000
1641922276411429589 88.758060 0.000000
1641922276444374051 88.376845 0.000000
1641922276489974074 88.613279 0.000000
1641922276498390981 176.933777 0.000000
1641922276560027794 89.077729 0.000000
1641922276566626342 90.304047 0.000000
1641922276579659392 88.533408 0.000000
1641922276673132449 90.973331 0.000000
1641922276686836937 176.700210 0.000000
1641922276749152852 88.452226 0.000000
1641922276853004012 88.934760 0.000000
1641922276965609221 89.051870 0.000000
1641922277039683066 88.563785 0.000000
1641922277133699361 88.436436 0.000000
1641922277257098994 88.436156 0.000000
1641922277444529506 88.490888 0.000000
1641922277507912511 89.383922 0.000000
1641922277655722990 89.705316 0.000000
1641922277685637171 89.223351 0.000000
1641922277818717609 176.931192 0.000000
1641922277855489556 88.462446 0.000000
1641922277941409835 88.470329 0.000000
1641922278163136202 89.099900 0.000000
1641922278232228089 88.341930 0.000000
1641922278290332872 176.785630 0.000000
1641922278381866423 89.464633 0.000000
1641922278523742567 88.434133 0.000000
1641922278573810315 176.983541 0.000000
1641922278602484793 88.743271 0.000000
1641922278668451863 88.437419 0.000000
1641922278727056111 88.424395 0.000000
1641922278756955335 88.497461 0.000000
1641922278788448606 176.920071 0.000000
1641922278831519439 88.571960 0.000000
1641922278979814755 88.722523 0.000000
1641922279115731540 89.355659 0.000000
1641922279122634929 176.720146 0.000000
1641922279162297824 88.472615 0.000000
1641922279180385157 88.376674 0.000000
1641922279236594587 88.484887 0.000000
1641922279309360621 88.487483 0.000000
1641922279350369579 177.219183 0.000000
1641922279438930819 88.555258 0.000000
1641922279715728272 176.743220 0.000000
1641922279763776294 88.499935 0.000000
1641922279890970819 88.533098 0.000000
1641922279909597293 88.434262 0.000000
1641922280038050186 176.645777 0.000000
1641922280064325547 88.691495 0.000000
1641922280109511595 88.879177 0.000000
1641922280168520322 88.652082 0.000000
1641922280174682732 176.934969 0.000000
1641922280284810998 89.736824 0.000000
1641922280287419748 176.927525 0.000000
1641922280489355079 88.483565 0.000000
1641922280534284394 88.479908 0.000000
1641922280706926848 88.383888 0.000000
1641922281005640982 88.538217 0.000000
1641922281143288009 176.589171 0.000000
1641922281244128115 88.378939 0.000000
1641922281253773996 88.530493 0.000000
1641922281301854678 88.518119 0.000000
1641922281402787208 88.365093 0.000000
1641922281429695786 176.711681 0.000000
1641922281452783913 176.689239 0.000000
1641922281524286658 88.529701 0.000000
1641922281706075927 88.709619 0.000000
1641922281730879449 88.554918 0.000000
1641922281738162219 88.495185 0.000000
1641922281743681946 88.496799 0.000000
1641922281786597006 176.961028 0.000000
1641922282001669311 88.383938 0.000000
1641922282041056388 177.493466 0.000000
1641922282164907366 176.877933 0.000000
1641922282210579785 88.557103 0.000000
1641922282319629249 88.592329 0.000000
1641922282355848499 88.468647 0.000000
1641922282396499185 88.672408 0.000000
1641922282485051148 88.546303 0.000000
1641922282597315788 88.663472 0.000000
1641922282608435892 88.575577 0.000000
1641922282609509745 88.450713 0.000000
1641922282816388842 88.572551 0.000000
1641922282828483814 88.581108 0.000000
1641922283045633141 88.604792 0.000000
1641922283191608770 89.960243 0.000000
1641922283628466502 88.582169 0.000000
1641922283773050322 88.581458 0.000000
1641922283864771545 176.774279 0.000000
1641922283989965170 88.344073 0.000000
1641922283995348270 89.444366 0.000000
1641922284002761897 176.559436 0.000000
1641922284332989610 89.351742 0.000000
1641922284365816611 176.565036 0.000000
1641922284659228587 89.790235 0.000000
1641922284731187137 176.651838 0.000000
1641922284770076752 89.379995 0.000000
1641922284815475177 176.615009 0.000000
1641922284936272681 88.426618 0.000000
1641922284985662149 88.597689 0.000000
1641922285021961317 88.607097 0.000000
1641922285218677676 177.238599 0.000000
1641922285302653291 88.963906 0.000000
1641922285318976477 88.459650 0.000000
1641922285521164321 89.177385 0.000000
1641922285535378664 177.036770 0.000000
1641922285635895354 88.555560 0.000000
1641922285667548185 88.422389 0.000000
1641922285696944576 176.770071 0.000000
1641922285740316092 88.428401 0.000000
1641922285826374420 88.732491 0.000000
1641922285892225593 88.766426 0.000000
1641922285963659811 88.502009 0.000000
1641922286039055032 88.456193 0.000000
1641922286059390459 177.082104 0.000000
1641922286119826562 176.553444 0.000000
1641922286219129276 88.497701 0.000000
1641922286548915692 89.001727 0.000000
1641922286623165707 88.600134 0.000000
1641922286696644778 88.609150 0.000000
1641922286913224367 88.445453 0.000000
1641922287068326203 88.536134 0.000000
1641922287141059695 88.432921 0.000000
1641922287155501295 176.864948 0.000000
1641922287166233601 88.499734 0.000000
1641922287239303504 88.539649 0.000000
1641922287276076412 88.577040 0.000000
1641922287285203610 88.577641 0.000000
1641922287373749923 88.536254 0.000000
1641922287396181138 88.935042 0.000000
1641922287424002727 88.516136 0.000000
1641922287424943260 88.429654 0.000000
1641922287545835793 88.514602 0.000000
1641922287613592086 88.628857 0.000000
1641922287632154269 177.033755 0.000000
1641922287686164377 88.679803 0.000000
1641922287732020440 177.146836 0.000000
1641922287820373971 88.347560 0.000000
1641922287956329979 176.829461 0.000000
1641922288007026505 88.450033 0.000000
1641922288081882436 176.692194 0.000000
1641922288210829096 88.524652 0.000000
1641922288322066681 88.568263 0.000000
1641922288354822399 88.532707 0.000000
1641922288362229212 176.721699 0.000000
1641922288535231741 176.888091 0.000000
1641922288560797362 177.172034 0.000000
1641922288737481791 88.645148 0.000000
1641922288798646619 88.723564 0.000000
1641922288825995813 88.509143 0.000000
1641922288831920218 88.622866 0.000000
1641922288925572000 176.787984 0.000000
1641922289126163903 88.556983 0.000000
1641922289213155771 176.737770 0.000000
1641922289221606431 88.337551 0.000000
1641922289230674920 89.207272 0.000000
1641922289243123142 176.665335 0.000000
1641922289320536777 88.638155 0.000000
1641922289388752913 177.162716 0.000000
1641922289529849155 177.820738 0.000000
1641922289585468669 88.651829 0.000000
1641922289590313591 88.497682 0.000000
1641922289661062273 88.477162 0.000000
1641922289714539972 176.982359 0.000000
1641922289778389153 88.582751 0.000000
1641922289853713552 88.732432 0.000000
1641922289872997527 88.535061 0.000000
1641922290079071044 176.814763 0.000000
1641922290321912189 88.467826 0.000000
1641922290402641730 176.744883 0.000000
1641922290482706545 177.767540 0.000000
1641922290904521530 88.557453 0.000000
1641922291010924744 88.399207 0.000000
1641922291051800722 88.587679 0.000000
1641922291125496129 88.551443 0.000000
1641922291200397034 88.656579 0.000000
1641922291228962097 88.491069 0.000000
1641922291318340398 176.750673 0.000000
1641922291322636260 176.760522 0.000000
1641922291417517758 88.585407 0.000000
1641922291518545225 89.329951 0.000000
1641922291607113449 88.558836 0.000000
1641922291632188480 88.462065 0.000000
1641922291720730524 88.531955 0.000000
1641922291774728840 88.591107 0.000000
1641922291855459492 89.956435 0.000000
1641922291995241181 176.807721 0.000000
1641922292066073189 88.567071 0.000000
1641922292082000052 177.304152 0.000000
1641922292268081517 88.506468 0.000000
1641922292344606125 176.824131 0.000000
1641922292457487992 176.926492 0.000000
1641922292476020299 88.680854 0.000000
1641922292587669807 89.473760 0.000000
1641922292703819730 88.428872 0.000000
1641922292923883060 88.449120 0.000000
1641922292950388733 88.413413 0.000000
1641922293021166009 88.820828 0.000000
1641922293022280988 89.013849 0.000000
1641922293023451332 89.101623 0.000000
1641922293086082639 88.495286 0.000000
1641922293181090804 88.654595 0.000000
1641922293305104878 88.595985 0.000000
1641922293347948735 89.340932 0.000000
1641922293384466384 88.782485 0.000000
1641922293605175253 88.549068 0.000000
1641922293650772232 176.845512 0.000000
1641922293890972536 88.468587 0.000000
1641922294009629038 88.747690 0.000000
1641922294102980557 88.430145 0.000000
1641922294112659119 88.444211 0.000000
1641922294201168192 88.499345 0.000000
1641922294258040684 88.602268 0.000000
1641922294284769414 88.479967 0.000000
1641922294290487483 89.209936 0.000000
1641922294329390132 88.392765 0.000000
1641922294463561505 176.834150 0.000000
1641922294467539381 88.503482 0.000000
1641922294615456670 88.419255 0.000000
1641922294624941187 88.420056 0.000000
1641922294783578059 88.651981 0.000000
1641922294934875854 176.900315 0.000000
1641922294960968682 88.465911 0.000000
1641922295143560855 88.558345 0.000000
1641922295276188725 88.416098 0.000000
1641922295356969101 88.366766 0.000000
1641922295582109908 88.513240 0.000000
1641922295748155847 88.589203 0.000000
1641922295777237838 88.589142 0.000000
1641922295796250176 88.486581 0.000000
1641922295799575679 176.802892 0.000000
1641922295865320883 88.492943 0.000000
1641922295965718540 88.739014 0.000000
1641922295994394460 88.388887 0.000000
1641922296146449184 88.679713 0.000000
1641922296312491486 88.603900 0.000000
1641922296313360354 88.575106 0.000000
1641922296379692638 176.899463 0.000000
1641922296530101206 88.739534 0.000000
1641922296590068059 176.723503 0.000000
1641922296737226876 176.813231 0.000000
1641922296791912349 88.562192 0.000000
1641922296834807983 176.701342 0.000000
1641922296837999456 177.705504 0.000000
1641922296926517635 88.506888 0.000000
1641922297109014319 88.572331 0.000000
1641922297126740094 88.454130 0.000000
1641922297141932151 176.833950 0.000000
1641922297157587585 88.526384 0.000000
1641922297187431395 89.609255 0.000000
1641922297246051273 88.457075 0.000000
1641922297332469216 88.420416 0.000000
1641922297359673318 177.532500 0.000000
1641922297406673406 88.775152 0.000000
1641922297562825369 88.495497 0.000000
1641922297592777702 88.656379 0.000000
1641922297708291934 88.423863 0.000000
1641922297765044121 88.900837 0.000000
1641922297925226238 177.113894 0.000000
1641922297990492815 88.465732 0.000000
1641922298169960913 88.541083 0.000000
1641922298207668703 88.486721 0.000000
1641922298356367817 88.581008 0.000000
1641922298429721181 88.435033 0.000000
1641922298445604553 176.706341 0.000000
1641922298495807564 88.881771 0.000000
1641922298585136603 177.021431 0.000000
1641922298632693856 88.573112 0.000000
1641922298657973490 90.405827 0.000000
1641922298801549802 88.509413 0.000000
1641922298940477540 89.275219 0.000000
1641922298975660938 178.076639 0.000000
1641922299096252086 88.631472 0.000000
1641922299117481609 88.528159 0.000000
1641922299249584355 88.623728 0.000000
1641922299295297039 88.515124 0.000000
1641922299462322554 89.703141 0.000000
1641922299513089993 88.540011 0.000000
1641922299598531256 88.694601 0.000000
1641922299687993855 176.922847 0.000000
1641922299827853209 88.367737 0.000000
1641922299961495090 89.127712 0.000000
1641922300133462909 88.638094 0.000000
1641922300208341933 176.815355 0.000000
1641922300224508275 176.872633 0.000000
1641922300281474183 88.663862 0.000000
1641922300296832580 88.485228 0.000000
1641922300342307520 176.666737 0.000000
1641922300570468559 176.678830 0.000000
1641922300623343989 89.754898 0.000000
1641922300624453449 89.849796 0.000000
1641922300680572659 177.002686 0.000000
1641922300772108796 89.038675 0.000000
1641922300805505796 177.000642 0.000000
1641922300980540804 88.457947 0.000000
1641922301151596283 88.353642 0.000000
1641922301205623412 88.446576 0.000000
1641922301285961379 88.447037 0.000000
1641922301343869643 88.522527 0.000000
1641922301450557690 89.852602 0.000000
1641922301463662123 90.099403 0.000000
1641922301499873388 88.642983 0.000000
1641922301504953070 176.768257 0.000000
1641922301561932042 88.614069 0.000000
1641922301594262102 176.696402 0.000000
1641922301795293648 88.597288 0.000000
1641922301796267744 88.507680 0.000000
1641922301869453444 177.897303 0.000000
1641922301955677103 88.557393 0.000000
1641922301974796831 176.694930 0.000000
1641922302058877674 89.029488 0.000000
1641922302082031444 88.704269 0.000000
1641922302104864923 88.778878 0.000000
1641922302155633014 88.505206 0.000000
1641922302226936455 88.458919 0.000000
1641922302291502088 176.701011 0.000000
1641922302349486806 88.530594 0.000000
1641922302370137123 88.471432 0.000000
1641922302514373652 88.603370 0.000000
1641922302566284765 177.344216 0.000000
1641922302661302257 88.894304 0.000000
1641922302684450757 88.555149 0.000000
1641922302885814847 88.461474 0.000000
1641922303057859870 88.836626 0.000000
1641922303077834191 88.530724 0.000000
1641922303106407849 177.545304 0.000000
1641922303120581126 88.659444 0.000000
1641922303145598188 88.393506 0.000000
1641922303205499959 88.625961 0.000000
1641922303269632149 89.448733 0.000000
1641922303293610555 90.645928 0.000000
1641922303294593247 89.083850 0.000000
1641922303415906899 88.925653 0.000000
1641922303423259160 88.641772 0.000000
1641922303504396736 88.486220 0.000000
1641922303529779223 88.628046 0.000000
1641922303691971408 88.553586 0.000000
1641922303778045076 176.854790 0.000000
1641922303778055596 89.394442 0.000000
1641922303819662615 88.532828 0.000000
1641922304078811497 88.548426 0.000000
1641922304167059059 176.763548 0.000000
1641922304227230095 89.685598 0.000000
1641922304257582989 89.533273 0.000000
1641922304326993774 88.542837 0.000000
1641922304354715355 88.816759 0.000000
1641922304524346815 89.101413 0.000000
1641922304589887595 178.718522 0.000000
1641922304618353572 88.403023 0.000000
1641922304631783656 88.510234 0.000000
1641922304676351154 176.742008 0.000000
1641922304692142654 178.246628 0.000000
1641922304893713651 88.586086 0.000000
1641922304936844196 88.554328 0.000000
1641922305055713556 176.827920 0.000000
1641922305068447645 176.609780 0.000000
1641922305183288705 179.711133 0.000000
1641922305346259981 88.581438 0.000000
1641922305451114933 89.326936 0.000000
1641922305533854210 176.947052 0.000000
1641922305546009484 177.520757 0.000000
1641922305551582540 89.379965 0.000000
1641922305663088248 88.494936 0.000000
1641922305671024374 91.504948 0.000000
1641922305725772895 176.941952 0.000000
1641922305811907247 90.217315 0.000000
1641922305892224755 88.646660 0.000000
1641922306087259120 88.523569 0.000000
1641922306099770812 88.825124 0.000000
1641922306104944881 88.730156 0.000000
1641922306117440402 176.842826 0.000000
1641922306126642892 177.388189 0.000000
1641922306250448334 88.444612 0.000000
1641922306254558519 88.404296 0.000000
1641922306267124242 177.396384 0.000000
1641922306304589878 88.531584 0.000000
1641922306416751516 176.823190 0.000000
1641922306472335553 89.625926 0.000000
1641922306492490121 176.654994 0.000000
1641922306494014929 88.431347 0.000000
1641922306549314734 88.433741 0.000000
1641922306639388008 176.631291 0.000000
1641922306682069151 176.784608 0.000000
1641922306699122165 88.506959 0.000000
1641922306852950653 177.983154 0.000000
1641922306941492418 88.532116 0.000000
1641922306956332824 88.501158 0.000000
1641922307054276241 88.933518 0.000000
1641922307065306096 177.363463 0.000000
1641922307141443278 176.748490 0.000000
1641922307431260205 88.576809 0.000000
1641922307435648781 178.951218 0.000000
1641922307489298122 88.479797 0.000000
1641922307512041573 88.650568 0.000000
1641922307638343796 90.185205 0.000000
1641922307716757726 88.431346 0.000000
1641922307726177523 88.491259 0.000000
1641922307730879456 89.455506 0.000000
1641922307731937870 89.592153 0.000000
1641922307789056233 88.517779 0.000000
1641922307871577883 176.731677 0.000000
1641922307874073511 88.503071 0.000000
1641922307878154941 89.095872 0.000000
1641922308018412893 176.783787 0.000000
1641922308069234524 176.720859 0.000000
1641922308086483125 89.315885 0.000000
1641922308092683707 88.505436 0.000000
1641922308097285904 179.010410 0.000000
1641922308159742433 90.505173 0.000000
1641922308161516709 176.956750 0.000000
1641922308588575654 88.361385 0.000000
1641922308592991932 88.366665 0.000000
1641922308689093817 94.237961 0.000000
1641922308806634457 88.417651 0.000000
1641922308818309110 89.940445 0.000000
1641922308824749903 88.950210 0.000000
1641922308834640292 176.699969 0.000000
1641922308889180663 88.555239 0.000000
1641922309050142942 88.550710 0.000000
1641922309114279581 88.633936 0.000000
1641922309175797562 89.259149 0.000000
1641922309298248746 176.774659 0.000000
1641922309341995325 88.548557 0.000000
1641922309353595128 177.794400 0.000000
1641922309487543934 88.532026 0.000000
1641922309494235817 176.794196 0.000000
1641922309553108258 177.384101 0.000000
1641922309617125543 88.409265 0.000000
1641922309837450063 89.174119 0.000000
1641922310018633877 89.093268 0.000000
1641922310222370002 90.279510 0.000000
1641922310435577852 88.471472 0.000000
1641922310526027262 89.520258 0.000000
1641922310643680383 88.433361 0.000000
1641922310670943956 88.617616 0.000000
1641922310701256834 88.500365 0.000000
1641922310858019242 88.453278 0.000000
1641922310937089463 88.639787 0.000000
1641922311183029878 177.482797 0.000000
1641922311206651323 88.438129 0.000000
1641922311315373053 88.532225 0.000000
1641922311332293610 177.913013 0.000000
1641922311461532366 88.385812 0.000000
1641922311518928000 88.476732 0.000000
1641922311529899184 176.931753 0.000000
1641922311593057329 177.414538 0.000000
1641922311594187086 176.757377 0.000000
1641922311618316595 88.412181 0.000000
1641922311628323863 88.419675 0.000000
1641922311716784074 88.458518 0.000000
1641922311751595254 88.504684 0.000000
1641922311805280323 176.960107 0.000000
1641922311805310369 88.523069 0.000000
1641922311968836294 88.455732 0.000000
1641922312057411551 88.569896 0.000000
1641922312101958250 88.487563 0.000000
1641922312114223100 176.720568 0.000000
1641922312259602471 89.246556 0.000000
1641922312369804335 176.767556 0.000000
1641922312475348478 89.419349 0.000000
1641922312481718148 88.695803 0.000000
1641922312569022101 177.163548 0.000000
1641922312573423111 89.863702 0.000000
1641922312643504552 88.686785 0.000000
1641922312682940652 176.594501 0.000000
1641922312685185610 88.516887 0.000000
1641922312691768449 88.506347 0.000000
1641922312700219871 88.459350 0.000000
1641922312820533188 177.826251 0.000000
1641922312828179881 88.403586 0.000000
1641922312829086089 88.463597 0.000000
1641922312861887613 177.100310 0.000000
1641922312910835632 89.966464 0.000000
1641922313054937869 89.091284 0.000000
1641922313264541754 88.806300 0.000000
1641922313323593271 88.559346 0.000000
1641922313410632208 176.554606 0.000000
1641922313606663291 88.533669 0.000000
1641922313622136655 88.563955 0.000000
1641922313724043120 178.081238 0.000000
1641922313759887638 89.303793 0.000000
1641922313913279588 88.843490 0.000000
1641922314039088806 176.845041 0.000000
1641922314138495896 177.064081 0.000000
1641922314150634830 88.556422 0.000000
1641922314291854043 176.810405 0.000000
1641922314312880716 176.812510 0.000000
1641922314339990681 88.515364 0.000000
1641922314354875821 88.891208 0.000000
1641922314401278159 88.392464 0.000000
1641922314580728113 179.446978 0.000000
1641922314582078314 176.699167 0.000000
1641922314584222633 88.685664 0.000000
1641922314587773679 176.735816 0.000000
1641922314628306154 89.248459 0.000000
1641922314731974531 88.422590 0.000000
1641922314757385242 176.652240 0.000000
1641922314796181913 91.146817 0.000000
1641922314796219493 176.683868 0.000000
1641922314797117617 91.388320 0.000000
1641922314910130379 89.599768 0.000000
1641922315086861627 176.725707 0.000000
1641922315115940893 89.327937 0.000000
1641922315157668579 88.647563 0.000000
1641922315289238155 177.222509 0.000000
1641922315302178229 88.420716 0.000000
1641922315305712955 88.511027 0.000000
1641922315351988795 88.438640 0.000000
1641922315463151651 176.668961 0.000000
1641922315509872284 178.394735 0.000000
1641922315653491487 176.900295 0.000000
1641922315740030326 176.766183 0.000000
1641922315840031269 176.907428 0.000000
1641922315956342425 88.545271 0.000000
1641922315972538062 88.613669 0.000000
1641922316051792799 91.235884 0.000000
1641922316088945608 88.423733 0.000000
1641922316160012627 88.552975 0.000000
1641922316171266992 176.741426 0.000000
1641922316176303864 89.018137 0.000000
1641922316266780735 177.829476 0.000000
1641922316335538075 88.534120 0.000000
1641922316368973707 88.511137 0.000000
1641922316394530110 176.762867 0.000000
1641922316449619821 88.687196 0.000000
1641922316483521186 88.987539 0.000000
1641922316484721316 89.091124 0.000000
1641922316616769449 177.671781 0.000000
1641922316621951132 176.644115 0.000000
1641922316633030790 177.740480 0.000000
1641922316768456594 176.748540 0.000000
1641922316820480989 176.805697 0.000000
1641922316840970795 176.665694 0.000000
1641922316849494432 176.625860 0.000000
1641922316877183092 88.464480 0.000000
1641922316909049523 88.564907 0.000000
1641922316962949353 89.165391 0.000000
1641922317022396342 88.370743 0.000000
1641922317062836754 88.404026 0.000000
1641922317177290267 88.901978 0.000000
1641922317213337916 176.800708 0.000000
1641922317222190970 176.876380 0.000000
1641922317249005882 88.456404 0.000000
1641922317357814845 89.734210 0.000000
1641922317482636714 176.660506 0.000000
1641922317534578524 176.758819 0.000000
1641922317541622607 88.672731 0.000000
1641922317546034497 88.832049 0.000000
1641922317687130179 88.438841 0.000000
1641922317715427770 88.658482 0.000000
1641922317774249888 176.718514 0.000000
1641922317867958286 88.590615 0.000000
1641922317956529094 88.564125 0.000000
1641922317983859823 88.525423 0.000000
1641922318029054547 88.458959 0.000000
1641922318381838160 88.648294 0.000000
1641922318429015400 88.507800 0.000000
1641922318528690061 88.681746 0.000000
1641922318534878651 176.768266 0.000000
1641922318608810791 88.634678 0.000000
1641922318683373032 88.512860 0.000000
1641922318743627163 89.219965 0.000000
1641922318747706289 88.935712 0.000000
1641922318818289150 88.499034 0.000000
1641922318828007306 89.194768 0.000000
1641922318848760466 88.465621 0.000000
1641922319066799582 88.671026 0.000000
1641922319116841180 88.382145 0.000000
1641922319206515938 176.574003 0.000000
1641922319328823954 88.689000 0.000000
1641922319335276288 88.594021 0.000000
1641922319403496151 88.542485 0.000000
1641922319481727950 90.460330 0.000000
1641922319483660452 90.291834 0.000000
1641922319544982345 88.691796 0.000000
1641922319788528020 88.556162 0.000000
1641922319792579014 88.482473 0.000000
1641922319992013216 88.586698 0.000000
1641922320122884022 88.442567 0.000000
1641922320149917665 177.104087 0.000000
1641922320210036192 89.160224 0.000000
1641922320256575205 88.525604 0.000000
1641922320404920807 176.716891 0.000000
1641922320440320710 176.613957 0.000000
1641922320490140493 89.315053 0.000000
1641922320521390118 176.897740 0.000000
1641922320795519601 88.701153 0.000000
1641922320795547002 176.854157 0.000000
1641922320804584933 176.822910 0.000000
1641922320852443619 89.469603 0.000000
1641922320855870192 88.415016 0.000000
1641922320908329543 88.475409 0.000000
1641922320931907469 88.490980 0.000000
1641922320936169026 89.087968 0.000000
1641922321024637542 88.460662 0.000000
1641922321090488505 176.777675 0.000000
1641922321105382452 88.561482 0.000000
1641922321157680801 88.538969 0.000000
1641922321347333679 88.533548 0.000000
1641922321359070940 176.553415 0.000000
1641922321459758601 176.815707 0.000000
1641922321479728863 88.566511 0.000000
1641922321521741201 88.562292 0.000000
1641922321741986602 88.536363 0.000000
1641922321757356592 88.499334 0.000000
1641922322158108498 88.442949 0.000000
1641922322181868684 177.688793 0.000000
1641922322190188619 88.570027 0.000000
1641922322294934156 176.913790 0.000000
1641922322484098518 177.184437 0.000000
1641922322487535580 177.914656 0.000000
1641922322512873134 88.651881 0.000000
1641922322602338018 88.410949 0.000000
1641922322615777088 176.777564 0.000000
1641922322650792292 176.861812 0.000000
1641922322747794243 178.506094 0.000000
1641922322770376121 176.937495 0.000000
1641922322779096447 176.755163 0.000000
1641922322839749966 89.397889 0.000000
1641922322928786247 89.034026 0.000000
1641922322988570658 176.886068 0.000000
1641922322992723993 176.767034 0.000000
1641922323039039458 90.223607 0.000000
1641922323054259767 88.474899 0.000000
1641922323109566485 88.447347 0.000000
1641922323133643415 176.938576 0.000000
1641922323165355407 88.458188 0.000000
1641922323267763261 88.619970 0.000000
1641922323411888592 88.501198 0.000000
1641922323566713648 88.453308 0.000000
1641922323588559536 176.668050 0.000000
1641922323636761857 89.066077 0.000000
1641922323940827093 176.734725 0.000000
1641922323990258688 88.396913 0.000000
1641922324102246138 88.551281 0.000000
1641922324117018358 176.960076 0.000000
1641922324206774909 88.452066 0.000000
1641922324232695114 176.698467 0.000000
1641922324435120984 88.339385 0.000000
1641922324445828976 176.868826 0.000000
1641922324724652847 88.537116 0.000000
1641922324753980499 88.610363 0.000000
1641922324813213998 88.549759 0.000000
1641922324842772171 88.782294 0.000000
1641922324944653771 88.528820 0.000000
1641922325098900994 176.795769 0.000000
1641922325142598782 176.975196 0.000000
1641922325143406245 176.821808 0.000000
1641922325167434945 91.048904 0.000000
1641922325185254315 88.381363 0.000000
1641922325232023239 89.309411 0.000000
1641922325344359945 176.915452 0.000000
1641922325523271860 88.573273 0.000000
1641922325525176150 88.536654 0.000000
1641922325596012697 176.838328 0.000000
1641922325685612203 176.758668 0.000000
1641922325869266187 177.336393 0.000000
1641922325926049894 89.376609 0.000000
1641922326002418891 88.477014 0.000000
1641922326044400282 89.025362 0.000000
1641922326070066661 88.513862 0.000000
1641922326151808619 176.946511 0.000000
1641922326284446347 178.999640 0.000000
1641922326482718893 88.365173 0.000000
1641922326508556222 177.312086 0.000000
1641922326529047181 89.115830 0.000000
1641922326571127797 88.405729 0.000000
1641922326577116994 88.459961 0.000000
1641922326600450100 90.513781 0.000000
1641922326705774942 88.489667 0.000000
1641922326990409485 88.516125 0.000000
1641922327016758905 176.680483 0.000000
1641922327028025354 88.443601 0.000000
1641922327075131980 89.093578 0.000000
1641922327089112285 177.699232 0.000000
1641922327125836291 88.474207 0.000000
1641922327353836498 88.691675 0.000000
1641922327389911087 88.508923 0.000000
1641922327503966795 88.492852 0.000000
1641922327572089746 88.482693 0.000000
1641922327648974540 88.464168 0.000000
1641922327652029145 88.504664 0.000000
1641922327656057766 89.153630 0.000000
1641922327657348385 88.317553 0.000000
1641922327744640417 88.579927 0.000000
1641922327810514082 176.853738 0.000000
1641922327874217449 89.215127 0.000000
1641922328084432729 88.409226 0.000000
1641922328093561501 88.425406 0.000000
1641922328312013130 88.590476 0.000000
1641922328339088760 178.779728 0.000000
1641922328407453164 176.845392 0.000000
1641922328609921032 88.347659 0.000000
1641922328688600260 88.522929 0.000000
1641922328749379545 89.456167 0.000000
1641922328839207610 179.264495 0.000000
1641922329016113375 176.900715 0.000000
1641922329111690367 88.417592 0.000000
1641922329315355780 88.402903 0.000000
1641922329440387241 176.692835 0.000000
1641922329477938838 88.642542 0.000000
1641922329627065664 88.522157 0.000000
1641922329693617760 88.469548 0.000000
1641922329735188100 176.817839 0.000000
1641922329735793886 88.648694 0.000000
1641922329826358953 90.425455 0.000000
1641922330028560742 88.582209 0.000000
1641922330066088025 88.792985 0.000000
1641922330161769411 89.481405 0.000000
1641922330202221605 88.541864 0.000000
1641922330302567345 88.495908 0.000000
1641922330332553140 89.363714 0.000000
1641922330389818670 176.687395 0.000000
1641922330443011956 88.380031 0.000000
1641922330496380001 88.679753 0.000000
1641922330512491039 177.218562 0.000000
1641922330596912039 88.407421 0.000000
1641922331018178888 176.742189 0.000000
1641922331043016434 88.512179 0.000000
1641922331056244439 88.355856 0.000000
1641922331146394146 89.153450 0.000000
1641922331217310333 176.792713 0.000000
1641922331234897018 88.493464 0.000000
1641922331362472527 88.466623 0.000000
1641922331469697721 176.931354 0.000000
1641922331508314765 89.061138 0.000000
1641922331527587521 88.541293 0.000000
1641922331596694997 88.376816 0.000000
1641922331740773239 176.990783 0.000000
1641922331942626888 176.712013 0.000000
1641922331946214322 88.911036 0.000000
1641922332031277917 88.648114 0.000000
1641922332074336686 88.450372 0.000000
1641922332118184284 88.980806 0.000000
1641922332119248048 90.011999 0.000000
1641922332201610550 88.612025 0.000000
1641922332337038799 88.528339 0.000000
1641922332380583129 178.026035 0.000000
1641922332436011585 176.725377 0.000000
1641922332546887523 88.462706 0.000000
1641922332556693864 88.387014 0.000000
1641922332579980563 88.577221 0.000000
1641922332711785229 88.451886 0.000000
1641922332817551990 88.584995 0.000000
1641922332857324100 89.389333 0.000000
1641922332869757475 88.493664 0.000000
1641922332964133425 88.520705 0.000000
1641922333002014650 88.458869 0.000000
1641922333107651057 88.467325 0.000000
1641922333138196562 88.399758 0.000000
1641922333282090779 88.470781 0.000000
1641922333302443969 176.901717 0.000000
1641922333307896730 88.480309 0.000000
1641922333472470489 88.402393 0.000000
1641922333523221999 88.895547 0.000000
1641922333525486884 88.580657 0.000000
1641922333539629734 176.751215 0.000000
1641922333656232105 88.319507 0.000000
1641922333791122235 88.487182 0.000000
1641922333829767473 177.384062 0.000000
1641922333976341413 176.901877 0.000000
1641922333979291913 88.432589 0.000000
1641922334056392572 176.828920 0.000000
1641922334252624462 176.740204 0.000000
1641922334307399603 88.501849 0.000000
1641922334314517856 176.738491 0.000000
1641922334324340277 88.475119 0.000000
1641922334341197455 88.568164 0.000000
1641922334344264734 88.494135 0.000000
1641922334576437312 176.619178 0.000000
1641922334617396877 89.915529 0.000000
1641922334673070222 88.474618 0.000000
1641922334703987925 88.578232 0.000000
1641922334885248162 178.726378 0.000000
1641922334914822807 88.657391 0.000000
1641922334973738029 88.485579 0.000000
1641922334994903521 176.753679 0.000000
1641922335110595196 88.370513 0.000000
1641922335175241960 176.673649 0.000000
1641922335198961090 88.360594 0.000000
1641922335242690427 88.537235 0.000000
1641922335287383931 88.416028 0.000000
1641922335356261256 88.553506 0.000000
1641922335400498224 88.430305 0.000000
1641922335519704727 88.616635 0.000000
1641922335545535364 88.451675 0.000000
1641922335607274419 176.782324 0.000000
1641922335752303103 88.366125 0.000000
1641922335763009691 88.416921 0.000000
1641922335824293743 88.618417 0.000000
1641922335843058396 176.529560 0.000000
1641922335912887625 88.575367 0.000000
1641922335944258066 88.622675 0.000000
1641922335969653177 88.598170 0.000000
1641922335971579488 177.514496 0.000000
1641922336028097947 89.105551 0.000000
1641922336116653728 88.551774 0.000000
1641922336210799396 176.798614 0.000000
1641922336297637196 176.737820 0.000000
1641922336500107620 89.286441 0.000000
1641922336538779737 88.907409 0.000000
1641922336553304372 88.413163 0.000000
1641922336576718410 176.736568 0.000000
1641922336633243942 90.537455 0.000000
1641922336718618860 176.723353 0.000000
1641922336760135710 176.734965 0.000000
1641922336825347173 88.650888 0.000000
1641922336952581504 176.891098 0.000000
1641922336988828395 88.496669 0.000000
1641922337080847457 88.558104 0.000000
1641922337109912627 88.704569 0.000000
1641922337169424688 88.571540 0.000000
1641922337213876068 89.993224 0.000000
1641922337294848914 88.491300 0.000000
1641922337333363697 88.862785 0.000000
1641922337337103718 89.884160 0.000000
1641922337589575034 89.393170 0.000000
1641922337590498245 89.245774 0.000000
1641922337603761335 176.730296 0.000000
1641922337624914956 88.661809 0.000000
1641922337807658944 89.093538 0.000000
1641922337881291401 88.396010 0.000000
1641922337986950170 176.865940 0.000000
1641922337987883519 176.652451 0.000000
1641922337990412139 89.236205 0.000000
1641922338293996753 88.493333 0.000000
1641922338296623747 176.707403 0.000000
1641922338317728155 88.481842 0.000000
1641922338365856368 176.694800 0.000000
1641922338697645909 89.019680 0.000000
1641922338901302997 88.501418 0.000000
1641922338914656868 88.730578 0.000000
1641922338919906679 178.416958 0.000000
1641922339003132278 88.514773 0.000000
1641922339187744377 88.563795 0.000000
1641922339311766025 178.600140 0.000000
1641922339368087365 88.624739 0.000000
1641922339413409968 88.467985 0.000000
1641922339416302380 88.408915 0.000000
1641922339423581013 176.687546 0.000000
