1641922203404472008 144.768976 0.000000
1641922203413090312 72.474587 0.000000
1641922203549304624 72.419494 0.000000
1641922203555714850 145.609182 0.000000
1641922203571831198 72.508390 0.000000
1641922203636669282 72.627565 0.000000
1641922203735885263 73.203062 0.000000
1641922203862536339 144.982857 0.000000
1641922203927577073 72.585075 0.000000
1641922203990501909 73.434386 0.000000
1641922204082955896 72.558514 0.000000
1641922204234694406 73.157166 0.000000
1641922204243831814 72.446866 0.000000
1641922204282809433 72.441776 0.000000
1641922204283234891 145.331411 0.000000
1641922204294498233 73.702979 0.000000
1641922204297866397 72.577310 0.000000
1641922204298281655 145.520755 0.000000
1641922204304104600 72.536213 0.000000
1641922204357275614 72.447797 0.000000
1641922204366863145 72.361515 0.000000
1641922204370715636 72.425114 0.000000
1641922204521793899 72.532386 0.000000
1641922204533582916 72.499854 0.000000
1641922204589790893 73.397357 0.000000
1641922204608159083 73.487306 0.000000
1641922204670449691 73.245472 0.000000
1641922204730253197 74.453266 0.000000
1641922204902075763 73.452780 0.000000
1641922204945259738 144.797871 0.000000
1641922204969087411 72.525813 0.000000
1641922205098957340 74.234677 0.000000
1641922205106556174 74.107598 0.000000
1641922205190108325 72.397042 0.000000
1641922205250274611 75.622609 0.000000
1641922205251398007 144.836553 0.000000
1641922205325346346 73.890762 0.000000
1641922205389297808 73.056067 0.000000
1641922205555485502 72.505265 0.000000
1641922205620683630 73.442562 0.000000
1641922205621596561 73.115188 0.000000
1641922205701444599 73.539313 0.000000
1641922205756950130 72.449791 0.000000
1641922206064132806 146.043095 0.000000
1641922206108813165 72.463407 0.000000
1641922206266210944 145.501981 0.000000
1641922206640310710 147.747499 0.000000
1641922206693919466 145.689523 0.000000
1641922206697226093 72.456914 0.000000
1641922206718153399 72.547955 0.000000
1641922206784674547 72.679732 0.000000
1641922206985511909 72.626402 0.000000
1641922207061788233 72.411810 0.000000
1641922207125107679 144.763336 0.000000
1641922207159086830 72.542284 0.000000
1641922207231555617 72.458558 0.000000
1641922207294500401 72.557542 0.000000
1641922207298138480 72.518499 0.000000
1641922207666687052 72.765302 0.000000
1641922207668591461 72.720037 0.000000
1641922207713980429 72.771293 0.000000
1641922207715577933 144.775949 0.000000
1641922207811933924 72.730607 0.000000
1641922207879158541 72.519121 0.000000
1641922208020146951 145.685655 0.000000
1641922208031018439 72.421889 0.000000
1641922208220590905 144.948112 0.000000
1641922208374062194 72.388056 0.000000
1641922208382611248 72.612476 0.000000
1641922208386426760 72.529420 0.000000
1641922208456173444 72.489395 0.000000
1641922208657325806 72.616994 0.000000
1641922208667450184 145.081162 0.000000
1641922208684574481 73.189156 0.000000
1641922208798141232 144.819110 0.000000
1641922208812162093 74.253141 0.000000
1641922208812221575 144.761403 0.000000
1641922208829656485 72.461633 0.000000
1641922208891499012 144.734372 0.000000
1641922208894179788 72.431596 0.000000
1641922209031193618 72.662750 0.000000
1641922209084458118 144.730395 0.000000
1641922209181494394 72.382675 0.000000
1641922209246782590 72.553065 0.000000
1641922209415781564 145.870942 0.000000
1641922209665829747 146.635294 0.000000
1641922209693945207 72.991075 0.000000
1641922209812761819 145.536175 0.000000
1641922209909254876 144.810364 0.000000
1641922209922849959 72.360393 0.000000
1641922210065751185 144.799574 0.000000
1641922210067468233 145.537787 0.000000
1641922210126592666 144.894272 0.000000
1641922210423771292 72.618498 0.000000
1641922210462519882 145.210154 0.000000
1641922210563781829 72.467294 0.000000
1641922210704572188 146.165544 0.000000
1641922210706695779 73.392428 0.000000
1641922210775341139 72.647382 0.000000
1641922210853833575 73.691397 0.000000
1641922210925315301 72.584643 0.000000
1641922210928462150 72.506016 0.000000
1641922210998798980 72.426898 0.000000
1641922211042548895 72.647761 0.000000
1641922211153833498 72.462345 0.000000
1641922211284473752 144.848145 0.000000
1641922211307218315 72.489746 0.000000
1641922211379783431 72.555298 0.000000
1641922211438771399 72.579504 0.000000
1641922211514450513 72.671366 0.000000
1641922211574482017 72.527697 0.000000
1641922211719440699 72.471762 0.000000
1641922211738891398 72.556731 0.000000
1641922211744067269 72.407161 0.000000
1641922211842432316 72.476370 0.000000
1641922211944021295 72.485618 0.000000
1641922212022292057 72.531173 0.000000
1641922212058581128 145.271038 0.000000
1641922212206803468 73.237708 0.000000
1641922212280455291 72.475398 0.000000
1641922212316918328 72.364140 0.000000
1641922212352789776 72.329065 0.000000
1641922212457521195 72.508299 0.000000
1641922212459681014 72.405007 0.000000
1641922212609094326 74.419463 0.000000
1641922212638382344 72.542975 0.000000
1641922212671520157 73.136878 0.000000
1641922212818998202 72.463646 0.000000
1641922213005948885 72.429373 0.000000
1641922213044269113 73.359737 0.000000
1641922213106279065 72.598229 0.000000
1641922213113622729 72.482761 0.000000
1641922213117723416 72.431245 0.000000
1641922213192277701 144.737919 0.000000
1641922213192646082 73.770536 0.000000
1641922213254398622 73.140095 0.000000
1641922213407445244 144.643602 0.000000
1641922213474135279 74.529228 0.000000
1641922213483880545 72.422409 0.000000
1641922213624347698 144.690358 0.000000
1641922213773036473 72.407171 0.000000
1641922213921119110 75.735299 0.000000
1641922213922133221 75.453751 0.000000
1641922214057546592 144.955907 0.000000
1641922214060145834 73.164801 0.000000
1641922214128517310 73.947168 0.000000
1641922214277238995 72.531043 0.000000
1641922214285074011 72.415827 0.000000
1641922214432617318 72.468024 0.000000
1641922214506722743 144.627432 0.000000
1641922214565126605 72.623807 0.000000
1641922214710088363 72.543516 0.000000
1641922214886325945 72.463085 0.000000
1641922214957615661 72.563934 0.000000
1641922214998598821 72.644145 0.000000
1641922215072435822 144.809142 0.000000
1641922215149604397 72.517477 0.000000
1641922215150689110 144.617602 0.000000
1641922215159301574 73.030179 0.000000
1641922215373266572 72.562733 0.000000
1641922215394779086 72.397844 0.000000
1641922215441045418 72.497120 0.000000
1641922215527081465 74.332219 0.000000
1641922215594168764 72.494354 0.000000
1641922215655653301 72.575356 0.000000
1641922215738955744 72.465971 0.000000
1641922215829719392 72.316340 0.000000
1641922215883771028 72.462124 0.000000
1641922215954745904 72.668180 0.000000
1641922215972468453 72.352719 0.000000
1641922216172368759 72.528469 0.000000
1641922216236200636 144.797901 0.000000
1641922216246021404 72.537134 0.000000
1641922216397757820 72.499104 0.000000
1641922216472031851 72.456002 0.000000
1641922216483497041 72.398274 0.000000
1641922216537358329 145.293120 0.000000
1641922216540131247 72.474787 0.000000
1641922216600115632 72.539358 0.000000
1641922216830527839 72.537816 0.000000
1641922217121457141 73.173858 0.000000
1641922217189703873 73.565772 0.000000
1641922217326385531 72.433821 0.000000
1641922217337701792 144.877550 0.000000
1641922217407197125 72.535652 0.000000
1641922217481278534 72.513440 0.000000
1641922217543812659 72.503482 0.000000
1641922217549996059 72.471371 0.000000
1641922217698740247 72.664442 0.000000
1641922217699752043 72.526464 0.000000
1641922217772035062 73.289445 0.000000
1641922217849529277 72.444761 0.000000
1641922217914460936 72.954828 0.000000
1641922217917702192 72.387684 0.000000
1641922218057584008 72.570768 0.000000
1641922218130958803 72.549358 0.000000
1641922218135384398 72.494876 0.000000
1641922218137876259 72.583432 0.000000
1641922218149705672 72.525022 0.000000
1641922218204448883 72.438098 0.000000
1641922218223540399 73.090232 0.000000
1641922218275466349 72.661478 0.000000
1641922218345203676 72.535802 0.000000
1641922218440925848 73.223952 0.000000
1641922218493788665 144.847564 0.000000
1641922218503857458 73.536828 0.000000
1641922218573388688 72.617384 0.000000
1641922218574106564 72.489075 0.000000
1641922218783789576 72.491799 0.000000
1641922218794936169 145.316683 0.000000
1641922218929330820 72.522467 0.000000
1641922218947645399 72.348551 0.000000
1641922219012312752 144.659010 0.000000
1641922219164536613 72.427780 0.000000
1641922219227876798 72.874526 0.000000
1641922219240222239 72.603990 0.000000
1641922219367819739 72.529640 0.000000
1641922219447708213 72.550310 0.000000
1641922219601101515 72.579884 0.000000
1641922219959042133 72.424573 0.000000
1641922220107328603 72.635088 0.000000
1641922220169888365 72.524170 0.000000
1641922220464064493 72.602708 0.000000
1641922220473984497 145.864269 0.000000
1641922220520285614 73.035779 0.000000
1641922220548550344 72.476090 0.000000
1641922220605409141 72.458788 0.000000
1641922220618820078 72.371544 0.000000
1641922220760940170 72.974885 0.000000
1641922220812626181 72.546532 0.000000
1641922220905628656 72.612876 0.000000
1641922221051375546 72.658072 0.000000
1641922221177072634 72.513671 0.000000
1641922221182710692 72.583371 0.000000
1641922221341327034 72.625790 0.000000
1641922221344534085 144.800285 0.000000
1641922221486604023 72.411880 0.000000
1641922221488436558 72.424133 0.000000
1641922221543166895 144.828298 0.000000
1641922221610009606 144.762956 0.000000
1641922221640705753 72.544789 0.000000
1641922221852546921 72.590274 0.000000
1641922222054065660 73.455116 0.000000
1641922222147215531 73.021923 0.000000
1641922222273454916 73.455316 0.000000
1641922222365982400 145.077415 0.000000
1641922222418461508 73.374745 0.000000
1641922222437124780 72.562642 0.000000
1641922222438134102 73.149592 0.000000
1641922222492140432 72.552232 0.000000
1641922222582055029 73.201730 0.000000
1641922222642408195 146.452331 0.000000
1641922222643676022 72.415566 0.000000
1641922222729142962 72.568674 0.000000
1641922222782366195 73.205568 0.000000
1641922222802451223 72.695612 0.000000
1641922222933085635 73.382790 0.000000
1641922222938759591 72.464629 0.000000
1641922223010222611 72.897008 0.000000
1641922223021744819 72.423952 0.000000
1641922223154885018 74.346166 0.000000
1641922223166675869 72.383025 0.000000
1641922223219826726 72.536444 0.000000
1641922223220912110 72.472093 0.000000
1641922223300507314 74.307363 0.000000
1641922223311470975 72.502459 0.000000
1641922223432111234 72.418582 0.000000
1641922223438349899 72.490888 0.000000
1641922223656952790 145.037431 0.000000
1641922223675333443 74.181296 0.000000
1641922223874404394 144.729624 0.000000
1641922223951115762 73.350949 0.000000
1641922223958804073 74.027538 0.000000
1641922224096949074 72.491378 0.000000
1641922224108777496 72.468085 0.000000
1641922224157359919 145.496911 0.000000
1641922224226644567 72.691133 0.000000
1641922224241265352 72.479255 0.000000
1641922224246042597 72.493202 0.000000
1641922224465599186 73.143862 0.000000
1641922224816337244 72.667529 0.000000
1641922224831050663 74.229817 0.000000
1641922224834429236 72.838459 0.000000
1641922224902841558 72.734004 0.000000
1641922224905033828 72.919161 0.000000
1641922225102565183 72.525553 0.000000
1641922225107247860 73.007386 0.000000
1641922225122206589 72.442507 0.000000
1641922225128250638 74.598197 0.000000
1641922225175001048 72.433440 0.000000
1641922225179729651 72.478695 0.000000
1641922225199442531 72.593440 0.000000
1641922225276186030 72.396431 0.000000
1641922225338179952 72.681565 0.000000
1641922225342024869 72.504483 0.000000
1641922225469972195 72.617335 0.000000
1641922225710615460 72.500386 0.000000
1641922225717383005 74.624888 0.000000
1641922225782455758 73.669968 0.000000
1641922225855058135 72.597808 0.000000
1641922225860199301 72.356315 0.000000
1641922225931844855 72.564045 0.000000
1641922225994818804 72.488754 0.000000
1641922226000162861 72.640659 0.000000
1641922226134447846 146.100973 0.000000
1641922226199836631 72.586888 0.000000
1641922226211750062 72.515774 0.000000
1641922226293640879 73.246935 0.000000
1641922226368045525 72.405749 0.000000
1641922226662626912 73.162447 0.000000
1641922226710847666 73.463872 0.000000
1641922226731051547 144.674080 0.000000
1641922226734101204 72.664363 0.000000
1641922226874762551 73.254881 0.000000
1641922227001248898 72.485227 0.000000
1641922227027840442 73.444976 0.000000
1641922227320011701 73.269667 0.000000
1641922227384449534 73.144392 0.000000
1641922227540639629 72.403164 0.000000
1641922227583743443 72.507248 0.000000
1641922227613258677 72.613818 0.000000
1641922227748191606 144.684679 0.000000
1641922227903839906 144.895324 0.000000
1641922227976972647 74.388535 0.000000
1641922227982242314 74.362806 0.000000
1641922228117461170 145.682710 0.000000
1641922228164702199 72.541933 0.000000
1641922228200305364 74.279891 0.000000
1641922228264630706 73.140014 0.000000
1641922228487444160 73.246233 0.000000
1641922228645563451 73.528352 0.000000
1641922228708905390 144.593448 0.000000
1641922228789003467 74.223506 0.000000
1641922228794083078 73.070785 0.000000
1641922228818310650 72.478283 0.000000
1641922228854629768 144.999299 0.000000
1641922228860644942 73.022174 0.000000
1641922228867889832 72.785730 0.000000
1641922228962146248 72.412050 0.000000
1641922229007344408 73.339959 0.000000
1641922229008293627 73.189868 0.000000
1641922229010445180 146.770919 0.000000
1641922229077849283 72.483684 0.000000
1641922229301383228 73.398159 0.000000
1641922229302258689 147.781855 0.000000
1641922229304416012 146.855087 0.000000
1641922229317405159 74.658501 0.000000
1641922229327306619 72.485698 0.000000
1641922229447381128 145.116899 0.000000
1641922229452421746 72.697174 0.000000
1641922229534821768 73.660260 0.000000
1641922229593263852 74.124249 0.000000
1641922229605409668 72.446385 0.000000
1641922229618114643 73.363553 0.000000
1641922229657839774 72.585846 0.000000
1641922229742015173 75.264346 0.000000
1641922229750906029 72.430195 0.000000
1641922229824227012 72.511546 0.000000
1641922229838230270 72.430865 0.000000
1641922229902041899 74.675072 0.000000
1641922229905301709 75.630011 0.000000
1641922229907477497 74.359029 0.000000
1641922230122620033 72.527497 0.000000
1641922230172778772 145.141225 0.000000
1641922230174602280 72.374169 0.000000
1641922230195160574 72.534170 0.000000
1641922230199066797 72.394057 0.000000
1641922230249698010 73.985248 0.000000
1641922230761678322 74.258210 0.000000
1641922230829177273 72.620150 0.000000
1641922230888293982 144.497307 0.000000
1641922230902345550 72.489335 0.000000
1641922230983434985 73.749588 0.000000
1641922231032996625 144.697333 0.000000
1641922231050681453 72.512449 0.000000
1641922231188595310 72.641320 0.000000
1641922231541750299 72.424373 0.000000
1641922231556966029 144.802730 0.000000
1641922231702255351 73.641504 0.000000
1641922231703333242 73.913274 0.000000
1641922231849295455 72.515073 0.000000
1641922231919406281 72.678249 0.000000
1641922231987946514 144.722740 0.000000
1641922232064328626 72.496318 0.000000
1641922232143417651 72.415596 0.000000
1641922232144408679 72.409826 0.000000
1641922232281920603 72.491148 0.000000
1641922232434549142 72.940411 0.000000
1641922232454351760 72.494104 0.000000
1641922232508244146 72.685082 0.000000
1641922232852020665 72.493713 0.000000
1641922232867757112 144.638643 0.000000
1641922232888638161 72.476521 0.000000
1641922233018546072 72.399807 0.000000
1641922233020269262 72.910143 0.000000
1641922233080551055 73.363413 0.000000
1641922233157962135 144.715698 0.000000
1641922233161457166 72.525392 0.000000
1641922233172287777 72.409034 0.000000
1641922233473036845 72.562352 0.000000
1641922233542016011 144.621110 0.000000
1641922233596246601 72.430604 0.000000
1641922233668433139 73.184098 0.000000
1641922233813331147 74.121765 0.000000
1641922233815609047 73.490091 0.000000
1641922233957445226 72.606544 0.000000
1641922233983504682 72.534811 0.000000
1641922234188152156 72.457737 0.000000
1641922234251645358 144.709184 0.000000
1641922234270554051 72.395980 0.000000
1641922234313146687 72.436656 0.000000
1641922234475456373 73.422454 0.000000
1641922234542647787 72.633755 0.000000
1641922234603348095 72.686204 0.000000
1641922234632610865 144.659953 0.000000
1641922234820841166 72.493022 0.000000
1641922234842017278 72.583171 0.000000
1641922234848280709 144.755592 0.000000
1641922234978767876 72.584874 0.000000
1641922234979507853 72.447046 0.000000
1641922234996433899 74.870648 0.000000
1641922235354001398 72.655185 0.000000
1641922235361150959 145.390631 0.000000
1641922235550029075 72.616714 0.000000
1641922235550067126 72.689520 0.000000
1641922235567457253 73.984969 0.000000
1641922235643995717 72.541392 0.000000
1641922235724825655 144.638932 0.000000
1641922235835943807 72.547264 0.000000
1641922235842653704 73.586091 0.000000
1641922235928815196 72.733712 0.000000
1641922235938324872 72.424013 0.000000
1641922236008786335 74.921083 0.000000
1641922236082109533 72.403654 0.000000
1641922236091232433 73.260440 0.000000
1641922236158936188 75.535835 0.000000
1641922236297720577 145.076273 0.000000
1641922236310919968 74.161639 0.000000
1641922236420541734 144.941510 0.000000
1641922236454903803 72.518961 0.000000
1641922236516327697 73.411504 0.000000
1641922236677708471 72.508731 0.000000
1641922236803530854 144.958832 0.000000
1641922236823137064 72.928158 0.000000
1641922236956966886 144.738439 0.000000
1641922236997801307 72.484616 0.000000
1641922237021046117 146.016595 0.000000
1641922237165927214 72.405267 0.000000
1641922237167050019 72.498753 0.000000
1641922237381558015 144.713413 0.000000
1641922237381896680 72.515454 0.000000
1641922237603186659 72.602397 0.000000
1641922237682912227 73.406183 0.000000
1641922237755442048 72.525283 0.000000
1641922237757678530 72.547494 0.000000
1641922237830145473 72.462394 0.000000
1641922237912176363 72.469929 0.000000
1641922237979710650 72.474207 0.000000
1641922238182439898 145.000351 0.000000
1641922238186487855 72.509642 0.000000
1641922238255015905 72.570377 0.000000
1641922238274584194 144.759208 0.000000
1641922238328388225 144.905923 0.000000
1641922238419072254 72.385650 0.000000
1641922238474747343 145.006693 0.000000
1641922238561195863 144.610941 0.000000
1641922238631472149 72.359691 0.000000
1641922239144927216 72.422089 0.000000
1641922239205989803 144.852023 0.000000
1641922239206928121 72.835944 0.000000
1641922239207922806 72.646580 0.000000
1641922239210749233 72.493522 0.000000
1641922239280489936 72.561890 0.000000
1641922239575595245 73.503746 0.000000
1641922239713829613 144.905772 0.000000
1641922239791752883 144.666705 0.000000
1641922239798451870 73.908985 0.000000
1641922239941488019 72.479176 0.000000
1641922240018247949 72.497400 0.000000
1641922240073093373 72.774660 0.000000
1641922240074874110 73.544062 0.000000
1641922240159762546 72.355695 0.000000
1641922240236923397 73.212611 0.000000
1641922240298828683 72.616134 0.000000
1641922240373282330 72.472343 0.000000
1641922240377176048 144.612213 0.000000
1641922240597568444 72.913660 0.000000
1641922240654043171 72.634085 0.000000
1641922240660283679 73.317828 0.000000
1641922240665686836 144.847423 0.000000
1641922240671104902 72.531735 0.000000
1641922240739075096 74.248903 0.000000
1641922240747709541 75.695745 0.000000
1641922240872715113 73.427213 0.000000
1641922240888904759 146.517425 0.000000
1641922241024476446 73.906522 0.000000
1641922241092427184 146.180884 0.000000
1641922241113797360 74.395288 0.000000
1641922241163978481 72.414585 0.000000
1641922241307254038 72.613107 0.000000
1641922241380509509 145.830396 0.000000
1641922241458668401 73.863060 0.000000
1641922241526526936 144.799694 0.000000
1641922241536358174 72.455011 0.000000
1641922241600377592 72.522797 0.000000
1641922241672844926 72.461723 0.000000
1641922241743992937 72.462665 0.000000
1641922241820571978 74.208338 0.000000
1641922241896113123 73.434937 0.000000
1641922241964393959 72.488162 0.000000
1641922242182192994 72.556240 0.000000
1641922242203591795 144.735424 0.000000
1641922242340377117 72.447317 0.000000
1641922242475664781 72.704990 0.000000
1641922242480493302 144.642028 0.000000
1641922242550483032 72.574635 0.000000
1641922242624022605 72.523829 0.000000
1641922242632830625 144.656415 0.000000
1641922242633486715 144.656586 0.000000
1641922242847932785 145.407544 0.000000
1641922242986746179 72.833380 0.000000
1641922242991933292 144.669571 0.000000
1641922242992743661 72.405488 0.000000
1641922243200210018 72.476471 0.000000
1641922243207636970 72.415567 0.000000
1641922243282654894 144.796208 0.000000
1641922243427603517 146.545386 0.000000
1641922243429073893 72.337691 0.000000
1641922243662665701 144.881889 0.000000
1641922243707450366 144.758988 0.000000
1641922243789841200 72.843969 0.000000
1641922243790871491 72.693087 0.000000
1641922243809074521 72.682026 0.000000
1641922243935755814 144.877900 0.000000
1641922244070243901 72.494915 0.000000
1641922244150468074 72.838690 0.000000
1641922244215458292 72.531323 0.000000
1641922244225151471 72.478615 0.000000
1641922244246771386 73.504798 0.000000
1641922244524288337 144.756694 0.000000
1641922244535193057 144.952140 0.000000
1641922244591547308 73.028505 0.000000
1641922244594179021 72.564936 0.000000
1641922244600382569 72.509793 0.000000
1641922244675707479 144.733881 0.000000
1641922244753618456 73.721304 0.000000
1641922244830484265 72.459329 0.000000
1641922245188431294 72.495045 0.000000
1641922245314199707 72.669402 0.000000
1641922245316230884 72.627173 0.000000
1641922245323178797 72.642512 0.000000
1641922245339530828 72.379710 0.000000
1641922245387861970 72.643383 0.000000
1641922245604625875 72.702244 0.000000
1641922245764198600 74.775891 0.000000
1641922245831112234 72.455541 0.000000
1641922245918147304 73.006404 0.000000
1641922245973569728 72.779018 0.000000
1641922246197843710 72.927406 0.000000
1641922246209817114 74.138747 0.000000
1641922246268670529 73.036781 0.000000
1641922246343276301 72.507379 0.000000
1641922246571836677 74.814373 0.000000
1641922246637094408 144.667137 0.000000
1641922246767731354 72.908420 0.000000
1641922246778996220 72.475099 0.000000
1641922246790951359 72.411229 0.000000
1641922246935689477 73.186993 0.000000
1641922247064613805 144.753157 0.000000
1641922247080959373 72.631881 0.000000
1641922247081640089 72.375170 0.000000
1641922247290447200 72.459098 0.000000
1641922247432210573 72.982609 0.000000
1641922247493140862 72.598630 0.000000
1641922247650287689 144.611320 0.000000
1641922247664008267 72.588551 0.000000
1641922247733228044 144.902928 0.000000
1641922247795148910 144.858676 0.000000
1641922247881261960 72.407021 0.000000
1641922247948318623 72.607627 0.000000
1641922248013361279 73.408638 0.000000
1641922248158971613 144.681853 0.000000
1641922248165802558 72.498122 0.000000
1641922248174130086 72.483273 0.000000
1641922248313866800 72.392563 0.000000
1641922248320926303 73.247246 0.000000
1641922248596123015 145.916688 0.000000
1641922248599220260 144.562308 0.000000
1641922248677486163 74.013852 0.000000
1641922248810685383 73.483898 0.000000
1641922248897184719 146.001056 0.000000
1641922248958811563 72.531164 0.000000
1641922249054215029 74.152322 0.000000
1641922249190520922 72.445543 0.000000
1641922249197930050 72.467514 0.000000
1641922249248546356 144.827066 0.000000
1641922249268599103 72.523579 0.000000
1641922249313790129 144.744701 0.000000
1641922249387449968 72.485237 0.000000
1641922249412666845 72.490788 0.000000
1641922249471725796 72.457445 0.000000
1641922249482022085 72.548586 0.000000
1641922249605740405 72.625911 0.000000
1641922249629769906 144.672576 0.000000
1641922249704769857 72.528218 0.000000
1641922249756798249 72.882182 0.000000
1641922249922160426 72.474768 0.000000
1641922250132649510 72.675875 0.000000
1641922250211076544 145.113032 0.000000
1641922250258070210 146.010854 0.000000
1641922250265360365 72.579444 0.000000
1641922250330475948 72.400168 0.000000
1641922250435654416 144.875627 0.000000
1641922250647946689 145.035898 0.000000
1641922250712532089 72.439882 0.000000
1641922250871590410 72.354703 0.000000
1641922250937565394 144.587707 0.000000
1641922251088246343 72.334986 0.000000
1641922251093771770 148.840008 0.000000
1641922251170726414 72.358329 0.000000
1641922251252221329 81.079667 0.000000
1641922251311926642 74.707743 0.000000
1641922251462008787 74.880365 0.000000
1641922251551255162 73.034166 0.000000
1641922251619284938 74.538777 0.000000
1641922251629738613 80.225276 0.000000
1641922251767030544 73.501160 0.000000
1641922251836105109 73.441380 0.000000
1641922251846415384 144.565475 0.000000
1641922251846677906 74.351114 0.000000
1641922251921277968 73.139414 0.000000
1641922251988661933 72.450602 0.000000
1641922252058723748 72.420516 0.000000
1641922252133585429 72.523819 0.000000
1641922252134248281 72.448868 0.000000
1641922252330593103 72.776082 0.000000
1641922252561317276 72.525112 0.000000
1641922252633839272 72.515634 0.000000
1641922252714622733 72.702063 0.000000
1641922252764836835 144.854207 0.000000
1641922252838493589 72.697465 0.000000
1641922252932344053 72.495316 0.000000
1641922253010678734 144.596783 0.000000
1641922253082514745 144.769748 0.000000
1641922253221016514 73.221357 0.000000
1641922253223807826 72.565678 0.000000
1641922253287223644 72.599241 0.000000
1641922253301919991 72.620040 0.000000
1641922253308293367 144.793593 0.000000
1641922253365059560 72.600613 0.000000
1641922253447788919 144.740202 0.000000
1641922253505129850 72.381363 0.000000
1641922253578593611 144.699716 0.000000
1641922253653737251 72.586287 0.000000
1641922253664408634 73.198364 0.000000
1641922253737917540 72.403093 0.000000
1641922253888843467 144.590963 0.000000
1641922253953386067 72.504403 0.000000
1641922253955565302 72.482583 0.000000
1641922254029046045 72.366144 0.000000
1641922254034181731 144.723833 0.000000
1641922254169548384 72.459298 0.000000
1641922254242281456 72.729896 0.000000
1641922254244783055 72.613287 0.000000
1641922254319325058 73.215717 0.000000
1641922254380118400 73.504949 0.000000
1641922254463128114 72.387183 0.000000
1641922254598369863 145.082915 0.000000
1641922254672938004 144.843798 0.000000
1641922254818205957 73.459043 0.000000
1641922254825533462 73.305405 0.000000
1641922254904720330 144.757124 0.000000
1641922254969554747 72.403895 0.000000
1641922255112460732 73.425000 0.000000
1641922255122311386 72.555409 0.000000
1641922255253625773 73.176875 0.000000
1641922255254783423 73.268867 0.000000
1641922255399717319 144.930790 0.000000
1641922255619756223 73.029227 0.000000
1641922255622395500 72.488504 0.000000
1641922255706329787 74.409343 0.000000
1641922255914351726 73.246625 0.000000
1641922255920810693 72.427629 0.000000
1641922256063847193 72.472544 0.000000
1641922256077734613 73.472898 0.000000
1641922256121068209 144.987497 0.000000
1641922256220372015 74.092250 0.000000
1641922256221263276 74.950158 0.000000
1641922256266227797 72.607285 0.000000
1641922256273528792 144.614206 0.000000
1641922256340216472 72.648593 0.000000
1641922256349191105 145.481683 0.000000
1641922256496589711 146.024370 0.000000
1641922256636092466 73.573015 0.000000
1641922256644900216 72.504534 0.000000
1641922256651765444 72.596936 0.000000
1641922256800046264 77.728266 0.000000
1641922256872801306 72.752187 0.000000
1641922256938327319 144.764138 0.000000
1641922256940790396 144.897027 0.000000
1641922256945277757 72.473505 0.000000
1641922257012031501 144.745723 0.000000
1641922257094375789 75.631335 0.000000
1641922257146648219 73.749217 0.000000
1641922257165382825 73.312848 0.000000
1641922257233256067 145.210996 0.000000
1641922257293181843 72.854851 0.000000
1641922257318378031 75.422893 0.000000
1641922257362827819 73.395845 0.000000
1641922257452753497 72.416198 0.000000
1641922257597943803 72.666697 0.000000
1641922257653117501 72.510414 0.000000
1641922257750730328 73.623872 0.000000
1641922257804794627 72.788035 0.000000
1641922258038885810 72.668070 0.000000
1641922258180032317 72.645718 0.000000
1641922258183655138 144.762965 0.000000
1641922258252566627 72.523129 0.000000
1641922258265321304 74.229817 0.000000
1641922258336343279 72.763509 0.000000
1641922258419695645 74.524560 0.000000
1641922258431881777 73.517682 0.000000
1641922258457636743 72.703907 0.000000
1641922258486521484 72.317012 0.000000
1641922258559357028 72.830234 0.000000
1641922258565656105 73.562957 0.000000
1641922258837575745 144.777503 0.000000
1641922258856387636 72.753019 0.000000
1641922258913402375 74.562731 0.000000
1641922259043217142 73.525547 0.000000
1641922259116374319 74.301873 0.000000
1641922259127917625 72.777295 0.000000
1641922259187463840 145.407885 0.000000
1641922259357582573 72.478996 0.000000
1641922259421999958 72.409024 0.000000
1641922259424338451 72.458717 0.000000
1641922259426236478 145.341149 0.000000
1641922259490796140 72.554497 0.000000
1641922259502630382 72.568663 0.000000
1641922259554539992 144.841412 0.000000
1641922259563402334 72.598089 0.000000
1641922259721938707 144.808141 0.000000
1641922259854010684 145.659997 0.000000
1641922259921818504 72.602928 0.000000
1641922260154569174 146.204198 0.000000
1641922260290628466 73.255472 0.000000
1641922260509526481 72.554757 0.000000
1641922260521922667 72.355224 0.000000
1641922260579756992 72.510545 0.000000
1641922260656913655 72.555239 0.000000
1641922260809711803 72.466974 0.000000
1641922260874606993 72.587399 0.000000
1641922260884318697 73.457900 0.000000
1641922260885376279 73.452830 0.000000
1641922260949398413 72.612606 0.000000
1641922261014544062 72.534650 0.000000
1641922261249390111 144.610990 0.000000
1641922261329720413 74.632613 0.000000
1641922261369931696 72.649184 0.000000
1641922261454531982 72.457197 0.000000
1641922261535497935 144.721498 0.000000
1641922261536509211 144.715917 0.000000
1641922261611207196 144.650936 0.000000
1641922261675678162 144.625188 0.000000
1641922261769575914 72.410096 0.000000
1641922261826936993 72.539799 0.000000
1641922261834764094 72.684561 0.000000
1641922261840873005 73.038986 0.000000
1641922261880437455 145.966602 0.000000
1641922261982239253 144.624365 0.000000
1641922261983632836 72.412091 0.000000
1641922262024273252 72.605803 0.000000
1641922262115384823 145.749535 0.000000
1641922262127270291 72.888943 0.000000
1641922262275444340 72.515655 0.000000
1641922262344659529 72.513100 0.000000
1641922262418829133 144.559935 0.000000
1641922262533026386 72.408203 0.000000
1641922262535383504 72.524541 0.000000
1641922262554986518 145.473127 0.000000
1641922262634766900 72.468356 0.000000
1641922262682546107 74.702523 0.000000
1641922262752781237 72.517147 0.000000
1641922262779817504 72.557853 0.000000
1641922263063572028 146.659491 0.000000
1641922263142414531 144.610991 0.000000
1641922263209361898 72.984994 0.000000
1641922263218141855 144.660223 0.000000
1641922263423087669 72.416669 0.000000
1641922263477443644 72.620361 0.000000
1641922263497614262 72.512829 0.000000
1641922263572606539 144.709756 0.000000
1641922263624748483 72.630099 0.000000
1641922263695466428 144.686212 0.000000
1641922263947047896 73.593785 0.000000
1641922263986708947 72.481670 0.000000
1641922264019576505 72.517788 0.000000
1641922264059778861 145.569998 0.000000
1641922264089972166 74.538857 0.000000
1641922264152133010 75.042710 0.000000
1641922264224528881 72.391923 0.000000
1641922264308193652 72.659714 0.000000
1641922264310202177 72.540991 0.000000
1641922264374344938 73.142119 0.000000
1641922264380645828 72.448298 0.000000
1641922264430114262 72.555068 0.000000
1641922264505349474 72.767045 0.000000
1641922264520040992 72.399607 0.000000
1641922264789159892 72.668281 0.000000
1641922264795857776 72.692797 0.000000
1641922264860075597 72.643483 0.000000
1641922264888500327 73.061477 0.000000
1641922264889877839 145.028663 0.000000
1641922265005181847 72.590415 0.000000
1641922265030100965 72.399016 0.000000
1641922265538195364 72.355053 0.000000
1641922265541358142 144.658900 0.000000
1641922265616007887 144.703795 0.000000
1641922265750555525 72.664083 0.000000
1641922265762315508 144.568291 0.000000
1641922265828191576 72.641749 0.000000
1641922265832968010 145.710322 0.000000
1641922265965922551 72.876100 0.000000
1641922265968227832 72.573011 0.000000
1641922266113486488 72.749002 0.000000
1641922266186058878 72.566409 0.000000
1641922266199010745 73.112161 0.000000
1641922266403340613 72.777464 0.000000
1641922266489766371 72.450963 0.000000
1641922266552577525 72.538637 0.000000
1641922266703743873 74.694037 0.000000
1641922266747590049 72.442537 0.000000
1641922266785058671 75.023195 0.000000
1641922266912668615 72.743251 0.000000
1641922266925467716 73.244040 0.000000
1641922267003455908 72.405257 0.000000
1641922267156746638 72.479807 0.000000
1641922267226931394 72.390290 0.000000
1641922267473699438 72.390449 0.000000
1641922267493528556 72.611334 0.000000
1641922267566030896 72.491149 0.000000
1641922267651590900 72.579945 0.000000
1641922267656202004 72.481080 0.000000
1641922267718545481 144.730134 0.000000
1641922267730945404 74.737109 0.000000
1641922267732809968 75.008427 0.000000
1641922267734335247 72.403383 0.000000
1641922267806790960 72.449992 0.000000
1641922267879239157 72.444621 0.000000
1641922267907480794 144.805135 0.000000
1641922267946041353 72.490387 0.000000
1641922268095013918 145.723666 0.000000
1641922268160569878 144.886658 0.000000
1641922268238536839 72.543946 0.000000
1641922268378178005 72.452496 0.000000
1641922268382171060 73.094049 0.000000
1641922268436597868 72.566069 0.000000
1641922268587650804 72.527627 0.000000
1641922268590007511 72.569125 0.000000
1641922268799259406 72.535031 0.000000
1641922269032505835 144.790577 0.000000
1641922269038399383 72.549758 0.000000
1641922269043691792 144.711948 0.000000
1641922269098818533 72.590896 0.000000
1641922269177276095 144.759419 0.000000
1641922269189574217 73.494178 0.000000
1641922269263067062 72.450252 0.000000
1641922269330322086 144.696642 0.000000
1641922269331040633 72.416738 0.000000
1641922269334328927 144.751744 0.000000
1641922269386358772 73.409489 0.000000
1641922269398049004 144.599729 0.000000
1641922269468209354 76.206994 0.000000
1641922269470802505 144.641468 0.000000
1641922269616172929 72.464438 0.000000
1641922269699558398 73.589948 0.000000
1641922269915035782 75.725561 0.000000
1641922270057404460 145.817593 0.000000
1641922270066091854 72.461774 0.000000
1641922270188809687 74.747307 0.000000
1641922270202389180 72.529319 0.000000
1641922270203733821 72.688589 0.000000
1641922270413380145 72.659584 0.000000
1641922270428377336 72.497220 0.000000
1641922270485862076 72.475639 0.000000
1641922270491899412 72.409555 0.000000
1641922270564404347 72.499865 0.000000
1641922270572519858 145.511498 0.000000
1641922270635585480 146.100744 0.000000
1641922270643090457 72.588030 0.000000
1641922270644212460 73.688794 0.000000
1641922270704986436 72.435374 0.000000
1641922270780256954 73.214494 0.000000
1641922270858220730 73.345710 0.000000
1641922270869923966 75.622096 0.000000
1641922270934751150 146.671282 0.000000
1641922271081051417 72.417110 0.000000
1641922271151836126 72.605843 0.000000
1641922271372168941 73.443443 0.000000
1641922271434927257 144.806828 0.000000
1641922271587978438 72.618408 0.000000
1641922271742075038 72.475770 0.000000
1641922271819573132 144.774507 0.000000
1641922271949874952 72.627284 0.000000
1641922272006164721 144.866950 0.000000
1641922272022169541 144.893590 0.000000
1641922272027689758 144.578901 0.000000
1641922272033129445 72.404416 0.000000
1641922272241326332 72.570657 0.000000
1641922272299658200 72.975236 0.000000
1641922272324705188 146.971616 0.000000
1641922272609201933 73.986902 0.000000
1641922272623482119 74.364520 0.000000
1641922272662359482 72.583250 0.000000
1641922272678631202 72.561851 0.000000
1641922272680401310 146.215368 0.000000
1641922272692885941 73.717527 0.000000
1641922272836382203 74.762246 0.000000
1641922272908906954 72.519692 0.000000
1641922272992060297 72.446754 0.000000
1641922273046938352 72.541132 0.000000
1641922273056444951 72.411679 0.000000
1641922273097755594 144.745202 0.000000
1641922273211735329 76.595541 0.000000
1641922273263017804 145.547085 0.000000
1641922273316174662 144.858726 0.000000
1641922273347642325 72.384548 0.000000
1641922273481805914 72.455983 0.000000
1641922273500000307 72.649275 0.000000
1641922273770098543 72.577400 0.000000
1641922273862563089 72.813733 0.000000
1641922273899109302 72.912619 0.000000
1641922273929010079 72.345095 0.000000
1641922273930973750 145.108213 0.000000
1641922274189220892 72.607747 0.000000
1641922274291826617 72.460220 0.000000
1641922274369896081 144.782952 0.000000
1641922274437307058 72.650197 0.000000
1641922274496677432 144.869325 0.000000
1641922274519933073 72.630189 0.000000
1641922274522489555 73.150554 0.000000
1641922274861452762 144.853375 0.000000
1641922274886376790 72.667729 0.000000
1641922275150912769 144.623253 0.000000
1641922275156517996 72.588000 0.000000
1641922275164930505 144.818710 0.000000
1641922275178637367 72.597768 0.000000
1641922275250056555 144.838597 0.000000
1641922275306719796 72.539199 0.000000
1641922275326633533 72.562763 0.000000
1641922275370549109 145.159499 0.000000
1641922275402137899 74.078063 0.000000
1641922275454692839 144.726537 0.000000
1641922275664323945 145.508273 0.000000
1641922275818977179 74.429853 0.000000
1641922275820150318 147.955731 0.000000
1641922275842296669 73.640092 0.000000
1641922275959529061 144.683848 0.000000
1641922275972709617 144.672727 0.000000
1641922276112524237 72.556340 0.000000
1641922276352689466 73.367030 0.000000
1641922276468183570 144.606924 0.000000
1641922276764227138 73.386426 0.000000
1641922276797003024 73.275950 0.000000
1641922277054965241 72.465540 0.000000
1641922277065447980 73.229082 0.000000
1641922277091474314 72.412922 0.000000
1641922277134938143 144.847264 0.000000
1641922277237020648 72.464449 0.000000
1641922277239414436 144.700660 0.000000
1641922277302831254 72.656067 0.000000
1641922277384251941 72.365603 0.000000
1641922277425135504 72.602227 0.000000
1641922277525710012 144.635607 0.000000
1641922277571726044 72.434052 0.000000
1641922277593317416 72.754432 0.000000
1641922277815976721 73.473931 0.000000
1641922277821353690 73.355999 0.000000
1641922277961846672 144.733551 0.000000
1641922278104695841 72.569686 0.000000
1641922278105918503 72.514032 0.000000
1641922278117283655 73.214475 0.000000
1641922278141104255 144.598347 0.000000
1641922278285885104 144.840482 0.000000
1641922278401030485 72.426678 0.000000
1641922278482122204 73.189958 0.000000
1641922278546122978 72.512348 0.000000
1641922278546165107 144.731346 0.000000
1641922278550392711 144.688766 0.000000
1641922278755014057 73.982635 0.000000
1641922278770062343 72.814845 0.000000
1641922279127247636 72.613939 0.000000
1641922279144861552 73.268786 0.000000
1641922279199753962 72.499705 0.000000
1641922279259857541 144.866318 0.000000
1641922279359786991 72.480889 0.000000
1641922279417920336 73.066797 0.000000
1641922279429103208 72.524751 0.000000
1641922279729693549 145.514615 0.000000
1641922279769921001 72.474919 0.000000
1641922279785001549 72.476060 0.000000
1641922280012657690 73.229672 0.000000
1641922280143180855 145.052348 0.000000
1641922280157241420 72.458989 0.000000
1641922280168549837 144.780429 0.000000
1641922280233873780 72.590224 0.000000
1641922280346394611 144.745613 0.000000
1641922280439227999 73.171915 0.000000
1641922280511800801 72.566459 0.000000
1641922280523369796 72.411228 0.000000
1641922280639438066 72.789338 0.000000
1641922280643430900 145.732383 0.000000
1641922280806404801 73.253207 0.000000
1641922280848355995 73.334339 0.000000
1641922280864928759 73.999185 0.000000
1641922280950539879 72.617294 0.000000
1641922280955610183 144.798802 0.000000
1641922280992813558 72.791461 0.000000
1641922281099540188 72.384429 0.000000
1641922281312327429 72.664323 0.000000
1641922281434903928 145.014447 0.000000
1641922281507412619 72.620240 0.000000
1641922281514740786 74.474286 0.000000
1641922281581528623 145.258305 0.000000
1641922281718650327 145.594234 0.000000
1641922281863558414 144.899471 0.000000
1641922281884804047 73.145946 0.000000
1641922281888359161 74.423941 0.000000
1641922281977909135 72.939289 0.000000
1641922282100628742 72.935161 0.000000
1641922282102489009 146.294467 0.000000
1641922282124152906 72.570197 0.000000
1641922282179185760 144.613395 0.000000
1641922282196594772 73.556996 0.000000
1641922282250615990 74.611182 0.000000
1641922282322882738 73.417365 0.000000
1641922282324032603 144.835862 0.000000
1641922282398961050 73.227368 0.000000
1641922282467786658 73.144493 0.000000
1641922282484389498 72.457837 0.000000
1641922282544161546 73.159892 0.000000
1641922282611331740 144.708733 0.000000
1641922282617512576 73.340941 0.000000
1641922282693331993 72.528769 0.000000
1641922282694129618 146.793041 0.000000
1641922282702822873 72.385701 0.000000
1641922282762334983 72.546842 0.000000
1641922282775907303 145.460323 0.000000
1641922282778181776 72.435784 0.000000
1641922282828558664 144.820544 0.000000
1641922282852740921 74.555227 0.000000
1641922282913377509 72.533117 0.000000
1641922282924140925 72.499404 0.000000
1641922283205654147 74.028340 0.000000
1641922283213139327 72.582770 0.000000
1641922283216921456 72.485467 0.000000
1641922283288695600 73.163880 0.000000
1641922283291862537 145.230061 0.000000
1641922283293302286 72.478766 0.000000
1641922283342988358 144.732429 0.000000
1641922283365705209 72.399036 0.000000
1641922283511877185 73.743485 0.000000
1641922283784894983 72.434142 0.000000
1641922283803170419 72.630289 0.000000
1641922283872584170 144.514300 0.000000
1641922284020736729 72.603820 0.000000
1641922284220282480 72.994081 0.000000
1641922284302573777 146.478440 0.000000
1641922284444608089 76.195933 0.000000
1641922284532597668 75.332454 0.000000
1641922284590780035 147.201536 0.000000
1641922284595102638 146.324383 0.000000
1641922284665039940 145.268855 0.000000
1641922284666371576 72.665656 0.000000
1641922284670848428 72.492341 0.000000
1641922284793450314 73.382920 0.000000
1641922284811385061 146.341254 0.000000
1641922284815747828 145.830767 0.000000
1641922284816837090 72.433139 0.000000
1641922284881535531 73.126630 0.000000
1641922284884924284 73.534935 0.000000
1641922284886059001 73.428756 0.000000
1641922284897592549 72.373658 0.000000
1641922284968475193 144.554415 0.000000
1641922285254521772 73.360267 0.000000
1641922285325914622 72.492280 0.000000
1641922285328036620 73.511110 0.000000
1641922285391554218 72.848097 0.000000
1641922285518158026 144.667016 0.000000
1641922285543103484 144.729313 0.000000
1641922285613056324 74.190323 0.000000
1641922285614270770 74.233685 0.000000
1641922285754950013 144.986395 0.000000
1641922286044018586 72.489265 0.000000
1641922286134809386 76.261576 0.000000
1641922286205062299 72.527216 0.000000
1641922286208339542 72.429904 0.000000
1641922286413607379 73.247176 0.000000
1641922286429849062 72.377836 0.000000
1641922286531694252 72.462855 0.000000
1641922286567540443 72.510946 0.000000
1641922286570103357 72.495517 0.000000
1641922286570765989 72.559577 0.000000
1641922286571699278 144.716568 0.000000
1641922286647802617 72.750975 0.000000
1641922286677734382 72.422831 0.000000
1641922286720247769 72.441636 0.000000
1641922286843108321 144.767814 0.000000
1641922286934337152 73.724811 0.000000
1641922287003780998 72.738824 0.000000
1641922287235869899 150.845818 0.000000
1641922287448672759 144.655505 0.000000
1641922287449814950 72.427519 0.000000
1641922287800143901 72.514101 0.000000
1641922287816007607 74.485106 0.000000
1641922287932281793 144.617653 0.000000
1641922287957902356 72.910855 0.000000
1641922287983066344 72.586938 0.000000
1641922288031068310 145.080751 0.000000
1641922288034430942 145.176000 0.000000
1641922288128637475 72.551642 0.000000
1641922288180292177 145.851166 0.000000
1641922288247238913 144.877380 0.000000
1641922288418741700 72.732190 0.000000
1641922288469154465 72.507209 0.000000
1641922288769038782 72.525323 0.000000
1641922288831965292 144.953793 0.000000
1641922288924481746 144.893811 0.000000
1641922288977927456 144.934588 0.000000
1641922289031292232 72.625910 0.000000
1641922289095792344 144.839199 0.000000
1641922289105811063 72.380642 0.000000
1641922289241537991 144.626269 0.000000
1641922289250462149 144.647670 0.000000
1641922289470900171 73.496413 0.000000
1641922289546501258 145.581650 0.000000
1641922289678414539 145.435758 0.000000
1641922289692546938 72.489315 0.000000
1641922289779497590 72.588741 0.000000
1641922289794568579 144.688786 0.000000
1641922289823642445 145.223037 0.000000
1641922289938991538 74.657409 0.000000
1641922290112443037 144.801638 0.000000
1641922290116681983 144.916393 0.000000
1641922290126309699 72.689591 0.000000
1641922290156021992 72.377886 0.000000
1641922290203567132 72.503933 0.000000
1641922290348875290 72.412411 0.000000
1641922290439746640 72.664253 0.000000
1641922290444686509 144.789736 0.000000
1641922290481839660 144.698094 0.000000
1641922290589543031 72.880569 0.000000
1641922290590123829 145.431459 0.000000
1641922290600004710 72.522538 0.000000
1641922290808617357 145.065874 0.000000
1641922291177291544 73.376819 0.000000
1641922291181738079 144.750132 0.000000
1641922291329900777 144.611031 0.000000
1641922291362708502 73.311275 0.000000
1641922291443397467 147.704479 0.000000
1641922291510297966 144.723341 0.000000
1641922291543881034 72.543876 0.000000
1641922291544672037 144.712260 0.000000
1641922291692681919 146.891896 0.000000
1641922291758897514 144.613946 0.000000
1641922291766961651 144.573591 0.000000
1641922291798376916 72.365904 0.000000
1641922291886402552 72.849350 0.000000
1641922291957797666 144.642951 0.000000
1641922292093109156 72.349854 0.000000
1641922292238635082 73.164511 0.000000
1641922292441433800 74.598188 0.000000
1641922292452077821 144.822467 0.000000
1641922292457931433 72.535091 0.000000
1641922292484006359 73.125668 0.000000
1641922292514971881 72.503542 0.000000
1641922292537630323 73.596891 0.000000
1641922292744242319 144.571046 0.000000
1641922292751468744 144.627091 0.000000
1641922292777240822 72.719056 0.000000
1641922292947225684 72.439712 0.000000
1641922293092388499 72.649966 0.000000
1641922293107736988 72.671395 0.000000
1641922293117030859 72.476601 0.000000
1641922293118896847 72.978643 0.000000
1641922293183587183 72.650137 0.000000
1641922293338536071 148.240504 0.000000
1641922293524689781 144.926312 0.000000
1641922293554667261 74.382083 0.000000
1641922293645140605 72.543808 0.000000
1641922293661001605 72.549839 0.000000
1641922293840639691 72.346678 0.000000
1641922294007555982 72.576898 0.000000
1641922294062323008 73.097505 0.000000
1641922294129941252 144.779556 0.000000
1641922294134795642 72.469127 0.000000
1641922294207231287 72.431948 0.000000
1641922294398374958 72.368228 0.000000
1641922294422335360 72.465029 0.000000
1641922294574124526 146.575984 0.000000
1641922294686702884 72.405417 0.000000
1641922294715074705 145.116659 0.000000
1641922294722207164 144.671534 0.000000
1641922294792618905 145.810299 0.000000
1641922294859425067 72.604060 0.000000
1641922294868283291 146.070115 0.000000
1641922295006989024 73.504568 0.000000
1641922295097068109 72.459670 0.000000
1641922295124903684 144.768475 0.000000
1641922295224394381 72.512939 0.000000
1641922295296251020 72.490447 0.000000
1641922295517795506 144.806897 0.000000
1641922295573643068 72.503602 0.000000
1641922295582111441 144.820784 0.000000
1641922295694013903 72.555910 0.000000
1641922295718545014 72.432709 0.000000
1641922295819815136 144.794374 0.000000
1641922295884532573 72.441204 0.000000
1641922295885504976 144.600100 0.000000
1641922296091847017 72.432118 0.000000
1641922296106766362 72.715299 0.000000
1641922296262879603 72.357619 0.000000
1641922296265241189 144.606011 0.000000
1641922296332617770 144.711549 0.000000
1641922296410010657 72.399757 0.000000
1641922296483841887 72.368839 0.000000
1641922296546385169 144.719002 0.000000
1641922296551451987 72.683579 0.000000
1641922296615515989 72.591747 0.000000
1641922296623894864 72.437688 0.000000
1641922296628669755 72.426147 0.000000
1641922296672514878 72.459539 0.000000
1641922296814087204 72.585876 0.000000
1641922296818920132 72.639156 0.000000
1641922296844462620 72.407472 0.000000
1641922297129817323 72.444140 0.000000
1641922297181728826 72.710931 0.000000
1641922297276526526 72.492070 0.000000
1641922297342090350 144.786299 0.000000
1641922297350913779 72.507960 0.000000
1641922297351845014 72.381704 0.000000
1641922297412572052 145.373490 0.000000
1641922297425425084 72.502019 0.000000
1641922297484796030 144.752666 0.000000
1641922297573483738 72.473475 0.000000
1641922297641346170 73.169640 0.000000
1641922297718607740 72.689751 0.000000
1641922297757024168 72.424664 0.000000
1641922297787773696 72.338814 0.000000
1641922297824355465 73.805153 0.000000
1641922297854533641 144.703323 0.000000
1641922297862261917 72.408474 0.000000
1641922297876010868 144.715356 0.000000
1641922297934756832 72.488574 0.000000
1641922297946688969 72.873886 0.000000
1641922297968671323 73.330743 0.000000
1641922298002735303 74.520463 0.000000
1641922298235632068 74.020154 0.000000
1641922298308084203 72.446394 0.000000
1641922298382409299 72.371744 0.000000
1641922298454805770 72.391411 0.000000
1641922298528924399 144.519429 0.000000
1641922298563960371 73.959040 0.000000
1641922298567068607 74.857864 0.000000
1641922298641047724 73.974959 0.000000
1641922298673766723 72.625810 0.000000
1641922298710918782 72.433511 0.000000
1641922298816124852 72.831366 0.000000
1641922298846933119 144.634715 0.000000
1641922298891271698 72.705180 0.000000
1641922298964931887 73.681188 0.000000
1641922299180886496 144.730174 0.000000
1641922299586410326 73.812626 0.000000
1641922299587498255 74.897790 0.000000
1641922299650179004 72.420295 0.000000
1641922299654349431 146.461159 0.000000
1641922299670552773 72.443328 0.000000
1641922299673480962 72.404957 0.000000
1641922299744221069 72.631121 0.000000
1641922299900565423 72.438931 0.000000
1641922299939999177 144.683175 0.000000
1641922300111615839 73.345481 0.000000
1641922300157383436 144.985363 0.000000
1641922300167994054 72.422339 0.000000
1641922300228467396 72.887201 0.000000
1641922300253662002 72.585015 0.000000
1641922300312960031 72.515124 0.000000
1641922300381014032 74.246649 0.000000
1641922300531471021 72.553886 0.000000
1641922300615897130 72.551812 0.000000
1641922300742926175 72.537606 0.000000
1641922300750275341 72.795289 0.000000
1641922300970453636 74.476700 0.000000
1641922301034250308 145.591699 0.000000
1641922301071775115 73.081025 0.000000
1641922301249746527 72.385962 0.000000
1641922301255885725 72.484928 0.000000
1641922301322165951 72.414184 0.000000
1641922301324441607 72.541513 0.000000
1641922301340336460 144.663880 0.000000
1641922301361604325 72.456133 0.000000
1641922301625378286 73.263957 0.000000
1641922301632146523 144.764579 0.000000
1641922301755423305 72.478696 0.000000
1641922301764396895 144.609207 0.000000
1641922301838530271 72.485607 0.000000
1641922301840767715 144.636178 0.000000
1641922301901357215 144.978048 0.000000
1641922301909266861 144.863104 0.000000
1641922302048760009 72.553715 0.000000
1641922302138131929 146.242580 0.000000
1641922302207634466 145.018124 0.000000
1641922302266202857 72.496227 0.000000
1641922302273425876 72.582229 0.000000
1641922302280020688 144.696392 0.000000
1641922302311264301 72.513260 0.000000
1641922302329957079 72.747048 0.000000
1641922302364112471 75.444735 0.000000
1641922302563546503 73.023887 0.000000
1641922302645674083 72.430074 0.000000
1641922302725216459 72.445172 0.000000
1641922302928281326 144.931462 0.000000
1641922303183627321 73.068120 0.000000
1641922303217861840 72.737981 0.000000
1641922303287267465 144.970395 0.000000
1641922303359778872 144.849197 0.000000
1641922303364775638 73.112964 0.000000
1641922303520814900 144.701681 0.000000
1641922303658742544 72.474598 0.000000
1641922303809731790 74.339493 0.000000
1641922303909499907 72.455081 0.000000
1641922303954503312 72.450321 0.000000
1641922303955377150 73.323238 0.000000
1641922303968267321 145.847017 0.000000
1641922304027860814 72.477133 0.000000
1641922304033104273 73.454033 0.000000
1641922304056088034 72.427259 0.000000
1641922304109872368 72.514853 0.000000
1641922304191774797 147.797784 0.000000
1641922304249088667 72.501478 0.000000
1641922304348494174 145.798677 0.000000
1641922304393685171 73.137980 0.000000
1641922304395814221 145.653896 0.000000
1641922304543287748 147.471103 0.000000
1641922304611848118 72.528738 0.000000
1641922304691478729 72.616303 0.000000
1641922304707025700 74.680962 0.000000
1641922304813407294 72.377755 0.000000
1641922304851660687 73.245322 0.000000
1641922304852855957 72.852035 0.000000
1641922305001740819 74.941963 0.000000
1641922305006378111 144.654564 0.000000
1641922305150774771 73.303742 0.000000
1641922305184565178 146.685560 0.000000
1641922305208644693 72.619169 0.000000
1641922305296038805 72.905836 0.000000
1641922305304103823 144.760231 0.000000
1641922305330154182 145.584275 0.000000
1641922305379335107 73.160783 0.000000
1641922305404665827 145.489989 0.000000
1641922305405862380 72.390459 0.000000
1641922305692643196 73.997791 0.000000
1641922305716210662 144.835032 0.000000
1641922305768086789 145.139050 0.000000
1641922305811927585 74.988349 0.000000
1641922305833246405 144.600421 0.000000
1641922305838745623 73.183556 0.000000
1641922305862834716 144.766813 0.000000
1641922305977655327 144.776581 0.000000
1641922306007720502 144.883121 0.000000
1641922306057581692 144.674630 0.000000
1641922306059648596 73.405643 0.000000
1641922306129464160 73.710865 0.000000
1641922306196381280 146.493950 0.000000
1641922306277386849 72.437559 0.000000
1641922306312156782 72.471261 0.000000
1641922306369425567 72.782144 0.000000
1641922306416564425 144.810434 0.000000
1641922306496460774 144.709646 0.000000
1641922306502144978 72.490397 0.000000
1641922306549518045 72.569565 0.000000
1641922306566110977 146.368805 0.000000
1641922306573529532 73.228841 0.000000
1641922306806795860 144.711920 0.000000
1641922306930103861 72.578533 0.000000
1641922307003644226 72.578422 0.000000
1641922307087009156 75.609623 0.000000
1641922307140034618 72.632573 0.000000
1641922307230890810 72.457866 0.000000
1641922307292635445 72.582439 0.000000
1641922307386817321 72.496639 0.000000
1641922307436907080 72.728433 0.000000
1641922307656834225 72.607587 0.000000
1641922307719898173 72.700691 0.000000
1641922307731509006 73.704713 0.000000
1641922307793691803 72.610542 0.000000
1641922307803390482 73.050647 0.000000
1641922308039131118 72.531785 0.000000
1641922308227413977 144.789686 0.000000
1641922308366317410 144.798562 0.000000
1641922308377145416 72.623968 0.000000
1641922308444691386 144.778165 0.000000
1641922308460605976 74.294869 0.000000
1641922308473956922 72.451194 0.000000
1641922308536814243 72.848780 0.000000
1641922308657277450 144.751063 0.000000
1641922308677326441 73.240935 0.000000
1641922308753108377 72.666507 0.000000
1641922308756229096 72.507408 0.000000
1641922308898884762 73.313920 0.000000
1641922309091467072 72.732933 0.000000
1641922309091910072 144.753468 0.000000
1641922309103060302 72.485328 0.000000
1641922309419847011 144.696982 0.000000
1641922309454848980 144.713984 0.000000
1641922309550905088 72.591166 0.000000
1641922309624572422 72.455442 0.000000
1641922309635303827 72.468696 0.000000
1641922309699358371 72.564255 0.000000
1641922309817158318 72.491780 0.000000
1641922309913456520 72.524150 0.000000
1641922310071393109 145.169708 0.000000
1641922310131978231 144.983971 0.000000
1641922310205470726 72.548255 0.000000
1641922310290717484 144.692624 0.000000
1641922310399018355 72.496338 0.000000
1641922310407038097 72.380140 0.000000
1641922310473606674 72.588200 0.000000
1641922310553991478 144.610690 0.000000
1641922310607861693 72.848168 0.000000
1641922310796966214 145.105688 0.000000
1641922310854094055 144.887870 0.000000
1641922310914888418 72.782754 0.000000
1641922310945734868 74.372174 0.000000
1641922310974558676 144.864216 0.000000
1641922310974613489 72.425717 0.000000
1641922311134701831 72.566040 0.000000
1641922311144860512 72.500286 0.000000
1641922311165135666 144.637801 0.000000
1641922311191655846 72.604591 0.000000
1641922311511384059 72.894504 0.000000
1641922311579687178 72.621603 0.000000
1641922311696655895 72.703095 0.000000
1641922311863688814 144.937633 0.000000
1641922311918079535 72.401641 0.000000
1641922311994221246 144.679830 0.000000
1641922312060251174 72.694510 0.000000
1641922312093154949 144.740505 0.000000
1641922312251495856 73.258998 0.000000
1641922312255766361 72.605754 0.000000
1641922312256884647 72.693298 0.000000
1641922312312867962 144.878393 0.000000
1641922312350187815 72.449760 0.000000
1641922312354687739 72.412590 0.000000
1641922312394332461 144.664001 0.000000
1641922312434060628 144.664411 0.000000
1641922312477285609 147.609702 0.000000
1641922312565454705 72.435515 0.000000
1641922312650014745 144.686141 0.000000
1641922312694033635 72.592098 0.000000
1641922312740168911 144.798342 0.000000
1641922312854970728 72.473536 0.000000
1641922312899465259 72.528208 0.000000
1641922312981270366 72.612997 0.000000
1641922312998746964 72.548826 0.000000
1641922313029418295 145.099857 0.000000
1641922313216776952 72.737561 0.000000
1641922313299918104 144.945598 0.000000
1641922313319621616 72.550048 0.000000
1641922313493475520 72.581548 0.000000
1641922313517752746 144.577908 0.000000
1641922313683890287 145.451917 0.000000
1641922313725471297 74.193309 0.000000
1641922313867769212 72.572861 0.000000
1641922314049560464 72.472213 0.000000
1641922314177427009 146.279999 0.000000
1641922314192132283 72.486279 0.000000
1641922314234767539 73.503055 0.000000
1641922314249891378 72.454621 0.000000
1641922314307436341 72.662560 0.000000
1641922314336858410 144.722821 0.000000
1641922314412149477 72.489626 0.000000
1641922314539834952 144.576576 0.000000
1641922314556994035 144.840721 0.000000
1641922314598741808 72.592178 0.000000
1641922314602579973 72.460081 0.000000
1641922314611896045 72.423933 0.000000
1641922314662043952 72.588531 0.000000
1641922315024923860 72.431426 0.000000
1641922315113848862 144.656457 0.000000
1641922315138944291 72.504493 0.000000
1641922315140899817 145.685585 0.000000
1641922315173187618 72.677498 0.000000
1641922315195837373 75.581060 0.000000
1641922315269067978 147.764803 0.000000
1641922315453554151 144.778104 0.000000
1641922315506521734 73.371799 0.000000
1641922315630944594 144.634054 0.000000
1641922315701010707 72.563073 0.000000
1641922315966189262 72.558985 0.000000
1641922316032608499 144.844228 0.000000
1641922316034523469 144.631189 0.000000
1641922316068290853 144.601003 0.000000
1641922316170962291 145.227756 0.000000
1641922316196477467 72.651459 0.000000
1641922316198248607 145.118592 0.000000
1641922316243049813 144.700188 0.000000
1641922316250563366 145.156713 0.000000
1641922316322913942 73.694945 0.000000
1641922316325013788 73.577826 0.000000
1641922316414569412 72.650998 0.000000
1641922316431360586 144.892319 0.000000
1641922316490912341 144.933917 0.000000
1641922316567224531 72.404255 0.000000
1641922316577150577 72.426237 0.000000
1641922316611709855 72.609661 0.000000
1641922316620051301 72.559477 0.000000
1641922316639586758 72.354112 0.000000
1641922316765684668 73.136869 0.000000
1641922316770003293 145.892844 0.000000
1641922316838206905 72.512890 0.000000
1641922316839542438 72.656368 0.000000
1641922316865845611 144.600161 0.000000
1641922316927170530 72.689632 0.000000
1641922317061647495 72.722903 0.000000
1641922317128526915 72.406620 0.000000
1641922317134453303 72.799487 0.000000
1641922317211634643 144.770139 0.000000
1641922317301193473 144.833387 0.000000
1641922317306217620 72.649334 0.000000
1641922317342856828 144.776651 0.000000
1641922317559883205 72.579594 0.000000
1641922317640508240 72.824904 0.000000
1641922317771010245 144.961968 0.000000
1641922317783804086 72.444621 0.000000
1641922317882439449 72.346376 0.000000
1641922317964362728 74.542013 0.000000
1641922318067769004 72.657741 0.000000
1641922318106127454 145.214042 0.000000
1641922318110584578 72.415586 0.000000
1641922318140574632 72.800028 0.000000
1641922318140628052 144.753498 0.000000
1641922318252040946 144.704356 0.000000
1641922318270813083 72.566019 0.000000
1641922318299906546 144.948664 0.000000
1641922318331194302 72.486800 0.000000
1641922318396648571 144.604769 0.000000
1641922318432019681 72.565618 0.000000
1641922318508630020 144.774667 0.000000
1641922318581097395 72.464279 0.000000
1641922318691097000 144.734773 0.000000
1641922318695244844 144.693936 0.000000
1641922318834793607 146.010905 0.000000
1641922318852699329 72.415256 0.000000
1641922318975968196 145.118642 0.000000
1641922319088157245 72.589844 0.000000
1641922319207855880 73.694334 0.000000
1641922319215434385 72.474958 0.000000
1641922319233289212 72.696363 0.000000
1641922319249483357 72.425084 0.000000
1641922319280352829 72.491890 0.000000
1641922319348394908 72.687607 0.000000
1641922319416706162 72.580897 0.000000
1641922319435595558 74.314957 0.000000
1641922319522729844 72.621853 0.000000
1641922319647966250 72.608699 0.000000
1641922319649572230 144.720116 0.000000
1641922319668883166 72.693427 0.000000
1641922319712664361 144.862132 0.000000
1641922319742345456 73.452111 0.000000
1641922319797495339 144.685602 0.000000
1641922319938630084 145.276188 0.000000
1641922319976534072 72.546693 0.000000
1641922320016183912 72.494364 0.000000
1641922320089676708 73.487386 0.000000
1641922320217568451 72.660296 0.000000
1641922320249866239 144.844820 0.000000
1641922320293042840 144.707742 0.000000
1641922320470538020 72.518991 0.000000
1641922320530186757 73.707258 0.000000
1641922320617757461 73.267614 0.000000
1641922320625747658 72.419094 0.000000
1641922320875442499 73.546426 0.000000
1641922320885963590 73.695967 0.000000
1641922320919474955 72.455783 0.000000
1641922321037861630 73.418537 0.000000
1641922321178167941 144.629666 0.000000
1641922321328122059 72.560719 0.000000
1641922321329401387 72.469378 0.000000
1641922321397088831 144.710297 0.000000
1641922321453274567 73.910740 0.000000
1641922321468048529 144.973120 0.000000
1641922321612176665 72.638154 0.000000
1641922321672128570 72.693658 0.000000
1641922321817401822 72.646540 0.000000
1641922321971846586 72.462866 0.000000
1641922322104805506 72.451675 0.000000
1641922322108011766 72.520103 0.000000
1641922322180667583 72.645348 0.000000
1641922322230849504 73.650000 0.000000
1641922322420526218 75.489579 0.000000
1641922322473998838 73.243169 0.000000
1641922322486860064 72.434832 0.000000
1641922322493110000 72.578562 0.000000
1641922322520711506 72.459058 0.000000
1641922322631606650 144.736817 0.000000
1641922322706311898 145.807394 0.000000
1641922322715179129 72.663902 0.000000
1641922322777885697 72.415396 0.000000
1641922322923996950 72.595905 0.000000
1641922322981151120 72.554417 0.000000
1641922322983150288 144.897378 0.000000
1641922323001002811 72.748932 0.000000
1641922323001387011 144.748078 0.000000
1641922323069058977 72.581258 0.000000
1641922323214375300 72.816409 0.000000
1641922323215634140 144.854558 0.000000
1641922323274054683 72.535552 0.000000
1641922323298950820 72.464479 0.000000
1641922323431991913 72.568703 0.000000
1641922323435114396 144.715757 0.000000
1641922323504517878 72.520404 0.000000
1641922323712417168 73.229964 0.000000
1641922324118772125 72.423601 0.000000
1641922324148070452 144.667567 0.000000
1641922324162540645 72.809255 0.000000
1641922324297423101 73.845186 0.000000
1641922324333869717 144.677235 0.000000
1641922324512555199 144.669181 0.000000
1641922324525264009 144.648692 0.000000
1641922324531235152 144.680592 0.000000
1641922324591157391 72.516846 0.000000
1641922324745989781 72.488644 0.000000
1641922324808602203 72.389428 0.000000
1641922324879184233 72.541643 0.000000
1641922325033809044 73.328788 0.000000
1641922325037057002 147.319237 0.000000
1641922325101752348 144.592166 0.000000
1641922325251358502 72.517077 0.000000
1641922325258408115 74.382474 0.000000
1641922325277313212 72.554116 0.000000
1641922325539787267 72.557843 0.000000
1641922325575814045 144.744451 0.000000
1641922325623032443 145.315732 0.000000
1641922325649166330 72.629139 0.000000
1641922325831394430 72.498913 0.000000
1641922325895546428 72.709098 0.000000
1641922325977500754 72.578673 0.000000
1641922326012824866 73.271702 0.000000
1641922326065988126 73.472278 0.000000
1641922326204578863 72.413513 0.000000
1641922326411587774 145.061886 0.000000
1641922326708595219 72.451865 0.000000
1641922326868821198 72.625591 0.000000
1641922326881166489 144.734613 0.000000
1641922327070962465 144.758047 0.000000
1641922327156199405 73.188906 0.000000
1641922327173455930 72.454590 0.000000
1641922327307411019 147.813174 0.000000
1641922327378622017 144.636349 0.000000
1641922327664051981 144.622272 0.000000
1641922327717878724 72.498131 0.000000
1641922327741993536 144.665513 0.000000
1641922327809443095 72.724106 0.000000
1641922327896695191 72.933357 0.000000
1641922327898800397 73.070684 0.000000
1641922328114338495 72.417290 0.000000
1641922328118518811 73.610737 0.000000
1641922328224768837 72.422479 0.000000
1641922328248040859 73.870905 0.000000
1641922328362422097 145.629972 0.000000
1641922328465599244 145.176231 0.000000
1641922328480590573 72.480418 0.000000
1641922328550646638 144.679179 0.000000
1641922328659167662 72.390512 0.000000
1641922328757063499 144.686673 0.000000
1641922328796762420 72.641259 0.000000
1641922329015314147 72.496057 0.000000
1641922329202426244 72.493393 0.000000
1641922329254698443 72.424282 0.000000
1641922329304953623 144.688117 0.000000
1641922329413622502 144.777954 0.000000
1641922329417977596 72.422881 0.000000
1641922329488093522 144.771391 0.000000
1641922329488905685 144.580304 0.000000
1641922329495626111 144.904070 0.000000
1641922329500209262 73.822214 0.000000
1641922329566929775 74.423040 0.000000
1641922329631778328 144.637331 0.000000
1641922329778542685 144.758107 0.000000
1641922329783652032 144.958002 0.000000
1641922329790683351 144.659101 0.000000
1641922329885265839 144.796329 0.000000
1641922330141236133 144.795618 0.000000
1641922330322606386 144.831474 0.000000
1641922330369430114 72.548587 0.000000
1641922330392922307 72.690914 0.000000
1641922330444741318 144.744622 0.000000
1641922330577924378 72.425224 0.000000
1641922330651247366 72.355555 0.000000
1641922330879455883 74.400738 0.000000
1641922330902809007 72.454801 0.000000
1641922331010076992 144.728542 0.000000
1641922331085623016 144.726819 0.000000
1641922331229845990 72.497460 0.000000
1641922331417059886 72.360183 0.000000
1641922331419348526 72.513831 0.000000
1641922331521776048 145.192211 0.000000
1641922331612807589 72.451704 0.000000
1641922331758084017 72.778046 0.000000
1641922331829482128 145.808075 0.000000
1641922331906079573 72.408544 0.000000
1641922331980574327 73.366419 0.000000
1641922331998662832 144.677054 0.000000
1641922332065017458 144.917244 0.000000
1641922332118925464 72.659714 0.000000
1641922332252474270 72.377706 0.000000
1641922332283111657 145.737603 0.000000
1641922332284496002 72.486761 0.000000
1641922332618570356 72.467193 0.000000
1641922332757877094 72.515144 0.000000
1641922332758776330 72.549047 0.000000
1641922332791206859 72.626012 0.000000
1641922332983938067 144.976236 0.000000
1641922333048956699 72.489896 0.000000
1641922333155842297 72.423471 0.000000
1641922333204305347 72.510615 0.000000
1641922333267090172 72.693729 0.000000
1641922333272125690 72.626392 0.000000
1641922333282099135 73.212170 0.000000
1641922333340789555 72.683199 0.000000
1641922333414046158 145.941304 0.000000
1641922333498878619 73.755648 0.000000
1641922333643507303 145.646572 0.000000
1641922333709364267 145.674795 0.000000
1641922333722358463 72.420315 0.000000
1641922333734698123 72.546031 0.000000
1641922333774274866 72.424183 0.000000
1641922333846735358 72.452677 0.000000
1641922333853906379 72.951902 0.000000
1641922334010520108 145.794309 0.000000
1641922334088889675 145.086292 0.000000
1641922334243649659 72.446916 0.000000
1641922334498789528 72.463968 0.000000
1641922334507191917 72.470740 0.000000
1641922334515057110 145.146305 0.000000
1641922334521981209 72.433260 0.000000
1641922334530742881 72.432369 0.000000
1641922334605117250 72.397343 0.000000
1641922334672227502 76.285931 0.000000
1641922334748956073 72.609551 0.000000
1641922334751295118 73.986121 0.000000
1641922334809403668 144.858395 0.000000
1641922334814929515 145.901971 0.000000
1641922334881901188 72.485387 0.000000
1641922334900043865 146.676523 0.000000
1641922335035296925 73.476175 0.000000
1641922335111332718 72.852405 0.000000
1641922335237928691 72.877863 0.000000
1641922335382489008 145.024577 0.000000
1641922335382559450 72.407592 0.000000
1641922335460454708 74.691433 0.000000
1641922335530410945 145.665378 0.000000
1641922335544941290 72.481511 0.000000
1641922335600107435 72.513360 0.000000
1641922335614018660 73.437764 0.000000
1641922335618339740 73.448994 0.000000
1641922335690851176 72.507439 0.000000
1641922336037359868 72.399738 0.000000
1641922336126914911 73.199075 0.000000
1641922336129478607 72.481761 0.000000
1641922336130515981 144.711400 0.000000
1641922336185543285 73.955733 0.000000
1641922336257058785 72.486059 0.000000
1641922336397941147 72.560318 0.000000
1641922336565597805 72.481260 0.000000
1641922336619875033 72.738122 0.000000
1641922336628389613 72.455902 0.000000
1641922336692380619 72.498292 0.000000
1641922336774621292 72.443960 0.000000
1641922337059751825 72.380661 0.000000
1641922337065767822 145.555672 0.000000
1641922337072302791 73.457419 0.000000
1641922337073371774 145.732582 0.000000
1641922337144863149 72.556882 0.000000
1641922337290686793 144.722229 0.000000
1641922337365978451 72.426006 0.000000
1641922337503737429 72.455001 0.000000
1641922337510947914 72.368810 0.000000
1641922337517892641 73.435159 0.000000
1641922337648550669 72.382285 0.000000
1641922337653914593 72.418212 0.000000
1641922337809568142 144.592316 0.000000
1641922337859531825 72.448859 0.000000
1641922337954165308 144.591415 0.000000
1641922338004412472 72.431216 0.000000
1641922338077364324 144.602866 0.000000
1641922338087285760 72.519421 0.000000
1641922338087485926 144.663811 0.000000
1641922338162413141 72.428642 0.000000
1641922338165890429 72.479397 0.000000
1641922338198288516 144.549506 0.000000
1641922338222262012 72.445011 0.000000
1641922338243165504 145.621816 0.000000
1641922338415601411 144.820945 0.000000
1641922338426320313 72.490969 0.000000
1641922338454720927 144.759870 0.000000
1641922338596211910 144.642770 0.000000
1641922338600814276 144.752285 0.000000
1641922338699997257 144.593739 0.000000
1641922338750563529 72.411159 0.000000
1641922338779606838 144.782071 0.000000
1641922338893740261 72.630018 0.000000
1641922338995616660 72.501648 0.000000
1641922339035963918 72.855932 0.000000
1641922339068024733 72.404486 0.000000
1641922339081537712 72.463156 0.000000
1641922339182047499 72.556500 0.000000
1641922339244907024 145.290174 0.000000
1641922339288670925 144.922253 0.000000
1641922339355740722 72.542284 0.000000
1641922339428949606 72.371885 0.000000
