1658266288827590115 0.000000 668.942189 669 80 0.000000
1658266289827868974 0.000000 744.792308 745 80 0.000000
1658266290828103250 0.000000 785.815989 786 80 0.000000
1658266291828263808 0.000000 762.877483 763 80 0.000000
1658266292828411152 0.000000 810.880547 811 80 0.000000
1658266293828591347 0.000000 811.853635 812 80 0.000000
1658266294828839750 0.000000 766.809591 767 80 0.000000
1658266295829053678 0.000000 809.826723 810 80 0.000000
1658266296829218865 0.000000 757.874809 758 80 0.000000
1658266297829363173 0.000000 801.884322 802 80 0.000000
1658266298829513263 0.000000 786.881889 787 80 0.000000
1658266299829668591 0.000000 803.875135 804 80 0.000000
1658266300829827277 0.000000 796.873476 797 80 0.000000
1658266301830078195 0.000000 788.802075 789 80 0.000000
1658266302830317852 0.000000 791.810316 792 80 0.000000
1658266303829837122 101.953478 793.381386 793 80 0.000000
1658266304827964004 101.096035 782.465627 781 80 0.000000
1658266305831550115 98.217033 825.041343 828 80 0.000000
1658266306835342211 106.670112 737.204450 740 80 0.000000
1658266307835617726 102.951747 777.785708 778 80 0.000000
1658266308838317648 103.116913 772.913178 775 80 0.000000
1658266309840373184 102.116164 792.371269 794 80 0.000000
1658266310841066862 102.797743 772.464159 773 80 0.000000
1658266311843059381 104.837206 769.466823 771 80 0.000000
1658266312840232499 101.102237 787.225393 785 80 0.000000
1658266313846438825 102.430200 783.139580 788 80 0.000000
1658266314846599755 101.135733 786.873368 787 80 0.000000
1658266315846018999 102.254047 775.450340 775 80 0.000000
1658266316851293410 102.194654 792.818334 797 80 0.000000
1658266317852397556 100.168312 800.116578 801 80 0.000000
1658266318853989676 101.550400 784.750559 786 80 0.000000
1658266319853971442 100.146733 796.014538 796 80 0.000000
1658266320858482585 102.619999 772.515066 776 80 0.000000
1658266321859903745 100.122745 808.850502 810 80 0.000000
1658266322860375147 98.330333 817.614574 818 80 0.000000
1658266323857598752 101.579541 787.185523 785 80 0.000000
1658266324862011441 97.973703 826.353575 830 80 0.000000
1658266325866694777 101.716208 769.396657 773 80 0.000000
1658266326868067948 99.511828 819.874173 821 80 0.000000
1658266327868500778 103.335910 773.665119 774 80 0.000000
1658266328869412997 99.094324 798.271793 799 80 0.000000
1658266329871501947 101.923136 777.376123 779 80 0.000000
1658266330871051765 101.942637 799.359857 799 80 0.000000
1658266331877379410 101.279433 777.082895 782 80 0.000000
1658266332878880430 97.812279 824.761999 826 80 0.000000
1658266333880269150 102.269272 768.932184 770 80 0.000000
1658266334881215433 102.923392 782.259698 783 80 0.000000
1658266335883109229 103.100934 781.520007 783 80 0.000000
1658266336884285612 102.706741 787.074115 788 80 0.000000
1658266337885645388 102.159901 769.953013 771 80 0.000000
1658266338887966945 104.613824 772.207300 774 80 0.000000
1658266339886488730 97.836142 814.203576 813 80 0.000000
1658266340891701368 99.692247 804.804836 809 80 0.000000
1658266341892301553 101.214265 793.523739 794 80 0.000000
1658266342890889933 101.293754 784.106774 783 80 0.000000
1658266343893186794 100.346675 791.182788 793 79 0.000000
1658266344893803160 98.086052 817.496189 818 80 0.000000
1658266345899653361 105.529091 766.515729 771 80 0.000000
1658266346902085145 99.060529 798.059292 800 80 0.000000
1658266347902481840 99.844726 815.676401 816 80 0.000000
1658266348904823696 102.378758 768.201007 770 80 0.000000
1658266349905922194 99.158336 809.111193 810 80 0.000000
1658266350907959690 98.835079 809.350951 811 80 0.000000
1658266351907861719 101.237841 790.077404 790 80 0.000000
1658266352910510851 100.018570 797.886223 800 80 0.000000
1658266353912166441 100.130498 798.677772 800 80 0.000000
1658266354914923956 99.932453 804.780822 807 80 0.000000
1658266355914260287 98.039054 818.543209 818 80 0.000000
1658266356918035927 100.807991 784.039779 787 80 0.000000
1658266357914851570 100.899552 812.587536 810 80 0.000000
1658266358921671357 98.201571 806.499859 812 80 0.000000
1658266359922051552 101.560382 780.703181 781 80 0.000000
1658266360921281715 100.250083 797.614049 797 80 0.000000
1658266361925618856 98.466239 812.476176 816 80 0.000000
1658266362926942045 98.492544 813.922944 815 80 0.000000
1658266363930152909 101.379788 788.468415 791 80 0.000000
1658266364932079679 103.590094 769.517317 771 80 0.000000
1658266365933191383 100.160312 804.106072 805 80 0.000000
1658266366935056208 100.549994 799.509056 801 80 0.000000
1658266367937695932 100.216149 787.920108 790 80 0.000000
1658266368938842993 102.887074 781.104010 782 80 0.000000
1658266369940701245 100.753399 800.512462 802 80 0.000000
1658266370942312996 97.020044 810.693259 812 80 0.000000
1658266371943219908 101.065464 801.273420 802 80 0.000000
1658266372944193715 98.374711 803.217797 804 80 0.000000
1658266373947018647 99.870834 810.709816 813 80 0.000000
1658266374948247070 99.990268 794.024610 795 80 0.000000
1658266375947513913 96.240053 834.611877 834 80 0.000000
1658266376945268725 98.675997 823.849722 822 80 0.000000
1658266377950865796 97.805744 809.469351 814 80 0.000000
1658266378955277728 101.061375 785.534268 789 80 0.000000
1658266379954202420 98.102529 824.887016 824 80 0.000000
1658266380953113918 101.259520 784.854308 784 80 0.000000
1658266381960125036 99.200619 811.311797 817 80 0.000000
1658266382959864583 98.631728 804.209459 804 80 0.000000
1658266383961560352 100.171875 794.652437 796 80 0.000000
1658266384965590501 101.065954 803.760749 807 80 0.000000
1658266385966421592 102.580309 770.359753 771 80 0.000000
1658266386967252993 101.863132 792.341247 793 80 0.000000
1658266387969927094 104.474895 768.943774 771 80 0.000000
1658266388969465626 98.710310 807.372569 807 80 0.000000
1658266389973442675 101.530930 775.914151 779 80 0.000000
1658266390974346933 102.690261 791.284475 792 80 0.000000
1658266391974514373 100.830195 779.869348 780 80 0.000000
1658266392977251231 98.294624 825.740141 828 80 0.000000
1658266393976685228 97.843091 803.454758 803 80 0.000000
1658266394980846342 98.896956 826.560571 830 80 0.000000
1658266395982447455 99.105165 806.708385 808 80 0.000000
1658266396984672185 97.450438 815.186430 817 80 0.000000
1658266397984547608 98.200845 815.101469 815 80 0.000000
1658266398986409039 99.406475 810.491335 812 80 0.000000
1658266399986570718 98.222257 811.868738 812 80 0.000000
1658266400991117294 95.472083 826.243487 830 80 0.000000
1658266401987949361 103.021753 781.475638 779 80 0.000000
1658266402993761607 100.219793 801.342426 806 80 0.000000
1658266403994988079 99.419648 802.016277 803 80 0.000000
1658266404997120577 100.275614 791.312599 793 80 0.000000
1658266405997924178 102.676361 786.368074 787 80 0.000000
1658266406994201487 95.367774 848.157428 845 80 0.000000
1658266408001270576 101.532425 778.496737 784 80 0.000000
1658266408998434595 101.321000 794.252469 792 80 0.000000
1658266410004373137 99.260379 798.259502 803 80 0.000000
1658266411004246348 102.440377 783.099296 783 80 0.000000
1658266412008249738 98.877270 822.706377 826 80 0.000000
1658266413006199268 100.154274 790.621161 789 80 0.000000
1658266414010873413 98.289287 815.189661 819 80 0.000000
1658266415013994362 103.769095 767.604353 770 80 0.000000
1658266416012477381 101.964993 779.181997 778 80 0.000000
1658266417016979766 98.455412 821.302206 825 80 0.000000
1658266418017376777 94.990252 837.667445 838 80 0.000000
1658266419020092407 97.037736 815.784614 818 80 0.000000
1658266420018299510 102.619244 785.408149 784 80 0.000000
1658266421021925074 99.793575 802.091980 805 80 0.000000
1658266422024869864 99.039499 797.651093 800 80 0.000000
1658266423026008644 99.235241 820.066101 821 80 0.000000
1658266424027982867 97.487416 824.372521 826 80 0.000000
1658266425029106488 99.847493 794.107724 795 80 0.000000
1658266426030669071 99.096134 811.731602 813 80 0.000000
1658266427031989040 97.195832 813.925643 815 80 0.000000
1658266428033507281 101.686038 791.797860 793 80 0.000000
1658266429034201760 98.299027 812.435780 813 80 0.000000
1658266430036718068 97.295896 834.899112 837 80 0.000000
1658266431037385286 97.798896 801.465272 802 80 0.000000
1658266432040240910 100.679006 808.690659 811 80 0.000000
1658266433040348620 98.771766 797.914065 798 80 0.000000
1658266434043565440 98.240948 813.383500 816 80 0.000000
1658266435043853999 102.026613 779.774997 780 80 0.000000
1658266436046844295 99.358864 824.534398 827 80 0.000000
1658266437048454970 100.901940 778.745639 780 80 0.000000
1658266438050182302 101.704556 787.639540 789 80 0.000000
1658266439047697711 98.613563 810.012485 808 80 0.000000
1658266440047203546 99.548127 816.403495 816 80 0.000000
1658266441053787187 94.965098 837.486216 843 80 0.000000
1658266442056528598 98.101599 810.777415 813 80 0.000000
1658266443058071987 97.456804 819.734724 821 80 0.000000
1658266444059006356 95.911348 835.219697 836 80 0.000000
1658266445061783063 100.500315 802.770924 805 80 0.000000
1658266446062796870 100.382076 794.194847 795 80 0.000000
1658266447064666690 100.419989 797.508811 799 80 0.000000
1658266448065426212 98.697199 805.388290 806 80 0.000000
1658266449066223234 97.662352 830.338202 831 80 0.000000
1658266450069622206 100.611702 778.354325 781 80 0.000000
1658266451071359608 100.427476 815.583078 817 80 0.000000
1658266452072914078 96.757566 805.747490 807 80 0.000000
1658266453074699851 0.000000 828.520451 830 80 0.000000
1658266454074879157 0.000000 787.858700 788 80 0.000000
1658266455075035852 0.000000 806.873584 807 80 0.000000
1658266456075271443 0.000000 798.811799 799 80 0.000000
1658266457075431563 0.000000 842.865066 843 80 0.000000
1658266458075586304 0.000000 797.876544 798 80 0.000000
1658266459075735785 0.000000 803.879827 804 80 0.000000
1658266460075886238 0.000000 784.881912 785 80 0.000000
1658266461076032623 0.000000 810.881299 811 80 0.000000
1658266462076179239 0.000000 810.881096 811 80 0.000000
1658266463076286301 0.000000 820.912128 821 80 0.000000
1658266464076438036 0.000000 827.874382 828 80 0.000000
1658266465076602625 0.000000 820.864870 821 80 0.000000
1658266466076755323 0.000000 832.872839 833 80 0.000000
1658266467076934300 0.000000 824.852304 825 80 0.000000
