1648926684701059220 447.517122 0.000000
1648926685234633547 478.676348 0.000000
1648926685714310222 479.842366 0.000000
1648926687148715446 403.508581 0.000000
1648926687149522852 324.636544 0.000000
1648926687489941411 341.238369 0.000000
1648926688223495279 1074.668805 0.000000
1648926688223539803 1074.895059 0.000000
1648926688223597992 1074.071863 0.000000
1648926688838674902 593.435535 0.000000
1648926689226709517 388.006041 0.000000
1648926689425419935 342.125954 0.000000
1648926689425436416 342.121195 0.000000
1648926689425438490 342.120554 0.000000
1648926690345526426 386.064876 0.000000
1648926690880551246 535.082318 0.000000
1648926691735983540 399.644042 0.000000
1648926691927132421 590.699598 0.000000
1648926692519399011 592.222979 0.000000
1648926692972855114 453.303256 0.000000
1648926692981735879 462.151910 0.000000
1648926693005149021 485.770518 0.000000
1648926693005175090 485.782381 0.000000
1648926694823851391 479.995355 0.000000
1648926696309593558 359.979978 0.000000
1648926697198798124 458.142842 0.000000
1648926697198808884 458.109639 0.000000
1648926697984817545 282.329147 0.000000
1648926698598545803 435.502393 0.000000
1648926699078927432 480.675541 0.000000
1648926699079281988 480.649443 0.000000
1648926699079306664 480.711940 0.000000
1648926699994031660 445.724306 0.000000
1648926700803963991 809.883940 0.000000
1648926700804039533 810.003826 0.000000
1648926700804041557 809.908537 0.000000
1648926700804109043 751.781968 0.000000
1648926701349209441 545.097041 0.000000
1648926702341741480 538.057042 0.000000
1648926702744443752 402.768156 0.000000
1648926703896779521 505.279969 0.000000
1648926704950992075 514.304836 0.000000
1648926705406543841 455.524735 0.000000
1648926706346685622 429.435381 0.000000
1648926706347707781 430.112022 0.000000
1648926706652052404 305.298244 0.000000
1648926707317898550 477.177494 0.000000
1648926708665180916 477.228959 0.000000
1648926709630581432 455.601370 0.000000
1648926713867620813 351.932304 0.000000
1648926714013295481 497.369757 0.000000
1648926714410523776 425.068670 0.000000
1648926715361325710 492.231879 0.000000
1648926715389848407 402.827681 0.000000
1648926716769510832 498.522110 0.000000
1648926716769539897 498.523693 0.000000
1648926716769644132 363.625453 0.000000
1648926717396319970 626.669586 0.000000
1648926717642696200 313.664463 0.000000
1648926718197411071 368.351877 0.000000
1648926719548375771 479.172168 0.000000
1648926719899996212 411.231730 0.000000
1648926720410287841 398.200962 0.000000
1648926720848773466 438.465197 0.000000
1648926721806354077 475.815236 0.000000
1648926722171278827 460.097533 0.000000
1648926722523225060 535.190722 0.000000
1648926722580055217 408.729572 0.000000
1648926722580370258 323.490532 0.000000
1648926723160108224 579.703070 0.000000
1648926723466540587 306.456047 0.000000
1648926723933413973 449.973212 0.000000
1648926723933445191 449.971960 0.000000
1648926724490672789 397.607473 0.000000
1648926724760087767 449.645517 0.000000
1648926724760138533 359.729978 0.000000
1648926724939181112 316.899856 0.000000
1648926725258851532 498.694464 0.000000
1648926727630402988 378.383895 0.000000
1648926727630423767 533.473698 0.000000
1648926728171012875 540.570423 0.000000
1648926728923640737 376.060050 0.000000
1648926729013499540 332.734748 0.000000
1648926729085558752 287.707434 0.000000
1648926729164610886 366.782802 0.000000
1648926729283694492 270.215911 0.000000
1648926729337685889 252.108332 0.000000
1648926729337714663 252.148417 0.000000
1648926729846733812 270.170764 0.000000
1648926730359699372 408.293681 0.000000
1648926730460175662 387.143770 0.000000
1648926730664989561 305.286331 0.000000
1648926730858664105 282.478257 0.000000
1648926731733090833 382.763817 0.000000
1648926731910702816 537.015567 0.000000
1648926733185630705 887.333503 0.000000
1648926733841611497 454.313191 0.000000
1648926733993982448 379.481604 0.000000
1648926734249798460 408.211269 0.000000
1648926734547570172 488.035620 0.000000
1648926734547582255 553.460746 0.000000
1648926734547634332 553.627770 0.000000
1648926734806072098 258.440891 0.000000
1648926734806093368 258.477610 0.000000
1648926735347467758 492.245022 0.000000
1648926735646972375 299.500669 0.000000
1648926736714896513 305.189408 0.000000
1648926738195502695 263.608985 0.000000
1648926738640168131 383.213000 0.000000
1648926738903135011 263.302931 0.000000
1648926739015457173 375.647194 0.000000
1648926739268522360 253.010835 0.000000
1648926739268548720 233.287853 0.000000
1648926739843933021 198.100825 0.000000
1648926740049099672 403.128865 0.000000
1648926740182586523 199.678369 0.000000
1648926740340426211 291.318554 0.000000
1648926740833308811 492.874775 0.000000
1648926740833326855 514.767061 0.000000
1648926741294316534 367.955451 0.000000
1648926741294384251 461.040104 0.000000
1648926742680720827 363.471482 0.000000
1648926743237848648 276.169520 0.000000
1648926743259755472 211.033137 0.000000
1648926743298537000 249.818983 0.000000
1648926743721966020 423.418631 0.000000
1648926744129157244 310.151456 0.000000
1648926744417282071 308.163995 0.000000
1648926745166644532 468.183775 0.000000
1648926745435413175 201.155901 0.000000
1648926745761399443 325.979716 0.000000
1648926745944565826 386.738310 0.000000
1648926746278262652 282.879969 0.000000
1648926746908344316 271.815455 0.000000
1648926747252682492 420.094129 0.000000
1648926747810534572 501.849877 0.000000
1648926747986715489 344.805463 0.000000
1648926748209109167 398.549387 0.000000
1648926748778584491 490.339426 0.000000
1648926749303790043 336.057827 0.000000
1648926749708799489 565.891955 0.000000
1648926749957702554 248.914075 0.000000
1648926750026560916 317.634037 0.000000
1648926750676704789 376.549949 0.000000
1648926750676737029 358.624782 0.000000
1648926750965489084 288.686431 0.000000
1648926751042583361 336.418236 0.000000
1648926751349615188 319.219472 0.000000
1648926753259565096 220.753951 0.000000
1648926753285412118 246.545147 0.000000
1648926753537496394 356.273126 0.000000
1648926753537528123 331.661623 0.000000
1648926753537543021 331.706257 0.000000
1648926755272188108 305.147420 0.000000
1648926755965880049 198.252298 0.000000
1648926756288026467 166.920627 0.000000
1648926756632941297 383.485161 0.000000
1648926757093744925 350.592049 0.000000
1648926757304931899 211.168009 0.000000
1648926757304973508 407.498489 0.000000
1648926758354685028 406.265755 0.000000
1648926759093988211 241.640096 0.000000
1648926760215330438 488.039387 0.000000
1648926760262713578 284.881808 0.000000
1648926761075785582 332.970422 0.000000
1648926761821960428 297.891386 0.000000
1648926762235547189 243.963599 0.000000
1648926762847688136 395.113445 0.000000
1648926763160422671 312.697275 0.000000
1648926763455480887 594.935310 0.000000
1648926763797371530 441.797002 0.000000
1648926765184545014 248.175688 0.000000
1648926765594137616 426.426159 0.000000
1648926766151614653 337.162463 0.000000
1648926766280971599 334.311820 0.000000
1648926766285457562 172.001408 0.000000
1648926767365562520 398.800436 0.000000
1648926767365574733 321.242340 0.000000
1648926767621553012 255.986534 0.000000
1648926767937214784 315.666671 0.000000
1648926768087102010 267.273056 0.000000
1648926769847503427 431.577702 0.000000
1648926770040799479 341.716126 0.000000
1648926770495107220 367.459771 0.000000
1648926771230635514 286.898066 0.000000
1648926771318804234 375.107782 0.000000
1648926771526989724 309.310367 0.000000
1648926771751552193 432.665354 0.000000
1648926771796099464 372.650535 0.000000
1648926773181831557 587.574820 0.000000
1648926773326606934 386.965566 0.000000
1648926773596886333 414.707816 0.000000
1648926773748600497 421.902712 0.000000
1648926774445592046 173.494151 0.000000
1648926774647470032 375.278651 0.000000
1648926774647477666 375.362269 0.000000
1648926775118450999 470.936784 0.000000
1648926776248927423 404.156159 0.000000
1648926776249085820 340.195524 0.000000
1648926776616214133 151.156879 0.000000
1648926776655473458 190.407288 0.000000
1648926776987341690 374.204456 0.000000
1648926777400024744 412.644100 0.000000
1648926777607216238 619.483012 0.000000
1648926777921010043 520.975009 0.000000
1648926778114588304 193.600433 0.000000
1648926778646239699 353.303790 0.000000
1648926779350887821 387.903998 0.000000
1648926779990242225 601.220703 0.000000
1648926780115574003 125.256447 0.000000
1648926780357673201 367.440223 0.000000
1648926780678049615 320.038579 0.000000
1648926781877286603 552.516794 0.000000
1648926781920960096 332.748505 0.000000
1648926782624281096 395.169399 0.000000
1648926782649206176 370.878960 0.000000
1648926782649436158 329.672689 0.000000
1648926783057802778 388.464451 0.000000
1648926783319089403 320.966334 0.000000
1648926783355643839 357.521832 0.000000
1648926783513791793 308.640556 0.000000
1648926784136557070 292.551069 0.000000
1648926784750599066 478.128438 0.000000
1648926784797852411 262.886889 0.000000
1648926784850702635 258.279798 0.000000
1648926785585846998 788.026557 0.000000
1648926785585891081 788.045342 0.000000
1648926785585897493 788.042748 0.000000
1648926785630585140 627.886851 0.000000
1648926786067759561 437.290478 0.000000
1648926787977905886 479.923251 0.000000
1648926788444433671 332.917342 0.000000
1648926788872490571 428.045589 0.000000
1648926789152412357 279.882262 0.000000
1648926789435481501 222.281887 0.000000
1648926789747230146 335.317681 0.000000
1648926790121175985 283.902880 0.000000
1648926790506473088 439.420658 0.000000
1648926790506496552 439.472045 0.000000
1648926791939261801 388.859301 0.000000
1648926792185232668 245.989662 0.000000
1648926792185266682 245.996675 0.000000
1648926792304741644 199.697160 0.000000
1648926792576240784 321.832006 0.000000
1648926792970444379 282.727200 0.000000
1648926793174436094 204.006512 0.000000
1648926793174477001 204.031450 0.000000
1648926793960906862 786.466409 0.000000
1648926794561062854 600.175419 0.000000
1648926796305207435 500.937244 0.000000
1648926796727183438 355.444219 0.000000
1648926797153827966 366.724901 0.000000
1648926797356919471 339.336777 0.000000
1648926797491250085 244.447756 0.000000
1648926797755898554 264.723229 0.000000
1648926798006307744 250.742195 0.000000
1648926798093967689 338.094723 0.000000
1648926798097477739 341.589064 0.000000
1648926798172610803 328.713628 0.000000
1648926799035330347 307.468849 0.000000
1648926800506712215 299.348201 0.000000
1648926800630663012 423.215431 0.000000
1648926801314568145 334.983502 0.000000
1648926801391676508 213.855998 0.000000
1648926801749722111 435.032327 0.000000
1648926802098416226 339.780858 0.000000
1648926802747903284 256.456014 0.000000
1648926803336131601 379.582533 0.000000
1648926803737251614 257.287405 0.000000
1648926804134033560 500.364608 0.000000
1648926804521147284 400.761889 0.000000
1648926804733500619 396.902944 0.000000
1648926805122792045 389.255779 0.000000
1648926805329424453 346.212453 0.000000
1648926805571369041 242.027193 0.000000
1648926805740051407 410.760816 0.000000
1648926805740071024 410.642353 0.000000
1648926806046463843 475.090283 0.000000
1648926806046505271 475.165785 0.000000
1648926806142677789 402.619248 0.000000
1648926806414267197 367.859731 0.000000
1648926807307893254 540.982506 0.000000
1648926807603758614 295.831026 0.000000
1648926807603782028 295.908702 0.000000
1648926808164953040 442.579978 0.000000
1648926808165142927 442.691629 0.000000
1648926808247724927 449.750863 0.000000
1648926808910019804 200.053981 0.000000
1648926809271117338 471.704224 0.000000
1648926809778327910 139.598835 0.000000
1648926809929325412 290.524453 0.000000
1648926810019339667 326.628753 0.000000
1648926810268308583 489.969773 0.000000
1648926810345695718 356.181433 0.000000
1648926810811593160 345.780434 0.000000
1648926811142096400 316.691104 0.000000
1648926811172944652 101.491926 0.000000
1648926812121576078 215.683567 0.000000
1648926812841316939 719.771248 0.000000
1648926813673331239 384.554659 0.000000
1648926813846989507 322.626708 0.000000
1648926815044863986 413.168306 0.000000
1648926815359111090 451.320902 0.000000
1648926815715162529 356.130107 0.000000
1648926816007126045 291.926145 0.000000
1648926817511444957 493.796807 0.000000
1648926818006241319 456.350969 0.000000
1648926818614390701 275.165004 0.000000
1648926819495504883 479.432205 0.000000
1648926819679900914 184.315139 0.000000
1648926820579849201 487.038046 0.000000
1648926820579890067 455.885113 0.000000
1648926820580133194 393.137123 0.000000
1648926820943388950 363.251919 0.000000
1648926820943453270 363.611424 0.000000
1648926821245453120 302.010651 0.000000
1648926821689956290 444.499072 0.000000
1648926821866533922 243.228657 0.000000
1648926822223404239 503.135751 0.000000
1648926822325865204 510.491413 0.000000
1648926822325935777 459.421262 0.000000
1648926822973858067 454.967059 0.000000
1648926822973867284 280.407066 0.000000
1648926824775213317 351.445170 0.000000
1648926825089482735 314.252135 0.000000
1648926825639540039 550.160699 0.000000
1648926825639549668 550.214179 0.000000
1648926825720315017 630.819698 0.000000
1648926825720364891 630.875674 0.000000
1648926825720373677 630.987473 0.000000
1648926825720379588 630.800462 0.000000
1648926825947114095 738.194991 0.000000
1648926826687399100 740.191830 0.000000
1648926826687431681 449.051760 0.000000
1648926827545073874 338.481241 0.000000
1648926828132199125 557.564099 0.000000
1648926828639489919 280.371268 0.000000
1648926829421227227 441.328870 0.000000
1648926829421764466 418.415027 0.000000
1648926829421774915 441.697803 0.000000
1648926829836423809 415.211470 0.000000
1648926830598509689 539.616559 0.000000
1648926830793474074 488.327748 0.000000
1648926831916355480 438.575230 0.000000
1648926832589727976 170.632029 0.000000
1648926832895544702 476.451139 0.000000
1648926832895849073 378.402607 0.000000
1648926833095725742 200.111279 0.000000
1648926833491963917 596.382146 0.000000
