1648926685501512812 463.695580 106.282853 105 48 0.000000
1648926686269490999 434.796120 134.118393 103 48 0.000000
1648926687506802239 458.779258 93.751674 116 48 0.000000
1648926688482493017 703.846340 69.694212 68 48 0.000000
1648926689450988365 430.679116 117.708369 114 48 0.000000
1648926690429507883 426.477727 116.502534 114 48 0.000000
1648926691437002458 449.207321 105.211480 106 48 0.000000
1648926692507311855 486.695211 93.430930 100 48 0.000000
1648926693509671468 419.631470 120.715146 121 48 0.000000
1648926694426715368 416.869616 106.865112 98 48 0.000000
1648926695422937707 652.533482 51.193392 51 48 0.000000
1648926696309593558 602.824449 118.422498 105 48 0.000000
1648926697495315581 451.981968 86.023535 102 48 0.000000
1648926698506414612 426.071485 103.847401 105 48 0.000000
1648926699520340833 432.010377 118.351807 120 48 0.000000
1648926700233614963 436.662874 123.374715 88 48 0.000000
1648926701453359017 578.307376 91.002705 111 48 0.000000
1648926702417350067 456.691385 108.922162 105 48 0.000000
1648926703467967028 458.767243 100.893099 106 48 0.000000
1648926704497005315 433.606153 112.726622 116 48 0.000000
1648926705431851410 433.551045 113.387636 106 48 0.000000
1648926706371963072 407.999772 120.198474 113 48 0.000000
1648926707502624972 461.221523 91.097096 103 48 0.000000
1648926708402008550 413.525558 120.082233 108 48 0.000000
1648926709359105564 417.990936 109.706763 105 48 0.000000
1648926710519414671 401.595232 96.525999 112 48 0.000000
1648926711521749716 429.934475 125.706475 126 48 0.000000
1648926712518886151 444.611244 122.350346 122 48 0.000000
1648926713515923410 444.690565 116.344711 116 48 0.000000
1648926714514605115 402.911548 117.154435 117 48 0.000000
1648926715488958071 403.774896 112.895443 110 48 0.000000
1648926716473659245 437.887230 106.631332 105 48 0.000000
1648926717477342453 395.892028 115.574318 116 48 0.000000
1648926718395746947 421.608526 113.239853 104 48 0.000000
1648926719495579537 405.855117 127.292108 140 48 0.000000
1648926720526295329 391.785733 115.453739 119 48 0.000000
1648926721503132171 393.534821 123.869202 121 48 0.000000
1648926722523224850 413.291007 108.813650 111 48 0.000000
1648926723526213192 377.851645 149.553077 150 48 0.000000
1648926724522168118 396.349501 116.471140 116 48 0.000000
1648926725391647966 384.953393 119.611743 104 48 0.000000
1648926726523568148 529.362723 93.646173 106 48 0.000000
1648926727503812795 383.373950 111.196733 109 48 0.000000
1648926728503001413 502.623397 90.073083 90 48 0.000000
1648926729472521431 406.162804 123.772585 120 48 0.000000
1648926730487907373 371.137218 139.848312 142 48 0.000000
1648926731492416371 371.596825 129.416450 130 48 0.000000
1648926732534212521 364.730771 127.664141 133 48 0.000000
1648926733483701930 556.227396 86.362202 82 48 0.000000
1648926734488437160 379.118498 119.434447 120 48 0.000000
1648926735461800588 376.473167 133.557516 130 48 0.000000
1648926736518596301 361.248023 122.067113 129 48 0.000000
1648926737527396073 383.529809 119.944525 121 48 0.000000
1648926738512716421 383.366650 138.026172 136 48 0.000000
1648926739516282167 357.839293 134.520329 135 48 0.000000
1648926740538991328 380.912024 118.313204 121 48 0.000000
1648926741516334046 388.021002 143.245553 140 48 0.000000
1648926742504501509 369.617453 123.460865 122 48 0.000000
1648926743508133569 362.560434 129.529531 130 48 0.000000
1648926744520073137 379.433685 131.430784 133 48 0.000000
1648926745541120848 374.147917 127.320201 130 48 0.000000
1648926746487923552 387.445389 119.349036 113 48 0.000000
1648926747480867264 362.348507 133.945168 133 48 0.000000
1648926748539239428 350.401440 129.444060 137 48 0.000000
1648926749502522086 373.482789 126.650261 122 48 0.000000
1648926750534233908 350.328961 147.327965 152 48 0.000000
1648926751525413938 326.705151 148.308082 147 48 0.000000
1648926752544581187 377.873473 135.404653 138 48 0.000000
1648926753546538682 346.730281 128.747988 129 48 0.000000
1648926754543435646 385.965675 112.348614 112 48 0.000000
1648926755532419322 346.648528 141.559465 140 48 0.000000
1648926756548352929 493.777079 94.494365 96 48 0.000000
1648926757525451768 383.645092 140.210992 137 48 0.000000
1648926758443035059 533.357580 94.814288 87 48 0.000000
1648926759539270094 349.144277 112.202216 123 48 0.000000
1648926760543619922 375.495587 141.385004 142 48 0.000000
1648926761531380751 363.711482 131.610795 130 48 0.000000
1648926762518295260 355.843555 136.789974 135 48 0.000000
1648926763455558603 348.700382 145.103296 136 48 0.000000
1648926764550002956 449.010573 99.593911 109 48 0.000000
1648926765510922547 389.366927 120.717693 116 48 0.000000
1648926766510401017 341.188755 137.071499 137 48 0.000000
1648926767534186959 401.414386 128.933201 132 48 0.000000
1648926768532249130 352.775411 143.277649 143 48 0.000000
1648926769546773311 318.752972 130.110246 132 48 0.000000
1648926770551025975 339.255314 154.343630 155 48 0.000000
1648926771541227547 327.962983 147.444734 146 48 0.000000
1648926772528317583 378.652492 122.582537 121 48 0.000000
1648926773538678370 327.140770 139.554090 141 48 0.000000
1648926774549840488 344.940964 152.300017 154 48 0.000000
1648926775548139172 335.524263 151.257353 151 48 0.000000
1648926776478362366 356.238424 127.926284 119 48 0.000000
1648926777540712347 334.746418 136.489861 145 48 0.000000
1648926778541611615 353.316499 139.874206 140 48 0.000000
1648926779490102247 330.037838 148.657248 141 48 0.000000
1648926780541021525 343.277625 135.119800 142 48 0.000000
1648926781557465560 360.491784 128.880673 131 48 0.000000
1648926782493341938 336.202895 151.729438 142 48 0.000000
1648926783557236269 336.412539 143.811278 153 48 0.000000
1648926784535030914 307.162063 153.406452 150 48 0.000000
1648926785549720335 344.888547 87.711568 89 48 0.000000
1648926786542466594 428.400029 157.139842 156 48 0.000000
1648926787553708321 359.653551 127.565950 129 48 0.000000
1648926788547926252 407.957210 111.645541 111 48 0.000000
1648926789565212130 341.885090 154.332223 157 48 0.000000
1648926790564397078 311.125367 156.127250 156 48 0.000000
1648926791550394856 343.390381 128.803545 127 48 0.000000
1648926792553269493 326.094589 130.624493 131 48 0.000000
1648926793537451940 323.594435 150.378622 148 48 0.000000
1648926794561087801 388.066138 147.513404 151 48 0.000000
1648926795545016633 350.027301 127.041711 125 48 0.000000
1648926796543726850 370.996182 127.164011 127 48 0.000000
1648926797565186432 320.806244 157.617583 161 48 0.000000
1648926798570515107 327.752940 137.268547 138 48 0.000000
1648926799480142378 327.152298 148.412427 135 48 0.000000
1648926800524689080 345.020468 142.645614 149 48 0.000000
1648926801490379988 330.619881 142.902872 138 48 0.000000
1648926802506241378 337.418029 146.673551 149 48 0.000000
1648926803570552461 298.114698 155.029853 165 48 0.000000
1648926804552179772 335.272212 144.657752 142 48 0.000000
1648926805573500634 362.784821 130.223531 133 48 0.000000
1648926806573788453 365.989799 119.965468 120 48 0.000000
1648926807573648518 346.048908 153.021408 153 48 0.000000
1648926808552893677 348.649232 140.924879 138 48 0.000000
1648926809545044207 324.982111 143.123437 142 48 0.000000
1648926810576703611 316.635751 152.182005 157 48 0.000000
1648926811575314038 319.289024 155.215698 155 48 0.000000
1648926812579166471 319.678908 135.478080 136 48 0.000000
1648926813524358581 353.794069 143.886086 136 48 0.000000
1648926814535602390 319.794259 138.443366 140 48 0.000000
1648926815530434015 492.649640 97.503938 97 48 0.000000
1648926816481331606 329.880525 154.590780 147 48 0.000000
1648926817578645945 429.592607 121.205013 133 48 0.000000
1648926818574589619 315.900505 140.570211 140 48 0.000000
1648926819571620672 347.357385 140.416886 140 48 0.000000
1648926820580138183 337.075393 157.657158 159 48 0.000000
1648926821582229698 293.166381 128.730744 129 48 0.000000
1648926822539364421 327.532422 169.255189 162 48 0.000000
1648926823578600359 319.846415 139.525580 145 48 0.000000
1648926824529166068 394.655923 129.396631 123 48 0.000000
1648926825583405538 350.191359 125.208744 132 48 0.000000
1648926826577891031 345.594411 134.743041 134 48 0.000000
1648926827574659402 348.483701 147.476588 147 48 0.000000
1648926828570940829 341.908618 146.544938 146 48 0.000000
1648926829580846416 355.367201 128.724904 130 48 0.000000
1648926830490142704 333.158518 149.566212 136 48 0.000000
1648926831548056004 351.140652 138.007529 146 48 0.000000
1648926832589727976 353.027456 131.519321 137 48 0.000000
1648926833565881298 344.059114 143.420106 140 48 0.000000
