1659022923470289819 0.000000 150.982581 151 80 0.000000
1659022924470491683 0.000000 171.965290 172 80 0.000000
1659022925470627125 0.000000 161.978071 162 80 0.000000
1659022926470732687 0.000000 209.977836 210 80 0.000000
1659022927470877610 0.000000 193.971885 194 80 0.000000
1659022928471033904 0.000000 161.974676 162 80 0.000000
1659022929471193011 0.000000 179.971365 180 80 0.000000
1659022930471354015 0.000000 229.962975 230 80 0.000000
1659022931471548468 0.000000 162.968310 163 80 0.000000
1659022932471720299 0.000000 166.971311 167 80 0.000000
1659022933471870314 0.000000 246.962949 247 80 0.000000
1659022934472061793 0.000000 165.968217 166 80 0.000000
1659022935472252353 0.000000 161.969138 162 80 0.000000
1659022936472422586 0.000000 228.961023 229 80 0.000000
1659022937472581755 0.000000 177.971671 178 80 0.000000
1659022938187280889 415.003113 229.467210 164 80 0.000000
1659022939470689232 420.165019 179.210293 230 80 0.000000
1659022940340003416 424.848785 205.909463 179 80 0.000000
1659022941206520580 420.320494 190.417463 165 80 0.000000
1659022942470380854 422.920131 181.190907 229 80 0.000000
1659022943372262330 419.197512 201.800366 182 80 0.000000
1659022944234803955 413.947657 193.613829 167 80 0.000000
1659022945476389120 420.191792 146.586812 182 80 0.000000
1659022946403355486 414.578047 252.436349 234 80 0.000000
1659022947270702586 417.853310 191.388193 166 80 0.000000
1659022948472255865 420.060041 138.154499 166 80 0.000000
1659022949449762888 419.822822 253.706614 248 80 0.000000
1659022950310060698 417.878399 192.956453 166 80 0.000000
1659022951202511908 409.843177 189.366092 169 80 0.000000
1659022952465437531 417.263251 195.577633 247 80 0.000000
1659022953337913712 422.272958 189.116900 165 80 0.000000
1659022954200833456 424.581862 187.734720 162 80 0.000000
1659022955468576273 418.915216 183.002423 232 80 0.000000
1659022956350724431 411.335980 207.448153 183 80 0.000000
1659022957233324419 415.166769 189.213694 167 80 0.000000
1659022958469333415 409.641173 188.509943 233 80 0.000000
1659022959482546310 414.887352 181.600529 184 80 0.000000
1659022960291735713 414.084717 206.379371 167 80 0.000000
1659022961489385933 417.642139 192.042726 230 80 0.000000
1659022962397907979 409.880152 206.929472 188 80 0.000000
1659022963252146132 403.797308 197.837101 169 80 0.000000
1659022964476180765 412.093116 150.322174 184 80 0.000000
1659022965409025123 410.132793 254.062513 237 80 0.000000
1659022966314376459 405.089875 186.667850 169 80 0.000000
1659022967490543423 403.062099 159.841260 188 80 0.000000
1659022968421942343 410.177849 253.382278 236 80 0.000000
1659022969433443179 420.129676 163.123940 165 80 0.000000
1659022970496402482 409.512738 165.575494 176 80 0.000000
1659022971448749031 407.276391 258.309309 246 80 0.000000
1659022972306552945 407.133500 198.180515 170 80 0.000000
1659022973491818597 408.657867 147.646223 175 80 0.000000
1659022974479846338 409.388728 252.017200 249 80 0.000000
1659022975392878899 403.834441 186.192707 170 80 0.000000
1659022976489574648 399.815959 155.922920 171 80 0.000000
1659022977475813688 410.161414 252.474276 249 80 0.000000
1659022978317986355 399.348902 203.046260 171 80 0.000000
1659022979502672906 410.294396 145.186078 172 80 0.000000
1659022980470296977 411.094776 255.264433 247 80 0.000000
1659022981332040282 410.234379 194.953629 168 80 0.000000
1659022982502969732 407.758301 146.037846 171 80 0.000000
1659022983493875166 411.031555 252.294494 250 80 0.000000
1659022984501865528 405.237345 168.652406 170 80 0.000000
1659022985211106852 400.009759 243.922610 173 80 0.000000
1659022986507825521 414.402043 192.023159 249 80 0.000000
1659022987380757032 403.970712 192.454946 168 80 0.000000
1659022988504543169 401.098626 154.833731 174 80 0.000000
1659022989495040599 412.005924 248.360074 246 80 0.000000
1659022990356380533 403.078058 199.688874 172 80 0.000000
1659022991294684558 410.317821 180.112198 169 80 0.000000
1659022992484993327 411.778867 196.587650 234 80 0.000000
1659022993389018942 397.392793 210.171015 190 80 0.000000
1659022994234852042 409.941818 198.620761 168 80 0.000000
1659022995513210228 421.184486 147.845877 189 80 0.000000
1659022996506234846 389.782801 246.720978 245 80 0.000000
1659022997275105543 394.314694 225.005341 173 80 0.000000
1659022998498891629 408.159160 151.170212 185 80 0.000000
1659022999416887215 400.839472 260.349833 239 80 0.000000
1659023000302263677 396.444857 197.656018 175 80 0.000000
1659023001508559115 407.388316 152.533125 184 80 0.000000
1659023002453469653 397.718693 258.225485 244 80 0.000000
1659023003503161561 387.597824 173.384203 182 80 0.000000
1659023004510990093 390.578160 186.539690 188 80 0.000000
1659023005440657693 397.364651 262.459391 244 80 0.000000
1659023006307893349 402.894239 197.178242 171 80 0.000000
1659023007523133852 396.768178 155.524769 189 80 0.000000
1659023008451614458 398.028710 261.717889 243 80 0.000000
1659023009312964813 391.179484 204.330346 176 80 0.000000
1659023010498710185 393.908155 155.176652 184 80 0.000000
1659023011463545877 397.790721 259.111478 250 80 0.000000
1659023012372693386 419.888302 182.588636 166 80 0.000000
1659023013524178857 386.828623 160.662033 185 80 0.000000
1659023014496338714 403.195677 259.216628 252 80 0.000000
1659023015391796732 404.272096 190.963711 171 80 0.000000
1659023016524764613 399.827731 157.109485 178 80 0.000000
1659023017530873424 401.824003 253.451727 255 80 0.000000
1659023018425611250 396.480174 195.588027 175 80 0.000000
1659023019332536751 397.766178 191.856994 174 80 0.000000
1659023020518669146 399.465951 201.495213 239 80 0.000000
1659023021430939221 391.185517 212.656302 194 80 0.000000
1659023022339208690 405.386508 188.270130 171 80 0.000000
1659023023534976212 401.309261 200.707908 240 80 0.000000
1659023024507263710 397.898111 196.443945 191 80 0.000000
1659023025488742203 386.128922 182.377904 179 80 0.000000
1659023026538138210 392.126147 231.561795 243 80 0.000000
1659023027471769310 396.869436 204.577579 191 80 0.000000
1659023028539005132 384.167890 175.219003 187 80 0.000000
1659023029528859716 386.498237 189.926891 188 80 0.000000
1659023030531532158 387.763584 249.333668 250 80 0.000000
1659023031351125822 370.896841 229.381978 188 80 0.000000
1659023032535769588 375.950405 167.982980 199 80 0.000000
1659023033481598364 392.735784 256.917532 243 80 0.000000
1659023034301082198 385.164161 213.549060 175 80 0.000000
1659023035542010849 398.588978 193.403554 240 80 0.000000
1659023036470816576 384.064126 214.253618 199 80 0.000000
1659023037544694504 374.290381 170.410431 183 80 0.000000
1659023038540744997 383.467960 248.983359 248 80 0.000000
1659023039469683510 368.526481 223.911483 208 80 0.000000
1659023040371770577 354.413961 218.382470 197 80 0.000000
1659023041549564962 385.160029 207.166906 244 80 0.000000
1659023042541783757 355.396896 222.733112 221 80 0.000000
1659023043409376482 383.206157 206.318007 179 80 0.000000
1659023044545172769 362.819329 179.609673 204 80 0.000000
1659023045547110765 403.858199 246.522251 247 80 0.000000
1659023046393898864 381.294333 213.748868 181 80 0.000000
1659023047322633976 381.071847 200.272376 186 80 0.000000
1659023048528291140 408.794508 205.696968 248 80 0.000000
1659023049406242487 374.605828 209.578793 184 80 0.000000
1659023050554511107 359.544052 175.046161 201 80 0.000000
1659023051539341083 384.546065 264.004937 260 80 0.000000
1659023052494056955 382.419508 192.727511 184 80 0.000000
1659023053294666213 374.897693 226.077823 181 80 0.000000
1659023054557382494 388.978255 205.905310 260 80 0.000000
1659023055425517969 382.274516 209.644701 182 80 0.000000
1659023056553216069 375.900875 169.371580 191 80 0.000000
1659023057538443383 390.712287 257.808532 254 80 0.000000
1659023058450525819 404.322195 196.254186 179 80 0.000000
1659023059516771300 385.872992 164.127297 175 80 0.000000
1659023060536908408 379.904932 247.025635 252 80 0.000000
1659023061449171739 390.133796 212.657872 194 80 0.000000
1659023062349319491 381.650634 203.299962 183 80 0.000000
1659023063567783614 386.408425 206.817755 252 80 0.000000
1659023064459612158 381.771406 215.288006 192 80 0.000000
1659023065553395631 395.629803 161.823627 177 80 0.000000
1659023066569886532 382.832736 258.733258 263 80 0.000000
1659023067468264539 359.978334 215.944720 194 80 0.000000
1659023068387890133 392.834410 192.469630 177 80 0.000000
1659023069551166369 401.073352 203.734933 237 80 0.000000
1659023070459380800 390.176267 215.808059 196 80 0.000000
1659023071507098102 379.071441 176.574348 185 80 0.000000
1659023072574563064 381.126349 231.389343 247 80 0.000000
1659023073568196674 382.410177 205.307052 204 80 0.000000
1659023074365086532 382.189683 225.878139 180 80 0.000000
1659023075567230991 387.115614 159.714585 192 80 0.000000
1659023076527941435 385.113622 265.428565 255 80 0.000000
1659023077442594469 378.118984 203.355816 186 80 0.000000
1659023078576934337 379.106362 171.024577 194 80 0.000000
1659023079573834828 388.049418 253.786596 253 80 0.000000
1659023080414283927 367.323005 217.740735 183 80 0.000000
1659023081581490520 379.125184 167.922297 196 80 0.000000
1659023082539717235 395.770866 257.767789 247 80 0.000000
1659023083397912984 373.858142 214.403299 184 80 0.000000
1659023084571799778 390.418598 158.447987 186 80 0.000000
1659023085551241665 381.871483 268.520273 263 80 0.000000
1659023086409544952 378.070537 212.046257 182 80 0.000000
1659023087586598340 0.000000 155.472993 183 80 0.000000
1659023088586932376 0.000000 269.909819 270 80 0.000000
1659023089587126520 0.000000 191.962728 192 80 0.000000
1659023090587319575 0.000000 184.964295 185 80 0.000000
1659023091587485232 0.000000 240.960081 241 80 0.000000
1659023092587678692 0.000000 195.962089 196 80 0.000000
1659023093587842536 0.000000 180.970364 181 80 0.000000
1659023094587949722 0.000000 246.973530 247 80 0.000000
1659023095587999979 0.000000 203.989732 204 80 0.000000
1659023096588183420 0.000000 184.966070 185 80 0.000000
1659023097588338699 0.000000 241.962428 242 80 0.000000
1659023098588512152 0.000000 197.965658 198 80 0.000000
1659023099588668782 0.000000 184.971041 185 80 0.000000
1659023100588767212 0.000000 244.975894 245 80 0.000000
1659023101588906932 0.000000 201.971764 202 80 0.000000
