1649623554463695852 176.648064 0.000000
1649623554479450641 176.580657 0.000000
1649623554593421669 88.562619 0.000000
1649623554625571448 88.436112 0.000000
1649623554722004263 88.401176 0.000000
1649623554786350989 88.323141 0.000000
1649623554826259305 88.440570 0.000000
1649623554914881777 88.375468 0.000000
1649623555019411995 176.686447 0.000000
1649623555043383119 176.676037 0.000000
1649623555099954807 88.426003 0.000000
1649623555116101741 88.547170 0.000000
1649623555276468588 176.535372 0.000000
1649623555349419807 88.424090 0.000000
1649623555389261558 88.434009 0.000000
1649623555405939057 88.478531 0.000000
1649623555518291119 88.506163 0.000000
1649623555518757494 88.352976 0.000000
1649623555534631157 176.599854 0.000000
1649623555582836579 88.395827 0.000000
1649623555767639522 88.420071 0.000000
1649623555913151588 88.357915 0.000000
1649623556073209786 176.633717 0.000000
1649623556202290384 88.410464 0.000000
1649623556217967378 176.500657 0.000000
1649623556249851969 176.635660 0.000000
1649623556290479744 176.594233 0.000000
1649623556314442262 88.391408 0.000000
1649623556331105484 88.361150 0.000000
1649623556379045910 88.463574 0.000000
1649623556450600419 176.560238 0.000000
1649623556491053316 176.605603 0.000000
1649623556492604525 88.335434 0.000000
1649623556531697131 88.472891 0.000000
1649623556636520117 88.335162 0.000000
1649623556708448418 88.399043 0.000000
1649623556764869603 176.653824 0.000000
1649623556765436476 88.728049 0.000000
1649623556765606395 176.495427 0.000000
1649623556838250418 88.688154 0.000000
1649623556894901315 88.392901 0.000000
1649623556909974306 88.414662 0.000000
1649623556973311819 176.672849 0.000000
1649623557103793374 88.323160 0.000000
1649623557103931392 88.445960 0.000000
1649623557184582859 88.469495 0.000000
1649623557257091217 88.479384 0.000000
1649623557402159300 88.576305 0.000000
1649623557417605120 88.593326 0.000000
1649623557490465458 88.303253 0.000000
1649623557578152757 176.619029 0.000000
1649623557650728852 88.458334 0.000000
1649623557666355040 176.847057 0.000000
1649623557682912605 88.345392 0.000000
1649623557738781194 176.528930 0.000000
1649623557754863558 176.479197 0.000000
1649623557778864397 88.400646 0.000000
1649623557827910095 88.295979 0.000000
1649623557843317883 88.450698 0.000000
1649623557923732626 88.374086 0.000000
1649623557946665013 88.360731 0.000000
1649623558091381316 88.399493 0.000000
1649623558179661676 176.621634 0.000000
1649623558213488900 88.451651 0.000000
1649623558229902164 88.353217 0.000000
1649623558246412659 88.387962 0.000000
1649623558390059378 176.568284 0.000000
1649623558479500464 88.492076 0.000000
1649623558525829357 88.510711 0.000000
1649623558535493256 176.611434 0.000000
1649623558608596330 88.359529 0.000000
1649623558697132068 88.368606 0.000000
1649623558712385067 176.515224 0.000000
1649623558841558839 88.462493 0.000000
1649623558929670713 176.654706 0.000000
1649623558986559626 88.433727 0.000000
1649623559016444979 88.425752 0.000000
1649623559106493734 176.816600 0.000000
1649623559131259098 88.330233 0.000000
1649623559193171840 176.609831 0.000000
1649623559233449959 88.516382 0.000000
1649623559233716278 88.657817 0.000000
1649623559250008966 88.348978 0.000000
1649623559306599169 88.580403 0.000000
1649623559389223604 88.460778 0.000000
1649623559477666990 88.432996 0.000000
1649623559566921386 176.626313 0.000000
1649623559623304410 88.362374 0.000000
1649623559668615926 88.462281 0.000000
1649623559695577868 88.570654 0.000000
1649623559798915219 88.480565 0.000000
1649623559829404855 176.476802 0.000000
1649623559886012049 88.439337 0.000000
1649623559912893541 88.375218 0.000000
1649623559974692108 88.481617 0.000000
1649623560057718097 88.450108 0.000000
1649623560119489794 88.368515 0.000000
1649623560135226720 88.319483 0.000000
1649623560264375175 88.412417 0.000000
1649623560497298530 176.558866 0.000000
1649623560610372406 88.481587 0.000000
1649623560699008072 88.354729 0.000000
1649623560757304233 176.621664 0.000000
1649623560859908299 176.789498 0.000000
1649623560860285266 88.479553 0.000000
1649623560876084638 176.624409 0.000000
1649623561044774501 88.475686 0.000000
1649623561087903054 88.551708 0.000000
1649623561133682397 88.467260 0.000000
1649623561175875757 176.562352 0.000000
1649623561176242274 88.331025 0.000000
1649623561191139515 88.413970 0.000000
1649623561351196220 88.356393 0.000000
1649623561366643393 176.585285 0.000000
1649623561366767095 176.721781 0.000000
1649623561465953083 176.720009 0.000000
1649623561512700801 88.367092 0.000000
1649623561657553990 88.450840 0.000000
1649623561802157162 88.382172 0.000000
1649623561884624502 88.434518 0.000000
1649623561987997680 88.419080 0.000000
1649623562003340447 88.432706 0.000000
1649623562091824980 88.371962 0.000000
1649623562261741010 88.409512 0.000000
1649623562268504672 88.457322 0.000000
1649623562293058278 88.413329 0.000000
1649623562365850137 176.584625 0.000000
1649623562421658765 88.542190 0.000000
1649623562623590192 88.367993 0.000000
1649623562630649718 88.310976 0.000000
1649623562768521850 88.439819 0.000000
1649623562769972720 88.581895 0.000000
1649623562848206132 88.432364 0.000000
1649623562863665778 176.527317 0.000000
1649623562960792463 88.506102 0.000000
1649623563177426347 176.555409 0.000000
1649623563177970307 176.739144 0.000000
1649623563193957793 88.435922 0.000000
1649623563217960045 88.369857 0.000000
1649623563291506480 176.522999 0.000000
1649623563348419638 88.385016 0.000000
1649623563355088692 88.370379 0.000000
1649623563395257406 176.657070 0.000000
1649623563515731016 176.561060 0.000000
1649623563556408062 88.571797 0.000000
1649623563644955252 88.491475 0.000000
1649623564047341458 88.494721 0.000000
1649623564079594831 88.394102 0.000000
1649623564223936341 176.615692 0.000000
1649623564304313493 88.371421 0.000000
1649623564408800789 176.565127 0.000000
1649623564457786354 176.602087 0.000000
1649623564587283492 176.634287 0.000000
1649623564666660508 88.448945 0.000000
1649623564745767899 176.524531 0.000000
1649623564956534732 88.516432 0.000000
1649623565021724137 88.347937 0.000000
1649623565174093119 88.543072 0.000000
1649623565206118654 88.402238 0.000000
1649623565270922958 88.405413 0.000000
1649623565366950102 88.365489 0.000000
1649623565391297993 88.453134 0.000000
1649623565406760825 176.773618 0.000000
1649623565560763288 88.385386 0.000000
1649623565608924527 88.411766 0.000000
1649623565681148262 88.542862 0.000000
1649623565737706284 176.621182 0.000000
1649623565769532426 176.796902 0.000000
1649623565801099271 88.391247 0.000000
1649623565857938741 88.399673 0.000000
1649623565946327434 176.794367 0.000000
1649623565971351752 88.549504 0.000000
1649623566018954815 88.488820 0.000000
1649623566075412058 176.577620 0.000000
1649623566091308242 88.337456 0.000000
1649623566107303142 88.367693 0.000000
1649623566147434415 88.399834 0.000000
1649623566188480343 88.420432 0.000000
1649623566276931313 88.397560 0.000000
1649623566364482325 88.352175 0.000000
1649623566566498371 88.392400 0.000000
1649623566799119789 88.350290 0.000000
1649623566814871492 176.545419 0.000000
1649623566856057203 88.428347 0.000000
1649623566871561152 88.409071 0.000000
1649623567001336672 88.519668 0.000000
1649623567249969701 176.608889 0.000000
1649623567265646955 176.700471 0.000000
1649623567466652255 176.590013 0.000000
1649623567700307642 88.455357 0.000000
1649623567860452332 88.309114 0.000000
1649623567870847322 88.389493 0.000000
1649623568094039462 88.435150 0.000000
1649623568102725337 88.339750 0.000000
1649623568135092112 88.464264 0.000000
1649623568150838396 176.659445 0.000000
1649623568191090495 88.363134 0.000000
1649623568424634644 176.880718 0.000000
1649623568569831598 88.381599 0.000000
1649623568641969491 176.677687 0.000000
1649623568642290794 88.458633 0.000000
1649623568714432534 88.400794 0.000000
1649623568754671439 88.309093 0.000000
1649623568761474444 176.573382 0.000000
1649623568802855580 88.417426 0.000000
1649623568826928365 88.272644 0.000000
1649623568843385071 88.510411 0.000000
1649623568932140290 88.374866 0.000000
1649623568947123462 88.405845 0.000000
1649623568947652785 88.549514 0.000000
1649623568979518711 176.652851 0.000000
1649623569004548591 88.383744 0.000000
1649623569020438122 176.672858 0.000000
1649623569123732151 176.599832 0.000000
1649623569132597905 88.456150 0.000000
1649623569149518960 88.383303 0.000000
1649623569205011013 176.560347 0.000000
1649623569252481757 176.616614 0.000000
1649623569429060039 176.575546 0.000000
1649623569479270500 88.421875 0.000000
1649623569510540539 176.538207 0.000000
1649623569527642945 88.468993 0.000000
1649623569656095083 177.110208 0.000000
1649623569656181325 88.450568 0.000000
1649623569712091913 88.469595 0.000000
1649623569712129544 88.516683 0.000000
1649623569760914672 88.359478 0.000000
1649623569817064509 176.682989 0.000000
1649623569905385866 88.311168 0.000000
1649623569929999133 88.544835 0.000000
1649623570050883693 88.462000 0.000000
1649623570123148725 176.738291 0.000000
1649623570211590457 176.633315 0.000000
1649623570428485349 176.537315 0.000000
1649623570557028458 176.524932 0.000000
1649623570613360887 88.618754 0.000000
1649623570661070209 176.559847 0.000000
1649623570685602595 88.478350 0.000000
1649623570951850260 88.410393 0.000000
1649623570991336444 88.348818 0.000000
1649623571047727353 88.376620 0.000000
1649623571047756367 88.437013 0.000000
1649623571120738212 176.803092 0.000000
1649623571160943124 88.397149 0.000000
1649623571225466019 88.486365 0.000000
1649623571265628902 88.377632 0.000000
1649623571378804979 88.521682 0.000000
1649623571442527584 88.428337 0.000000
1649623571482140856 88.463152 0.000000
1649623571570483402 176.765322 0.000000
1649623571860355060 88.402959 0.000000
1649623571917448847 176.531114 0.000000
1649623571948447968 88.405414 0.000000
1649623571948658693 176.644526 0.000000
1649623572030406454 88.446651 0.000000
1649623572062490930 176.610212 0.000000
1649623572149408714 176.584953 0.000000
1649623572174889669 88.447633 0.000000
1649623572190639077 176.536783 0.000000
1649623572336284101 88.335944 0.000000
1649623572342559147 176.551111 0.000000
1649623572399104565 176.738842 0.000000
1649623572553874758 88.837503 0.000000
1649623572625489932 88.385928 0.000000
1649623572626400058 88.535288 0.000000
1649623572626479196 88.513577 0.000000
1649623572657724769 176.569314 0.000000
1649623572698553500 88.476136 0.000000
1649623572713870017 88.370818 0.000000
1649623572714932249 88.447472 0.000000
1649623572754547895 88.383502 0.000000
1649623572834383712 176.647271 0.000000
1649623572842986240 88.431784 0.000000
1649623572874301594 88.475414 0.000000
1649623573139792450 88.325193 0.000000
1649623573439205557 176.593570 0.000000
1649623573512400873 88.415192 0.000000
1649623573542156924 88.501144 0.000000
1649623573671254291 88.504700 0.000000
1649623573713030599 88.363665 0.000000
1649623573729041778 88.417857 0.000000
1649623573729101420 88.449385 0.000000
1649623573729118893 88.466638 0.000000
1649623573817432505 88.327919 0.000000
1649623573869380874 88.445829 0.000000
1649623573929952782 88.443154 0.000000
1649623573935811016 176.678870 0.000000
1649623574002579662 88.412277 0.000000
1649623574033479918 88.413740 0.000000
1649623574033515004 88.463143 0.000000
1649623574049439871 88.462269 0.000000
1649623574075367664 88.586563 0.000000
1649623574091950084 88.328349 0.000000
1649623574147879498 88.540056 0.000000
1649623574267030407 88.607803 0.000000
1649623574309866491 88.493698 0.000000
1649623574339470627 88.433727 0.000000
1649623574381022474 176.607406 0.000000
1649623574437393115 88.293835 0.000000
1649623574500011429 88.504498 0.000000
1649623574516167320 176.657870 0.000000
1649623574654763548 88.368425 0.000000
1649623574790973200 89.067144 0.000000
1649623574799433723 88.350952 0.000000
1649623574825538698 176.490836 0.000000
1649623574879412849 88.434178 0.000000
1649623574956482678 88.351252 0.000000
1649623574991865709 88.298574 0.000000
1649623575064284759 88.401607 0.000000
1649623575152629258 88.337054 0.000000
1649623575172185355 88.445178 0.000000
1649623575260159610 176.536353 0.000000
1649623575262149250 176.514902 0.000000
1649623575316943705 88.476116 0.000000
1649623575369871721 88.395153 0.000000
1649623575390986660 88.379445 0.000000
1649623575624569010 88.398281 0.000000
1649623575646265209 88.316467 0.000000
1649623575694596245 176.598698 0.000000
1649623575756556646 176.579843 0.000000
1649623575756607151 176.595432 0.000000
1649623575863026640 176.716039 0.000000
1649623575951495202 88.464214 0.000000
1649623575969122331 88.523044 0.000000
1649623576114321339 88.414491 0.000000
1649623576129540934 176.543876 0.000000
1649623576185836513 88.425740 0.000000
1649623576186864090 88.495682 0.000000
1649623576260343679 88.416695 0.000000
1649623576331924879 88.418228 0.000000
1649623576346453128 176.608357 0.000000
1649623576362355233 176.450963 0.000000
1649623576419771514 176.573872 0.000000
1649623576470855593 88.407668 0.000000
1649623576471000935 88.601561 0.000000
1649623576476988701 88.411595 0.000000
1649623576477812035 88.442983 0.000000
1649623576620793295 88.368364 0.000000
1649623576621796085 88.745060 0.000000
1649623576692217930 88.383101 0.000000
1649623576693626761 88.470436 0.000000
1649623576710116740 88.315104 0.000000
1649623576782584410 176.584032 0.000000
1649623576870175116 176.542133 0.000000
1649623576910489302 88.428346 0.000000
1649623577072673457 88.403421 0.000000
1649623577072712791 176.480569 0.000000
1649623577128542456 88.421073 0.000000
1649623577145543241 88.371009 0.000000
1649623577200266332 88.352925 0.000000
1649623577233963742 88.410072 0.000000
1649623577290769739 88.528383 0.000000
1649623577361697163 176.700900 0.000000
1649623577418232061 88.451118 0.000000
1649623577434882400 176.691083 0.000000
1649623577490686668 88.359477 0.000000
1649623577505406106 176.590844 0.000000
1649623577556039640 88.377190 0.000000
1649623577578679278 176.612716 0.000000
1649623577723874607 176.524119 0.000000
1649623577797240874 88.653208 0.000000
1649623577941832142 88.412467 0.000000
1649623578006694573 176.686233 0.000000
1649623578013578030 88.437855 0.000000
1649623578013669952 88.489983 0.000000
1649623578142647494 88.390746 0.000000
1649623578158478557 176.449119 0.000000
1649623578229190175 88.329250 0.000000
1649623578287724362 88.477067 0.000000
1649623578374285198 88.403500 0.000000
1649623578374544584 88.420703 0.000000
1649623578375026277 88.389575 0.000000
1649623578375660106 88.327538 0.000000
1649623578376101784 176.554136 0.000000
1649623578376610397 88.373724 0.000000
1649623578376821383 88.526581 0.000000
1649623578448003894 88.424319 0.000000
1649623578465217910 88.393111 0.000000
1649623578519080217 88.432013 0.000000
1649623578521361845 88.312980 0.000000
1649623578537365490 176.519681 0.000000
1649623578592742098 88.298163 0.000000
1649623578664068749 88.379534 0.000000
1649623578666504626 88.430059 0.000000
1649623578738571767 88.486937 0.000000
1649623578754552559 176.431184 0.000000
1649623578881634949 88.405223 0.000000
1649623578899259103 176.434371 0.000000
1649623578953838766 88.521672 0.000000
1649623578971739758 176.535310 0.000000
1649623579044424747 176.440312 0.000000
1649623579293623486 176.634937 0.000000
1649623579461695127 88.405864 0.000000
1649623579461914208 88.351101 0.000000
1649623579479333358 88.354378 0.000000
1649623579567692944 88.352814 0.000000
1649623579696251352 176.744984 0.000000
1649623579769032140 88.337025 0.000000
1649623579824929223 88.411074 0.000000
1649623579841438285 88.420522 0.000000
1649623579897609683 88.429027 0.000000
1649623579897957756 88.728159 0.000000
1649623579913644086 88.405634 0.000000
1649623579929800298 88.403931 0.000000
1649623579986383026 88.421002 0.000000
1649623580018278697 88.473561 0.000000
1649623580090627887 88.369356 0.000000
1649623580115070244 88.367472 0.000000
1649623580131444495 88.547880 0.000000
1649623580331730976 88.387980 0.000000
1649623580331808141 88.502976 0.000000
1649623580420615047 88.453634 0.000000
1649623580493257145 176.966289 0.000000
1649623580709185534 176.515563 0.000000
1649623580799430376 88.396016 0.000000
1649623580870184825 176.640116 0.000000
1649623580887982835 88.296760 0.000000
1649623580911113383 88.513195 0.000000
1649623580944442171 88.307559 0.000000
1649623581000803625 88.463903 0.000000
1649623581071260496 176.622474 0.000000
1649623581272964605 88.448133 0.000000
1649623581306834479 88.346743 0.000000
1649623581379260302 88.367442 0.000000
1649623581395431561 88.381849 0.000000
1649623581490492473 88.387279 0.000000
1649623581611182467 88.461528 0.000000
1649623581612698780 88.423717 0.000000
1649623581627110561 88.413869 0.000000
1649623581722987573 88.433115 0.000000
1649623581811567834 88.574941 0.000000
1649623581868155912 88.614014 0.000000
1649623581869478722 88.413368 0.000000
1649623581942116963 88.411484 0.000000
1649623582102648296 88.313580 0.000000
1649623582336623091 88.381678 0.000000
1649623582392221864 176.625177 0.000000
1649623582447490058 88.581884 0.000000
1649623582497656055 88.476636 0.000000
1649623582519806185 88.391527 0.000000
1649623582737236118 88.451760 0.000000
1649623582746690465 176.633023 0.000000
1649623582809560762 88.361210 0.000000
1649623583076810523 176.743951 0.000000
1649623583133334472 88.346002 0.000000
1649623583187436569 176.543495 0.000000
1649623583221496849 88.513936 0.000000
1649623583277375387 88.453924 0.000000
1649623583309964879 88.344529 0.000000
1649623583389255884 88.525218 0.000000
1649623583454293925 176.511496 0.000000
1649623583461508552 88.488639 0.000000
1649623583533755930 88.304354 0.000000
1649623583549979267 88.459905 0.000000
1649623583656225601 88.355229 0.000000
1649623583744303581 176.438368 0.000000
1649623583816456009 176.529439 0.000000
1649623583921266551 88.503778 0.000000
1649623583984955693 88.445799 0.000000
1649623584041565382 88.486205 0.000000
1649623584065758973 88.283044 0.000000
1649623584154037197 176.537995 0.000000
1649623584210910320 88.365588 0.000000
1649623584323324988 176.504851 0.000000
1649623584419448412 88.428596 0.000000
1649623584419697299 176.519720 0.000000
1649623584453050523 88.375728 0.000000
1649623584500444643 88.407617 0.000000
1649623584564281562 88.436021 0.000000
1649623584597916806 88.475344 0.000000
1649623584670634456 88.470215 0.000000
1649623584815705102 88.387450 0.000000
1649623584992182282 88.301869 0.000000
1649623585032641661 88.501875 0.000000
1649623585048625499 88.450838 0.000000
1649623585104742143 88.473491 0.000000
1649623585121040671 88.430199 0.000000
1649623585152834963 88.387970 0.000000
1649623585209650087 88.534645 0.000000
1649623585394267830 88.393861 0.000000
1649623585433282259 88.376919 0.000000
1649623585466520248 88.411605 0.000000
1649623585571629228 88.373894 0.000000
1649623585612184316 88.605488 0.000000
1649623585612243977 88.496554 0.000000
1649623585732446237 88.422164 0.000000
1649623585821064379 88.362202 0.000000
1649623585973495746 88.447663 0.000000
1649623586005899620 176.681353 0.000000
1649623586191353631 88.367852 0.000000
1649623586207032197 88.409781 0.000000
1649623586408503680 88.548721 0.000000
1649623586552257246 88.418378 0.000000
1649623586569520623 88.674939 0.000000
1649623586585165827 176.527604 0.000000
1649623586681279683 88.420832 0.000000
1649623586698282512 88.816945 0.000000
1649623586841727510 88.439367 0.000000
1649623586875557688 88.391817 0.000000
1649623586986803555 88.550144 0.000000
1649623587003499829 88.338878 0.000000
1649623587075938346 88.364216 0.000000
1649623587237603174 176.617784 0.000000
1649623587292647327 88.396126 0.000000
1649623587366637793 88.305566 0.000000
1649623587397387566 88.458833 0.000000
1649623587438352423 88.541990 0.000000
1649623587454035586 176.775880 0.000000
1649623587616008422 176.529397 0.000000
1649623587727624203 88.320453 0.000000
1649623587730264083 88.505340 0.000000
1649623587730335667 88.435579 0.000000
1649623587745633991 88.370017 0.000000
1649623587818644919 88.343216 0.000000
1649623587963271212 88.438034 0.000000
1649623588020310115 88.402968 0.000000
1649623588067127785 88.378032 0.000000
1649623588108845081 88.436181 0.000000
1649623588123751008 88.399772 0.000000
1649623588269474918 176.574752 0.000000
1649623588431071408 88.487066 0.000000
1649623588445242999 88.471978 0.000000
1649623588445374876 88.297340 0.000000
1649623588687659039 88.396676 0.000000
1649623588879625600 176.501185 0.000000
1649623588879792844 176.639775 0.000000
1649623588936998450 88.315124 0.000000
1649623588951589868 88.474933 0.000000
1649623589009189282 176.662878 0.000000
1649623589081829566 88.337325 0.000000
1649623589226711859 88.625295 0.000000
1649623589473858909 176.629345 0.000000
1649623589516205305 88.452421 0.000000
1649623589618623530 176.571848 0.000000
1649623589691907713 176.531993 0.000000
1649623589707085359 88.449946 0.000000
1649623589733393625 88.542430 0.000000
1649623589878268603 88.512003 0.000000
1649623589892592108 88.497095 0.000000
1649623589925727987 88.378203 0.000000
1649623589966303541 176.710498 0.000000
1649623590022930703 88.434577 0.000000
1649623590216114527 88.463011 0.000000
1649623590304273296 88.492375 0.000000
1649623590304324663 176.610570 0.000000
1649623590384944248 88.411574 0.000000
1649623590690314662 88.412706 0.000000
1649623590690509878 88.353415 0.000000
1649623590753330822 176.639565 0.000000
1649623590778869645 88.354557 0.000000
1649623590841745953 88.412105 0.000000
1649623591011990637 88.338316 0.000000
1649623591018310136 176.555707 0.000000
1649623591020484372 88.501303 0.000000
1649623591020616190 88.397308 0.000000
1649623591197345102 176.764008 0.000000
1649623591229167025 88.320333 0.000000
1649623591300801614 88.377130 0.000000
1649623591301737519 88.476847 0.000000
1649623591342341377 88.307840 0.000000
1649623591342514191 88.412797 0.000000
1649623591373904796 88.393800 0.000000
1649623591446279262 88.327066 0.000000
1649623591591460846 88.341112 0.000000
1649623591663344812 88.401355 0.000000
1649623591663441483 88.358034 0.000000
1649623591760515248 88.358033 0.000000
1649623591888713309 88.354206 0.000000
1649623591904700774 88.274468 0.000000
1649623591905363546 88.282162 0.000000
1649623591905948964 88.407948 0.000000
1649623592050174956 88.335071 0.000000
1649623592123093742 88.362703 0.000000
1649623592154374882 88.423286 0.000000
1649623592170388746 88.396005 0.000000
1649623592339178794 88.323429 0.000000
1649623592355357457 88.338657 0.000000
1649623592387560976 176.618364 0.000000
1649623592427846908 176.587907 0.000000
1649623592524260065 88.508325 0.000000
1649623592556866199 88.361641 0.000000
1649623592628995475 88.409671 0.000000
1649623592629073060 88.325593 0.000000
1649623592644950259 176.670993 0.000000
1649623592717966067 88.342636 0.000000
1649623592774014964 88.405042 0.000000
1649623592846524053 88.497886 0.000000
1649623592902240706 88.443834 0.000000
1649623592919108633 88.356450 0.000000
1649623593031788107 88.446549 0.000000
1649623593191702554 88.331214 0.000000
1649623593207778334 88.443504 0.000000
1649623593240839350 88.354837 0.000000
1649623593280286681 88.388801 0.000000
1649623593297374048 88.419839 0.000000
1649623593393737101 88.516992 0.000000
1649623593408793370 88.400112 0.000000
1649623593538428094 88.452000 0.000000
1649623593569508176 88.341964 0.000000
1649623593603020359 88.366990 0.000000
1649623593603121158 88.436952 0.000000
1649623593691360920 88.334970 0.000000
1649623593698168514 88.402447 0.000000
1649623593715954091 88.408429 0.000000
1649623593770511240 88.398870 0.000000
1649623593843833243 176.507126 0.000000
1649623593860493359 88.339308 0.000000
1649623594003794837 176.885505 0.000000
1649623594004777069 88.340190 0.000000
1649623594092616921 176.746435 0.000000
1649623594093637886 88.366060 0.000000
1649623594099821709 88.393741 0.000000
1649623594165580302 176.554295 0.000000
1649623594190183059 88.386367 0.000000
1649623594222317438 88.362373 0.000000
1649623594237566630 176.463134 0.000000
1649623594283925488 88.367932 0.000000
1649623594310769819 88.264769 0.000000
1649623594421190428 176.617272 0.000000
1649623594512048609 88.512845 0.000000
1649623594616356257 176.540048 0.000000
1649623594704646604 176.676153 0.000000
1649623594745400104 88.605789 0.000000
1649623594745512354 88.520669 0.000000
1649623594774453586 88.354698 0.000000
1649623594817610992 88.326033 0.000000
1649623594862861614 88.399952 0.000000
1649623595114064919 88.486185 0.000000
1649623595123072447 176.614788 0.000000
1649623595136398512 88.334930 0.000000
1649623595145517850 176.572167 0.000000
1649623595164311456 88.385835 0.000000
1649623595212228908 176.640196 0.000000
1649623595369619882 176.585152 0.000000
1649623595381920565 88.438174 0.000000
1649623595403550580 88.527051 0.000000
1649623595469875413 176.517175 0.000000
1649623595526518704 88.450868 0.000000
1649623595621496960 88.503927 0.000000
1649623595715911719 88.317217 0.000000
1649623595782436237 176.858155 0.000000
1649623595788692457 88.365227 0.000000
1649623595839077765 88.673566 0.000000
1649623596021681542 176.651056 0.000000
1649623596128135513 88.402827 0.000000
1649623596128337281 88.332495 0.000000
1649623596395129875 88.438846 0.000000
1649623596540342365 88.548611 0.000000
1649623596563371433 88.468611 0.000000
1649623596563727611 88.414399 0.000000
1649623596746343800 176.727348 0.000000
1649623596762610509 88.406063 0.000000
1649623596802736682 88.431902 0.000000
1649623596869421811 88.398390 0.000000
1649623596947667946 88.383422 0.000000
1649623596998294566 88.486223 0.000000
1649623597036166563 88.490481 0.000000
1649623597086652660 88.321856 0.000000
1649623597086824993 88.386367 0.000000
1649623597102615489 176.516262 0.000000
1649623597190915003 88.296489 0.000000
1649623597325595517 88.501773 0.000000
1649623597414281015 88.421744 0.000000
1649623597449062527 88.496413 0.000000
1649623597649620515 88.463401 0.000000
1649623597867113626 88.305555 0.000000
1649623597904938484 88.306787 0.000000
1649623597961155165 88.360598 0.000000
1649623598040861578 176.536881 0.000000
1649623598049664983 88.506893 0.000000
1649623598093395064 88.372961 0.000000
1649623598116151991 88.354977 0.000000
1649623598276906692 88.432373 0.000000
1649623598532420127 176.605950 0.000000
1649623598600295658 88.355508 0.000000
1649623598711046276 88.403099 0.000000
1649623598712023078 88.300527 0.000000
1649623598744389562 88.371199 0.000000
1649623598817511258 88.309563 0.000000
1649623598841350064 88.378081 0.000000
1649623598944820572 176.523847 0.000000
1649623599000920725 88.357012 0.000000
1649623599105313812 88.385474 0.000000
1649623599106650068 88.410883 0.000000
1649623599107147851 88.403829 0.000000
1649623599130856613 88.400002 0.000000
1649623599219278847 88.388360 0.000000
1649623599306509337 176.739212 0.000000
1649623599368536472 88.455827 0.000000
1649623599437002109 176.636908 0.000000
1649623599557214267 176.501946 0.000000
1649623599613672831 88.464513 0.000000
1649623599686361235 88.409169 0.000000
1649623599702345845 88.334950 0.000000
1649623599818503971 176.559042 0.000000
1649623599862963539 176.537853 0.000000
1649623600004782898 176.603576 0.000000
1649623600208896332 176.576265 0.000000
1649623600277777509 88.363574 0.000000
1649623600306078099 176.580874 0.000000
1649623600362740477 88.370658 0.000000
1649623600482778788 88.430650 0.000000
1649623600640226168 88.403870 0.000000
1649623600682073928 176.641918 0.000000
1649623600932918830 176.582606 0.000000
1649623600946501688 176.585443 0.000000
1649623600993771504 88.371780 0.000000
1649623601003248843 88.510890 0.000000
1649623601027991152 88.580782 0.000000
1649623601050001630 88.347383 0.000000
1649623601075686928 88.455997 0.000000
1649623601116140725 176.713151 0.000000
1649623601122575921 88.375306 0.000000
1649623601333206614 176.540688 0.000000
1649623601484603911 88.458301 0.000000
1649623601550727356 176.550927 0.000000
1649623601654911623 88.615577 0.000000
1649623601661259153 176.505682 0.000000
1649623601661924180 177.095017 0.000000
1649623601768414530 88.338337 0.000000
1649623601824611295 88.467429 0.000000
1649623601960950929 88.397958 0.000000
1649623601969560270 88.445757 0.000000
1649623601983402664 176.607433 0.000000
1649623602001495536 176.558081 0.000000
1649623602049179991 176.735423 0.000000
1649623602071934513 88.519215 0.000000
1649623602160423492 88.479912 0.000000
1649623602323689491 88.692470 0.000000
1649623602323710039 88.680739 0.000000
1649623602395927210 88.512042 0.000000
1649623602419543959 176.733490 0.000000
1649623602420514489 88.446078 0.000000
1649623602476059651 88.393108 0.000000
1649623602524755903 88.417696 0.000000
1649623602597078381 176.554534 0.000000
1649623602621206759 88.482446 0.000000
1649623602909118057 176.569752 0.000000
1649623602982365299 88.431721 0.000000
1649623602982436122 88.519336 0.000000
1649623603160024624 88.368604 0.000000
1649623603230645742 88.394581 0.000000
1649623603288689069 88.312228 0.000000
1649623603337527837 176.650213 0.000000
1649623603337621152 88.266853 0.000000
1649623603393770958 88.374524 0.000000
1649623603449564436 88.331404 0.000000
1649623603594147285 176.494070 0.000000
1649623603594705952 88.325492 0.000000
1649623603665258081 88.432202 0.000000
1649623603795510523 88.349277 0.000000
1649623603795664211 176.946198 0.000000
1649623603827316696 176.650393 0.000000
1649623603867969216 88.431180 0.000000
1649623603923851861 88.499478 0.000000
1649623603954910964 88.393309 0.000000
1649623604003859699 176.540037 0.000000
1649623604012054784 176.658659 0.000000
1649623604012587292 88.398659 0.000000
1649623604084659781 88.485162 0.000000
1649623604173060445 88.391707 0.000000
1649623604189688040 176.725153 0.000000
1649623604391138591 88.406874 0.000000
1649623604430662826 88.447541 0.000000
1649623604463439529 88.739838 0.000000
1649623604664336964 176.695198 0.000000
1649623604914022241 88.411293 0.000000
1649623605018307155 176.520600 0.000000
1649623605155417966 88.542429 0.000000
1649623605244649046 88.534534 0.000000
1649623605365026633 88.415250 0.000000
1649623605839799619 176.758766 0.000000
1649623605944418209 176.812496 0.000000
1649623605984880152 88.491764 0.000000
1649623606016627325 176.819160 0.000000
1649623606016937376 88.350929 0.000000
1649623606129495874 176.576956 0.000000
1649623606130265276 88.399932 0.000000
1649623606202743506 88.442101 0.000000
1649623606306777439 176.877889 0.000000
1649623606306836881 88.519415 0.000000
1649623606395250639 88.407406 0.000000
1649623606436152115 88.428807 0.000000
1649623606451428156 88.451950 0.000000
1649623606483423475 176.636337 0.000000
1649623606492246577 88.445337 0.000000
1649623606580835524 88.503397 0.000000
1649623606653205260 88.436620 0.000000
1649623606740978416 176.513806 0.000000
1649623606757490475 176.681862 0.000000
1649623606797847350 88.455637 0.000000
1649623606845889706 88.395553 0.000000
1649623606886233346 88.377701 0.000000
1649623606958917673 88.471997 0.000000
1649623606975257880 88.403128 0.000000
1649623607015058561 176.571925 0.000000
1649623607071240838 176.536480 0.000000
1649623607104152254 88.318329 0.000000
1649623607119904398 176.504720 0.000000
1649623607232139979 176.494560 0.000000
1649623607273191347 88.288543 0.000000
1649623607288863040 88.377008 0.000000
1649623607490868451 88.391506 0.000000
1649623607506239441 176.555526 0.000000
1649623607553846129 176.536761 0.000000
1649623607611127807 88.558179 0.000000
1649623607828331273 88.453532 0.000000
1649623607844205896 176.730543 0.000000
1649623607900046863 88.463611 0.000000
1649623607900103910 88.493357 0.000000
1649623607925109723 88.486825 0.000000
1649623608246504779 88.394050 0.000000
1649623608262438273 88.297930 0.000000
1649623608279022096 88.478439 0.000000
1649623608640827337 88.398569 0.000000
1649623608665123952 88.559692 0.000000
1649623608938587601 88.466797 0.000000
1649623608938783217 88.381096 0.000000
1649623608954472473 176.556637 0.000000
1649623609027244173 88.375305 0.000000
1649623609060107770 88.524165 0.000000
1649623609221074107 88.519777 0.000000
1649623609454187432 176.676522 0.000000
1649623609494002291 176.574761 0.000000
1649623609494801930 88.480722 0.000000
1649623609583114939 88.307067 0.000000
1649623609654987824 176.562037 0.000000
1649623609728389055 88.409790 0.000000
1649623609751926845 88.431792 0.000000
1649623609824251999 88.333087 0.000000
1649623609945141024 176.620897 0.000000
1649623609969152283 88.473740 0.000000
1649623610057440256 176.785888 0.000000
1649623610130467184 88.535366 0.000000
1649623610130482222 88.553790 0.000000
1649623610235949874 88.531128 0.000000
1649623610308524785 88.418847 0.000000
1649623610403138026 176.969402 0.000000
1649623610525648842 88.407425 0.000000
1649623610636994224 88.461386 0.000000
1649623610782208447 88.454694 0.000000
1649623610814434819 88.444095 0.000000
1649623610926713901 88.380374 0.000000
1649623610927127387 88.405742 0.000000
1649623610973499650 88.590158 0.000000
1649623611030893238 176.626569 0.000000
1649623611118064105 88.364515 0.000000
1649623611119758572 176.453013 0.000000
1649623611393692011 176.647217 0.000000
1649623611562750781 176.879443 0.000000
1649623611683801459 88.279135 0.000000
1649623611713754358 176.598375 0.000000
1649623611931276011 88.367821 0.000000
1649623612003634095 176.590029 0.000000
1649623612148859479 88.470654 0.000000
1649623612190896524 88.483588 0.000000
1649623612253275188 176.742194 0.000000
1649623612262411148 176.634072 0.000000
1649623612672607977 88.500741 0.000000
1649623612785803929 88.379362 0.000000
1649623612816739952 176.727096 0.000000
1649623612841957752 88.649049 0.000000
1649623612914384025 88.426311 0.000000
1649623612945821126 88.593054 0.000000
1649623612945858396 88.592804 0.000000
1649623612963331256 88.388580 0.000000
1649623613051520513 176.570834 0.000000
1649623613051737510 88.400052 0.000000
1649623613090359853 88.404269 0.000000
1649623613131712986 88.409550 0.000000
1649623613148302640 88.377699 0.000000
1649623613307814680 88.452951 0.000000
1649623613339539030 176.595760 0.000000
1649623613381399274 176.592594 0.000000
1649623613438228543 88.490741 0.000000
1649623613452441431 88.480592 0.000000
1649623613656019170 88.420219 0.000000
1649623613758413900 88.542077 0.000000
1649623613959733576 88.355058 0.000000
1649623614096309653 88.373251 0.000000
1649623614136138768 176.586383 0.000000
1649623614224814337 176.911893 0.000000
1649623614241081977 88.424537 0.000000
1649623614312796134 176.647336 0.000000
1649623614337824620 88.372740 0.000000
1649623614482742628 88.449194 0.000000
1649623614595308147 176.667715 0.000000
1649623614619318584 88.458029 0.000000
1649623614725132836 88.604826 0.000000
1649623614788640045 88.425087 0.000000
1649623614797473978 88.463201 0.000000
1649623614885217880 176.495603 0.000000
1649623614942256152 88.459524 0.000000
1649623614942450446 88.417996 0.000000
1649623614965497607 88.423796 0.000000
1649623615022090032 176.604656 0.000000
1649623615053511935 88.360297 0.000000
1649623615078506668 88.407446 0.000000
1649623615102817007 176.534024 0.000000
1649623615126186774 176.631217 0.000000
1649623615142445106 88.402065 0.000000
1649623615214143243 176.565643 0.000000
1649623615287177846 88.422815 0.000000
1649623615295649249 88.389050 0.000000
1649623615305136327 88.482577 0.000000
1649623615343201916 176.511011 0.000000
1649623615409292870 176.713230 0.000000
1649623615519819466 176.608324 0.000000
1649623615522404644 88.432542 0.000000
1649623615528821304 176.584929 0.000000
1649623615632688826 88.325421 0.000000
1649623615658181242 88.426312 0.000000
1649623615673890755 176.482217 0.000000
1649623615793748066 88.510519 0.000000
1649623615875178120 88.531588 0.000000
1649623616045704210 88.547819 0.000000
1649623616045755346 88.368923 0.000000
1649623616099174752 176.486384 0.000000
1649623616155802293 88.492424 0.000000
1649623616205747265 88.375826 0.000000
1649623616336091298 88.422103 0.000000
1649623616445798548 88.346011 0.000000
1649623616746968011 88.381066 0.000000
1649623616771187381 88.327235 0.000000
1649623616839745991 176.555364 0.000000
1649623616865389801 88.362471 0.000000
1649623616896315353 88.403006 0.000000
1649623616937733188 88.400191 0.000000
1649623616978840951 88.682221 0.000000
1649623616984700948 176.724501 0.000000
1649623617041703973 88.655320 0.000000
1649623617077177101 176.540626 0.000000
1649623617123127654 88.402325 0.000000
1649623617315999821 88.385444 0.000000
1649623617356522308 176.673477 0.000000
1649623617404216409 88.395664 0.000000
1649623617485546946 88.427393 0.000000
1649623617517192127 88.274286 0.000000
1649623617517965787 88.409368 0.000000
1649623617574100835 176.669317 0.000000
1649623617657774866 88.343595 0.000000
1649623617787806252 88.396454 0.000000
1649623617806978518 88.404861 0.000000
1649623617822878450 88.505660 0.000000
1649623617875517102 88.459984 0.000000
1649623617936394331 176.644391 0.000000
1649623617952198652 88.439986 0.000000
1649623617983040698 88.505469 0.000000
1649623618020489000 88.479370 0.000000
1649623618077948971 88.377128 0.000000
1649623618165584520 88.666912 0.000000
1649623618185129224 88.532419 0.000000
1649623618215911498 176.640033 0.000000
1649623618330027595 88.506481 0.000000
1649623618403055776 176.710986 0.000000
1649623618440103496 88.557026 0.000000
1649623618443688467 176.786217 0.000000
1649623618491441399 88.374532 0.000000
1649623618516546589 88.483307 0.000000
1649623618578873837 88.388009 0.000000
1649623618589261793 88.441659 0.000000
1649623618692495256 88.441068 0.000000
1649623618708137784 88.422493 0.000000
1649623618734095382 88.550363 0.000000
1649623618781050027 176.496994 0.000000
1649623619142899901 88.361360 0.000000
1649623619184784630 88.489970 0.000000
1649623619199877989 176.635785 0.000000
1649623619246807567 88.420370 0.000000
1649623619329337563 88.398849 0.000000
1649623619417764735 88.417955 0.000000
1649623619458079942 88.428365 0.000000
1649623619506177259 88.403087 0.000000
1649623619562141587 176.564892 0.000000
1649623619615248458 88.394482 0.000000
1649623619618781141 88.364925 0.000000
1649623619707294084 88.446589 0.000000
1649623619908843980 88.449444 0.000000
1649623619946329412 88.493286 0.000000
1649623619955778738 88.369434 0.000000
1649623620018891929 88.321203 0.000000
1649623620034261776 88.550875 0.000000
1649623620069333993 176.515629 0.000000
1649623620074967155 88.468109 0.000000
1649623620106435925 88.401804 0.000000
1649623620122382463 88.305955 0.000000
1649623620163794798 88.339678 0.000000
1649623620179424391 88.457278 0.000000
1649623620210724827 88.339348 0.000000
1649623620251733665 88.510088 0.000000
1649623620267862815 88.436049 0.000000
1649623620299067681 88.332675 0.000000
1649623620431166794 176.557318 0.000000
1649623620469156981 176.703812 0.000000
1649623620541241493 88.339007 0.000000
1649623620670624293 88.440667 0.000000
1649623620686782207 88.396123 0.000000
1649623620775121374 88.384633 0.000000
1649623620793713052 88.442431 0.000000
1649623620824411078 88.491152 0.000000
1649623620831186581 176.614464 0.000000
1649623620862807036 88.338246 0.000000
1649623620920023281 88.399401 0.000000
1649623620938820334 88.589938 0.000000
1649623621032490416 88.365656 0.000000
1649623621057353762 176.577666 0.000000
1649623621083641549 88.429367 0.000000
1649623621193504351 88.345088 0.000000
1649623621265733794 88.320221 0.000000
1649623621354083070 88.342323 0.000000
1649623621403436663 88.384762 0.000000
1649623621410799939 88.373872 0.000000
1649623621453174958 176.503797 0.000000
1649623621483185755 176.578708 0.000000
1649623621491563492 176.560763 0.000000
1649623621509937432 88.482376 0.000000
1649623621518326822 88.371579 0.000000
1649623621590726633 88.431279 0.000000
1649623621618532306 176.582545 0.000000
1649623621654775779 88.353734 0.000000
1649623621694943821 176.754948 0.000000
1649623621731605758 88.399150 0.000000
1649623621751583915 88.510187 0.000000
1649623621837764856 88.384943 0.000000
1649623621948438058 88.423626 0.000000
1649623621948455601 88.429227 0.000000
1649623622005560756 88.371748 0.000000
1649623622055241823 88.392959 0.000000
1649623622097275443 88.430880 0.000000
1649623622169619119 88.418305 0.000000
1649623622199909461 88.517652 0.000000
1649623622241869532 88.369093 0.000000
1649623622306833162 88.376427 0.000000
1649623622414769823 176.651975 0.000000
1649623622487179804 176.586091 0.000000
1649623622489369239 88.393439 0.000000
1649623622528061012 88.329300 0.000000
1649623622657428613 88.507243 0.000000
1649623622673003425 88.444966 0.000000
1649623622692005061 176.451459 0.000000
1649623622706648977 88.373591 0.000000
1649623622795421146 88.473589 0.000000
1649623622834125933 176.608433 0.000000
1649623622842977208 88.355086 0.000000
1649623623091788875 88.368332 0.000000
1649623623183937234 88.471014 0.000000
1649623623199876218 88.440858 0.000000
1649623623272321376 88.375916 0.000000
1649623623325157138 176.586392 0.000000
1649623623396597582 88.410972 0.000000
1649623623417437895 88.474671 0.000000
1649623623462553472 176.585750 0.000000
1649623623505897849 88.485832 0.000000
1649623623650490305 88.357201 0.000000
1649623623666565444 176.705325 0.000000
1649623623702091602 176.722537 0.000000
1649623623738712322 176.639261 0.000000
1649623623881580526 88.389542 0.000000
1649623624063568475 176.538843 0.000000
1649623624210106559 176.576032 0.000000
1649623624338683939 88.377179 0.000000
1649623624374838825 88.375295 0.000000
1649623624425462510 176.610387 0.000000
1649623624498212359 176.585731 0.000000
1649623624555006993 88.521379 0.000000
1649623624559638476 88.597932 0.000000
1649623624680670910 88.405682 0.000000
1649623624736248031 176.604436 0.000000
1649623624769030124 88.356029 0.000000
1649623624772048824 88.515067 0.000000
1649623624809114829 88.459623 0.000000
1649623624860433026 88.373191 0.000000
1649623624897987337 176.714943 0.000000
1649623624922085457 88.499789 0.000000
1649623624969929681 176.547449 0.000000
1649623625102175729 88.484028 0.000000
1649623625102205715 88.475943 0.000000
1649623625477527596 176.578377 0.000000
1649623625477877021 88.449904 0.000000
1649623625574024698 88.405412 0.000000
1649623625606852016 88.510699 0.000000
1649623625641184065 88.436349 0.000000
1649623625695007749 88.374022 0.000000
1649623625726291973 88.390433 0.000000
1649623625729589255 88.396634 0.000000
1649623625750736745 88.347823 0.000000
1649623625855649355 176.584537 0.000000
1649623625855697475 176.665920 0.000000
1649623625863588831 88.286989 0.000000
1649623625927540884 88.467156 0.000000
1649623626016407540 88.597391 0.000000
1649623626032299496 176.780756 0.000000
1649623626088033883 176.512202 0.000000
1649623626116037517 88.371408 0.000000
1649623626216944848 88.383960 0.000000
1649623626322268539 88.403017 0.000000
1649623626362228930 88.360838 0.000000
1649623626442845860 88.410822 0.000000
1649623626523684924 88.357150 0.000000
1649623626555659994 88.411692 0.000000
1649623626571645486 88.389282 0.000000
1649623626660251512 88.462929 0.000000
1649623626668993373 88.432071 0.000000
1649623626669130821 88.488698 0.000000
1649623626684646802 88.546044 0.000000
1649623626741107179 88.577293 0.000000
1649623626902154046 176.522823 0.000000
1649623626950368593 88.386015 0.000000
1649623627029648133 88.364424 0.000000
1649623627208229215 88.374473 0.000000
1649623627247078483 88.408284 0.000000
1649623627296535640 176.720903 0.000000
1649623627337158093 176.588233 0.000000
1649623627409395361 176.473690 0.000000
1649623627409994955 176.690957 0.000000
1649623627482643744 176.655100 0.000000
1649623627552495690 176.577024 0.000000
1649623627609288530 88.502212 0.000000
1649623627684423811 88.494168 0.000000
1649623627990004824 176.800333 0.000000
1649623628062226914 176.655150 0.000000
1649623628190216911 88.422832 0.000000
1649623628326519384 88.420449 0.000000
1649623628478903459 88.382668 0.000000
1649623628552943987 88.620254 0.000000
1649623628639812136 88.414047 0.000000
1649623628729009672 88.482376 0.000000
1649623628930497231 176.612391 0.000000
1649623629018571641 88.408497 0.000000
1649623629034932426 176.636677 0.000000
1649623629060840922 88.393348 0.000000
1649623629075362860 176.603214 0.000000
1649623629091279351 176.444385 0.000000
1649623629091500255 88.423285 0.000000
1649623629179942896 88.439856 0.000000
1649623629381278930 88.441589 0.000000
1649623629438755482 176.911000 0.000000
1649623629511198926 88.341862 0.000000
1649623629655967903 176.559821 0.000000
1649623629728383686 88.410631 0.000000
1649623629815394091 88.395933 0.000000
1649623629856993055 88.369443 0.000000
1649623630074711324 88.400231 0.000000
1649623630163502118 88.332464 0.000000
1649623630321907070 88.383328 0.000000
1649623630467059977 88.466967 0.000000
1649623630469164363 176.634672 0.000000
1649623630645970426 88.419538 0.000000
1649623630669153041 88.432832 0.000000
1649623630732442051 176.853051 0.000000
1649623630757012929 88.456507 0.000000
1649623630845428409 88.477236 0.000000
1649623630902042304 88.361899 0.000000
1649623631031729775 88.598384 0.000000
1649623631046960981 88.450064 0.000000
1649623631062982089 88.736992 0.000000
1649623631151565684 88.614113 0.000000
1649623631223715908 176.639682 0.000000
1649623631280141931 88.327665 0.000000
1649623631456762446 176.680517 0.000000
1649623631626831719 176.573918 0.000000
1649623631641894911 88.381897 0.000000
1649623631698466076 88.488898 0.000000
1649623631819551228 88.318939 0.000000
1649623631843397968 88.504116 0.000000
1649623631844020274 176.591351 0.000000
1649623632020047397 88.372739 0.000000
1649623632165632955 88.439095 0.000000
1649623632326829171 88.444885 0.000000
1649623632350710967 88.635132 0.000000
1649623632398880419 88.419717 0.000000
1649623632543671417 176.780526 0.000000
1649623632641557453 176.636514 0.000000
1649623632656186271 88.377167 0.000000
1649623632698099875 88.546566 0.000000
1649623632730050629 88.346972 0.000000
1649623632849180775 176.562405 0.000000
1649623632937561189 88.372138 0.000000
1649623632945340745 176.509697 0.000000
1649623632961878772 88.383170 0.000000
1649623632978483294 88.506681 0.000000
1649623633018299125 88.484550 0.000000
1649623633121908541 176.559100 0.000000
1649623633132555032 88.377217 0.000000
1649623633339562840 176.505128 0.000000
1649623633397716392 88.366488 0.000000
1649623633485893465 88.481244 0.000000
1649623633558163844 88.439024 0.000000
1649623633670405535 88.437070 0.000000
1649623633703092089 176.522962 0.000000
1649623633726788869 88.548029 0.000000
1649623633863380543 176.546506 0.000000
1649623634032555338 88.363792 0.000000
1649623634089180384 88.373290 0.000000
1649623634105166426 88.445385 0.000000
1649623634121063362 176.795653 0.000000
1649623634153024786 88.407214 0.000000
1649623634193809924 88.350508 0.000000
1649623634354415492 88.445405 0.000000
1649623634378604994 88.384021 0.000000
1649623634483784776 88.545344 0.000000
1649623634571784706 88.429657 0.000000
1649623634643948075 88.345508 0.000000
1649623634684106217 88.348824 0.000000
1649623634684231362 88.411973 0.000000
1649623634804790979 176.591551 0.000000
1649623634845574423 88.471465 0.000000
1649623634949985372 176.576562 0.000000
1649623634958796974 88.469642 0.000000
1649623634990526022 88.464872 0.000000
1649623635046563255 88.366277 0.000000
1649623635062512259 88.452991 0.000000
1649623635167462980 88.503535 0.000000
1649623635207877904 88.303410 0.000000
1649623635352305410 88.445726 0.000000
1649623635569404147 88.434775 0.000000
1649623635570040941 88.568045 0.000000
1649623635585875519 176.724620 0.000000
1649623635690169869 176.689875 0.000000
1649623635729920098 176.510309 0.000000
1649623635746903199 88.352812 0.000000
1649623635787817940 88.545924 0.000000
1649623635842969463 176.504307 0.000000
1649623635859222576 88.445526 0.000000
1649623635891710427 88.505518 0.000000
1649623636019684745 176.711164 0.000000
1649623636076730790 88.305453 0.000000
1649623636092948818 88.496492 0.000000
1649623636149461824 88.407625 0.000000
1649623636189063242 88.491001 0.000000
1649623636221805270 88.429306 0.000000
1649623636349670264 88.487275 0.000000
1649623636349804575 88.319530 0.000000
1649623636366970810 88.855936 0.000000
1649623636382566590 88.352541 0.000000
1649623636471147881 88.352662 0.000000
1649623636478564827 88.409529 0.000000
1649623636486984162 176.551885 0.000000
1649623636616208794 88.433984 0.000000
1649623636672444941 176.625244 0.000000
1649623636695699010 88.409399 0.000000
1649623636729203638 88.546916 0.000000
1649623636906214364 88.524484 0.000000
1649623637010777619 88.425158 0.000000
1649623637098974800 176.656383 0.000000
1649623637123334471 88.426500 0.000000
1649623637155627327 88.360397 0.000000
1649623637269004707 88.495449 0.000000
1649623637299837245 176.495901 0.000000
1649623637340793714 88.328407 0.000000
1649623637429729189 88.393138 0.000000
1649623637469534168 88.425579 0.000000
1649623637485213074 176.637565 0.000000
1649623637558266061 88.390182 0.000000
1649623637558740931 88.437562 0.000000
1649623637598642993 88.503704 0.000000
1649623637671023679 88.442980 0.000000
1649623637671058755 88.507061 0.000000
1649623637718527223 176.594555 0.000000
1649623637791997724 88.443283 0.000000
1649623637806897028 88.359495 0.000000
1649623637847414323 88.417633 0.000000
1649623637847702062 88.618420 0.000000
1649623637936164991 88.457799 0.000000
1649623637936855876 88.348014 0.000000
1649623637960539360 88.380885 0.000000
1649623638009204652 88.336831 0.000000
1649623638022399191 176.596761 0.000000
1649623638105264254 88.332433 0.000000
1649623638169258857 176.647956 0.000000
1649623638224038583 88.498966 0.000000
1649623638250298738 88.582873 0.000000
1649623638250334585 88.568266 0.000000
1649623638296323459 88.423464 0.000000
1649623638385278030 88.345208 0.000000
1649623638499630749 176.727575 0.000000
1649623638730675693 88.336201 0.000000
1649623638819661602 88.400291 0.000000
1649623638878253786 88.437671 0.000000
1649623638892104615 88.339377 0.000000
1649623638933555080 176.688702 0.000000
1649623639020254011 88.527270 0.000000
1649623639039303808 88.747933 0.000000
1649623639223388968 176.657394 0.000000
1649623639400876007 88.330631 0.000000
1649623639456806971 88.346731 0.000000
1649623639473273394 88.323627 0.000000
1649623639512380856 176.606999 0.000000
1649623639528889308 88.477636 0.000000
1649623639618334157 88.418224 0.000000
1649623639689025185 88.479249 0.000000
1649623639834224569 88.507894 0.000000
1649623639874656173 176.697979 0.000000
1649623639963757739 88.437210 0.000000
1649623639994270868 176.552908 0.000000
1649623640075936852 88.346841 0.000000
1649623640124996534 88.389832 0.000000
1649623640141309880 88.406181 0.000000
1649623640252766318 88.352732 0.000000
1649623640269359570 176.723077 0.000000
1649623640365713442 88.628509 0.000000
1649623640558072314 88.426771 0.000000
1649623640630798208 176.589837 0.000000
1649623640664344263 176.764083 0.000000
1649623640760768578 88.384441 0.000000
1649623640776505783 88.446497 0.000000
1649623640793233546 88.450114 0.000000
1649623640841021123 176.665188 0.000000
1649623640849124856 88.432492 0.000000
1649623640905497008 88.362520 0.000000
1649623640921682243 88.394370 0.000000
1649623640993962842 88.455204 0.000000
1649623641082500019 176.659888 0.000000
1649623641179619489 88.456267 0.000000
1649623641412615300 88.651411 0.000000
1649623641573963420 88.367159 0.000000
1649623641614098098 88.400491 0.000000
1649623641687463730 88.435667 0.000000
1649623641791275276 88.667332 0.000000
1649623642080943282 88.476113 0.000000
1649623642121711387 88.489678 0.000000
1649623642194148409 88.354044 0.000000
1649623642354684276 176.497743 0.000000
1649623642428171196 176.621366 0.000000
1649623642428308573 88.379251 0.000000
1649623642484539079 88.327384 0.000000
1649623642557002110 88.355306 0.000000
1649623642604332349 88.441148 0.000000
1649623642620408590 88.364944 0.000000
1649623642692443387 176.522630 0.000000
1649623642732052500 88.370625 0.000000
1649623642732625474 88.311755 0.000000
1649623642732686528 88.381837 0.000000
1649623642789528872 176.589656 0.000000
1649623642918897384 88.501481 0.000000
1649623642949512484 88.538120 0.000000
1649623642992052872 88.576822 0.000000
1649623643367890266 88.392877 0.000000
1649623643383844128 176.724820 0.000000
1649623643417249640 88.385383 0.000000
1649623643426376401 88.343304 0.000000
1649623643499301057 88.540744 0.000000
1649623643618941229 88.481363 0.000000
1649623643643570697 88.579217 0.000000
1649623643730635894 88.420288 0.000000
1649623643860721941 88.463479 0.000000
1649623643924745949 88.394128 0.000000
1649623643964180685 88.391806 0.000000
1649623644109122866 176.571021 0.000000
1649623644109380850 88.393969 0.000000
1649623644150515542 88.673071 0.000000
1649623644181364330 176.619091 0.000000
1649623644213370178 88.343224 0.000000
1649623644214437760 88.337434 0.000000
1649623644254143293 88.424276 0.000000
1649623644269811669 88.443553 0.000000
1649623644302477855 176.531447 0.000000
1649623644367278078 88.424877 0.000000
1649623644455292165 88.379432 0.000000
1649623644704524147 176.709742 0.000000
1649623644721262771 88.407966 0.000000
1649623644906333558 176.738666 0.000000
1649623644922108594 88.462878 0.000000
1649623644929773916 176.646542 0.000000
1649623644937881777 88.438261 0.000000
1649623645010241724 88.393218 0.000000
1649623645035028076 176.687800 0.000000
1649623645091702844 88.385983 0.000000
1649623645123615858 88.501951 0.000000
1649623645155703679 88.382067 0.000000
1649623645227709532 176.656321 0.000000
1649623645252522764 176.772238 0.000000
1649623645252649783 88.251552 0.000000
1649623645284640601 88.626885 0.000000
1649623645381433327 88.401613 0.000000
1649623645398291845 88.517390 0.000000
1649623645429263644 88.382688 0.000000
1649623645453767106 88.354496 0.000000
1649623645525971841 88.424426 0.000000
1649623645526024360 88.310413 0.000000
1649623645598047475 88.392767 0.000000
1649623645662243095 88.489799 0.000000
1649623645670461754 88.415620 0.000000
1649623645719007110 88.364183 0.000000
1649623645719108591 88.364504 0.000000
1649623645775400803 176.547838 0.000000
1649623645976535778 88.399108 0.000000
1649623646049572975 88.505098 0.000000
1649623646065477865 88.374703 0.000000
1649623646153501930 88.504336 0.000000
1649623646210211314 88.398187 0.000000
1649623646257001902 176.579197 0.000000
1649623646281955987 176.610445 0.000000
1649623646354976262 88.493334 0.000000
1649623646410940910 177.041253 0.000000
1649623646500113909 176.865082 0.000000
1649623646628931347 88.485540 0.000000
1649623646644866534 176.560421 0.000000
1649623646717388985 176.609492 0.000000
1649623646846444250 88.407725 0.000000
1649623646877799998 176.826890 0.000000
1649623646894178376 88.449353 0.000000
1649623647207724019 176.685506 0.000000
1649623647296833359 88.485200 0.000000
1649623647352409549 88.290375 0.000000
1649623647369473341 88.430046 0.000000
1649623647441726137 88.526998 0.000000
1649623647441794495 88.445775 0.000000
1649623647513267208 88.364132 0.000000
1649623647530105829 176.595817 0.000000
1649623647587074919 88.532549 0.000000
1649623647698621397 88.496481 0.000000
1649623647698647326 88.485441 0.000000
1649623647746377935 176.642074 0.000000
1649623647779332721 176.619281 0.000000
1649623647859324817 88.361919 0.000000
1649623648076608681 88.365005 0.000000
1649623648108417549 176.682401 0.000000
1649623648277938441 88.389900 0.000000
1649623648343010163 88.572323 0.000000
1649623648431032665 176.798618 0.000000
1649623648470773716 176.788249 0.000000
1649623648511294067 88.446007 0.000000
1649623648599480497 176.713569 0.000000
1649623648632310129 88.419196 0.000000
1649623648656383123 88.325561 0.000000
1649623648705038175 88.364233 0.000000
1649623648728799284 88.498825 0.000000
1649623648761677477 88.414147 0.000000
1649623648946418676 88.596327 0.000000
1649623648961834099 176.742492 0.000000
1649623649196103137 88.386986 0.000000
1649623649372621779 176.508543 0.000000
1649623649412943738 88.409819 0.000000
1649623649412976590 88.488887 0.000000
1649623649445508484 88.370695 0.000000
1649623649486072637 88.413416 0.000000
1649623649526206564 88.508013 0.000000
1649623649533845767 176.466165 0.000000
1649623649590895789 88.390583 0.000000
1649623649654848673 88.461715 0.000000
1649623649671663199 88.536245 0.000000
1649623649832469913 88.361117 0.000000
1649623649888023139 176.524904 0.000000
1649623649961190890 88.436599 0.000000
1649623650032975809 88.418775 0.000000
1649623650049529415 88.425267 0.000000
1649623650081371465 88.544070 0.000000
1649623650153151385 176.596559 0.000000
1649623650282310794 88.386275 0.000000
1649623650370583835 176.615935 0.000000
1649623650370835237 88.348263 0.000000
1649623650411964590 88.409798 0.000000
1649623650412070950 88.539542 0.000000
1649623650442745651 88.369082 0.000000
1649623650451438860 88.507382 0.000000
1649623650451499012 88.491342 0.000000
1649623650500174934 176.681108 0.000000
1649623650500570516 88.491872 0.000000
1649623650531137125 88.381214 0.000000
1649623650667408118 88.489137 0.000000
1649623650811428209 88.375193 0.000000
1649623650811638994 88.491872 0.000000
1649623650862783113 88.482063 0.000000
1649623650899832347 176.704621 0.000000
1649623650900059773 176.478637 0.000000
1649623650956899671 88.470121 0.000000
1649623651047884548 88.524304 0.000000
1649623651076504477 176.662572 0.000000
1649623651079427727 176.594965 0.000000
1649623651103803589 88.443562 0.000000
1649623651117728498 88.494518 0.000000
1649623651265039169 88.391876 0.000000
1649623651265137373 88.446448 0.000000
1649623651313425266 88.388769 0.000000
1649623651320736434 88.386865 0.000000
1649623651401833121 88.398928 0.000000
1649623651458114662 176.653223 0.000000
1649623651495526065 176.575309 0.000000
1649623651514446127 88.419466 0.000000
1649623651609571427 88.392235 0.000000
1649623651731357512 176.669385 0.000000
1649623651842193707 88.619211 0.000000
1649623651914410756 88.368862 0.000000
1649623651948859774 88.470272 0.000000
1649623651948889149 88.567183 0.000000
1649623651973212443 88.568246 0.000000
1649623651973235225 88.508794 0.000000
1649623652117828601 88.406863 0.000000
1649623652204211830 88.356368 0.000000
1649623652277043812 88.384511 0.000000
1649623652367068929 88.356348 0.000000
1649623652456377292 88.448140 0.000000
1649623652576509195 176.685004 0.000000
1649623652616958252 176.653566 0.000000
1649623652639689651 88.472215 0.000000
1649623652673699185 88.448190 0.000000
1649623652727977210 176.773289 0.000000
1649623652737566940 88.487645 0.000000
1649623652793484790 176.520847 0.000000
1649623652800605731 88.466104 0.000000
1649623652891099355 88.406250 0.000000
1649623652963155793 176.566011 0.000000
1649623652970329723 88.507281 0.000000
1649623653017911534 88.409618 0.000000
1649623653108658684 88.311844 0.000000
1649623653122312834 176.659687 0.000000
1649623653139959860 88.360205 0.000000
1649623653235296786 88.444483 0.000000
1649623653252693343 176.645681 0.000000
1649623653380515084 88.418525 0.000000
1649623653396243553 176.773831 0.000000
1649623653429712844 88.426900 0.000000
1649623653631948593 88.465052 0.000000
1649623653647539684 176.568034 0.000000
1649623653888752030 88.421610 0.000000
1649623653904805068 88.471845 0.000000
1649623653921732184 88.436128 0.000000
1649623653961042636 88.352240 0.000000
1649623654082237714 176.681388 0.000000
1649623654170149197 88.432841 0.000000
1649623654194915982 88.328786 0.000000
1649623654227178591 88.393668 0.000000
1649623654701583636 88.389652 0.000000
1649623654718545578 88.468809 0.000000
1649623654773719913 88.424696 0.000000
1649623654835839751 88.473919 0.000000
1649623654902913696 88.503313 0.000000
1649623654935220849 88.479940 0.000000
1649623655007392292 88.361367 0.000000
1649623655023375418 88.403215 0.000000
1649623655055142037 176.557485 0.000000
1649623655296984113 176.580217 0.000000
1649623655570783315 88.341159 0.000000
1649623655625581004 176.525785 0.000000
1649623655627460598 88.439814 0.000000
1649623655634788227 176.586720 0.000000
1649623655676027295 88.308197 0.000000
1649623655731709723 88.382196 0.000000
1649623655939172361 176.822732 0.000000
1649623655995499880 88.442860 0.000000
1649623656021470060 88.353823 0.000000
1649623656028890093 88.452169 0.000000
1649623656116728489 88.350977 0.000000
1649623656117201656 88.302275 0.000000
1649623656188338540 176.591509 0.000000
1649623656255087045 88.367419 0.000000
1649623656317296380 88.443250 0.000000
1649623656334434362 176.756748 0.000000
1649623656350268740 88.389370 0.000000
1649623656518304868 176.530304 0.000000
1649623656623911789 88.358672 0.000000
1649623656664361858 89.201041 0.000000
1649623656712411275 88.284774 0.000000
1649623656791652102 88.307276 0.000000
1649623656854011219 180.436708 0.000000
1649623656860628656 178.753663 0.000000
1649623656925112095 99.426293 0.000000
1649623656990027543 176.487985 0.000000
1649623657013247418 88.434534 0.000000
1649623657057500888 176.591328 0.000000
1649623657236068812 88.328396 0.000000
1649623657236376149 88.295534 0.000000
1649623657270077755 89.412989 0.000000
1649623657386978159 88.479740 0.000000
1649623657387138480 88.617197 0.000000
1649623657475460684 88.369462 0.000000
1649623657490321987 88.413535 0.000000
1649623657531490553 88.369633 0.000000
1649623657588889810 88.382628 0.000000
1649623657795630826 88.442409 0.000000
1649623657796021138 88.353943 0.000000
1649623657884506978 88.300083 0.000000
1649623657940843273 88.351589 0.000000
1649623657956735859 88.314921 0.000000
1649623657993971431 88.334698 0.000000
1649623658087728455 176.502972 0.000000
1649623658101710118 88.505197 0.000000
1649623658158258610 88.462587 0.000000
1649623658230728583 88.391244 0.000000
1649623658318889765 88.493835 0.000000
1649623658356406986 88.544210 0.000000
1649623658367636439 176.545572 0.000000
1649623658536312347 176.612297 0.000000
1649623658737719241 88.404588 0.000000
1649623658737774795 88.365345 0.000000
1649623658825594988 88.443070 0.000000
1649623658970748524 88.487383 0.000000
1649623659058821861 176.781405 0.000000
1649623659131601915 88.437931 0.000000
1649623659316723607 88.386204 0.000000
1649623659439292318 88.418264 0.000000
1649623659606564575 88.337793 0.000000
1649623659622188768 88.404748 0.000000
1649623659638209595 176.792926 0.000000
1649623659654187301 88.422823 0.000000
1649623659728798248 88.369733 0.000000
1649623659766762798 88.474530 0.000000
1649623659767038615 88.371687 0.000000
1649623659815090406 88.408175 0.000000
1649623660056797208 88.380272 0.000000
1649623660072699022 176.627436 0.000000
1649623660113454504 88.414597 0.000000
1649623660201177163 88.462566 0.000000
1649623660216987175 88.392917 0.000000
1649623660290248191 88.375564 0.000000
1649623660418449994 88.686356 0.000000
1649623660418503114 88.698690 0.000000
1649623660539058822 88.434996 0.000000
1649623660595258429 88.462868 0.000000
1649623660595287083 176.834694 0.000000
1649623660595734662 176.669885 0.000000
1649623660830598284 90.162795 0.000000
1649623660830606850 89.920731 0.000000
1649623660853680651 176.619071 0.000000
1649623660926243156 88.380403 0.000000
1649623661102391694 88.445525 0.000000
1649623661199997293 88.379331 0.000000
1649623661216881349 88.375884 0.000000
1649623661247402662 88.492423 0.000000
1649623661279103899 176.704961 0.000000
1649623661279134957 88.319829 0.000000
1649623661345041133 88.495097 0.000000
1649623661345123869 88.523772 0.000000
1649623661377026943 176.689592 0.000000
1649623661408122513 176.661168 0.000000
1649623661433601714 88.474248 0.000000
1649623661464675764 88.452348 0.000000
1649623661552692274 176.535343 0.000000
1649623661609298394 88.412714 0.000000
1649623661754357393 88.315551 0.000000
1649623661786085249 176.533399 0.000000
1649623661795446440 88.516308 0.000000
1649623661826967859 88.468909 0.000000
1649623661947424922 88.389079 0.000000
1649623661956199903 88.432981 0.000000
1649623662013000929 88.401082 0.000000
1649623662028469371 176.547706 0.000000
1649623662060147884 88.337272 0.000000
1649623662076058244 88.444734 0.000000
1649623662148551340 176.678872 0.000000
1649623662246232481 176.674374 0.000000
1649623662334508187 88.738363 0.000000
1649623662334547701 88.305722 0.000000
1649623662551804772 176.576830 0.000000
1649623662655592582 88.408004 0.000000
1649623662753661079 88.484899 0.000000
1649623662841635530 176.562915 0.000000
1649623662898342028 88.361076 0.000000
1649623662930150666 176.524122 0.000000
1649623662945497319 88.553738 0.000000
1649623663090869696 88.469671 0.000000
1649623663131400295 176.671218 0.000000
1649623663276039095 176.689500 0.000000
1649623663308114262 176.705130 0.000000
1649623663380687328 88.410909 0.000000
1649623663452776858 176.791834 0.000000
1649623663453026456 88.398427 0.000000
1649623663469243470 88.394439 0.000000
1649623663541419382 88.388638 0.000000
1649623663621930050 88.561974 0.000000
1649623663782117222 176.561242 0.000000
1649623663887524347 88.427651 0.000000
1649623663919104115 176.741108 0.000000
1649623663967377652 88.466795 0.000000
1649623663983707299 88.412733 0.000000
1649623664095842279 176.587932 0.000000
1649623664112471356 88.591379 0.000000
1649623664200715343 88.350667 0.000000
1649623664232629429 88.352882 0.000000
1649623664289001239 88.478267 0.000000
1649623664289120392 176.694511 0.000000
1649623664321000413 88.379500 0.000000
1649623664418165666 176.552404 0.000000
1649623664554022171 176.552214 0.000000
1649623664562713727 176.574847 0.000000
1649623664562792014 176.575448 0.000000
1649623664635741996 88.312685 0.000000
1649623664651285117 88.482764 0.000000
1649623664724113522 88.364653 0.000000
1649623664755193353 176.599182 0.000000
1649623664779348431 176.702225 0.000000
1649623664812854651 88.735108 0.000000
1649623664836283318 88.407885 0.000000
1649623664909258196 88.376445 0.000000
1649623664981427205 88.529573 0.000000
1649623665101140873 88.489107 0.000000
1649623665101183603 88.542086 0.000000
1649623665142039443 176.652903 0.000000
1649623665158475719 176.492782 0.000000
1649623665231069414 176.766126 0.000000
1649623665231107956 176.616054 0.000000
1649623665391032765 88.472906 0.000000
1649623665391766231 88.399178 0.000000
1649623665406621363 176.626584 0.000000
1649623665408064689 88.320601 0.000000
1649623665463535209 88.394589 0.000000
1649623665560706544 88.353813 0.000000
1649623665680728600 88.412011 0.000000
1649623665681543909 176.687578 0.000000
1649623665697458066 88.421229 0.000000
1649623665697490427 88.383729 0.000000
1649623665769342902 88.608390 0.000000
1649623665867058868 88.408296 0.000000
1649623665970947145 176.535692 0.000000
1649623666132330831 88.418214 0.000000
1649623666187845123 88.629890 0.000000
1649623666245041329 88.412423 0.000000
1649623666277247101 88.418103 0.000000
1649623666430102216 88.477314 0.000000
1649623666446147289 176.655979 0.000000
1649623666566836636 88.453138 0.000000
1649623666575340440 88.429945 0.000000
1649623666824615531 88.421290 0.000000
1649623666912981716 88.361967 0.000000
1649623666944546386 176.602067 0.000000
1649623666969696961 88.347471 0.000000
1649623666984216784 88.398797 0.000000
1649623667016784765 176.465411 0.000000
1649623667129154264 88.464490 0.000000
1649623667154480167 88.380432 0.000000
1649623667170326227 176.528049 0.000000
1649623667290200507 88.465924 0.000000
1649623667331016652 176.526927 0.000000
1649623667332179081 88.446506 0.000000
1649623667348206470 88.322093 0.000000
1649623667604647737 88.363080 0.000000
1649623667796330959 176.648144 0.000000
1649623667822244725 88.708819 0.000000
1649623667853121545 88.361467 0.000000
1649623667853209701 88.409477 0.000000
1649623667853239146 88.450313 0.000000
1649623668039435401 88.518912 0.000000
1649623668072721599 176.604141 0.000000
1649623668086971986 88.390411 0.000000
1649623668168331736 88.496480 0.000000
1649623668360388028 88.515656 0.000000
1649623668376613238 88.484097 0.000000
1649623668435011839 176.709269 0.000000
1649623668491724418 88.412613 0.000000
1649623668562084054 176.665627 0.000000
1649623668650142122 88.463859 0.000000
1649623668691496056 88.524834 0.000000
1649623668836199427 88.395831 0.000000
1649623668908318702 176.602107 0.000000
1649623668955421193 176.644377 0.000000
1649623668955753576 176.641702 0.000000
1649623669012393179 88.483296 0.000000
1649623669141975590 88.538389 0.000000
1649623669189189591 88.334437 0.000000
1649623669230106134 88.483967 0.000000
1649623669230123006 88.522610 0.000000
1649623669463018777 176.654686 0.000000
1649623669494631907 176.585266 0.000000
1649623669519921813 176.653674 0.000000
1649623669560775809 88.451024 0.000000
1649623669592533130 88.621134 0.000000
1649623669681028578 88.488415 0.000000
1649623669738568840 176.590456 0.000000
1649623669809421740 88.324647 0.000000
1649623669809711995 176.606647 0.000000
1649623669866673680 88.506178 0.000000
1649623669923353568 88.351829 0.000000
1649623669954210401 88.378990 0.000000
1649623670084194465 88.369842 0.000000
1649623670099857832 88.383850 0.000000
1649623670100750626 176.519302 0.000000
1649623670188248003 88.382296 0.000000
1649623670317232995 88.478406 0.000000
1649623670332958188 176.588773 0.000000
1649623670462319274 88.452869 0.000000
1649623670509778995 88.380383 0.000000
1649623670606334284 88.390902 0.000000
1649623670622843757 176.576599 0.000000
1649623670678942486 88.570599 0.000000
1649623670799469649 88.434494 0.000000
1649623670880683505 88.298830 0.000000
1649623670896266451 88.446546 0.000000
1649623670944666566 88.558456 0.000000
1649623671041144750 88.359663 0.000000
1649623671041416540 176.600023 0.000000
1649623671114020684 88.724788 0.000000
1649623671170984684 88.464129 0.000000
1649623671186323483 88.512059 0.000000
1649623671387861351 88.373139 0.000000
1649623671419827584 176.565048 0.000000
1649623671523712075 88.341039 0.000000
1649623671621432920 88.412583 0.000000
1649623671724648115 88.392605 0.000000
1649623671765891762 176.503382 0.000000
1649623671854482750 88.393067 0.000000
1649623672046305283 176.697075 0.000000
1649623672070796461 88.419677 0.000000
1649623672072052656 88.495829 0.000000
1649623672160263611 176.684663 0.000000
1649623672199725867 88.376335 0.000000
1649623672247836529 88.348542 0.000000
1649623672273276696 88.362037 0.000000
1649623672288726663 176.511417 0.000000
1649623672345744955 88.458790 0.000000
1649623672497089547 176.575156 0.000000
1649623672506364137 88.433683 0.000000
1649623672651432932 88.431337 0.000000
1649623672722882782 176.655607 0.000000
1649623672723790223 88.578674 0.000000
1649623672739632335 88.435926 0.000000
1649623672755725578 176.637253 0.000000
1649623672827737101 88.598332 0.000000
1649623672914888359 88.424244 0.000000
1649623672924248818 88.379962 0.000000
1649623672972455841 88.487303 0.000000
1649623673019392932 176.686775 0.000000
1649623673019600601 88.459170 0.000000
1649623673091968442 88.458929 0.000000
1649623673286733062 88.569537 0.000000
1649623673374708054 176.621373 0.000000
1649623673391387085 88.409677 0.000000
1649623673391439092 88.491190 0.000000
1649623673407072744 176.546052 0.000000
1649623673511257057 88.522299 0.000000
1649623673536345654 88.462405 0.000000
1649623673558859275 88.553047 0.000000
1649623673664843752 88.294781 0.000000
1649623673686545881 176.512869 0.000000
1649623673712856360 176.629468 0.000000
1649623673809663161 88.412252 0.000000
1649623673825897178 88.490148 0.000000
1649623673970146478 176.563936 0.000000
1649623674116200130 88.689532 0.000000
1649623674163730353 176.972220 0.000000
1649623674204413329 176.762458 0.000000
1649623674261062759 88.551442 0.000000
1649623674380984728 176.568173 0.000000
1649623674421742504 88.540693 0.000000
1649623674469338371 88.344376 0.000000
1649623674510206893 88.391914 0.000000
1649623674510351014 88.517068 0.000000
1649623674572608629 88.583392 0.000000
1649623674590158262 88.381364 0.000000
1649623674662729164 88.459991 0.000000
1649623674702102314 88.411601 0.000000
1649623674751055576 88.320080 0.000000
1649623674768131981 88.423283 0.000000
1649623674790098796 88.490378 0.000000
1649623674807384685 88.419345 0.000000
1649623674823240813 176.601135 0.000000
1649623674856492015 88.355916 0.000000
1649623674985569650 88.605164 0.000000
1649623675017569024 88.564157 0.000000
1649623675040693971 176.543076 0.000000
1649623675079512010 88.533379 0.000000
1649623675217278224 176.628546 0.000000
1649623675297012977 88.383668 0.000000
1649623675323567874 88.450895 0.000000
1649623675509169414 88.568324 0.000000
1649623675524103463 176.643906 0.000000
1649623675541065445 88.434363 0.000000
1649623675586764516 88.479659 0.000000
1649623675653295442 88.417982 0.000000
1649623675820494770 88.489466 0.000000
1649623675886599869 176.721481 0.000000
1649623675919240386 176.695662 0.000000
1649623675975583773 88.360124 0.000000
1649623676145290693 88.544771 0.000000
1649623676160616327 88.463369 0.000000
1649623676160725251 88.531246 0.000000
1649623676217971509 88.369091 0.000000
1649623676265474071 88.413003 0.000000
1649623676290436713 88.424194 0.000000
1649623676378822897 88.380023 0.000000
1649623676378861740 88.439625 0.000000
1649623676401307222 88.562855 0.000000
1649623676473853556 88.371263 0.000000
1649623676538910300 88.419065 0.000000
1649623676596039330 176.475620 0.000000
1649623676699085498 88.468848 0.000000
1649623676819645563 88.379100 0.000000
1649623676828717372 88.308177 0.000000
1649623676932305546 88.411660 0.000000
1649623676934147239 88.323676 0.000000
1649623676958526127 88.403205 0.000000
1649623677078937674 88.396492 0.000000
1649623677109451413 88.409236 0.000000
1649623677134551092 88.373079 0.000000
1649623677190991941 88.481472 0.000000
1649623677231673714 88.357519 0.000000
1649623677248076167 88.401983 0.000000
1649623677320432195 88.447408 0.000000
1649623677368614231 88.412943 0.000000
1649623677384261577 176.558154 0.000000
1649623677424489229 88.412502 0.000000
1649623677441291652 88.437018 0.000000
1649623677538328645 88.911138 0.000000
1649623677538390721 88.942557 0.000000
1649623677544247141 88.490549 0.000000
1649623677569528851 88.418814 0.000000
1649623677586116029 88.324658 0.000000
1649623677594507242 88.373129 0.000000
1649623677786938086 88.403727 0.000000
1649623677923954044 88.497041 0.000000
1649623678044802469 88.352890 0.000000
1649623678117514535 88.431819 0.000000
1649623678229627502 176.686564 0.000000
1649623678479437735 88.385501 0.000000
1649623678519212798 176.726069 0.000000
1649623678584290842 88.404207 0.000000
1649623678657087656 88.356356 0.000000
1649623678664274391 88.368430 0.000000
1649623678729035099 88.436918 0.000000
1649623678873863464 88.385362 0.000000
1649623678874203411 88.350446 0.000000
1649623678914228112 88.300312 0.000000
1649623679002056299 176.618717 0.000000
1649623679050673730 88.386864 0.000000
1649623679051181032 88.385662 0.000000
1649623679074924809 88.430667 0.000000
1649623679082724532 88.344956 0.000000
1649623679091705670 88.348823 0.000000
1649623679107564845 176.620081 0.000000
1649623679163693649 88.437860 0.000000
1649623679227563397 88.460853 0.000000
1649623679292130772 88.423372 0.000000
1649623679308452173 88.349905 0.000000
1649623679308911444 88.338994 0.000000
1649623679380518568 88.381244 0.000000
1649623679453568028 88.395241 0.000000
1649623679509820002 88.619480 0.000000
1649623679517007077 88.457527 0.000000
1649623679558157739 88.404718 0.000000
1649623679598275886 88.454431 0.000000
1649623679676919543 88.442279 0.000000
1649623679702907347 88.544190 0.000000
1649623679765086745 176.647712 0.000000
1649623679775324359 88.564818 0.000000
1649623679806876886 176.478164 0.000000
1649623679831095332 176.498923 0.000000
1649623679951558306 88.406281 0.000000
1649623680032765399 88.458328 0.000000
1649623680105404638 88.456896 0.000000
1649623680127264543 88.475851 0.000000
1649623680184555036 176.635360 0.000000
1649623680360333427 176.694749 0.000000
1649623680467653529 88.517959 0.000000
1649623680467789744 88.375882 0.000000
1649623680467896063 88.414125 0.000000
1649623680531484063 176.577611 0.000000
1649623680556515944 88.394858 0.000000
1649623680612599794 88.392634 0.000000
1649623680955959931 176.610061 0.000000
1649623681069847095 176.697205 0.000000
1649623681208186664 88.518231 0.000000
1649623681280568692 88.582060 0.000000
1649623681697009505 177.060135 0.000000
1649623681820227713 88.637615 0.000000
1649623682037513757 88.498694 0.000000
1649623682110115206 88.407022 0.000000
1649623682238249701 88.485047 0.000000
1649623682295047249 176.650095 0.000000
1649623682327221282 88.505457 0.000000
1649623682351416274 88.369160 0.000000
1649623682366645237 88.467235 0.000000
1649623682472847583 88.420538 0.000000
1649623682477086179 176.777656 0.000000
1649623682496227236 88.290614 0.000000
1649623682533923292 88.474719 0.000000
1649623682561043328 176.664794 0.000000
1649623682606347417 88.407072 0.000000
1649623682641445672 88.448409 0.000000
1649623682649439019 88.391052 0.000000
1649623682817533565 88.423974 0.000000
1649623682817572047 88.419846 0.000000
1649623682855555381 176.639717 0.000000
1649623682907149834 88.366797 0.000000
1649623682945773568 88.615322 0.000000
1649623683148538176 88.524992 0.000000
1649623683179454810 88.415478 0.000000
1649623683267999791 88.417401 0.000000
1649623683356957045 88.408014 0.000000
1649623683380802122 88.514534 0.000000
1649623683525452372 88.654767 0.000000
1649623683525536259 88.496179 0.000000
1649623683525664940 88.542737 0.000000
1649623683541010431 176.686214 0.000000
1649623683743731347 176.723043 0.000000
1649623683774617545 176.668852 0.000000
1649623683888696027 88.316221 0.000000
1649623683904634530 88.382095 0.000000
1649623683920264183 88.337661 0.000000
1649623684136468749 176.638484 0.000000
1649623684209523067 88.456545 0.000000
1649623684210096613 88.522028 0.000000
1649623684224901951 88.426319 0.000000
1649623684298462016 88.459540 0.000000
1649623684427544439 176.700280 0.000000
1649623684468118329 88.542005 0.000000
1649623684540101749 88.331821 0.000000
1649623684556679290 88.405930 0.000000
1649623684587321009 176.751197 0.000000
1649623684603791920 88.575908 0.000000
1649623684643775995 88.497142 0.000000
1649623684645007264 88.324237 0.000000
1649623684836704391 176.570327 0.000000
1649623685022855370 88.486932 0.000000
1649623685078184746 88.383999 0.000000
1649623685110797310 88.401701 0.000000
1649623685215107167 176.708526 0.000000
1649623685384334327 88.372087 0.000000
1649623685416813140 88.347880 0.000000
1649623685425706875 88.380742 0.000000
1649623685658098129 88.462456 0.000000
1649623685658229785 88.539902 0.000000
1649623685746652226 88.419274 0.000000
1649623685762943410 88.490649 0.000000
1649623685802973290 88.544660 0.000000
1649623685875433365 88.388618 0.000000
1649623685876601094 88.446156 0.000000
1649623686140953059 88.376534 0.000000
1649623686342647520 88.397203 0.000000
1649623686382854744 88.501229 0.000000
1649623686455197848 88.299250 0.000000
1649623686503201979 176.566960 0.000000
1649623686560195825 88.621915 0.000000
1649623686744888209 88.388456 0.000000
1649623686776821771 88.406140 0.000000
1649623686865933423 88.501519 0.000000
1649623686889769203 88.403045 0.000000
1649623686906435069 176.680684 0.000000
1649623686938149499 88.591096 0.000000
1649623687026560248 88.380702 0.000000
1649623687066969099 88.534640 0.000000
1649623687107070885 88.315670 0.000000
1649623687107539714 88.331700 0.000000
1649623687171077859 176.669533 0.000000
1649623687252175398 88.354083 0.000000
1649623687324107079 88.331900 0.000000
1649623687614248347 88.447828 0.000000
1649623687629913016 176.645497 0.000000
1649623687663210404 88.772357 0.000000
1649623687663249608 88.760294 0.000000
1649623687678628772 88.442678 0.000000
1649623687718296143 88.373679 0.000000
1649623687791312509 176.651839 0.000000
1649623687823582030 88.558114 0.000000
1649623688153876960 88.359021 0.000000
1649623688225352527 176.632052 0.000000
1649623688242568486 88.357169 0.000000
1649623688242647925 88.370324 0.000000
1649623688256711572 88.533418 0.000000
1649623688274167650 176.818992 0.000000
1649623688426859597 88.335577 0.000000
1649623688572267838 88.397564 0.000000
1649623688604671331 88.305280 0.000000
1649623688620481733 176.673339 0.000000
1649623688894194730 88.445814 0.000000
1649623689079016927 88.401551 0.000000
1649623689095537271 88.415427 0.000000
1649623689127558797 88.415418 0.000000
1649623689150889559 88.421709 0.000000
1649623689240208971 88.344574 0.000000
1649623689288177446 88.502360 0.000000
1649623689311628243 176.548074 0.000000
1649623689344841484 88.403967 0.000000
1649623689360205740 176.549137 0.000000
1649623689384405771 176.604951 0.000000
1649623689416702353 176.667148 0.000000
1649623689457607625 88.444572 0.000000
1649623689473159954 88.373919 0.000000
1649623689673919261 176.649655 0.000000
1649623689731336712 88.617076 0.000000
1649623689763857864 88.583673 0.000000
1649623689964814833 88.530944 0.000000
1649623690069533386 176.753811 0.000000
1649623690166186568 88.551783 0.000000
1649623690286357393 88.704019 0.000000
1649623690311066629 88.370973 0.000000
1649623690374368843 176.686735 0.000000
1649623690399228251 176.580796 0.000000
1649623690456182102 88.362147 0.000000
1649623690472135192 88.510556 0.000000
1649623690673799336 88.572593 0.000000
1649623690706873595 88.423432 0.000000
1649623690762217388 88.439593 0.000000
1649623690779203374 88.400319 0.000000
1649623690779318340 88.333283 0.000000
1649623690827105234 176.694239 0.000000
1649623690939850737 176.650867 0.000000
1649623690972225926 88.534110 0.000000
1649623691085333909 88.584434 0.000000
1649623691085351502 88.546233 0.000000
1649623691142676398 88.468387 0.000000
1649623691142723637 88.490358 0.000000
1649623691390810778 176.566729 0.000000
1649623691414178228 88.409857 0.000000
1649623691429989844 176.600173 0.000000
1649623691447525380 88.482322 0.000000
1649623691577504264 88.348603 0.000000
1649623691665877983 88.367617 0.000000
1649623691753669050 88.517960 0.000000
1649623691914332292 88.413294 0.000000
1649623691937449323 88.451295 0.000000
1649623691954021043 88.400048 0.000000
1649623692186857502 88.493214 0.000000
1649623692187070241 176.651048 0.000000
1649623692204054183 88.518942 0.000000
1649623692292556973 88.468105 0.000000
1649623692308572079 88.401300 0.000000
1649623692332507024 88.381232 0.000000
1649623692387995999 88.411560 0.000000
1649623692453549924 88.415547 0.000000
1649623692477258484 88.396381 0.000000
1649623692493966469 176.672657 0.000000
1649623692509307812 88.391302 0.000000
1649623692566825400 88.456444 0.000000
1649623692566877899 88.534060 0.000000
1649623692597749529 88.435214 0.000000
1649623692622129699 88.403625 0.000000
1649623692639222526 88.408625 0.000000
1649623692655326439 88.443100 0.000000
1649623692670913963 88.407683 0.000000
1649623692694536542 88.385170 0.000000
1649623692743528775 88.462585 0.000000
1649623692783951423 88.493473 0.000000
1649623692815894662 88.318535 0.000000
1649623692888353433 88.352299 0.000000
1649623692911035639 88.536073 0.000000
1649623693234783513 88.613968 0.000000
1649623693266624011 88.384941 0.000000
1649623693307327434 88.414946 0.000000
1649623693346827521 88.396952 0.000000
1649623693401461493 88.397123 0.000000
1649623693452026966 88.548256 0.000000
1649623693474000534 88.453038 0.000000
1649623693507648008 88.415677 0.000000
1649623693669203012 88.376774 0.000000
1649623693741808017 88.390831 0.000000
1649623693779899323 88.486772 0.000000
1649623693918418869 176.542343 0.000000
1649623693942000582 88.479548 0.000000
1649623694159912828 88.887513 0.000000
1649623694175546960 88.447136 0.000000
1649623694231721220 88.473316 0.000000
1649623694280624857 176.649905 0.000000
1649623694448478250 88.448479 0.000000
1649623694464759275 88.317203 0.000000
1649623694465254584 88.500197 0.000000
1649623694465254584 88.514594 0.000000
1649623694482227355 88.478275 0.000000
1649623694715485453 88.397334 0.000000
1649623695061457334 88.413673 0.000000
1649623695222282580 176.734413 0.000000
1649623695350816765 88.488203 0.000000
1649623695478341858 88.443320 0.000000
1649623695616386382 176.613566 0.000000
1649623695640804374 88.370654 0.000000
1649623695672722085 176.512578 0.000000
1649623695783819237 176.660004 0.000000
1649623695872360129 88.531945 0.000000
1649623695962539493 176.749792 0.000000
1649623695978902602 88.454921 0.000000
1649623696034780255 176.591666 0.000000
1649623696091114374 88.530954 0.000000
1649623696164403181 88.668111 0.000000
1649623696202989034 88.476191 0.000000
1649623696397536635 176.633164 0.000000
1649623696614909310 176.594692 0.000000
1649623696669941127 176.573261 0.000000
1649623696687420719 88.370793 0.000000
1649623696687510578 88.400089 0.000000
1649623696710284125 88.412812 0.000000
1649623696742503221 88.431848 0.000000
1649623696814380622 176.611233 0.000000
1649623696814428191 176.450942 0.000000
1649623697033715305 88.451324 0.000000
1649623697065720640 176.712081 0.000000
1649623697104380392 88.378627 0.000000
1649623697195105149 88.635339 0.000000
1649623697355443993 176.546651 0.000000
1649623697460046629 176.709827 0.000000
1649623697484403695 88.497430 0.000000
1649623697501084379 176.731297 0.000000
1649623697661478246 176.589843 0.000000
1649623697701365099 176.586115 0.000000
1649623697702407423 88.362257 0.000000
1649623697749679552 176.590383 0.000000
1649623697845032326 88.377005 0.000000
1649623697863038605 88.435104 0.000000
1649623697863311597 88.331760 0.000000
1649623697951633268 88.317674 0.000000
1649623697989802981 176.533527 0.000000
1649623697990804098 88.373599 0.000000
1649623698080616164 88.447518 0.000000
1649623698209641268 88.475189 0.000000
1649623698262949223 176.603126 0.000000
1649623698571781032 88.368650 0.000000
1649623698697762320 88.396933 0.000000
1649623698786538784 88.473536 0.000000
1649623698874959240 88.410408 0.000000
1649623698899126000 88.359973 0.000000
1649623699044051686 88.442769 0.000000
1649623699044205935 88.625181 0.000000
1649623699109424030 88.379389 0.000000
1649623699110399299 176.789637 0.000000
1649623699110439745 176.633845 0.000000
1649623699204875408 88.366354 0.000000
1649623699223461545 88.325167 0.000000
1649623699255285020 88.326380 0.000000
1649623699326715141 88.313175 0.000000
1649623699384381819 88.398185 0.000000
1649623699422067805 176.634245 0.000000
1649623699440810755 88.383377 0.000000
1649623699457118200 88.346648 0.000000
1649623699478762439 88.386663 0.000000
1649623699494701964 88.441916 0.000000
1649623699585561594 88.515645 0.000000
1649623699616254098 88.422260 0.000000
1649623699616316806 88.401822 0.000000
1649623699639655903 88.407852 0.000000
1649623699841150278 88.363590 0.000000
1649623699891363642 88.353973 0.000000
1649623699978540616 88.478194 0.000000
1649623699986240693 88.389748 0.000000
1649623699994607439 88.429272 0.000000
1649623700020030804 88.362558 0.000000
1649623700051075850 88.439984 0.000000
1649623700067844229 176.477051 0.000000
1649623700227859696 88.398856 0.000000
1649623700268476927 88.421398 0.000000
1649623700300106989 176.608607 0.000000
1649623700325992462 88.510065 0.000000
1649623700437062993 88.392052 0.000000
1649623700848135849 88.568825 0.000000
1649623700961845259 88.394938 0.000000
1649623700992872110 88.380401 0.000000
1649623701025128727 88.442147 0.000000
1649623701072639704 88.616274 0.000000
1649623701106712545 88.451675 0.000000
1649623701137799900 88.396892 0.000000
1649623701251547992 88.469258 0.000000
1649623701290077480 88.656639 0.000000
1649623701306558499 88.407292 0.000000
1649623701323929198 88.431608 0.000000
1649623701378497746 88.429234 0.000000
1649623701466719870 176.672987 0.000000
1649623701500148916 88.391693 0.000000
1649623701604367210 88.463186 0.000000
1649623701668310485 88.380382 0.000000
1649623701692629530 176.685621 0.000000
1649623701805749244 176.646919 0.000000
1649623701831028239 88.446996 0.000000
1649623701886407979 88.674513 0.000000
1649623701958788392 88.496809 0.000000
1649623702039355394 88.605192 0.000000
1649623702064497472 88.415627 0.000000
1649623702137053455 88.416659 0.000000
1649623702240574333 176.850571 0.000000
1649623702337239346 176.755081 0.000000
1649623702338023396 88.521475 0.000000
1649623702338040879 88.549368 0.000000
1649623702466287344 88.368690 0.000000
1649623702538902026 88.464408 0.000000
1649623702627450212 88.354673 0.000000
1649623702763541665 88.575908 0.000000
1649623702980787652 88.541462 0.000000
1649623703069062395 176.832326 0.000000
1649623703191357702 88.476952 0.000000
1649623703430779705 176.537604 0.000000
1649623703496799834 88.410147 0.000000
1649623703513120122 88.507279 0.000000
1649623703617189749 176.710849 0.000000
1649623703673345052 88.469398 0.000000
