1649623554528746729 144.542439 0.000000
1649623554698150860 72.511405 0.000000
1649623554713785243 72.442475 0.000000
1649623554746270461 72.382993 0.000000
1649623554979377521 72.481959 0.000000
1649623554979508387 144.495550 0.000000
1649623555051417011 144.540614 0.000000
1649623555075723965 72.446582 0.000000
1649623555123794314 72.368636 0.000000
1649623555124534712 72.492929 0.000000
1649623555132500618 144.594666 0.000000
1649623555237138947 72.398872 0.000000
1649623555349896441 144.766709 0.000000
1649623555421583189 144.597310 0.000000
1649623555486208818 144.595737 0.000000
1649623555494657899 144.633027 0.000000
1649623555567106325 72.495335 0.000000
1649623555598972302 72.501125 0.000000
1649623555711723895 72.408732 0.000000
1649623555784048899 72.348849 0.000000
1649623555816179872 72.460769 0.000000
1649623555816314003 72.379848 0.000000
1649623555856001776 72.360381 0.000000
1649623555856108777 72.401990 0.000000
1649623555920644907 72.377533 0.000000
1649623555928928779 144.613651 0.000000
1649623556017238555 72.363688 0.000000
1649623556065390526 72.307962 0.000000
1649623556146302441 72.477170 0.000000
1649623556178758323 144.713528 0.000000
1649623556306740061 144.660509 0.000000
1649623556379357283 144.565511 0.000000
1649623556395621107 144.507883 0.000000
1649623556468827325 72.520793 0.000000
1649623556508476794 72.474725 0.000000
1649623556523783553 72.258941 0.000000
1649623556580136251 72.393032 0.000000
1649623556612482017 144.514796 0.000000
1649623556653576987 145.006598 0.000000
1649623556725907783 72.314495 0.000000
1649623556757294310 72.390978 0.000000
1649623556813364779 72.355130 0.000000
1649623556862687195 72.396939 0.000000
1649623556943237602 72.352406 0.000000
1649623556958551605 72.461972 0.000000
1649623557103843087 72.368506 0.000000
1649623557152251740 144.724509 0.000000
1649623557176239025 72.394896 0.000000
1649623557337076295 144.669437 0.000000
1649623557450324497 72.401888 0.000000
1649623557450560239 72.412258 0.000000
1649623557465469443 72.402300 0.000000
1649623557481676670 144.597360 0.000000
1649623557498314014 72.654222 0.000000
1649623557537606445 144.659167 0.000000
1649623557537792534 72.407329 0.000000
1649623557667316813 144.637706 0.000000
1649623557699196395 72.478091 0.000000
1649623557731339061 144.628059 0.000000
1649623557771370978 144.682049 0.000000
1649623557803782227 72.460749 0.000000
1649623557916320579 72.364760 0.000000
1649623557948567109 72.383144 0.000000
1649623558021029471 72.380047 0.000000
1649623558093759425 72.737508 0.000000
1649623558189691271 72.635216 0.000000
1649623558238489474 72.343549 0.000000
1649623558278272825 144.737023 0.000000
1649623558278303824 72.346285 0.000000
1649623558567650920 144.537097 0.000000
1649623558584724302 72.495144 0.000000
1649623558640671338 72.375759 0.000000
1649623558640794429 72.432927 0.000000
1649623558646645740 72.475346 0.000000
1649623558719077695 72.426585 0.000000
1649623558719199654 72.448717 0.000000
1649623558817438575 72.505072 0.000000
1649623558874554905 144.588183 0.000000
1649623558889980657 72.535670 0.000000
1649623558930619071 72.690600 0.000000
1649623558947473582 72.416857 0.000000
1649623559008959194 72.534107 0.000000
1649623559034860026 72.480486 0.000000
1649623559080839785 144.574297 0.000000
1649623559081275712 72.309877 0.000000
1649623559179435425 144.507051 0.000000
1649623559225750914 72.433578 0.000000
1649623559437192442 72.406617 0.000000
1649623559437811653 72.460348 0.000000
1649623559454234445 72.391779 0.000000
1649623559454275061 72.394595 0.000000
1649623559510229121 72.390268 0.000000
1649623559573593466 72.398012 0.000000
1649623559573626768 72.421025 0.000000
1649623559587757301 144.664156 0.000000
1649623559671135750 144.499277 0.000000
1649623559744095776 72.342798 0.000000
1649623559816411854 72.310889 0.000000
1649623559837136030 144.563747 0.000000
1649623560022924821 72.419622 0.000000
1649623560033734789 72.476128 0.000000
1649623560178800749 72.513048 0.000000
1649623560385092612 144.782227 0.000000
1649623560385345125 72.420573 0.000000
1649623560556684675 72.424801 0.000000
1649623560572645280 72.418028 0.000000
1649623560732588964 72.364739 0.000000
1649623560747223493 144.747251 0.000000
1649623560747439618 72.424682 0.000000
1649623560918969184 72.531972 0.000000
1649623561006854974 72.400456 0.000000
1649623561037165575 72.413060 0.000000
1649623561109559618 72.383022 0.000000
1649623561136405162 72.507146 0.000000
1649623561151780630 72.354992 0.000000
1649623561208624659 72.427778 0.000000
1649623561281272629 72.457473 0.000000
1649623561327363746 72.535018 0.000000
1649623561343686340 144.608370 0.000000
1649623561416287342 72.457022 0.000000
1649623561472261250 144.944191 0.000000
1649623561472319228 144.955401 0.000000
1649623561544743870 72.476589 0.000000
1649623561658890667 72.409543 0.000000
1649623561689548549 72.424803 0.000000
1649623561715558976 72.432516 0.000000
1649623561761865387 144.665068 0.000000
1649623561850205088 144.639619 0.000000
1649623561850331175 72.370069 0.000000
1649623562027303817 72.363607 0.000000
1649623562068017301 72.443667 0.000000
1649623562099732655 72.343598 0.000000
1649623562212735428 144.540193 0.000000
1649623562244644726 72.528807 0.000000
1649623562295098533 72.338650 0.000000
1649623562367467911 72.470407 0.000000
1649623562439949439 72.411607 0.000000
1649623562672073305 72.441753 0.000000
1649623562816925984 72.425913 0.000000
1649623562848221821 72.581114 0.000000
1649623562848270452 145.097688 0.000000
1649623562864129257 72.344381 0.000000
1649623562993034014 72.456210 0.000000
1649623562993297028 72.387142 0.000000
1649623563041359411 72.412488 0.000000
1649623563138032336 72.460919 0.000000
1649623563179302705 144.759834 0.000000
1649623563179598290 72.364479 0.000000
1649623563210557005 72.439609 0.000000
1649623563251682883 72.375970 0.000000
1649623563396743101 144.643546 0.000000
1649623563459922888 72.557199 0.000000
1649623563604526191 72.440852 0.000000
1649623563758521421 72.452173 0.000000
1649623564055550820 144.719489 0.000000
1649623564056089169 72.696440 0.000000
1649623564079428068 144.579717 0.000000
1649623564079470267 72.332047 0.000000
1649623564127894760 144.647905 0.000000
1649623564152152001 72.624717 0.000000
1649623564152302713 72.708423 0.000000
1649623564272561139 72.321057 0.000000
1649623564273257004 72.409022 0.000000
1649623564345737921 72.477059 0.000000
1649623564417676661 72.527384 0.000000
1649623564473495427 144.642254 0.000000
1649623564489881129 72.489272 0.000000
1649623564562377625 72.486557 0.000000
1649623564635482381 72.528005 0.000000
1649623564658327755 72.517625 0.000000
1649623564658470402 145.008110 0.000000
1649623564658897002 72.383644 0.000000
1649623564707651573 144.715210 0.000000
1649623564852381923 144.711514 0.000000
1649623565037078827 144.559019 0.000000
1649623565069903110 144.644528 0.000000
1649623565093684699 72.640035 0.000000
1649623565165819406 144.828703 0.000000
1649623565351486339 72.367284 0.000000
1649623565391617642 144.520405 0.000000
1649623565408272719 72.809543 0.000000
1649623565447855945 144.532098 0.000000
1649623565455661409 72.346905 0.000000
1649623565471517589 144.505348 0.000000
1649623565536842429 72.446763 0.000000
1649623565785860119 72.406897 0.000000
1649623565785874356 72.375679 0.000000
1649623565817928064 72.570504 0.000000
1649623565890651986 72.386569 0.000000
1649623565915164415 144.598040 0.000000
1649623565947215839 72.542612 0.000000
1649623565947216020 72.557590 0.000000
1649623565994841364 72.394785 0.000000
1649623566067132003 144.644989 0.000000
1649623566123356220 72.336546 0.000000
1649623566211705469 72.525410 0.000000
1649623566253049927 144.949831 0.000000
1649623566309314700 72.381671 0.000000
1649623566309373720 72.397751 0.000000
1649623566325879808 72.508518 0.000000
1649623566356447199 144.764714 0.000000
1649623566397648800 144.589575 0.000000
1649623566413316626 72.649002 0.000000
1649623566526538509 144.843912 0.000000
1649623566599118621 72.482138 0.000000
1649623566615402122 72.300158 0.000000
1649623566671453334 144.694942 0.000000
1649623566718802480 72.318151 0.000000
1649623566807351042 72.467591 0.000000
1649623566879606697 72.377553 0.000000
1649623567049948415 144.734408 0.000000
1649623567122155869 145.165775 0.000000
1649623567122366965 144.651201 0.000000
1649623567266981547 144.636233 0.000000
1649623567282012740 144.827793 0.000000
1649623567386502109 72.495654 0.000000
1649623567484733917 144.607549 0.000000
1649623567629707262 144.968195 0.000000
1649623567660496519 72.466529 0.000000
1649623567805295387 72.432456 0.000000
1649623567981244238 144.536023 0.000000
1649623568053970064 144.806262 0.000000
1649623568078751457 72.427236 0.000000
1649623568126421405 72.443276 0.000000
1649623568198719459 144.532638 0.000000
1649623568239784513 72.438777 0.000000
1649623568271385783 72.447975 0.000000
1649623568312108846 144.557245 0.000000
1649623568368549468 72.469685 0.000000
1649623568384523237 72.411566 0.000000
1649623568746993373 72.389214 0.000000
1649623568763222231 72.344270 0.000000
1649623568835443200 144.853389 0.000000
1649623568835503954 72.583308 0.000000
1649623568908263443 72.454968 0.000000
1649623569036412143 72.507948 0.000000
1649623569068062604 144.627957 0.000000
1649623569125490097 72.392741 0.000000
1649623569180989004 72.448396 0.000000
1649623569197729921 144.605836 0.000000
1649623569270185701 144.589305 0.000000
1649623569342602317 72.411266 0.000000
1649623569358757357 72.987567 0.000000
1649623569358983490 72.590162 0.000000
1649623569470789879 72.359087 0.000000
1649623569615966796 72.571867 0.000000
1649623569616004316 72.443126 0.000000
1649623569632151691 72.428889 0.000000
1649623569688429317 72.453125 0.000000
1649623569720430668 145.019081 0.000000
1649623569849229657 144.512240 0.000000
1649623569905559722 144.645691 0.000000
1649623569905982665 72.414493 0.000000
1649623569906080909 144.857427 0.000000
1649623569906165918 72.574342 0.000000
1649623570154881792 72.397951 0.000000
1649623570211865793 72.463494 0.000000
1649623570227184054 144.679023 0.000000
1649623570299399112 144.513693 0.000000
1649623570340189991 72.473662 0.000000
1649623570356604668 72.307892 0.000000
1649623570477141676 72.413049 0.000000
1649623570501284332 72.441393 0.000000
1649623570516657645 144.579205 0.000000
1649623570622015554 72.548754 0.000000
1649623570630332788 72.410585 0.000000
1649623570702775623 72.439779 0.000000
1649623570702926787 144.939391 0.000000
1649623570766954965 72.471870 0.000000
1649623570775261880 72.331667 0.000000
1649623570839422246 72.449398 0.000000
1649623570863636966 72.443066 0.000000
1649623570878634355 72.410855 0.000000
1649623571184445469 144.500638 0.000000
1649623571209673129 72.588418 0.000000
1649623571209702464 144.679564 0.000000
1649623571209764420 72.553302 0.000000
1649623571426943365 144.590928 0.000000
1649623571427074450 72.392851 0.000000
1649623571427758282 144.545463 0.000000
1649623571530685172 72.462292 0.000000
1649623571602978177 144.778280 0.000000
1649623571660560289 72.464765 0.000000
1649623571707401783 72.416375 0.000000
1649623571892400112 144.575398 0.000000
1649623571997098313 72.433047 0.000000
1649623572037494092 72.399323 0.000000
1649623572142107966 72.586695 0.000000
1649623572150558009 144.559168 0.000000
1649623572214053738 144.570880 0.000000
1649623572214248213 72.455128 0.000000
1649623572457213236 72.520813 0.000000
1649623572529136826 144.583063 0.000000
1649623572602370364 72.514580 0.000000
1649623572819834773 144.727523 0.000000
1649623572850107983 144.683129 0.000000
1649623573036117848 72.469265 0.000000
1649623573125530400 72.311339 0.000000
1649623573139591172 144.516738 0.000000
1649623573182463606 72.519109 0.000000
1649623573182567310 72.548734 0.000000
1649623573198444778 72.776891 0.000000
1649623573356870164 72.360561 0.000000
1649623573429434899 72.490616 0.000000
1649623573471609122 144.562975 0.000000
1649623573502076476 72.400796 0.000000
1649623573647146912 72.409092 0.000000
1649623573719306406 144.661179 0.000000
1649623573751397183 72.564223 0.000000
1649623573922941015 144.599313 0.000000
1649623574041292736 72.456380 0.000000
1649623574051334974 72.583969 0.000000
1649623574051347287 72.546920 0.000000
1649623574051413321 72.619165 0.000000
1649623574213147601 72.365289 0.000000
1649623574315754961 72.621119 0.000000
1649623574371521189 144.757569 0.000000
1649623574460335921 144.912671 0.000000
1649623574460367069 144.609442 0.000000
1649623574485862481 72.461129 0.000000
1649623574558304063 72.438096 0.000000
1649623574630752879 72.454547 0.000000
1649623574750473407 72.415624 0.000000
1649623574750661599 72.539076 0.000000
1649623574865370950 72.520029 0.000000
1649623574992753915 72.473183 0.000000
1649623575010547966 72.499331 0.000000
1649623575154907290 144.620132 0.000000
1649623575155600800 72.522495 0.000000
1649623575282254927 144.638125 0.000000
1649623575373096588 72.416936 0.000000
1649623575477462356 72.466379 0.000000
1649623575671018108 144.442378 0.000000
1649623575678351217 72.422656 0.000000
1649623575734730494 144.618088 0.000000
1649623575744541740 144.604974 0.000000
1649623575816819464 144.588783 0.000000
1649623575861771327 72.484323 0.000000
1649623575879741479 72.446772 0.000000
1649623575889848088 144.658764 0.000000
1649623576033119691 72.329071 0.000000
1649623576167664222 72.482639 0.000000
1649623576178771177 72.433638 0.000000
1649623576252268890 72.342818 0.000000
1649623576314386625 72.597544 0.000000
1649623576324587551 144.681536 0.000000
1649623576384663559 72.334632 0.000000
1649623576468417742 72.321597 0.000000
1649623576541079387 72.515852 0.000000
1649623576541468617 144.536004 0.000000
1649623576685392323 144.554449 0.000000
1649623576758510434 144.840144 0.000000
1649623576903689734 72.478662 0.000000
1649623576904115612 144.755725 0.000000
1649623576976541576 72.785838 0.000000
1649623576976678422 72.705076 0.000000
1649623577045933189 72.404803 0.000000
1649623577049247263 72.459235 0.000000
1649623577121752024 72.752826 0.000000
1649623577266379169 144.528470 0.000000
1649623577335190384 144.616694 0.000000
1649623577337000999 72.467350 0.000000
1649623577387033406 72.414131 0.000000
1649623577410137194 144.652833 0.000000
1649623577411146306 72.309465 0.000000
1649623577554617864 144.478756 0.000000
1649623577626105969 72.402920 0.000000
1649623577699745016 72.474744 0.000000
1649623577771024981 144.530063 0.000000
1649623577844392039 72.501525 0.000000
1649623577915748176 144.555490 0.000000
1649623577990239541 72.499721 0.000000
1649623578039356913 72.524318 0.000000
1649623578133083072 72.593899 0.000000
1649623578133958293 72.293265 0.000000
1649623578134073810 144.824836 0.000000
1649623578134491333 72.496045 0.000000
1649623578135296993 72.526291 0.000000
1649623578206848737 72.354719 0.000000
1649623578424232245 72.383274 0.000000
1649623578497270014 72.304885 0.000000
1649623578569624433 72.348738 0.000000
1649623578569690948 144.651630 0.000000
1649623578642676971 72.608135 0.000000
1649623578642712498 72.524759 0.000000
1649623578858677876 72.334090 0.000000
1649623578858946590 72.339501 0.000000
1649623578859618560 72.301139 0.000000
1649623578931391368 72.312079 0.000000
1649623578931755812 72.387161 0.000000
1649623579074316562 144.731380 0.000000
1649623579076585896 144.750024 0.000000
1649623579221353575 144.507952 0.000000
1649623579511209773 72.512956 0.000000
1649623579656200930 72.279979 0.000000
1649623579800465886 144.700793 0.000000
1649623579905751288 72.472802 0.000000
1649623579945726037 144.653684 0.000000
1649623579978250418 72.348578 0.000000
1649623580107317609 72.737608 0.000000
1649623580123138663 72.494823 0.000000
1649623580155015168 72.317189 0.000000
1649623580162918165 72.391028 0.000000
1649623580308251845 72.403802 0.000000
1649623580380805096 72.417979 0.000000
1649623580397207179 72.430061 0.000000
1649623580525392045 72.453253 0.000000
1649623580542200891 72.441412 0.000000
1649623580557816649 144.674474 0.000000
1649623580646064878 72.491577 0.000000
1649623580742267450 144.479638 0.000000
1649623580775442631 72.471288 0.000000
1649623580775693661 72.554383 0.000000
1649623581008126926 72.472681 0.000000
1649623581103751444 144.735327 0.000000
1649623581121986524 72.543333 0.000000
1649623581137624664 72.421614 0.000000
1649623581385843895 144.605534 0.000000
1649623581427746890 72.385888 0.000000
1649623581458206269 72.356733 0.000000
1649623581733267777 144.544760 0.000000
1649623581990377698 72.432855 0.000000
1649623582062764918 72.377402 0.000000
1649623582133631127 72.447213 0.000000
1649623582135121972 72.350872 0.000000
1649623582223690501 72.485164 0.000000
1649623582239576436 72.418889 0.000000
1649623582240071735 72.471679 0.000000
1649623582256137437 72.380127 0.000000
1649623582278508490 72.420152 0.000000
1649623582350927531 72.361843 0.000000
1649623582352458050 72.370028 0.000000
1649623582423465153 72.553213 0.000000
1649623582423587222 72.514138 0.000000
1649623582562257939 72.473623 0.000000
1649623582634396583 72.373975 0.000000
1649623582778884105 144.483885 0.000000
1649623582803037431 72.545397 0.000000
1649623582930540759 72.450308 0.000000
1649623583002643516 144.575707 0.000000
1649623583092045658 144.555189 0.000000
1649623583147667885 72.400585 0.000000
1649623583180376682 144.503933 0.000000
1649623583197246752 72.336856 0.000000
1649623583213189584 144.525064 0.000000
1649623583220342765 72.619817 0.000000
1649623583252861264 72.475105 0.000000
1649623583341655687 72.409211 0.000000
1649623583342198265 144.579275 0.000000
1649623583414201465 144.493163 0.000000
1649623583414293958 144.517178 0.000000
1649623583414675233 72.496886 0.000000
1649623583679803257 144.635791 0.000000
1649623583727725657 72.306428 0.000000
1649623583752324559 72.393843 0.000000
1649623583849021077 72.334953 0.000000
1649623583897070576 72.509620 0.000000
1649623583897174030 72.460017 0.000000
1649623584041976022 72.470336 0.000000
1649623584042160979 72.581485 0.000000
1649623584066286282 144.527137 0.000000
1649623584138365915 144.527347 0.000000
1649623584186750272 144.585426 0.000000
1649623584501433798 144.840875 0.000000
1649623584524698668 144.595255 0.000000
1649623584573249878 144.575157 0.000000
1649623584693993652 144.800589 0.000000
1649623584694038326 72.384304 0.000000
1649623584718482707 144.621643 0.000000
1649623584750094006 144.505105 0.000000
1649623584757681271 144.484726 0.000000
1649623584791093227 72.430472 0.000000
1649623584863629286 144.659255 0.000000
1649623584927736652 72.512475 0.000000
1649623584935931687 72.473763 0.000000
1649623584952116061 144.526074 0.000000
1649623584999957299 72.383814 0.000000
1649623585258038721 72.452262 0.000000
1649623585298044890 72.282023 0.000000
1649623585370425027 72.376089 0.000000
1649623585434843987 144.680695 0.000000
1649623585515635434 72.438006 0.000000
1649623585547756889 72.500573 0.000000
1649623585588168488 72.422747 0.000000
1649623585659828785 144.756697 0.000000
1649623585659855525 72.387371 0.000000
1649623585660287275 72.352836 0.000000
1649623585660500374 72.458585 0.000000
1649623585853205421 72.437605 0.000000
1649623585965884084 72.368585 0.000000
1649623586021973578 144.823303 0.000000
1649623586038385849 72.354719 0.000000
1649623586239366681 72.372892 0.000000
1649623586255358716 72.415423 0.000000
1649623586255431893 72.429579 0.000000
1649623586440097055 72.371230 0.000000
1649623586456606950 72.526912 0.000000
1649623586528812219 72.381961 0.000000
1649623586529014909 144.642954 0.000000
1649623586617558571 144.564537 0.000000
1649623586657550732 72.740583 0.000000
1649623586689906417 72.392620 0.000000
1649623586729915191 72.354910 0.000000
1649623586745172917 72.449728 0.000000
1649623586818327166 144.505747 0.000000
1649623586834789010 144.721791 0.000000
1649623586850791233 72.360139 0.000000
1649623586891353755 72.389164 0.000000
1649623586962822753 72.537572 0.000000
1649623586963160757 72.400495 0.000000
1649623587036098298 72.381288 0.000000
1649623587052209876 144.683990 0.000000
1649623587052259309 72.568239 0.000000
1649623587196659909 72.481058 0.000000
1649623587197844140 72.583399 0.000000
1649623587341764959 72.707491 0.000000
1649623587488104834 72.519678 0.000000
1649623587560631816 72.702592 0.000000
1649623587560720642 72.850620 0.000000
1649623587633108273 144.956010 0.000000
1649623587633212088 144.943958 0.000000
1649623587649206827 72.448395 0.000000
1649623587705893149 72.547841 0.000000
1649623587777782075 144.670526 0.000000
1649623587777908693 144.692988 0.000000
1649623587778569712 72.671263 0.000000
1649623587851121100 72.585582 0.000000
1649623587867799450 72.814331 0.000000
1649623587922998263 144.743231 0.000000
1649623588012536781 72.353116 0.000000
1649623588012627581 72.478421 0.000000
1649623588068674264 72.607453 0.000000
1649623588068923451 72.374967 0.000000
1649623588157813923 72.925970 0.000000
1649623588230262679 72.448065 0.000000
1649623588244500764 144.505676 0.000000
1649623588244562780 144.523089 0.000000
1649623588317184420 72.381008 0.000000
1649623588317215828 72.399984 0.000000
1649623588405194682 144.461694 0.000000
1649623588405661397 72.449547 0.000000
1649623588446427740 72.516984 0.000000
1649623588591125567 144.691204 0.000000
1649623588663408531 144.549408 0.000000
1649623588679111363 144.673942 0.000000
1649623588782819187 72.368104 0.000000
1649623588808332753 144.668612 0.000000
1649623588968841784 72.534256 0.000000
1649623588969292479 72.324653 0.000000
1649623588985408986 72.377993 0.000000
1649623589057843575 72.432686 0.000000
1649623589073504157 72.403150 0.000000
1649623589113640409 72.412577 0.000000
1649623589185906141 144.540190 0.000000
1649623589218056120 72.339100 0.000000
1649623589379088502 72.456169 0.000000
1649623589506514655 72.525229 0.000000
1649623589564410295 72.463693 0.000000
1649623589709278091 144.859481 0.000000
1649623590119511654 72.725304 0.000000
1649623590192204948 72.499070 0.000000
1649623590199907630 72.409542 0.000000
1649623590246828342 144.754813 0.000000
1649623590336940755 72.462040 0.000000
1649623590344355537 144.517839 0.000000
1649623590391423506 144.592098 0.000000
1649623590505654179 72.441632 0.000000
1649623590529487906 72.398552 0.000000
1649623590553721090 144.507509 0.000000
1649623590554142300 72.308642 0.000000
1649623590578129073 72.377612 0.000000
1649623590578370486 72.477840 0.000000
1649623590722879518 72.304585 0.000000
1649623590753454824 72.322399 0.000000
1649623590842123150 72.397529 0.000000
1649623590851859134 72.362695 0.000000
1649623590915904484 72.384765 0.000000
1649623590986960618 72.518156 0.000000
1649623591012347166 72.362974 0.000000
1649623591028506082 72.274589 0.000000
1649623591067917486 72.355070 0.000000
1649623591131958316 72.464323 0.000000
1649623591157619890 72.847833 0.000000
1649623591213634112 72.393812 0.000000
1649623591349195348 144.777606 0.000000
1649623591422597891 72.534044 0.000000
1649623591430482224 144.530081 0.000000
1649623591447375297 72.443616 0.000000
1649623591503070571 72.336725 0.000000
1649623591592005146 144.541503 0.000000
1649623591696157042 72.382591 0.000000
1649623591881452064 72.369767 0.000000
1649623591881514832 72.384755 0.000000
1649623592001703115 72.288585 0.000000
1649623592026192501 72.379185 0.000000
1649623592243094624 72.299927 0.000000
1649623592315860113 72.522133 0.000000
1649623592419774704 144.526114 0.000000
1649623592516384399 72.485464 0.000000
1649623592564497056 72.427305 0.000000
1649623592588577915 144.533257 0.000000
1649623592605346054 72.306328 0.000000
1649623592733310427 144.607116 0.000000
1649623592749993857 72.443606 0.000000
1649623592750091420 72.362895 0.000000
1649623593022911104 72.444868 0.000000
1649623593112657090 144.773468 0.000000
1649623593128404956 72.394764 0.000000
1649623593128484445 72.436152 0.000000
1649623593144468123 72.412277 0.000000
1649623593200956433 72.340201 0.000000
1649623593257563697 72.333840 0.000000
1649623593330019696 72.375438 0.000000
1649623593345387930 72.351924 0.000000
1649623593402183868 144.539550 0.000000
1649623593441948874 144.744954 0.000000
1649623593442147737 72.665913 0.000000
1649623593601655700 144.616943 0.000000
1649623593601711054 144.677207 0.000000
1649623593601833894 72.477899 0.000000
1649623593619025859 144.444131 0.000000
1649623593762640803 72.371831 0.000000
1649623593763883363 144.526574 0.000000
1649623593836470358 72.323971 0.000000
1649623593980863443 144.451544 0.000000
1649623594141780338 144.567331 0.000000
1649623594214574240 72.456110 0.000000
1649623594230350399 72.283304 0.000000
1649623594269204508 144.486550 0.000000
1649623594310843908 144.791761 0.000000
1649623594331647723 144.473606 0.000000
1649623594359276565 72.513937 0.000000
1649623594560483611 72.321878 0.000000
1649623594600181992 72.403760 0.000000
1649623594665208180 72.359898 0.000000
1649623594672585472 72.369316 0.000000
1649623594850452969 144.683730 0.000000
1649623594865988346 72.495322 0.000000
1649623594905809567 72.419020 0.000000
1649623594954997501 72.520160 0.000000
1649623594955100684 72.604086 0.000000
1649623595083447133 144.514062 0.000000
1649623595123044715 72.377261 0.000000
1649623595123430087 72.445799 0.000000
1649623595155869048 72.419570 0.000000
1649623595307536821 72.336765 0.000000
1649623595317196312 72.395124 0.000000
1649623595340513640 72.411335 0.000000
1649623595607503483 144.730807 0.000000
1649623595629602637 144.482522 0.000000
1649623595629935932 72.297571 0.000000
1649623595647213366 72.372623 0.000000
1649623595758010341 72.457803 0.000000
1649623595758035878 72.477028 0.000000
1649623595758558198 72.405074 0.000000
1649623595830770880 72.746162 0.000000
1649623595903342415 145.129846 0.000000
1649623595903881777 72.352916 0.000000
1649623595975208779 144.488503 0.000000
1649623596031656333 144.579434 0.000000
1649623596064219376 72.291600 0.000000
1649623596081529381 72.335974 0.000000
1649623596192551157 72.380647 0.000000
1649623596337851152 72.664600 0.000000
1649623596409941114 144.742780 0.000000
1649623596410374497 144.940140 0.000000
1649623596426502886 72.362062 0.000000
1649623596627862929 144.627534 0.000000
1649623596628259883 72.348707 0.000000
1649623596666198735 72.413519 0.000000
1649623596700577472 72.512554 0.000000
1649623596749078678 72.439127 0.000000
1649623596749223720 72.523205 0.000000
1649623596788704282 72.408921 0.000000
1649623596894014269 72.298372 0.000000
1649623596894241295 72.525388 0.000000
1649623596933375739 144.548937 0.000000
1649623596955313180 144.515324 0.000000
1649623596955632488 72.360219 0.000000
1649623596966740756 72.497447 0.000000
1649623597028200247 72.426403 0.000000
1649623597039038618 72.295638 0.000000
1649623597127477894 72.405544 0.000000
1649623597279655363 144.515624 0.000000
1649623597279734041 144.538307 0.000000
1649623597352486214 72.389865 0.000000
1649623597424532635 144.507789 0.000000
1649623597441017343 72.546589 0.000000
1649623597679867316 72.303894 0.000000
1649623597768253863 72.420563 0.000000
1649623597779737363 72.526150 0.000000
1649623597802706949 72.352154 0.000000
1649623597840569598 72.512544 0.000000
1649623597924214315 144.555679 0.000000
1649623598130108920 72.359048 0.000000
1649623598141524472 144.576288 0.000000
1649623598358307772 144.615261 0.000000
1649623598431633642 72.435320 0.000000
1649623598503187238 144.580976 0.000000
1649623598599687779 144.713436 0.000000
1649623598636883377 144.632012 0.000000
1649623598648765264 144.673870 0.000000
1649623598793009810 72.485113 0.000000
1649623598817811992 72.371440 0.000000
1649623598889729250 72.378163 0.000000
1649623598890279272 72.458704 0.000000
1649623598976955333 72.471038 0.000000
1649623599082582414 72.342586 0.000000
1649623599179234197 144.681625 0.000000
1649623599179826077 72.455278 0.000000
1649623599300368323 72.342055 0.000000
1649623599416879571 144.674862 0.000000
1649623599468790169 144.616684 0.000000
1649623599489147978 144.578832 0.000000
1649623599613402904 144.602998 0.000000
1649623599662091973 72.394123 0.000000
1649623599701157266 72.384334 0.000000
1649623599831358162 144.767837 0.000000
1649623599895615599 72.370458 0.000000
1649623599895633402 144.750214 0.000000
1649623599923415311 72.338168 0.000000
1649623599995623214 144.584734 0.000000
1649623600121486657 72.418849 0.000000
1649623600229785728 72.470255 0.000000
1649623600280140729 144.682577 0.000000
1649623600424863222 144.547174 0.000000
1649623600483283654 72.414831 0.000000
1649623600555749080 72.305857 0.000000
1649623600569521402 144.539949 0.000000
1649623600664070103 72.349488 0.000000
1649623600786633338 144.605713 0.000000
1649623600808934531 72.355601 0.000000
1649623600859370874 144.571588 0.000000
1649623600881241641 72.353577 0.000000
1649623600986032233 72.393872 0.000000
1649623600994957608 72.455378 0.000000
1649623601004161524 72.395064 0.000000
1649623601058179493 144.571849 0.000000
1649623601098469703 144.748600 0.000000
1649623601139937311 72.608594 0.000000
1649623601148725890 144.572070 0.000000
1649623601202947109 72.381328 0.000000
1649623601221389076 72.395524 0.000000
1649623601243217012 72.342536 0.000000
1649623601420152530 72.370267 0.000000
1649623601429625781 72.338007 0.000000
1649623601460588885 72.431522 0.000000
1649623601492536223 72.374806 0.000000
1649623601637544651 72.596031 0.000000
1649623601647139681 72.549634 0.000000
1649623601766492737 72.417266 0.000000
1649623601838868305 72.418168 0.000000
1649623601911235988 72.324061 0.000000
1649623601943538221 72.335944 0.000000
1649623601961650801 144.634086 0.000000
1649623602009253652 144.657099 0.000000
1649623602009448688 72.356172 0.000000
1649623602056096990 72.591894 0.000000
1649623602201113522 72.390155 0.000000
1649623602299372449 72.388923 0.000000
1649623602307125094 144.652740 0.000000
1649623602345991305 72.487748 0.000000
1649623602396371102 144.831285 0.000000
1649623602396396360 72.660682 0.000000
1649623602451735906 144.603769 0.000000
1649623602523770005 72.535178 0.000000
1649623602589193878 72.313472 0.000000
1649623602668715544 72.440990 0.000000
1649623602669156551 72.461499 0.000000
1649623602741184567 72.472039 0.000000
1649623602741447930 72.407939 0.000000
1649623602741483718 144.515153 0.000000
1649623602742062503 72.444427 0.000000
1649623602806493315 72.415733 0.000000
1649623602813735573 72.545987 0.000000
1649623602869380733 72.445018 0.000000
1649623602869396362 72.436532 0.000000
1649623602951183967 72.376319 0.000000
1649623602951413006 72.591041 0.000000
1649623602975635822 144.557723 0.000000
1649623603030957094 144.638524 0.000000
1649623603192239755 72.340953 0.000000
1649623603192645926 144.569766 0.000000
1649623603278947394 144.551191 0.000000
1649623603351257860 144.485618 0.000000
1649623603353147192 72.317429 0.000000
1649623603465506065 72.386188 0.000000
1649623603497826452 72.388582 0.000000
1649623603643013334 72.348146 0.000000
1649623603699155335 72.526080 0.000000
1649623603786048523 144.634717 0.000000
1649623603972113668 72.440530 0.000000
1649623604045088118 144.681675 0.000000
1649623604117809795 144.707474 0.000000
1649623604205714668 72.370047 0.000000
1649623604367130007 72.436241 0.000000
1649623604407507051 72.365438 0.000000
1649623604423258383 72.415622 0.000000
1649623604512165416 72.758426 0.000000
1649623604552135626 72.347755 0.000000
1649623604584008956 144.802902 0.000000
1649623604713618041 72.616980 0.000000
1649623604745196538 72.351142 0.000000
1649623604769244315 72.412247 0.000000
1649623604930398194 72.404331 0.000000
1649623605164649163 72.755761 0.000000
1649623605220646062 72.406826 0.000000
1649623605252775462 72.719031 0.000000
1649623605526197453 72.526089 0.000000
1649623605582445914 72.402027 0.000000
1649623605727464481 72.628512 0.000000
1649623605847955460 72.364427 0.000000
1649623605872393710 72.438265 0.000000
1649623605945009137 72.497636 0.000000
1649623605945131797 72.652406 0.000000
1649623606017502536 72.497977 0.000000
1649623606106096782 144.680823 0.000000
1649623606194239571 72.462490 0.000000
1649623606411559566 144.796961 0.000000
1649623606427621791 72.415643 0.000000
1649623606556592079 72.620697 0.000000
1649623606644678603 72.358625 0.000000
1649623606862654799 144.570287 0.000000
1649623606934932323 144.571889 0.000000
1649623607031180348 144.665634 0.000000
1649623607031644178 72.509969 0.000000
1649623607079298566 72.416214 0.000000
1649623607176557046 72.660111 0.000000
1649623607225006104 72.412346 0.000000
1649623607249032962 72.382781 0.000000
1649623607297365992 72.355801 0.000000
1649623607369682339 72.422406 0.000000
1649623607442264553 72.463452 0.000000
1649623607466786890 72.347294 0.000000
1649623607490301278 72.402698 0.000000
1649623607514434004 72.325324 0.000000
1649623607587267320 72.408439 0.000000
1649623607683134111 72.437584 0.000000
1649623607731050481 144.639466 0.000000
1649623607860221694 72.368735 0.000000
1649623607900673418 72.495663 0.000000
1649623608045313194 144.673499 0.000000
1649623608045784107 72.438315 0.000000
1649623608118075877 72.550284 0.000000
1649623608279051812 72.403639 0.000000
1649623608335430948 72.304735 0.000000
1649623608383493220 72.601190 0.000000
1649623608399415854 144.562041 0.000000
1649623608568845338 72.382130 0.000000
1649623608769658194 144.798294 0.000000
1649623608786022716 72.397249 0.000000
1649623608858237432 144.643724 0.000000
1649623608890441712 72.432655 0.000000
1649623608891205594 72.497246 0.000000
1649623608907056723 72.812466 0.000000
1649623608914533371 144.572089 0.000000
1649623608962848878 72.396938 0.000000
1649623609003543697 72.810163 0.000000
1649623609131894784 72.415092 0.000000
1649623609220854755 72.470717 0.000000
1649623609269529977 72.402158 0.000000
1649623609325413754 72.429158 0.000000
1649623609340848232 72.424159 0.000000
1649623609414777472 72.360118 0.000000
1649623609438447983 144.652681 0.000000
1649623609486702074 144.933757 0.000000
1649623609486907479 72.381989 0.000000
1649623609510707291 72.493307 0.000000
1649623609615450325 72.561847 0.000000
1649623609638934826 72.461658 0.000000
1649623609800277168 72.338418 0.000000
1649623609832424711 72.320604 0.000000
1649623609977438439 72.363084 0.000000
1649623609994408246 72.543283 0.000000
1649623610000851406 72.400786 0.000000
1649623610066867590 72.556627 0.000000
1649623610089916525 72.361110 0.000000
1649623610139578446 72.493097 0.000000
1649623610356853466 72.433306 0.000000
1649623610685311394 144.915323 0.000000
1649623610741771151 144.695821 0.000000
1649623610830398068 72.713460 0.000000
1649623610903031740 72.693384 0.000000
1649623610951191354 144.756655 0.000000
1649623610975516081 72.383792 0.000000
1649623611023382616 144.522416 0.000000
1649623611037850202 144.858256 0.000000
1649623611176654827 144.573692 0.000000
1649623611182703237 72.532882 0.000000
1649623611224619977 144.693897 0.000000
1649623611240858503 72.403570 0.000000
1649623611369949717 145.058402 0.000000
1649623611466199035 72.349418 0.000000
1649623611514974034 72.624755 0.000000
1649623611544966407 72.375628 0.000000
1649623611603150456 72.407808 0.000000
1649623611617757673 72.363444 0.000000
1649623611732369028 72.431633 0.000000
1649623611834957472 144.595723 0.000000
1649623611835222599 72.329601 0.000000
1649623611877099044 144.592868 0.000000
1649623612166869717 72.383042 0.000000
1649623612182735804 72.627370 0.000000
1649623612327781811 72.505140 0.000000
1649623612342327202 144.826376 0.000000
1649623612544961954 144.668360 0.000000
1649623612689377178 72.450989 0.000000
1649623612762272029 72.522402 0.000000
1649623612834691419 72.424439 0.000000
1649623612890104663 72.497756 0.000000
1649623612921545211 72.377019 0.000000
1649623612962748544 72.555245 0.000000
1649623612979555134 72.407177 0.000000
1649623613180536866 72.544985 0.000000
1649623613269391340 72.387840 0.000000
1649623613283742106 72.374706 0.000000
1649623613283798402 72.406686 0.000000
1649623613388075581 144.692064 0.000000
1649623613397544775 144.693247 0.000000
1649623613542689608 144.511395 0.000000
1649623613558770057 72.626398 0.000000
1649623613661733434 72.495863 0.000000
1649623613703830672 72.575071 0.000000
1649623613734147784 72.391898 0.000000
1649623613750279990 144.742828 0.000000
1649623613759752610 144.550438 0.000000
1649623613759993562 72.338688 0.000000
1649623613822814746 72.415262 0.000000
1649623613904172854 144.596686 0.000000
1649623613904270758 72.284687 0.000000
1649623613977193451 72.348016 0.000000
1649623614048737589 144.554837 0.000000
1649623614096500621 72.493659 0.000000
1649623614112624753 72.706649 0.000000
1649623614121071870 72.329672 0.000000
1649623614121689969 144.509692 0.000000
1649623614193435434 72.362321 0.000000
1649623614266221351 72.422345 0.000000
1649623614289613950 72.347705 0.000000
1649623614362016287 72.395185 0.000000
1649623614410971483 72.353405 0.000000
1649623614482754860 144.537915 0.000000
1649623614619736908 72.458362 0.000000
1649623614699664706 144.539248 0.000000
1649623614764521395 72.378162 0.000000
1649623614773438334 144.686804 0.000000
1649623614845833699 72.466849 0.000000
1649623614845984872 72.475595 0.000000
1649623614846014818 72.403800 0.000000
1649623614909548187 144.667478 0.000000
1649623614990639595 72.383402 0.000000
1649623615063684438 72.435510 0.000000
1649623615127031107 72.564682 0.000000
1649623615135927165 144.850641 0.000000
1649623615231113290 72.452451 0.000000
1649623615231367477 72.430680 0.000000
1649623615425899155 72.572927 0.000000
1649623615593016815 144.579053 0.000000
1649623615753482232 144.785980 0.000000
1649623615753514132 72.398781 0.000000
1649623615778274615 144.687565 0.000000
1649623615851274703 72.716908 0.000000
1649623615851441646 72.538193 0.000000
1649623615964510770 72.411404 0.000000
1649623616043044895 144.745284 0.000000
1649623616115555735 144.771553 0.000000
1649623616157129892 72.409160 0.000000
1649623616348784807 72.419620 0.000000
1649623616421288935 72.424038 0.000000
1649623616582568478 72.310505 0.000000
1649623616634681275 72.541749 0.000000
1649623616711125991 72.555514 0.000000
1649623616736896338 144.761894 0.000000
1649623616872438617 72.490302 0.000000
1649623616872534106 72.526891 0.000000
1649623616892791136 72.671302 0.000000
1649623617089850072 144.748078 0.000000
1649623617229960115 72.364346 0.000000
1649623617234780753 72.446881 0.000000
1649623617275946956 144.865329 0.000000
1649623617316929624 72.349208 0.000000
1649623617348203491 144.734313 0.000000
1649623617388987015 144.521214 0.000000
1649623617400712279 72.643720 0.000000
1649623617763754988 72.542470 0.000000
1649623617813974605 72.433285 0.000000
1649623617824046149 72.321817 0.000000
1649623617871208593 72.445548 0.000000
1649623617981500380 72.586522 0.000000
1649623618072839732 144.630989 0.000000
1649623618126262024 144.755242 0.000000
1649623618145755993 72.609105 0.000000
1649623618290548495 144.785448 0.000000
1649623618290883042 72.479452 0.000000
1649623618363375027 72.455928 0.000000
1649623618415835145 72.489240 0.000000
1649623618488299258 72.460636 0.000000
1649623618508171166 144.788063 0.000000
1649623618523477634 72.407998 0.000000
1649623618564740097 144.612203 0.000000
1649623618565035481 72.389413 0.000000
1649623618709566863 144.599640 0.000000
1649623618844726514 144.940790 0.000000
1649623618901509467 72.460406 0.000000
1649623618927005339 72.352153 0.000000
1649623618942878590 144.773286 0.000000
1649623619015682851 72.405373 0.000000
1649623619134812026 72.695767 0.000000
1649623619212910252 72.278414 0.000000
1649623619263528737 144.630168 0.000000
1649623619424834660 72.547719 0.000000
1649623619569672046 72.472408 0.000000
1649623619575391950 145.036399 0.000000
1649623619667442576 72.501233 0.000000
1649623619705015953 72.285138 0.000000
1649623619755870240 72.427444 0.000000
1649623619849951983 72.446339 0.000000
1649623619922625920 72.423978 0.000000
1649623619922707783 72.461268 0.000000
1649623619937666990 72.515579 0.000000
1649623619994780352 144.823429 0.000000
1649623620029580479 72.332436 0.000000
1649623620174197331 144.613205 0.000000
1649623620228111656 72.508437 0.000000
1649623620300407984 144.922746 0.000000
1649623620300474368 72.688414 0.000000
1649623620315927321 72.532020 0.000000
1649623620517221037 72.344429 0.000000
1649623620517249110 72.380577 0.000000
1649623620573828580 144.558292 0.000000
1649623620693967138 72.387789 0.000000
1649623620879992377 72.471608 0.000000
1649623620930785389 72.508837 0.000000
1649623621008752490 72.500000 0.000000
1649623621017490303 72.428998 0.000000
1649623621056006146 144.727830 0.000000
1649623621059911518 72.527792 0.000000
1649623621273123009 72.329942 0.000000
1649623621370796226 144.780840 0.000000
1649623621490028675 144.437275 0.000000
1649623621562849757 72.463672 0.000000
1649623621596454132 72.548080 0.000000
1649623621596538350 144.654322 0.000000
1649623621634867243 144.511264 0.000000
1649623621707602865 72.449916 0.000000
1649623621741297860 144.757005 0.000000
1649623621741459743 72.488438 0.000000
1649623621779553886 144.679760 0.000000
1649623621855904425 144.518477 0.000000
1649623621958724042 72.399181 0.000000
1649623622000883928 72.364837 0.000000
1649623622016940803 144.543765 0.000000
1649623622094765347 144.639865 0.000000
1649623622175755965 144.613365 0.000000
1649623622198585539 144.582478 0.000000
1649623622214270406 72.494711 0.000000
1649623622286609685 72.489670 0.000000
1649623622465350536 72.398149 0.000000
1649623622529362132 72.425942 0.000000
1649623622633263887 72.414971 0.000000
1649623622724770914 72.450959 0.000000
1649623622942069637 144.614197 0.000000
1649623623014521657 144.550958 0.000000
1649623623060813530 72.419289 0.000000
1649623623159942577 72.454625 0.000000
1649623623213115030 72.508155 0.000000
1649623623285580906 72.457660 0.000000
1649623623357954049 72.468331 0.000000
1649623623444900715 72.362142 0.000000
1649623623521733880 144.744892 0.000000
1649623623661890980 144.601574 0.000000
1649623623827717037 72.488559 0.000000
1649623623864370268 144.572479 0.000000
1649623624009244182 72.444667 0.000000
1649623624028705270 72.422435 0.000000
1649623624147433443 72.576043 0.000000
1649623624226398635 72.535998 0.000000
1649623624241003758 72.512153 0.000000
1649623624350556709 144.608617 0.000000
1649623624422957022 72.391166 0.000000
1649623624495751715 72.481566 0.000000
1649623624516422320 72.625224 0.000000
1649623624535711125 72.386247 0.000000
1649623624568406305 72.669999 0.000000
1649623624607959433 72.364105 0.000000
1649623624656890323 72.559000 0.000000
1649623624747975800 72.443654 0.000000
1649623624753239108 72.694505 0.000000
1649623624785963052 72.487667 0.000000
1649623624848991954 72.662415 0.000000
1649623624898020198 144.772765 0.000000
1649623624993667968 72.476617 0.000000
1649623625002402925 144.610740 0.000000
1649623625075775882 72.318951 0.000000
1649623625110259725 72.448072 0.000000
1649623625182370406 144.597846 0.000000
1649623625220237864 72.402919 0.000000
1649623625365196916 144.665523 0.000000
1649623625549905607 144.622833 0.000000
1649623625686811482 72.465115 0.000000
1649623625783001828 72.420962 0.000000
1649623625855333393 72.323790 0.000000
1649623625903609126 72.616459 0.000000
1649623625975914631 72.349458 0.000000
1649623626008449520 72.437733 0.000000
1649623626048313170 72.390505 0.000000
1649623626152699885 144.553724 0.000000
1649623626192947605 72.379133 0.000000
1649623626193718861 72.461929 0.000000
1649623626217168046 72.420030 0.000000
1649623626225679084 72.389914 0.000000
1649623626362254568 72.461558 0.000000
1649623626369942493 144.835191 0.000000
1649623626515393078 144.607094 0.000000
1649623626652112954 72.546978 0.000000
1649623626660262293 144.864937 0.000000
1649623626804711230 72.436180 0.000000
1649623626805458521 144.846082 0.000000
1649623626878009186 72.792659 0.000000
1649623626950977825 72.351021 0.000000
1649623626998366694 144.682104 0.000000
1649623626998410546 144.750152 0.000000
1649623627095487516 72.405964 0.000000
1649623627303745999 72.410082 0.000000
1649623627311324057 144.779395 0.000000
1649623627314012488 72.519577 0.000000
1649623627448535335 144.637521 0.000000
1649623627458393247 72.630104 0.000000
1649623627531662389 72.852160 0.000000
1649623627604138123 72.430019 0.000000
1649623627674836997 72.322027 0.000000
1649623627746085751 72.577956 0.000000
1649623627777712268 72.410252 0.000000
1649623627820601270 72.438044 0.000000
1649623627836572565 72.454605 0.000000
1649623627890687685 144.703324 0.000000
1649623627890989180 72.423366 0.000000
1649623627965859795 144.621921 0.000000
1649623628139643512 144.641769 0.000000
1649623628244500327 72.485494 0.000000
1649623628254639637 144.738911 0.000000
1649623628284440270 144.611943 0.000000
1649623628328604524 72.673255 0.000000
1649623628545950655 144.622652 0.000000
1649623628617216772 72.855246 0.000000
1649623628834159487 72.387077 0.000000
1649623628849723408 144.779436 0.000000
1649623629043164711 72.478570 0.000000
1649623629339978767 144.558302 0.000000
1649623629342339703 72.580191 0.000000
1649623629414218067 72.448563 0.000000
1649623629414788597 72.649209 0.000000
1649623629429494429 72.421753 0.000000
1649623629646611090 72.361590 0.000000
1649623629704298087 72.600348 0.000000
1649623629704862916 144.782923 0.000000
1649623629791303193 72.345870 0.000000
1649623629839545322 72.313269 0.000000
1649623629880095680 72.453002 0.000000
1649623629936066219 144.611572 0.000000
1649623629936284538 72.391035 0.000000
1649623629984429275 72.406275 0.000000
1649623629984472185 72.462680 0.000000
1649623630067146771 72.330281 0.000000
1649623630097122854 72.412376 0.000000
1649623630314226170 144.493590 0.000000
1649623630386665486 72.434397 0.000000
1649623630442995168 72.398179 0.000000
1649623630515477425 72.431792 0.000000
1649623630574495738 72.577034 0.000000
1649623630603949611 144.685291 0.000000
1649623630781494530 72.782930 0.000000
1649623630853105122 144.525019 0.000000
1649623630853179061 144.630126 0.000000
1649623630950363852 144.692774 0.000000
1649623631071182845 144.774597 0.000000
1649623631127853276 72.760808 0.000000
1649623631152549970 72.572777 0.000000
1649623631183791815 72.337856 0.000000
1649623631224480201 144.531361 0.000000
1649623631288798331 72.787819 0.000000
1649623631312132130 144.545738 0.000000
1649623631578267907 144.530289 0.000000
1649623631586883229 144.682825 0.000000
1649623631762969503 72.389423 0.000000
1649623631851755738 72.601180 0.000000
1649623631851868619 72.450698 0.000000
1649623631867923150 72.409049 0.000000
1649623631963954789 144.589180 0.000000
1649623631996881403 72.429267 0.000000
1649623632214027229 72.478730 0.000000
1649623632326350483 72.378231 0.000000
1649623632375431846 72.457390 0.000000
1649623632471287234 72.494620 0.000000
1649623632543644306 144.721408 0.000000
1649623632559865319 72.470093 0.000000
1649623632592223347 72.414400 0.000000
1649623632592539099 144.569743 0.000000
1649623632631948437 144.512967 0.000000
1649623632688389689 144.676032 0.000000
1649623632849411828 72.444767 0.000000
1649623632905592011 144.605620 0.000000
1649623632954519845 72.547048 0.000000
1649623632963746785 144.706470 0.000000
1649623632963809552 72.371118 0.000000
1649623633036387488 72.416914 0.000000
1649623633123146142 72.345521 0.000000
1649623633195362440 72.476396 0.000000
1649623633244392576 72.608263 0.000000
1649623633267548701 144.646497 0.000000
1649623633267744418 144.594780 0.000000
1649623633300334200 144.696360 0.000000
1649623633316831822 72.576593 0.000000
1649623633316854915 72.719972 0.000000
1649623633606419939 72.320423 0.000000
1649623633615237741 144.738609 0.000000
1649623633630231894 72.393951 0.000000
1649623633663213632 144.533486 0.000000
1649623633678652918 144.448445 0.000000
1649623633775252653 72.440629 0.000000
1649623633880975832 72.290767 0.000000
1649623633895881079 72.429969 0.000000
1649623633952648652 72.324812 0.000000
1649623633968397690 72.434307 0.000000
1649623634097705908 144.553623 0.000000
1649623634153434734 144.741885 0.000000
1649623634185454168 72.379785 0.000000
1649623634209757874 144.641087 0.000000
1649623634242548603 72.329699 0.000000
1649623634298326220 72.450167 0.000000
1649623634402589563 144.608055 0.000000
1649623634427037771 144.517225 0.000000
1649623634459697675 72.406865 0.000000
1649623634475117846 72.311737 0.000000
1649623634676485710 72.455166 0.000000
1649623634692576609 145.020228 0.000000
1649623634789339058 72.424599 0.000000
1649623634821397173 72.375868 0.000000
1649623634861583769 144.636488 0.000000
1649623634965850017 72.469873 0.000000
1649623635038810189 145.030187 0.000000
1649623635183740819 72.304283 0.000000
1649623635199232956 144.477210 0.000000
1649623635287982932 72.462489 0.000000
1649623635328095458 72.407526 0.000000
1649623635328791944 72.434737 0.000000
1649623635360616943 72.387889 0.000000
1649623635440913520 144.623614 0.000000
1649623635513649713 72.455767 0.000000
1649623635545963779 72.422064 0.000000
1649623635546150048 72.413798 0.000000
1649623635585716942 144.573290 0.000000
1649623635586001806 72.348235 0.000000
1649623635835705163 72.393590 0.000000
1649623635867626282 144.791469 0.000000
1649623635875192518 72.420781 0.000000
1649623635940044047 144.674779 0.000000
1649623635979681182 144.604088 0.000000
1649623635980676729 72.397867 0.000000
1649623636019915508 144.718392 0.000000
1649623636084588052 144.508078 0.000000
1649623636092382065 144.737426 0.000000
1649623636237229098 72.378082 0.000000
1649623636334555886 72.486084 0.000000
1649623636526933603 72.477818 0.000000
1649623636632568137 144.679089 0.000000
1649623636664666537 72.470814 0.000000
1649623636809758319 72.641635 0.000000
1649623636994800924 72.462409 0.000000
1649623637027293364 144.898158 0.000000
1649623637059287840 72.502674 0.000000
1649623637317459596 145.016381 0.000000
1649623637357086431 72.376719 0.000000
1649623637389509691 144.632030 0.000000
1649623637462270439 72.387298 0.000000
1649623637606170958 144.740694 0.000000
1649623637606942154 144.661505 0.000000
1649623637678835687 72.410783 0.000000
1649623637719304240 144.669930 0.000000
1649623637768146575 72.547870 0.000000
1649623637823910405 72.568648 0.000000
1649623637824038536 72.595709 0.000000
1649623637880094174 72.427094 0.000000
1649623637968656349 72.442211 0.000000
1649623638041270032 72.350941 0.000000
1649623638041449187 144.670422 0.000000
1649623638057482699 144.611370 0.000000
1649623638081332715 144.698514 0.000000
1649623638081394370 72.335250 0.000000
1649623638226360136 72.513725 0.000000
1649623638505876148 72.351571 0.000000
1649623638547891843 72.433435 0.000000
1649623638620475790 72.577596 0.000000
1649623638636745304 144.603896 0.000000
1649623638692858269 72.320452 0.000000
1649623638765248104 72.386368 0.000000
1649623638781667207 72.373603 0.000000
1649623638806038741 72.369145 0.000000
1649623638854251615 72.323218 0.000000
1649623638893564061 144.676933 0.000000
1649623638926385718 72.432533 0.000000
1649623638926632842 72.627058 0.000000
1649623638940561797 72.310445 0.000000
1649623638982398146 72.327887 0.000000
1649623638999148792 72.609716 0.000000
1649623639071290810 72.443954 0.000000
1649623639302674720 72.296218 0.000000
1649623639361192514 72.314251 0.000000
1649623639400093179 144.604227 0.000000
1649623639416551807 72.415881 0.000000
1649623639449518616 72.427934 0.000000
1649623639545001767 72.333317 0.000000
1649623639577229110 72.384734 0.000000
1649623639664659622 144.787340 0.000000
1649623639664927063 72.367420 0.000000
1649623639722254847 72.494258 0.000000
1649623639809610600 144.680551 0.000000
1649623639954381670 144.763456 0.000000
1649623639956122083 144.617753 0.000000
1649623640051894907 144.824290 0.000000
1649623640099286711 144.530599 0.000000
1649623640124546621 72.627288 0.000000
1649623640244203074 72.506242 0.000000
1649623640269277025 72.438574 0.000000
1649623640414486326 72.581913 0.000000
1649623640461680440 72.578286 0.000000
1649623640479515078 72.456007 0.000000
1649623640486869577 72.379824 0.000000
1649623640551938053 72.447723 0.000000
1649623640624419929 72.415020 0.000000
1649623640647972237 72.335781 0.000000
1649623640663682462 144.849086 0.000000
1649623640679102373 72.370447 0.000000
1649623640679156424 72.412065 0.000000
1649623640938165979 72.601200 0.000000
1649623640986274357 144.512114 0.000000
1649623641026278450 144.752956 0.000000
1649623641082941988 72.377540 0.000000
1649623641115075715 72.410271 0.000000
1649623641187609198 72.531299 0.000000
1649623641227933992 72.431452 0.000000
1649623641292025086 72.547719 0.000000
1649623641301027394 72.463440 0.000000
1649623641372841458 72.444526 0.000000
1649623641373531091 72.420771 0.000000
1649623641517903514 72.445117 0.000000
1649623641590765872 144.672064 0.000000
1649623641591533231 73.031074 0.000000
1649623641808695597 144.675632 0.000000
1649623641952678770 144.647969 0.000000
1649623641953583246 72.342665 0.000000
1649623642098203753 144.616359 0.000000
1649623642274111761 72.359035 0.000000
1649623642290712266 72.390424 0.000000
1649623642315756190 72.351402 0.000000
1649623642315836972 72.455026 0.000000
1649623642330152882 72.465124 0.000000
1649623642491342194 72.393479 0.000000
1649623642620139546 72.740240 0.000000
1649623642636029477 144.677215 0.000000
1649623642708351203 72.315013 0.000000
1649623642749613996 144.650344 0.000000
1649623642750455494 72.467930 0.000000
1649623642780668360 72.540355 0.000000
1649623642853784104 72.505851 0.000000
1649623642894225166 144.606380 0.000000
1649623642895286235 72.411513 0.000000
1649623643054291893 144.601673 0.000000
1649623643054457714 72.371349 0.000000
1649623643071380813 72.420600 0.000000
1649623643257089577 144.682183 0.000000
1649623643257622937 72.560412 0.000000
1649623643579239913 72.513424 0.000000
1649623643651637831 72.501984 0.000000
1649623643667425331 72.365307 0.000000
1649623643706725274 72.595679 0.000000
1649623643779288863 72.512102 0.000000
1649623643836611417 72.368543 0.000000
1649623643908972987 72.357793 0.000000
1649623643924017924 144.689857 0.000000
1649623644118016811 72.340090 0.000000
1649623644214131365 72.513875 0.000000
1649623644261769281 144.648039 0.000000
1649623644262016114 72.406224 0.000000
1649623644270915329 72.375026 0.000000
1649623644343299882 144.599258 0.000000
1649623644488332772 72.470404 0.000000
1649623644503716856 72.354707 0.000000
1649623644504237051 72.588104 0.000000
1649623644649172509 72.348455 0.000000
1649623644696399264 144.645594 0.000000
1649623644768997217 72.393379 0.000000
1649623644825881740 72.592964 0.000000
1649623644889990847 72.342264 0.000000
1649623645034728534 72.406454 0.000000
1649623645067438952 144.551628 0.000000
1649623645130686514 144.535017 0.000000
1649623645140277978 72.488268 0.000000
1649623645212621815 72.439356 0.000000
1649623645429282259 144.603075 0.000000
1649623645446070525 72.394282 0.000000
1649623645446144263 72.482296 0.000000
1649623645493415030 144.579050 0.000000
1649623645550141656 72.371007 0.000000
1649623645694937944 144.732348 0.000000
1649623645839762624 144.521622 0.000000
1649623645855412255 144.631578 0.000000
1649623645863903726 72.356911 0.000000
1649623645952821607 144.531641 0.000000
1649623646025299024 72.364786 0.000000
1649623646025529326 72.411875 0.000000
1649623646025579650 72.455646 0.000000
1649623646170246685 72.415972 0.000000
1649623646186037150 144.541108 0.000000
1649623646387633962 72.578156 0.000000
1649623646475710154 72.477337 0.000000
1649623646605159508 72.434647 0.000000
1649623646749983146 72.495471 0.000000
1649623646765783550 72.708049 0.000000
1649623646838299009 72.507283 0.000000
1649623646967242964 144.681862 0.000000
1649623646999003581 72.384553 0.000000
1649623647127648336 72.347894 0.000000
1649623647128107547 72.461487 0.000000
1649623647473128793 144.581464 0.000000
1649623647473257455 72.404330 0.000000
1649623647594419620 144.637610 0.000000
1649623647739146026 144.486185 0.000000
1649623647762793693 144.661274 0.000000
1649623647780158018 72.560843 0.000000
1649623647884181431 144.582958 0.000000
1649623648101438283 144.544795 0.000000
1649623648230777029 144.577967 0.000000
1649623648269914136 72.514296 0.000000
1649623648286764649 144.783052 0.000000
1649623648375571933 72.416042 0.000000
1649623648391106679 72.348345 0.000000
1649623648391361547 72.400463 0.000000
1649623648463778721 72.495811 0.000000
1649623648503555167 72.488268 0.000000
1649623648536101227 144.733358 0.000000
1649623648753564617 72.522271 0.000000
1649623648825901951 144.897737 0.000000
1649623648995066075 72.702990 0.000000
1649623648995113384 72.752694 0.000000
1649623649026752193 72.521730 0.000000
1649623649099273672 72.492205 0.000000
1649623649123282887 144.524807 0.000000
1649623649171684705 72.499889 0.000000
1649623649195938558 144.665902 0.000000
1649623649212383841 72.504056 0.000000
1649623649260705629 72.440999 0.000000
1649623649317377693 72.364926 0.000000
1649623649405308093 144.623853 0.000000
1649623649461941644 144.600811 0.000000
1649623649486089940 72.377250 0.000000
1649623649502387255 72.505970 0.000000
1649623649630760761 144.568008 0.000000
1649623649766963616 72.396796 0.000000
1649623649920367040 144.724332 0.000000
1649623649984748358 144.704825 0.000000
1649623650009410246 144.642538 0.000000
1649623650040998901 72.427173 0.000000
1649623650056649214 144.700447 0.000000
1649623650226765212 72.430599 0.000000
1649623650258611911 72.649249 0.000000
1649623650346419049 72.428845 0.000000
1649623650387925339 72.401865 0.000000
1649623650427538589 72.471405 0.000000
1649623650460596489 72.661772 0.000000
1649623650532959161 72.396395 0.000000
1649623650644796674 144.852883 0.000000
1649623650644927780 72.559431 0.000000
1649623650782323050 72.492845 0.000000
1649623650789767537 144.659159 0.000000
1649623650862015895 144.593636 0.000000
1649623650894865484 72.457579 0.000000
1649623650934320909 144.575824 0.000000
1649623651562711139 144.640394 0.000000
1649623651635154271 72.437643 0.000000
1649623651659238347 144.496956 0.000000
1649623651707616069 72.431300 0.000000
1649623651745535534 72.317427 0.000000
1649623651852411504 72.404610 0.000000
1649623651890319678 72.445898 0.000000
1649623651942390755 72.373221 0.000000
1649623652107581419 144.732617 0.000000
1649623652180377252 72.788971 0.000000
1649623652198824108 144.613023 0.000000
1649623652214676690 72.358915 0.000000
1649623652324997620 144.601462 0.000000
1649623652325813489 72.656562 0.000000
1649623652469718946 144.710656 0.000000
1649623652536479143 144.646015 0.000000
1649623652543168435 72.488968 0.000000
1649623652681424479 72.433726 0.000000
1649623652703956494 144.927272 0.000000
1649623652850839022 72.406113 0.000000
1649623652851046621 72.403619 0.000000
1649623652867099228 72.511329 0.000000
1649623652898782280 72.423606 0.000000
1649623652898802538 72.418506 0.000000
1649623652921349872 72.511481 0.000000
1649623652923274571 72.454695 0.000000
1649623652939635435 72.468770 0.000000
1649623652993383516 144.515550 0.000000
1649623653084414890 144.854606 0.000000
1649623653084739008 72.444646 0.000000
1649623653211505891 72.542920 0.000000
1649623653317920366 144.710235 0.000000
1649623653406007810 72.668996 0.000000
1649623653430209946 72.389893 0.000000
1649623653575207059 72.526840 0.000000
1649623653623221831 72.388891 0.000000
1649623653680254871 72.394382 0.000000
1649623653808609432 144.791658 0.000000
1649623653825076806 72.424948 0.000000
1649623653897780638 72.641134 0.000000
1649623653912455261 144.580672 0.000000
1649623653937120285 72.425760 0.000000
1649623653970320982 72.521399 0.000000
1649623654057505534 72.435758 0.000000
1649623654058288572 72.323408 0.000000
1649623654114700678 72.399180 0.000000
1649623654187729959 72.401073 0.000000
1649623654203069770 72.438164 0.000000
1649623654299476561 72.567606 0.000000
1649623654347792719 72.313399 0.000000
1649623654387709307 144.825581 0.000000
1649623654477063596 144.591754 0.000000
1649623654548822667 72.458261 0.000000
1649623654564947769 72.387779 0.000000
1649623654725728625 72.437572 0.000000
1649623654870623596 72.424838 0.000000
1649623654878760682 144.557508 0.000000
1649623654894935238 72.477087 0.000000
1649623654911463186 72.406574 0.000000
1649623655056153493 72.345269 0.000000
1649623655200512159 144.766771 0.000000
1649623655200697306 72.496642 0.000000
1649623655232750071 72.563437 0.000000
1649623655368583914 72.533391 0.000000
1649623655449885004 144.588216 0.000000
1649623655450084939 72.422663 0.000000
1649623655546877544 72.483598 0.000000
1649623655619119870 72.457280 0.000000
1649623655651910920 144.654380 0.000000
1649623655780417605 72.502102 0.000000
1649623655836272978 144.580152 0.000000
1649623655941501548 144.631085 0.000000
1649623656013379291 144.542490 0.000000
1649623656093061666 72.353334 0.000000
1649623656303643403 72.370707 0.000000
1649623656365650499 144.675219 0.000000
1649623656375733994 72.311034 0.000000
1649623656382476215 72.419548 0.000000
1649623656438567660 72.442120 0.000000
1649623656454883039 72.403207 0.000000
1649623656527863149 72.570632 0.000000
1649623656616168651 72.466306 0.000000
1649623656672615623 72.482446 0.000000
1649623656712149133 72.443673 0.000000
1649623656833765460 72.581862 0.000000
1649623656886584750 148.608964 0.000000
1649623657002920656 145.322222 0.000000
1649623657037309632 72.325502 0.000000
1649623657104090628 145.041155 0.000000
1649623657109665170 144.600008 0.000000
1649623657179908208 147.926105 0.000000
1649623657253830112 73.971248 0.000000
1649623657437892678 72.373673 0.000000
1649623657482218143 72.295886 0.000000
1649623657510022673 144.513056 0.000000
1649623657522750497 144.601872 0.000000
1649623657597010596 146.581974 0.000000
1649623657669165278 159.133497 0.000000
1649623657669218047 159.002221 0.000000
1649623657745029605 147.841486 0.000000
1649623657814252268 72.536658 0.000000
1649623658038203932 72.855084 0.000000
1649623658042611165 72.499187 0.000000
1649623658048075159 72.518534 0.000000
1649623658077629070 72.342685 0.000000
1649623658114976011 72.472568 0.000000
1649623658255560170 72.466537 0.000000
1649623658326531462 72.493276 0.000000
1649623658337646922 144.515370 0.000000
1649623658400889234 72.598795 0.000000
1649623658476838401 72.426903 0.000000
1649623658496518989 72.408878 0.000000
1649623658511973615 144.659370 0.000000
1649623658549150197 72.402556 0.000000
1649623658621513800 72.307418 0.000000
1649623658766468924 144.950826 0.000000
1649623658858265952 72.359125 0.000000
1649623658930721057 72.435138 0.000000
1649623658980191258 144.565954 0.000000
1649623659090994822 72.579979 0.000000
1649623659206158430 144.701067 0.000000
1649623659380414890 72.336131 0.000000
1649623659380653027 72.494398 0.000000
1649623659380721946 72.476795 0.000000
1649623659423012065 144.563349 0.000000
1649623659453209562 72.548460 0.000000
1649623659487488040 144.604295 0.000000
1649623659525695204 72.362771 0.000000
1649623659702622742 72.348456 0.000000
1649623659742904345 144.615577 0.000000
1649623659799813444 72.450847 0.000000
1649623659847313901 72.300414 0.000000
1649623659887826438 144.995881 0.000000
1649623659903522015 144.559632 0.000000
1649623659960498158 72.392467 0.000000
1649623660265404672 144.733598 0.000000
1649623660426429595 72.300986 0.000000
1649623660555112851 144.639703 0.000000
1649623660555399829 72.346562 0.000000
1649623660627653717 72.466837 0.000000
1649623660669005516 72.408898 0.000000
1649623660772673491 72.394410 0.000000
1649623660886352867 72.477286 0.000000
1649623660917531503 144.847321 0.000000
1649623661021906975 144.558931 0.000000
1649623661119903307 72.472598 0.000000
1649623661167034151 72.590097 0.000000
1649623661223629271 72.526599 0.000000
1649623661295797517 72.358534 0.000000
1649623661295875924 72.504467 0.000000
1649623661337096919 72.447911 0.000000
1649623661337706823 144.732737 0.000000
1649623661352880802 72.484650 0.000000
1649623661409932126 144.566394 0.000000
1649623661465981913 144.984649 0.000000
1649623661538144269 144.696549 0.000000
1649623661601690962 72.507794 0.000000
1649623661642535049 144.705185 0.000000
1649623661658090774 72.385944 0.000000
1649623661787150456 144.517443 0.000000
1649623661787452803 72.409910 0.000000
1649623661907180277 144.546598 0.000000
1649623661947581465 144.619434 0.000000
1649623662020222779 72.420931 0.000000
1649623662020266330 72.441418 0.000000
1649623662052094044 72.447851 0.000000
1649623662222248724 72.514396 0.000000
1649623662222266607 72.408978 0.000000
1649623662269507919 72.552357 0.000000
1649623662269522016 72.541197 0.000000
1649623662487114275 72.426501 0.000000
1649623662495951614 72.359044 0.000000
1649623662584838917 72.477797 0.000000
1649623662600035038 72.415581 0.000000
1649623662640563514 144.527261 0.000000
1649623662688394652 144.690728 0.000000
1649623662833347922 72.388731 0.000000
1649623662921779701 72.478879 0.000000
1649623662945942884 144.549412 0.000000
1649623662946637076 72.406353 0.000000
1649623663050539480 144.489270 0.000000
1649623663122976021 72.430880 0.000000
1649623663138782756 72.425790 0.000000
1649623663195542534 72.431129 0.000000
1649623663219313472 144.561887 0.000000
1649623663356755850 72.502253 0.000000
1649623663428912315 144.705265 0.000000
1649623663429172453 72.409981 0.000000
1649623663509314609 72.449725 0.000000
1649623663581518934 72.531368 0.000000
1649623663653529204 144.556156 0.000000
1649623663718135744 72.389602 0.000000
1649623663725890553 144.591451 0.000000
1649623663726243565 72.381096 0.000000
1649623663798481282 72.523763 0.000000
1649623663798851566 72.632537 0.000000
1649623663862773502 144.544233 0.000000
1649623663871161068 72.576232 0.000000
1649623663887289306 72.418706 0.000000
1649623664087857900 144.646646 0.000000
1649623664232348562 144.479602 0.000000
1649623664304923952 72.570631 0.000000
1649623664305946358 72.511841 0.000000
1649623664425718457 144.604566 0.000000
1649623664498590363 72.460615 0.000000
1649623664974108372 72.436610 0.000000
1649623665118904257 72.467297 0.000000
1649623665295340504 72.392767 0.000000
1649623665384071163 72.436851 0.000000
1649623665424394836 144.596501 0.000000
1649623665440205839 72.465514 0.000000
1649623665585106511 72.498036 0.000000
1649623665609273872 72.343175 0.000000
1649623665681598641 72.410300 0.000000
1649623665962999054 144.585962 0.000000
1649623665963368817 72.341772 0.000000
1649623666003786345 72.558138 0.000000
1649623666018748437 144.620916 0.000000
1649623666043924870 72.392167 0.000000
1649623666076203328 72.447080 0.000000
1649623666308761967 72.501262 0.000000
1649623666583106691 144.599156 0.000000
1649623666583493025 72.467047 0.000000
1649623666614485823 72.469441 0.000000
1649623666656115874 72.506120 0.000000
1649623666728096710 72.394090 0.000000
1649623666768166076 72.469994 0.000000
1649623666768410344 72.430259 0.000000
1649623666912950949 144.778872 0.000000
1649623666945448217 72.429797 0.000000
1649623667017890227 144.636716 0.000000
1649623667202944141 72.363272 0.000000
1649623667235795804 72.444906 0.000000
1649623667249611828 144.568118 0.000000
1649623667307889150 144.723369 0.000000
1649623667483679005 72.375135 0.000000
1649623667538894728 144.498437 0.000000
1649623667556020436 72.334698 0.000000
1649623667580665593 144.483589 0.000000
1649623667598238540 72.456156 0.000000
1649623667669205695 144.543161 0.000000
1649623667683852898 144.695738 0.000000
1649623667684255583 72.597202 0.000000
1649623667918141269 72.465393 0.000000
1649623667960534161 72.383600 0.000000
1649623667999286477 72.578176 0.000000
1649623668063038704 72.525536 0.000000
1649623668105440934 72.498196 0.000000
1649623668305354447 72.474210 0.000000
1649623668395352723 72.476635 0.000000
1649623668424775878 72.414749 0.000000
1649623668450145032 144.788441 0.000000
1649623668450184696 72.490651 0.000000
1649623668467856970 72.540144 0.000000
1649623668481056968 144.857771 0.000000
1649623668522551725 72.398939 0.000000
1649623668578741154 72.465885 0.000000
1649623668828181945 144.852811 0.000000
1649623668988245385 72.537008 0.000000
1649623668988481548 72.637207 0.000000
1649623669192145302 72.472898 0.000000
1649623669237834193 72.380023 0.000000
1649623669335240208 72.277432 0.000000
1649623669350815700 72.382128 0.000000
1649623669351042335 144.616248 0.000000
1649623669423086028 72.432913 0.000000
1649623669553990578 72.406153 0.000000
1649623669568256635 144.783722 0.000000
1649623669641155331 72.541266 0.000000
1649623669697665380 72.649157 0.000000
1649623669712886519 72.380635 0.000000
1649623669786159337 72.378571 0.000000
1649623669842295694 144.759236 0.000000
1649623669890387792 72.411914 0.000000
1649623669988865295 72.378331 0.000000
1649623670043967104 144.577625 0.000000
1649623670059470331 72.384382 0.000000
1649623670252662212 72.673384 0.000000
1649623670292297072 144.599947 0.000000
1649623670349188878 144.650933 0.000000
1649623670630507225 72.346160 0.000000
1649623670639413593 72.373392 0.000000
1649623670727242582 72.461597 0.000000
1649623670775472177 72.453892 0.000000
1649623670784126823 72.366729 0.000000
1649623671162174085 144.458191 0.000000
1649623671162959979 73.095065 0.000000
1649623671210035239 72.370956 0.000000
1649623671219157863 72.372159 0.000000
1649623671234475772 72.378080 0.000000
1649623671307491808 144.654770 0.000000
1649623671580855832 144.530447 0.000000
1649623671596822688 144.445017 0.000000
1649623671741210788 72.476334 0.000000
1649623671742356586 144.752924 0.000000
1649623671814353091 144.532852 0.000000
1649623671959337810 72.349186 0.000000
1649623672030664178 144.657135 0.000000
1649623672167670137 72.386736 0.000000
1649623672176630387 144.540095 0.000000
1649623672192920959 72.342513 0.000000
1649623672248120832 72.338034 0.000000
1649623672248391028 144.710054 0.000000
1649623672249159259 72.285987 0.000000
1649623672368764905 144.972335 0.000000
1649623672393196571 72.429586 0.000000
1649623672585913141 72.366738 0.000000
1649623672610529223 72.445195 0.000000
1649623672610584527 144.780466 0.000000
1649623672610660800 72.509576 0.000000
1649623672627180673 72.437722 0.000000
1649623672658364708 72.446347 0.000000
1649623672715754538 144.693633 0.000000
1649623672755554037 72.344307 0.000000
1649623672772066345 72.387989 0.000000
1649623672828067942 72.470364 0.000000
1649623673149993953 144.604075 0.000000
1649623673254057139 144.567397 0.000000
1649623673284864328 144.486966 0.000000
1649623673310663188 72.486203 0.000000
1649623673382794235 144.686229 0.000000
1649623673383102302 72.436029 0.000000
1649623673398767763 144.633510 0.000000
1649623673512054862 72.369284 0.000000
1649623673600251680 144.860455 0.000000
1649623673640350341 72.432743 0.000000
1649623673656701707 144.642396 0.000000
1649623673657016477 72.384763 0.000000
1649623673688188090 144.554071 0.000000
1649623673785115778 72.444905 0.000000
1649623673785416963 144.508406 0.000000
1649623673930076701 144.538822 0.000000
1649623673947125165 72.621125 0.000000
1649623673986312157 144.545055 0.000000
1649623674041552174 72.351569 0.000000
1649623674092024513 72.532459 0.000000
1649623674309418180 72.588846 0.000000
1649623674381934869 72.439866 0.000000
1649623674476204083 72.489599 0.000000
1649623674526581785 72.311886 0.000000
1649623674582240097 72.395182 0.000000
1649623674671566763 72.465974 0.000000
1649623674744357767 72.904867 0.000000
1649623674816501949 72.515909 0.000000
1649623674832534257 72.518672 0.000000
1649623674856007086 72.352682 0.000000
1649623674905623742 73.083043 0.000000
1649623674910377294 144.590609 0.000000
1649623675122172163 72.484610 0.000000
1649623675272870483 72.460354 0.000000
1649623675361376872 72.417415 0.000000
1649623675396693817 72.393880 0.000000
1649623675468370862 72.473408 0.000000
1649623675490087078 72.433765 0.000000
1649623675589348390 72.404369 0.000000
1649623675613802929 144.578437 0.000000
1649623675685226620 72.507353 0.000000
1649623675701785275 72.382549 0.000000
1649623675723994094 72.529915 0.000000
1649623675830251944 72.547718 0.000000
1649623675869417785 72.911209 0.000000
1649623675918629972 144.486153 0.000000
1649623675941922222 72.519014 0.000000
1649623676121002996 144.761891 0.000000
1649623676152457069 144.774995 0.000000
1649623676266500205 72.524073 0.000000
1649623676304731144 145.159947 0.000000
1649623676330210313 72.518493 0.000000
1649623676402851628 72.623461 0.000000
1649623676522329473 72.392387 0.000000
1649623676546299674 72.428344 0.000000
1649623676594550628 144.644921 0.000000
1649623676620360919 72.449974 0.000000
1649623676629027679 72.486143 0.000000
1649623676893146308 72.418856 0.000000
1649623676918109941 144.568978 0.000000
1649623676918411347 72.410200 0.000000
1649623677062967461 72.427352 0.000000
1649623677183046445 72.386666 0.000000
1649623677207704094 72.381726 0.000000
1649623677207755080 72.445336 0.000000
1649623677230402571 72.437731 0.000000
1649623677352956795 72.423345 0.000000
1649623677417212456 144.888788 0.000000
1649623677497691384 144.730751 0.000000
1649623677570258198 144.867649 0.000000
1649623677682493876 72.492304 0.000000
1649623677737507900 72.372720 0.000000
1649623677787598123 144.842171 0.000000
1649623677876019482 72.424637 0.000000
1649623678076768661 72.386705 0.000000
1649623678093514889 72.524996 0.000000
1649623678117384591 72.433483 0.000000
1649623678165864214 72.341561 0.000000
1649623678334626933 72.422102 0.000000
1649623678342279320 144.570210 0.000000
1649623678479676783 72.453000 0.000000
1649623678528107124 72.541546 0.000000
1649623678633234735 72.537259 0.000000
1649623678656595674 72.430868 0.000000
1649623678777510254 72.400111 0.000000
1649623678922751783 144.541236 0.000000
1649623678978555649 72.429126 0.000000
1649623679051021362 72.476824 0.000000
1649623679099303525 72.497242 0.000000
1649623679139838042 144.634382 0.000000
1649623679268172273 72.386626 0.000000
1649623679348203151 72.365576 0.000000
1649623679357055849 144.601490 0.000000
1649623679389141134 72.419206 0.000000
1649623679420632787 72.481824 0.000000
1649623679630012568 144.575049 0.000000
1649623679637851956 72.396625 0.000000
1649623679750919663 144.563908 0.000000
1649623679767244280 72.333697 0.000000
1649623679782624316 72.340980 0.000000
1649623679791332373 72.651353 0.000000
1649623679855049744 72.415520 0.000000
1649623679896255771 144.765859 0.000000
1649623679936465558 72.392326 0.000000
1649623680057464416 72.393208 0.000000
1649623680072371676 72.466806 0.000000
1649623680081530838 72.718217 0.000000
1649623680153925979 72.411241 0.000000
1649623680419485670 72.544291 0.000000
1649623680507172682 72.356288 0.000000
1649623680604697839 72.420008 0.000000
1649623680604880321 72.550703 0.000000
1649623680709214254 144.668415 0.000000
1649623680749512769 72.421782 0.000000
1649623680805600236 72.322565 0.000000
1649623680821949369 72.376758 0.000000
1649623680894322008 72.385503 0.000000
1649623680966907356 72.368322 0.000000
1649623681060759387 144.570792 0.000000
1649623681256568604 72.439604 0.000000
1649623681345255271 72.439946 0.000000
1649623681350864167 72.372840 0.000000
1649623681490129932 72.559990 0.000000
1649623681562515656 72.398888 0.000000
1649623681568013564 144.647706 0.000000
1649623681568257902 72.486643 0.000000
1649623681666758197 144.662023 0.000000
1649623681712892974 72.351870 0.000000
1649623681835688069 144.745148 0.000000
1649623681835730459 72.364214 0.000000
1649623682013675504 72.413867 0.000000
1649623682037893519 72.462698 0.000000
1649623682074909609 144.737615 0.000000
1649623682255073925 144.797827 0.000000
1649623682286529440 72.336732 0.000000
1649623682327386892 72.309501 0.000000
1649623682399833981 72.450565 0.000000
1649623682521315764 72.427042 0.000000
1649623682582363571 72.410691 0.000000
1649623682617495218 72.524664 0.000000
1649623682665753507 72.493607 0.000000
1649623682704535287 72.540374 0.000000
1649623682906945581 144.644831 0.000000
1649623683051984400 144.768101 0.000000
1649623683124530234 72.441198 0.000000
1649623683189053186 72.345448 0.000000
1649623683211468623 144.675658 0.000000
1649623683244221119 72.586020 0.000000
1649623683356655359 72.363603 0.000000
1649623683461544743 72.429917 0.000000
1649623683517848205 72.571662 0.000000
1649623683549937288 144.707658 0.000000
1649623683590297578 145.033589 0.000000
1649623683631253206 144.578798 0.000000
1649623683719930703 72.416842 0.000000
1649623683968322697 144.481384 0.000000
1649623683968543731 144.615005 0.000000
1649623683968659699 144.700204 0.000000
1649623684025165590 72.437701 0.000000
1649623684025234028 72.492194 0.000000
1649623684097874951 72.521038 0.000000
1649623684153304103 72.443241 0.000000
1649623684257589365 144.547368 0.000000
1649623684474824062 144.632658 0.000000
1649623684475058451 72.538991 0.000000
1649623684532639328 72.448572 0.000000
1649623684547309733 144.675748 0.000000
1649623684563951514 72.400451 0.000000
1649623684619804301 144.672552 0.000000
1649623684709003709 72.502563 0.000000
1649623684733238235 72.341631 0.000000
1649623684749527716 72.491422 0.000000
1649623684796985684 72.384933 0.000000
1649623684836989406 72.384903 0.000000
1649623685039393066 72.549901 0.000000
1649623685039419155 72.641423 0.000000
1649623685112195842 72.543630 0.000000
1649623685175666752 72.546866 0.000000
1649623685287754091 72.470442 0.000000
1649623685401455697 144.844444 0.000000
1649623685754972756 72.400422 0.000000
1649623685811440936 72.617168 0.000000
1649623685883617709 72.490681 0.000000
1649623685899650649 144.549282 0.000000
1649623685939998876 144.705474 0.000000
1649623686028555749 72.565481 0.000000
1649623686085251005 72.449554 0.000000
1649623686117287709 72.620684 0.000000
1649623686189697468 72.407364 0.000000
1649623686213935261 72.532559 0.000000
1649623686229832366 72.406472 0.000000
1649623686246013544 72.366748 0.000000
1649623686318571461 72.374233 0.000000
1649623686463248902 144.578065 0.000000
1649623686495117762 144.594867 0.000000
1649623686495547858 72.411742 0.000000
1649623686664510702 72.512391 0.000000
1649623686680636666 144.445747 0.000000
1649623686696974357 72.414488 0.000000
1649623686769334654 72.451168 0.000000
1649623686897951564 72.643819 0.000000
1649623687083246347 144.508755 0.000000
1649623687115011452 144.619863 0.000000
1649623687115027723 72.363222 0.000000
1649623687131456766 72.531768 0.000000
1649623687227769539 144.516249 0.000000
1649623687244196147 72.645401 0.000000
1649623687372460566 144.688192 0.000000
1649623687461802792 72.445787 0.000000
1649623687517574155 144.629431 0.000000
1649623687565947749 72.399699 0.000000
1649623687638389799 72.393889 0.000000
1649623687654533987 72.421080 0.000000
1649623687855714945 72.475723 0.000000
1649623687896386208 72.433453 0.000000
1649623687896555275 72.419797 0.000000
1649623687896660743 144.853702 0.000000
1649623687969128181 72.463610 0.000000
1649623688202335614 144.616707 0.000000
1649623688218337565 144.557626 0.000000
1649623688234029837 72.446458 0.000000
1649623688257881355 72.373661 0.000000
1649623688274897298 72.399740 0.000000
1649623688306576603 72.445586 0.000000
1649623688331124186 72.428714 0.000000
1649623688378975932 72.393058 0.000000
1649623688548137407 144.608111 0.000000
1649623688580627292 72.346210 0.000000
1649623688709476267 72.366658 0.000000
1649623688910145385 72.361298 0.000000
1649623688957889409 144.625213 0.000000
1649623689054745251 144.634470 0.000000
1649623689110752277 144.544913 0.000000
1649623689176000649 72.318889 0.000000
1649623689176221663 72.519254 0.000000
1649623689199354615 72.444564 0.000000
1649623689199827171 144.754305 0.000000
1649623689199873638 72.453932 0.000000
1649623689272404815 72.457679 0.000000
1649623689393268287 144.753824 0.000000
1649623689417287129 72.392747 0.000000
1649623689489202201 72.462127 0.000000
1649623689505736922 144.621957 0.000000
1649623689522116130 72.569979 0.000000
1649623689594659279 72.536797 0.000000
1649623689594716837 72.547588 0.000000
1649623689852098244 72.599395 0.000000
1649623689852154579 72.702468 0.000000
1649623689916405081 144.623140 0.000000
1649623690261831830 144.620434 0.000000
1649623690350663929 144.545033 0.000000
1649623690448049304 72.472927 0.000000
1649623690465078011 145.042266 0.000000
1649623690592676671 144.631877 0.000000
1649623690610155572 144.912402 0.000000
1649623690738129696 72.373651 0.000000
1649623690901346807 146.071115 0.000000
1649623690973546532 144.724069 0.000000
1649623690973587760 144.715984 0.000000
1649623691043869489 72.571141 0.000000
1649623691046289566 72.734688 0.000000
1649623691092788625 72.423634 0.000000
1649623691149392741 144.598133 0.000000
1649623691165104007 144.716344 0.000000
1649623691263977292 72.469461 0.000000
1649623691263985177 72.392707 0.000000
1649623691278729550 72.574808 0.000000
1649623691366996629 72.532600 0.000000
1649623691408596153 144.585919 0.000000
1649623691462764351 144.805892 0.000000
1649623691512096423 72.407906 0.000000
1649623691567916037 144.676108 0.000000
1649623691600510738 72.408897 0.000000
1649623691785314360 72.328506 0.000000
1649623691873930654 144.623900 0.000000
1649623691929966664 144.648426 0.000000
1649623691986112620 72.443822 0.000000
1649623692019075532 144.749106 0.000000
1649623692058436468 72.529152 0.000000
1649623692146568474 144.652354 0.000000
1649623692164588579 72.489337 0.000000
1649623692453973428 144.566323 0.000000
1649623692525594147 144.705234 0.000000
1649623692542711139 72.379532 0.000000
1649623692669573610 72.369825 0.000000
1649623692719356235 72.406973 0.000000
1649623692725604781 144.481745 0.000000
1649623692759633270 144.540734 0.000000
1649623692791848228 72.485391 0.000000
1649623692886907562 72.464361 0.000000
1649623692942920369 72.334267 0.000000
1649623693103878143 144.548970 0.000000
1649623693121797390 144.457339 0.000000
1649623693250421883 72.384330 0.000000
1649623693266925576 72.472366 0.000000
1649623693315037499 144.742292 0.000000
1649623693428023002 72.419838 0.000000
1649623693467468647 144.525427 0.000000
1649623693556143220 72.431290 0.000000
1649623693661453323 72.362310 0.000000
1649623693676948524 144.756559 0.000000
1649623693717645847 72.436249 0.000000
1649623693901774403 72.387337 0.000000
1649623693951068944 72.384591 0.000000
1649623694039304865 72.538480 0.000000
1649623694152656834 72.525926 0.000000
1649623694190946182 72.527199 0.000000
1649623694225060662 72.400271 0.000000
1649623694240694884 144.672231 0.000000
1649623694240875693 72.376286 0.000000
1649623694256697697 72.474250 0.000000
1649623694369586969 144.516609 0.000000
1649623694408156522 144.682941 0.000000
1649623694658394255 144.606789 0.000000
1649623694731334288 72.380644 0.000000
1649623694763988019 72.517511 0.000000
1649623694803573477 72.387467 0.000000
1649623694820372322 72.532328 0.000000
1649623694836452731 72.461376 0.000000
1649623694947494961 72.592642 0.000000
1649623694964905734 144.734609 0.000000
1649623695053745075 72.387747 0.000000
1649623695076039925 72.398367 0.000000
1649623695181840627 144.563106 0.000000
1649623695182526463 72.449703 0.000000
1649623695238253123 72.531086 0.000000
1649623695381830201 72.423154 0.000000
1649623695415948639 144.803257 0.000000
1649623695431895877 72.425307 0.000000
1649623695778269351 72.558998 0.000000
1649623695816611508 72.605906 0.000000
1649623695850437858 72.480522 0.000000
1649623695961455000 144.857167 0.000000
1649623695961510765 144.811312 0.000000
1649623696139286651 144.655219 0.000000
1649623696178771830 144.560161 0.000000
1649623696179152804 72.497233 0.000000
1649623696396608896 72.670488 0.000000
1649623696412562046 72.417564 0.000000
1649623696484983036 72.412324 0.000000
1649623696573644233 72.431358 0.000000
1649623696606957471 72.314370 0.000000
1649623696758800065 72.380995 0.000000
1649623696792259728 144.617819 0.000000
1649623696864829035 72.453701 0.000000
1649623697097857993 144.593604 0.000000
1649623697243172339 144.746711 0.000000
1649623697281891091 144.603211 0.000000
1649623697532646594 72.382547 0.000000
1649623697604903275 144.656792 0.000000
1649623697661305482 144.528111 0.000000
1649623697716438018 72.543919 0.000000
1649623697750957598 72.523382 0.000000
1649623697788754232 144.702077 0.000000
1649623697823386142 72.342032 0.000000
1649623698040468542 144.634099 0.000000
1649623698056259078 144.685847 0.000000
1649623698223324843 72.493205 0.000000
1649623698288829165 144.635833 0.000000
1649623698361167500 144.567736 0.000000
1649623698506061987 72.408916 0.000000
1649623698529022815 72.382166 0.000000
1649623698620080216 72.574998 0.000000
1649623698673942611 72.407124 0.000000
1649623698780563521 72.358302 0.000000
1649623698780591844 144.833614 0.000000
1649623698818551763 144.651051 0.000000
1649623699020057140 72.477957 0.000000
1649623699036034625 72.469522 0.000000
1649623699054370272 144.566783 0.000000
1649623699070419532 72.395633 0.000000
1649623699092454916 72.388028 0.000000
1649623699108444353 72.508894 0.000000
1649623699199554572 72.415458 0.000000
1649623699215679013 72.509816 0.000000
1649623699230257416 72.299341 0.000000
1649623699398149101 144.623229 0.000000
1649623699454690949 72.450284 0.000000
1649623699633962198 144.651372 0.000000
1649623699882133025 72.499727 0.000000
1649623699954804534 72.497583 0.000000
1649623700026908539 144.630853 0.000000
1649623700068460574 72.417563 0.000000
1649623700099300465 72.383229 0.000000
1649623700171860665 72.501961 0.000000
1649623700172029401 72.526928 0.000000
1649623700244221081 72.504386 0.000000
1649623700251941716 72.377117 0.000000
1649623700268238060 72.356970 0.000000
1649623700286035157 72.593073 0.000000
1649623700316977390 72.331272 0.000000
1649623700374499806 72.543059 0.000000
1649623700469058962 144.615174 0.000000
1649623700614038789 72.410429 0.000000
1649623700630287593 72.366046 0.000000
1649623700903512292 144.729218 0.000000
1649623700903574970 72.369603 0.000000
1649623700937828361 72.384030 0.000000
1649623700976125453 72.603402 0.000000
1649623701001127668 72.431458 0.000000
1649623701113965264 72.543469 0.000000
1649623701137233268 72.557005 0.000000
1649623701193504599 72.572124 0.000000
1649623701363185368 72.389090 0.000000
1649623701372024329 144.549291 0.000000
1649623701589730589 72.662332 0.000000
1649623701620813796 144.548359 0.000000
1649623701644448678 72.409187 0.000000
1649623701645040207 145.065257 0.000000
1649623701662119428 72.420048 0.000000
1649623701717259378 72.690175 0.000000
1649623701717295356 72.474260 0.000000
1649623701838287689 72.524914 0.000000
1649623702087501853 72.363442 0.000000
1649623702152406780 72.422502 0.000000
1649623702200392286 144.631074 0.000000
1649623702288543538 144.543039 0.000000
1649623702314067943 72.313537 0.000000
1649623702490233089 72.393348 0.000000
1649623702562677151 72.371937 0.000000
1649623702587523565 72.678813 0.000000
1649623702659668256 72.527219 0.000000
1649623702675952838 72.397535 0.000000
1649623702780389452 72.705684 0.000000
1649623702852682251 144.890019 0.000000
1649623702997491429 144.715111 0.000000
1649623703101384113 144.585858 0.000000
1649623703158566773 144.748453 0.000000
1649623703287524221 72.450024 0.000000
1649623703359577411 144.702217 0.000000
1649623703400392454 72.404408 0.000000
1649623703489304211 72.525325 0.000000
1649623703577312795 72.325491 0.000000
1649623703593063245 144.576261 0.000000
1649623703602083206 144.804149 0.000000
1649623703690132567 72.528050 0.000000
