1649623554553730762 144.640872 0.000000
1649623554554206944 72.608867 0.000000
1649623554566316399 144.509085 0.000000
1649623554802454052 72.590954 0.000000
1649623554802533090 72.554946 0.000000
1649623555050375308 144.585007 0.000000
1649623555073223427 144.578676 0.000000
1649623555091521444 144.636032 0.000000
1649623555218082709 144.635753 0.000000
1649623555454258363 72.386910 0.000000
1649623555495485211 72.386921 0.000000
1649623555557046424 72.440492 0.000000
1649623555598854361 72.473924 0.000000
1649623555712967837 72.392762 0.000000
1649623555960945920 144.834576 0.000000
1649623556106118378 72.439840 0.000000
1649623556120867742 72.416125 0.000000
1649623556265125897 72.402971 0.000000
1649623556265784692 144.669726 0.000000
1649623556292252107 72.331828 0.000000
1649623556354144120 72.637150 0.000000
1649623556386713746 72.466069 0.000000
1649623556458890152 72.447604 0.000000
1649623556570968021 144.748685 0.000000
1649623556643420434 72.526031 0.000000
1649623556700560969 72.655434 0.000000
1649623556749310652 72.536331 0.000000
1649623556861100410 72.429301 0.000000
1649623556917865992 72.596313 0.000000
1649623557005258227 72.374437 0.000000
1649623557135157529 72.319314 0.000000
1649623557135290549 72.434881 0.000000
1649623557197769182 144.638549 0.000000
1649623557295251615 72.428640 0.000000
1649623557344462433 72.437797 0.000000
1649623557576353644 144.785354 0.000000
1649623557585591543 72.347417 0.000000
1649623557585755280 72.486598 0.000000
1649623557657957445 72.356394 0.000000
1649623557730910537 72.554004 0.000000
1649623557851120603 72.347086 0.000000
1649623557865924669 144.584977 0.000000
1649623557938660726 72.441093 0.000000
1649623558083209154 72.464345 0.000000
1649623558091841038 144.675166 0.000000
1649623558213071387 72.468844 0.000000
1649623558285977882 72.433488 0.000000
1649623558372693517 144.713127 0.000000
1649623558381639491 72.425844 0.000000
1649623558430803069 144.832811 0.000000
1649623558445146512 72.396619 0.000000
1649623558517644200 72.521122 0.000000
1649623558815784464 144.783900 0.000000
1649623558816268421 72.806778 0.000000
1649623558879953287 72.577308 0.000000
1649623559097199949 72.450489 0.000000
1649623559105571074 144.659026 0.000000
1649623559154953133 72.325195 0.000000
1649623559169364533 144.471464 0.000000
1649623559323251781 144.857719 0.000000
1649623559459333195 72.556118 0.000000
1649623559468811116 72.766793 0.000000
1649623559541243532 72.487931 0.000000
1649623559613642484 72.521011 0.000000
1649623559676705223 72.404754 0.000000
1649623559685292875 144.605977 0.000000
1649623559757631485 72.418650 0.000000
1649623559758150678 144.713939 0.000000
1649623559758593388 72.368165 0.000000
1649623559758711039 72.419222 0.000000
1649623559821389787 72.487389 0.000000
1649623559902505002 144.578635 0.000000
1649623560038764570 72.427447 0.000000
1649623560241965138 72.282265 0.000000
1649623560314208769 72.515471 0.000000
1649623560314328844 72.357926 0.000000
1649623560337690697 72.537744 0.000000
1649623560337756891 72.338811 0.000000
1649623560410293742 72.598456 0.000000
1649623560459041170 72.492598 0.000000
1649623560482888182 72.857203 0.000000
1649623560699415165 72.332919 0.000000
1649623560699563072 144.527338 0.000000
1649623560772167241 72.619628 0.000000
1649623560844427754 144.641012 0.000000
1649623560917373783 72.441613 0.000000
1649623560989742229 72.361353 0.000000
1649623561038306083 144.635582 0.000000
1649623561125416509 144.646702 0.000000
1649623561134084260 144.768721 0.000000
1649623561183084432 144.773000 0.000000
1649623561198132577 72.428088 0.000000
1649623561206493182 72.404553 0.000000
1649623561279098813 72.622252 0.000000
1649623561351630475 72.614477 0.000000
1649623561545764143 72.577248 0.000000
1649623561569523830 72.347556 0.000000
1649623561618022181 72.439418 0.000000
1649623561632868567 72.479354 0.000000
1649623561642089977 72.578500 0.000000
1649623561690199499 144.632556 0.000000
1649623561714236747 72.449929 0.000000
1649623561714544444 72.705358 0.000000
1649623561762832551 72.496857 0.000000
1649623561786931805 72.514489 0.000000
1649623561835456346 72.450160 0.000000
1649623561850301269 144.825839 0.000000
1649623561995230812 72.360762 0.000000
1649623562004058202 72.534768 0.000000
1649623562269783520 72.373065 0.000000
1649623562270131462 72.456892 0.000000
1649623562366049832 144.594144 0.000000
1649623562510561933 72.472221 0.000000
1649623562583657882 72.724985 0.000000
1649623562728234604 144.731652 0.000000
1649623562777218946 72.629134 0.000000
1649623562800768199 72.304627 0.000000
1649623562849648627 72.408001 0.000000
1649623562922509676 72.681793 0.000000
1649623562945817226 144.568616 0.000000
1649623562994664712 72.521804 0.000000
1649623563018401867 72.518898 0.000000
1649623563139913974 72.679960 0.000000
1649623563380344685 72.553864 0.000000
1649623563588517264 144.787015 0.000000
1649623563597900707 144.633889 0.000000
1649623563742364557 144.726742 0.000000
1649623563742621549 144.507531 0.000000
1649623563742881958 72.342658 0.000000
1649623563806112019 72.296831 0.000000
1649623563814736340 72.366202 0.000000
1649623563887390781 72.283506 0.000000
1649623563887582010 72.301330 0.000000
1649623563936726833 72.464456 0.000000
1649623563959625547 72.481168 0.000000
1649623564009081904 72.589210 0.000000
1649623564081725666 72.422277 0.000000
1649623564081812779 72.528055 0.000000
1649623564154306410 72.621050 0.000000
1649623564154405466 72.519730 0.000000
1649623564249147810 144.514204 0.000000
1649623564249201721 72.324624 0.000000
1649623564660796343 72.590241 0.000000
1649623564877908003 144.850475 0.000000
1649623564901402093 72.544767 0.000000
1649623564901436567 144.564338 0.000000
1649623564950822171 72.408410 0.000000
1649623564950867396 144.932007 0.000000
1649623564973853604 72.441212 0.000000
1649623565023269996 72.510021 0.000000
1649623565023368631 72.626640 0.000000
1649623565046431082 72.455359 0.000000
1649623565118799878 72.406868 0.000000
1649623565190975182 72.458395 0.000000
1649623565530729978 72.515271 0.000000
1649623565626051439 72.513668 0.000000
1649623565626230615 72.743339 0.000000
1649623565675703333 72.785498 0.000000
1649623565698650487 72.413540 0.000000
1649623565748001837 145.141010 0.000000
1649623565771331850 72.513628 0.000000
1649623565820221615 72.508348 0.000000
1649623565892887568 72.398622 0.000000
1649623565892963971 144.653375 0.000000
1649623565989028446 72.685080 0.000000
1649623566205890817 144.642144 0.000000
1649623566327664414 144.733886 0.000000
1649623566350996470 72.506004 0.000000
1649623566423379453 72.643201 0.000000
1649623566423446699 72.444228 0.000000
1649623566424074987 72.453044 0.000000
1649623566472585771 72.506434 0.000000
1649623566640239179 144.659577 0.000000
1649623566689913866 72.406287 0.000000
1649623566713721534 144.533691 0.000000
1649623566786333175 72.367553 0.000000
1649623566930785694 72.738059 0.000000
1649623566930898515 72.778956 0.000000
1649623567076471344 72.735343 0.000000
1649623567124529539 72.417437 0.000000
1649623567148015374 144.713497 0.000000
1649623567437961562 72.596453 0.000000
1649623567486762340 144.538349 0.000000
1649623567509956578 72.500674 0.000000
1649623567704283868 72.323321 0.000000
1649623567704430923 72.491746 0.000000
1649623567849117560 72.399814 0.000000
1649623567872010784 144.807254 0.000000
1649623567872234323 72.407719 0.000000
1649623567872641366 144.829235 0.000000
1649623567943667324 72.476999 0.000000
1649623567945006986 72.362304 0.000000
1649623568016027866 72.423209 0.000000
1649623568089952468 144.621975 0.000000
1649623568234084175 72.433699 0.000000
1649623568306549683 144.746810 0.000000
1649623568378129320 72.463584 0.000000
1649623568742151705 72.382311 0.000000
1649623568810056722 72.407338 0.000000
1649623568812531633 144.724538 0.000000
1649623568814027207 72.477350 0.000000
1649623568814423920 144.537568 0.000000
1649623568887541912 72.766472 0.000000
1649623569032194245 144.547367 0.000000
1649623569080850772 72.396238 0.000000
1649623569104281392 72.459826 0.000000
1649623569443374848 72.470707 0.000000
1649623569515739697 72.359529 0.000000
1649623569756612756 145.070306 0.000000
1649623569757272483 72.427536 0.000000
1649623569805628046 72.492328 0.000000
1649623569969233345 72.598998 0.000000
1649623569969251619 72.572668 0.000000
1649623569973921344 144.676898 0.000000
1649623569974727366 72.542532 0.000000
1649623570114303340 72.522554 0.000000
1649623570258930886 144.644599 0.000000
1649623570331617689 144.569056 0.000000
1649623570409087319 72.422257 0.000000
1649623570457399130 144.635672 0.000000
1649623570481369282 144.669114 0.000000
1649623570604871220 72.478352 0.000000
1649623570604925521 72.393573 0.000000
1649623570693578399 72.647930 0.000000
1649623570813891177 72.365590 0.000000
1649623570838690784 72.344731 0.000000
1649623570891882034 144.560450 0.000000
1649623570894756573 72.539736 0.000000
1649623571030983559 72.372132 0.000000
1649623571031246572 72.369928 0.000000
1649623571036584620 144.693700 0.000000
1649623571111927293 72.321919 0.000000
1649623571133275559 72.573770 0.000000
1649623571133352764 72.434890 0.000000
1649623571248471082 72.420402 0.000000
1649623571350478329 72.364669 0.000000
1649623571836243492 72.435110 0.000000
1649623571852154114 144.603021 0.000000
1649623571972901356 72.411056 0.000000
1649623572053690640 72.484383 0.000000
1649623572069900201 72.333820 0.000000
1649623572287069387 144.491991 0.000000
1649623572359411173 72.351985 0.000000
1649623572431786091 72.387441 0.000000
1649623572462792356 72.389626 0.000000
1649623572488188691 72.444588 0.000000
1649623572649027302 144.853139 0.000000
1649623572794577187 72.462832 0.000000
1649623572923081012 144.849473 0.000000
1649623572938903699 72.352956 0.000000
1649623573012171501 72.899562 0.000000
1649623573016954388 72.417487 0.000000
1649623573157270019 72.530559 0.000000
1649623573162033801 72.605269 0.000000
1649623573302119211 72.345272 0.000000
1649623573306273420 72.382242 0.000000
1649623573373936573 144.649707 0.000000
1649623573429836852 72.387713 0.000000
1649623573446126584 144.753442 0.000000
1649623573446734143 72.352095 0.000000
1649623573502226798 72.380668 0.000000
1649623573524734247 72.383203 0.000000
1649623573646917822 144.813023 0.000000
1649623573663214848 144.589304 0.000000
1649623573740312510 72.313011 0.000000
1649623573886589078 72.466238 0.000000
1649623574031241631 144.651090 0.000000
1649623574175636290 144.441236 0.000000
1649623574247265059 72.600801 0.000000
1649623574315648642 72.580903 0.000000
1649623574539244067 72.446742 0.000000
1649623574822890132 72.409922 0.000000
1649623574899218893 144.750957 0.000000
1649623575117129098 72.481808 0.000000
1649623575118236084 144.559388 0.000000
1649623575335934712 72.350571 0.000000
1649623575698202898 72.373134 0.000000
1649623575763798585 144.619380 0.000000
1649623575913257550 72.391610 0.000000
1649623575986446072 72.775829 0.000000
1649623575986632441 72.603665 0.000000
1649623576130746414 72.307411 0.000000
1649623576131292839 72.398883 0.000000
1649623576204327102 72.405034 0.000000
1649623576204671728 72.749519 0.000000
1649623576277062475 72.379095 0.000000
1649623576350380301 72.435181 0.000000
1649623576566527170 72.434129 0.000000
1649623576633239160 72.502677 0.000000
1649623576711857313 72.340253 0.000000
1649623576783800030 144.745247 0.000000
1649623576856679533 72.333430 0.000000
1649623577001393150 144.564287 0.000000
1649623577074078311 72.309747 0.000000
1649623577291495691 72.303995 0.000000
1649623577363983139 72.483200 0.000000
1649623577434791540 144.856185 0.000000
1649623577507366581 72.529727 0.000000
1649623577651675189 144.555350 0.000000
1649623577724037874 72.354149 0.000000
1649623577724991121 144.740757 0.000000
1649623577796005969 72.424200 0.000000
1649623577797101533 144.617267 0.000000
1649623578015017088 72.551548 0.000000
1649623578087472545 72.450288 0.000000
1649623578087885580 72.282323 0.000000
1649623578160082244 144.696996 0.000000
1649623578230463833 72.529967 0.000000
1649623578230483109 72.474603 0.000000
1649623578304620371 144.711953 0.000000
1649623578376515570 144.534502 0.000000
1649623578377195304 144.658173 0.000000
1649623578449531448 72.445719 0.000000
1649623578521330686 72.559042 0.000000
1649623578544690995 72.289176 0.000000
1649623578593197762 72.615379 0.000000
1649623578593560031 72.446572 0.000000
1649623578666278141 144.737101 0.000000
1649623578737904706 144.692316 0.000000
1649623578738861290 144.875410 0.000000
1649623579028898346 144.617837 0.000000
1649623579051845650 72.581023 0.000000
1649623579123837780 144.787215 0.000000
1649623579173790358 144.607759 0.000000
1649623579196487723 72.539456 0.000000
1649623579318933230 145.133945 0.000000
1649623579413134219 72.392951 0.000000
1649623579486509332 72.469796 0.000000
1649623579557874636 72.276482 0.000000
1649623579557973110 72.391559 0.000000
1649623579703151228 144.739385 0.000000
1649623579735312578 144.727694 0.000000
1649623579735621317 72.617192 0.000000
1649623579775291646 72.560034 0.000000
1649623579775400810 72.638260 0.000000
1649623579775847328 72.386720 0.000000
1649623579848208149 72.906044 0.000000
1649623579848261719 72.611140 0.000000
1649623579880289328 144.659204 0.000000
1649623579971679999 72.488891 0.000000
1649623579993365457 72.419040 0.000000
1649623580065405497 72.690269 0.000000
1649623580065455450 144.730719 0.000000
1649623580097840139 72.383283 0.000000
1649623580154636047 72.694937 0.000000
1649623580210618229 72.425622 0.000000
1649623580227015673 72.356483 0.000000
1649623580261239460 72.378684 0.000000
1649623580427682278 72.338429 0.000000
1649623580444423796 72.488851 0.000000
1649623580499825871 144.605614 0.000000
1649623580516787002 144.659896 0.000000
1649623580588940033 72.432515 0.000000
1649623580589040101 72.493039 0.000000
1649623580604603461 144.584194 0.000000
1649623580620711101 72.430693 0.000000
1649623580620722483 72.408601 0.000000
1649623580822195579 144.864359 0.000000
1649623580822683594 72.576145 0.000000
1649623580837819172 144.704880 0.000000
1649623580878724787 144.656680 0.000000
1649623580895286689 72.692393 0.000000
1649623580951292746 72.558692 0.000000
1649623580967429150 72.434649 0.000000
1649623580967680812 72.453204 0.000000
1649623581257076596 144.583984 0.000000
1649623581272201544 72.435099 0.000000
1649623581272739703 72.453984 0.000000
1649623581296134487 72.627231 0.000000
1649623581344995748 144.546733 0.000000
1649623581368476413 144.768640 0.000000
1649623581505200219 144.562724 0.000000
1649623581722323268 144.631253 0.000000
1649623581803116849 144.775983 0.000000
1649623581957179334 72.378053 0.000000
1649623581981353489 72.430091 0.000000
1649623582109722490 72.595761 0.000000
1649623582141497506 72.413800 0.000000
1649623582286643724 72.581745 0.000000
1649623582287275839 144.583964 0.000000
1649623582504387005 145.161997 0.000000
1649623582560300379 72.491216 0.000000
1649623582616494898 144.568134 0.000000
1649623582865822818 72.547310 0.000000
1649623582906404676 72.339430 0.000000
1649623582922282957 144.888034 0.000000
1649623583139111263 144.546403 0.000000
1649623583227814845 72.369808 0.000000
1649623583228537791 72.588789 0.000000
1649623583244387076 72.418759 0.000000
1649623583268161411 72.362444 0.000000
1649623583340843775 72.321186 0.000000
1649623583373326548 72.405706 0.000000
1649623583556851602 144.858689 0.000000
1649623583629420443 144.945030 0.000000
1649623583807123081 144.623949 0.000000
1649623583846712419 72.447434 0.000000
1649623583919735901 72.536018 0.000000
1649623583992671289 72.565444 0.000000
1649623584008141204 144.711201 0.000000
1649623584225637202 144.676237 0.000000
1649623584242135946 72.390687 0.000000
1649623584281976433 144.613258 0.000000
1649623584426727009 72.461550 0.000000
1649623584571861866 72.602775 0.000000
1649623584571906519 72.607113 0.000000
1649623584587915485 72.369738 0.000000
1649623584604877787 72.425081 0.000000
1649623584659993455 72.477689 0.000000
1649623584749629906 144.786002 0.000000
1649623584765620938 72.534416 0.000000
1649623584766342460 72.304415 0.000000
1649623584805236694 72.443266 0.000000
1649623584877482359 72.513747 0.000000
1649623584877516403 72.508708 0.000000
1649623584910956651 72.276132 0.000000
1649623585022612246 72.354198 0.000000
1649623585039624292 144.698818 0.000000
1649623585200515530 72.494541 0.000000
1649623585200610338 72.507556 0.000000
1649623585273178598 72.563261 0.000000
1649623585345664433 72.480756 0.000000
1649623585384846106 72.356434 0.000000
1649623585708229332 72.483681 0.000000
1649623585780627533 72.388883 0.000000
1649623585819103663 144.728985 0.000000
1649623585997459556 72.377031 0.000000
1649623586036898991 72.324222 0.000000
1649623586069444311 144.750426 0.000000
1649623586141849425 72.704595 0.000000
1649623586142326479 72.359518 0.000000
1649623586214473599 72.621779 0.000000
1649623586214483528 72.443686 0.000000
1649623586254302956 72.386718 0.000000
1649623586326560383 72.360781 0.000000
1649623586359342146 72.374587 0.000000
1649623586359383273 72.436212 0.000000
1649623586544265272 72.578589 0.000000
1649623586575067533 144.862395 0.000000
1649623586647487575 72.393693 0.000000
1649623586648741236 144.628697 0.000000
1649623586720892173 72.380117 0.000000
1649623586793246502 72.492267 0.000000
1649623586865915620 72.414982 0.000000
1649623586922119938 72.383203 0.000000
1649623587009748275 72.391007 0.000000
1649623587010687726 144.765644 0.000000
1649623587026573540 72.356783 0.000000
1649623587067332540 72.782330 0.000000
1649623587300305295 72.606211 0.000000
1649623587492901267 72.364317 0.000000
1649623587589721216 144.532566 0.000000
1649623587662403139 144.741047 0.000000
1649623587734164255 144.595034 0.000000
1649623587897622966 144.567793 0.000000
1649623587969918014 72.944255 0.000000
1649623587985672893 144.563314 0.000000
1649623588042605336 144.595154 0.000000
1649623588043104092 72.396217 0.000000
1649623588074772277 72.664009 0.000000
1649623588188143138 72.351783 0.000000
1649623588188349885 72.559893 0.000000
1649623588203486566 72.382912 0.000000
1649623588275791862 144.512659 0.000000
1649623588332035113 144.683259 0.000000
1649623588332759722 72.499560 0.000000
1649623588379979205 144.664274 0.000000
1649623588436388317 144.562894 0.000000
1649623588436705502 72.497216 0.000000
1649623588565213865 144.586849 0.000000
1649623588622365179 72.392480 0.000000
1649623588695077117 72.386919 0.000000
1649623588781770481 72.396037 0.000000
1649623588814541143 72.443646 0.000000
1649623588854308072 72.529786 0.000000
1649623588943877167 72.355841 0.000000
1649623589056945992 72.402219 0.000000
1649623589176745806 72.383212 0.000000
1649623589216594360 72.454216 0.000000
1649623589289178448 72.601241 0.000000
1649623589361629729 72.448616 0.000000
1649623589433745921 144.689031 0.000000
1649623589466687934 144.561210 0.000000
1649623589643213996 72.368776 0.000000
1649623589685038423 72.375138 0.000000
1649623589829084698 72.553121 0.000000
1649623589902126495 72.351413 0.000000
1649623590061276237 72.404742 0.000000
1649623590077746378 72.473492 0.000000
1649623590262917919 144.607958 0.000000
1649623590264273691 72.434619 0.000000
1649623590311411460 72.351473 0.000000
1649623590350735029 72.371571 0.000000
1649623590511781828 144.585737 0.000000
1649623590528514410 144.582150 0.000000
1649623590554227029 72.482819 0.000000
1649623590673355976 72.475786 0.000000
1649623590697644685 72.413219 0.000000
1649623590728884126 144.596004 0.000000
1649623590770017468 144.712804 0.000000
1649623590962746128 72.457532 0.000000
1649623590962818674 144.635519 0.000000
1649623590963103649 72.385427 0.000000
1649623590987066266 72.364006 0.000000
1649623591043223056 72.376220 0.000000
1649623591252174031 72.462601 0.000000
1649623591291761835 144.609971 0.000000
1649623591380472981 72.420293 0.000000
1649623591395741518 144.651399 0.000000
1649623591477924535 72.577387 0.000000
1649623591493913603 144.572040 0.000000
1649623591525108350 144.627394 0.000000
1649623591540633398 144.609752 0.000000
1649623591541602866 144.562021 0.000000
1649623591541869235 72.269289 0.000000
1649623591686143207 144.764451 0.000000
1649623591767303646 72.612584 0.000000
1649623591784439975 72.442964 0.000000
1649623591784449263 72.479012 0.000000
1649623591831437221 144.760153 0.000000
1649623591975933399 72.404021 0.000000
1649623592040148236 72.355080 0.000000
1649623592363315839 72.481177 0.000000
1649623592451310752 144.668190 0.000000
1649623592483146912 72.405344 0.000000
1649623592507379696 72.512224 0.000000
1649623592539261832 144.615121 0.000000
1649623592563555120 72.458053 0.000000
1649623592580339419 72.394404 0.000000
1649623592691841105 72.383993 0.000000
1649623593015756940 144.948075 0.000000
1649623593015983425 72.373655 0.000000
1649623593160534916 144.549918 0.000000
1649623593232013152 72.539074 0.000000
1649623593232255837 72.442734 0.000000
1649623593335979881 72.421885 0.000000
1649623593392941530 72.460888 0.000000
1649623593450333384 72.450298 0.000000
1649623593522281791 144.651480 0.000000
1649623593522568739 72.580954 0.000000
1649623593522967457 72.773915 0.000000
1649623593537799526 72.677284 0.000000
1649623593595373292 72.402599 0.000000
1649623593625988843 72.447503 0.000000
1649623593667421305 72.409712 0.000000
1649623593682584435 72.396638 0.000000
1649623593705312588 72.418949 0.000000
1649623593884728688 72.384074 0.000000
1649623593957091332 72.359798 0.000000
1649623594102033456 72.386518 0.000000
1649623594140136566 72.410283 0.000000
1649623594284786723 144.655126 0.000000
1649623594357473334 144.769240 0.000000
1649623594391518917 144.540000 0.000000
1649623594391725103 72.832936 0.000000
1649623594464173437 72.711647 0.000000
1649623594536228975 72.402599 0.000000
1649623594551215494 72.438746 0.000000
1649623594574688113 72.624324 0.000000
1649623594624123450 72.382391 0.000000
1649623594696289987 144.850804 0.000000
1649623594719432336 72.432996 0.000000
1649623594719898620 72.394354 0.000000
1649623594753795975 72.872108 0.000000
1649623594826057850 145.077007 0.000000
1649623594864739995 72.385296 0.000000
1649623594914397028 72.684989 0.000000
1649623595009453080 72.391388 0.000000
1649623595059334574 72.434198 0.000000
1649623595081411767 72.377552 0.000000
1649623595154119427 72.421504 0.000000
1649623595298599455 144.675404 0.000000
1649623595371333154 72.724101 0.000000
1649623595565912073 72.467520 0.000000
1649623595566673891 72.434408 0.000000
1649623595588998508 72.375509 0.000000
1649623595622880754 72.387680 0.000000
1649623595733551813 72.629213 0.000000
1649623595784027260 72.401466 0.000000
1649623595784169086 72.534326 0.000000
1649623595878001814 144.683138 0.000000
1649623595984450646 144.581326 0.000000
1649623596023230115 72.391478 0.000000
1649623596168356063 72.559192 0.000000
1649623596218246263 72.459044 0.000000
1649623596218754516 72.409802 0.000000
1649623596313402262 72.626899 0.000000
1649623596363104289 72.380176 0.000000
1649623596385330532 144.595904 0.000000
1649623596435293508 144.621323 0.000000
1649623596458189556 72.420652 0.000000
1649623596653641722 72.492928 0.000000
1649623596747587582 72.423898 0.000000
1649623596747802155 72.368665 0.000000
1649623596892580281 72.436001 0.000000
1649623596942786303 144.538767 0.000000
1649623596964868555 72.518356 0.000000
1649623597109383078 144.630580 0.000000
1649623597182219108 72.394513 0.000000
1649623597182309217 72.493528 0.000000
1649623597399311939 144.575997 0.000000
1649623597448969352 72.503868 0.000000
1649623597449241833 72.487518 0.000000
1649623597450497647 72.430631 0.000000
1649623597521201261 72.325455 0.000000
1649623597522154638 72.731716 0.000000
1649623597544288066 72.573679 0.000000
1649623597594603513 72.745641 0.000000
1649623597883824057 144.698247 0.000000
1649623597884743541 144.519852 0.000000
1649623597906465838 72.371751 0.000000
1649623597956061566 144.690392 0.000000
1649623598029582230 72.547871 0.000000
1649623598050581221 144.600614 0.000000
1649623598123827642 72.469914 0.000000
1649623598173202666 144.642321 0.000000
1649623598173291523 72.382040 0.000000
1649623598174723668 72.306929 0.000000
1649623598341201950 72.551407 0.000000
1649623598462999189 72.503047 0.000000
1649623598464338691 72.602744 0.000000
1649623598464378165 72.496865 0.000000
1649623598536449843 144.699419 0.000000
1649623598608967687 72.299515 0.000000
1649623598680173692 144.627604 0.000000
1649623598825914954 144.938456 0.000000
1649623598898571259 144.726440 0.000000
1649623598969381892 72.396556 0.000000
1649623599041774101 72.381559 0.000000
1649623599115677735 72.533565 0.000000
1649623599115941680 72.433938 0.000000
1649623599188602592 72.467039 0.000000
1649623599333419912 72.376009 0.000000
1649623599427214027 72.417316 0.000000
1649623599550555292 72.477860 0.000000
1649623599571265902 72.444337 0.000000
1649623599608838888 72.361421 0.000000
1649623599715993373 144.620671 0.000000
1649623599767994651 72.317269 0.000000
1649623599970942160 144.622495 0.000000
1649623600043485813 72.410413 0.000000
1649623600201773187 72.412507 0.000000
1649623600367868401 72.366120 0.000000
1649623600440457499 72.442734 0.000000
1649623600491069603 72.525278 0.000000
1649623600491424268 72.510541 0.000000
1649623600512953783 72.550395 0.000000
1649623600564164739 72.415472 0.000000
1649623600584643635 144.664663 0.000000
1649623600585377601 72.816163 0.000000
1649623600658166113 72.785055 0.000000
1649623600802460713 72.416354 0.000000
1649623600802643375 144.983561 0.000000
1649623600853952055 72.342766 0.000000
1649623600854004794 72.420021 0.000000
1649623600875435725 72.454256 0.000000
1649623600947079471 144.430445 0.000000
1649623600998793289 72.428647 0.000000
1649623601071286468 144.681375 0.000000
1649623601071324228 72.419661 0.000000
1649623601216187865 144.767546 0.000000
1649623601310235756 72.688675 0.000000
1649623601361014261 72.493870 0.000000
1649623601527218670 144.559877 0.000000
1649623601578336471 72.295808 0.000000
1649623601671822018 72.419470 0.000000
1649623601672561164 72.472810 0.000000
1649623601723114757 72.399863 0.000000
1649623601744841573 144.689470 0.000000
1649623601795294889 72.414341 0.000000
1649623601817395034 72.312158 0.000000
1649623601817641426 72.522242 0.000000
1649623601940219519 144.771813 0.000000
1649623601940290241 72.368244 0.000000
1649623601962473864 72.451821 0.000000
1649623602084954604 144.725097 0.000000
1649623602085465572 72.418478 0.000000
1649623602251522475 72.496665 0.000000
1649623602251696501 72.493679 0.000000
1649623602252342442 144.754281 0.000000
1649623602375583888 72.616399 0.000000
1649623602396405427 72.563680 0.000000
1649623602397250120 144.595834 0.000000
1649623602397352753 72.324492 0.000000
1649623602448163689 72.576114 0.000000
1649623602448166775 72.562448 0.000000
1649623602499591422 72.517033 0.000000
1649623602520778926 72.609225 0.000000
1649623602613684285 72.368034 0.000000
1649623602861430638 144.645268 0.000000
1649623602904528923 72.606871 0.000000
1649623602976639113 144.647111 0.000000
1649623603028325010 72.495863 0.000000
1649623603095128470 144.648774 0.000000
1649623603150939751 72.427284 0.000000
1649623603193360316 72.747796 0.000000
1649623603295858050 144.573393 0.000000
1649623603411273714 72.430321 0.000000
1649623603441023872 72.462090 0.000000
1649623603585641447 72.589679 0.000000
1649623603690119464 72.380346 0.000000
1649623603802576461 72.591342 0.000000
1649623603802735038 72.508617 0.000000
1649623603875457086 144.633766 0.000000
1649623603906746420 72.320283 0.000000
1649623603947545104 144.709547 0.000000
1649623604092496114 144.945640 0.000000
1649623604124601038 72.401906 0.000000
1649623604165445989 72.478441 0.000000
1649623604197133239 144.688357 0.000000
1649623604308900413 144.511797 0.000000
1649623604526606942 144.607485 0.000000
1649623604599290227 144.755904 0.000000
1649623605033681962 144.625740 0.000000
1649623605211150309 72.535908 0.000000
1649623605323710088 72.364858 0.000000
1649623605339934087 72.399051 0.000000
1649623605428830820 144.598048 0.000000
1649623605460559919 72.483540 0.000000
1649623605790727263 144.701633 0.000000
1649623605894150101 144.623245 0.000000
1649623605894916398 144.699227 0.000000
1649623605951609362 72.468122 0.000000
1649623606112421420 144.612846 0.000000
1649623606168508268 72.443545 0.000000
1649623606240939790 72.422024 0.000000
1649623606329767123 72.630886 0.000000
1649623606474873835 72.433927 0.000000
1649623606530963067 144.720157 0.000000
1649623606547210871 144.603669 0.000000
1649623606547561989 72.404712 0.000000
1649623606603075411 144.589783 0.000000
1649623606603589575 72.523254 0.000000
1649623606747971558 72.409471 0.000000
1649623606821014437 72.624003 0.000000
1649623606836685869 72.425471 0.000000
1649623606837105205 72.396065 0.000000
1649623606909125006 72.463603 0.000000
1649623606981901175 72.703152 0.000000
1649623607055044632 72.783141 0.000000
1649623607126899984 72.434768 0.000000
1649623607127133952 72.406165 0.000000
1649623607127329980 72.403920 0.000000
1649623607311408971 72.434117 0.000000
1649623607400400082 144.610872 0.000000
1649623607802909058 72.668235 0.000000
1649623607907538409 144.676996 0.000000
1649623607996372835 72.445118 0.000000
1649623608020509349 72.538603 0.000000
1649623608068743483 72.353647 0.000000
1649623608124705998 144.674852 0.000000
1649623608285590852 144.690982 0.000000
1649623608310065480 72.476907 0.000000
1649623608341915867 144.731118 0.000000
1649623608374509507 72.458263 0.000000
1649623608430150729 144.582299 0.000000
1649623608446888170 72.618223 0.000000
1649623608486828043 72.407278 0.000000
1649623608631932160 72.585982 0.000000
1649623608720061985 144.694388 0.000000
1649623608720279453 72.493047 0.000000
1649623608817776641 72.444707 0.000000
1649623608953664508 72.447934 0.000000
1649623609009631621 144.678229 0.000000
1649623609107465260 72.727116 0.000000
1649623609108586092 73.548306 0.000000
1649623609171229874 72.438166 0.000000
1649623609243540108 72.304824 0.000000
1649623609284030935 72.383733 0.000000
1649623609371857811 72.490703 0.000000
1649623609460901430 144.882300 0.000000
1649623609718785408 72.572446 0.000000
1649623609806946463 72.404412 0.000000
1649623609831614973 144.636910 0.000000
1649623609904035806 72.411345 0.000000
1649623610080843874 72.451720 0.000000
1649623610403563344 72.422045 0.000000
1649623610404063812 72.379445 0.000000
1649623610411003864 72.278376 0.000000
1649623610693634900 72.620015 0.000000
1649623610749548233 72.521502 0.000000
1649623610911083536 72.615888 0.000000
1649623610911290504 144.867473 0.000000
1649623611056443813 145.000082 0.000000
1649623611062854993 144.523949 0.000000
1649623611062999033 72.367873 0.000000
1649623611207836981 72.542080 0.000000
1649623611280598111 72.437764 0.000000
1649623611346700466 72.647036 0.000000
1649623611352829227 72.420341 0.000000
1649623611619490803 144.741196 0.000000
1649623611643095459 72.376098 0.000000
1649623611764503858 72.399613 0.000000
1649623611854109871 72.471978 0.000000
1649623611854809423 72.579089 0.000000
1649623611927034057 144.791320 0.000000
1649623612005254573 72.473250 0.000000
1649623612005556109 145.017415 0.000000
1649623612071364072 144.628875 0.000000
1649623612071764994 72.304304 0.000000
1649623612072161477 72.391427 0.000000
1649623612216491773 72.679026 0.000000
1649623612288990301 72.479482 0.000000
1649623612289812683 72.472088 0.000000
1649623612367694774 72.395796 0.000000
1649623612367836771 72.527362 0.000000
1649623612415923940 144.608708 0.000000
1649623612439485295 72.432985 0.000000
1649623612488606162 72.445539 0.000000
1649623612506910821 72.436641 0.000000
1649623612512193165 144.577599 0.000000
1649623612578571268 72.315675 0.000000
1649623612651015915 72.531119 0.000000
1649623612705648165 144.549436 0.000000
1649623612724370157 72.451089 0.000000
1649623612848677441 144.722031 0.000000
1649623612946987183 144.604109 0.000000
1649623612993590440 144.545189 0.000000
1649623613014401809 72.540046 0.000000
1649623613041476391 72.448073 0.000000
1649623613159071370 144.651558 0.000000
1649623613213008407 144.606914 0.000000
1649623613237164758 72.458803 0.000000
1649623613355631882 72.434768 0.000000
1649623613403436562 72.402007 0.000000
1649623613502640029 72.489100 0.000000
1649623613521841660 72.576674 0.000000
1649623613599378895 72.440549 0.000000
1649623613671612907 144.698506 0.000000
1649623613739418185 72.532040 0.000000
1649623613838021848 144.561640 0.000000
1649623613863179175 72.582064 0.000000
1649623613884155664 72.559462 0.000000
1649623614055744046 72.481315 0.000000
1649623614154048918 144.650986 0.000000
1649623614200743146 72.374465 0.000000
1649623614200842011 145.152046 0.000000
1649623614318414508 144.571347 0.000000
1649623614444260918 72.364787 0.000000
1649623614733771883 144.557932 0.000000
1649623614734057629 72.387960 0.000000
1649623614748010189 72.558029 0.000000
1649623614874914963 72.518936 0.000000
1649623614877702399 72.403159 0.000000
1649623614878344603 144.566920 0.000000
1649623614892779467 144.771021 0.000000
1649623614897946505 144.591706 0.000000
1649623614950165551 72.517343 0.000000
1649623615022515870 72.519357 0.000000
1649623615110027026 72.433356 0.000000
1649623615168462496 72.331504 0.000000
1649623615182939148 72.646375 0.000000
1649623615188125663 72.510901 0.000000
1649623615385631177 72.421013 0.000000
1649623615400491468 72.504790 0.000000
1649623615458211498 72.574701 0.000000
1649623615550843744 72.449916 0.000000
1649623615583402909 144.532885 0.000000
1649623615602877513 144.662188 0.000000
1649623615728733420 72.541607 0.000000
1649623615913030661 72.639633 0.000000
1649623615963322342 72.435359 0.000000
1649623616109650042 144.607775 0.000000
1649623616164081666 72.488460 0.000000
1649623616253422261 72.709002 0.000000
1649623616399630778 72.512654 0.000000
1649623616420921706 72.356691 0.000000
1649623616472102305 72.467399 0.000000
1649623616472149814 72.534204 0.000000
1649623616638510975 144.731437 0.000000
1649623616671434013 72.501934 0.000000
1649623616743925627 72.502686 0.000000
1649623616761749435 144.658992 0.000000
1649623616856005006 144.641299 0.000000
1649623616903536333 72.410513 0.000000
1649623616907000718 72.591422 0.000000
1649623617034005359 72.528213 0.000000
1649623617217940219 144.691713 0.000000
1649623617218183074 72.647206 0.000000
1649623617396295427 72.578627 0.000000
1649623617555357764 72.389092 0.000000
1649623617628189215 144.998378 0.000000
1649623617654685203 72.887486 0.000000
1649623617654784740 72.551316 0.000000
1649623617724961154 72.397618 0.000000
1649623617872333412 72.477638 0.000000
1649623617903100578 144.771783 0.000000
1649623617944818725 72.476626 0.000000
1649623618017258914 144.903400 0.000000
1649623618088653191 72.496594 0.000000
1649623618162422080 144.947002 0.000000
1649623618337582549 72.560854 0.000000
1649623618337596024 144.910142 0.000000
1649623618338668806 72.450568 0.000000
1649623618555375309 144.525571 0.000000
1649623618627389709 72.517252 0.000000
1649623618642612400 72.458432 0.000000
1649623618642833034 72.486014 0.000000
1649623618668658174 72.572837 0.000000
1649623618814117667 72.374546 0.000000
1649623618886072956 72.531029 0.000000
1649623618958406253 72.399020 0.000000
1649623619165823800 144.708345 0.000000
1649623619238055047 144.511204 0.000000
1649623619248865195 72.604928 0.000000
1649623619279710336 144.535400 0.000000
1649623619382678471 144.620619 0.000000
1649623619467146160 72.726024 0.000000
1649623619497233120 144.947122 0.000000
1649623619569733531 72.498317 0.000000
1649623619684073738 72.568218 0.000000
1649623619786397565 72.469203 0.000000
1649623619858844656 144.463505 0.000000
1649623619859221904 72.343527 0.000000
1649623619901040319 72.428276 0.000000
1649623619930855870 144.504141 0.000000
1649623619973806589 144.863645 0.000000
1649623620042019090 72.457831 0.000000
1649623620076421652 72.366661 0.000000
1649623620118737660 144.604419 0.000000
1649623620335915016 72.349278 0.000000
1649623620435218500 72.522903 0.000000
1649623620438515983 72.471117 0.000000
1649623620507721677 72.544985 0.000000
1649623620580290406 72.580191 0.000000
1649623620599035271 72.405213 0.000000
1649623620652807118 72.576394 0.000000
1649623620724947113 144.688336 0.000000
1649623620797647529 144.760270 0.000000
1649623620816185847 72.373604 0.000000
1649623620853517560 72.537701 0.000000
1649623620869845804 72.580591 0.000000
1649623621133152377 72.566044 0.000000
1649623621205449858 144.892760 0.000000
1649623621277827990 72.372912 0.000000
1649623621304523000 72.447412 0.000000
1649623621304765134 144.739301 0.000000
1649623621376700346 72.443144 0.000000
1649623621395879174 72.390485 0.000000
1649623621418203069 72.434056 0.000000
1649623621594084499 72.444566 0.000000
1649623621635541086 72.369996 0.000000
1649623621666950616 144.680010 0.000000
1649623621811249863 144.693927 0.000000
1649623621811525650 72.478239 0.000000
1649623621883952112 72.692571 0.000000
1649623621902743324 144.599069 0.000000
1649623621997199440 72.433135 0.000000
1649623622069934551 72.424479 0.000000
1649623622192967255 72.362963 0.000000
1649623622409995792 144.544407 0.000000
1649623622431309453 144.580354 0.000000
1649623622464330243 72.489510 0.000000
1649623622520041817 72.421433 0.000000
1649623622664750201 72.545686 0.000000
1649623622809081858 144.485245 0.000000
1649623622826062725 144.790618 0.000000
1649623622844086338 144.561428 0.000000
1649623622971457015 72.582505 0.000000
1649623622989352698 72.530327 0.000000
1649623623035934093 72.457741 0.000000
1649623623062091085 73.007211 0.000000
1649623623134358339 145.176832 0.000000
1649623623207164433 72.577215 0.000000
1649623623236721810 72.440148 0.000000
1649623623309007889 144.684269 0.000000
1649623623332413112 72.340041 0.000000
1649623623351974397 72.341313 0.000000
1649623623496488106 72.377501 0.000000
1649623623526199773 72.456880 0.000000
1649623623568872690 72.381759 0.000000
1649623623569236893 144.521654 0.000000
1649623623670837393 144.559704 0.000000
1649623623671068587 72.341403 0.000000
1649623623689650486 72.379003 0.000000
1649623623858418149 144.435222 0.000000
1649623624076474192 72.558400 0.000000
1649623624149002796 72.318069 0.000000
1649623624177650377 144.763347 0.000000
1649623624221288003 72.350880 0.000000
1649623624293451372 72.438695 0.000000
1649623624293659392 72.384684 0.000000
1649623624322803815 72.375026 0.000000
1649623624395030102 72.486605 0.000000
1649623624467677048 144.584241 0.000000
1649623624467746648 72.326625 0.000000
1649623624511345281 72.564110 0.000000
1649623624577038329 144.464277 0.000000
1649623624583741667 72.573608 0.000000
1649623624656765439 72.966514 0.000000
1649623624656825191 73.009054 0.000000
1649623624794392025 72.541989 0.000000
1649623624946388073 72.589779 0.000000
1649623624946665613 72.432724 0.000000
1649623624993670072 72.591252 0.000000
1649623625066034327 72.353695 0.000000
1649623625211125839 72.592103 0.000000
1649623625308523530 72.393521 0.000000
1649623625525553559 144.642219 0.000000
1649623625526025875 72.535166 0.000000
1649623625591116713 72.433816 0.000000
1649623625598984725 72.696068 0.000000
1649623625880498245 72.371109 0.000000
1649623625952904740 72.399894 0.000000
1649623626032684879 144.567910 0.000000
1649623626178657934 144.670052 0.000000
1649623626322527735 72.446169 0.000000
1649623626324227722 72.676531 0.000000
1649623626459677216 72.392558 0.000000
1649623626467219337 144.601063 0.000000
1649623626468167716 144.589412 0.000000
1649623626540508176 72.366029 0.000000
1649623626612174293 72.485524 0.000000
1649623626685764928 144.496987 0.000000
1649623626830670792 72.419860 0.000000
1649623626831519714 72.381769 0.000000
1649623626903288593 72.374585 0.000000
1649623626904210752 72.587424 0.000000
1649623626976569968 72.620306 0.000000
1649623627049043038 72.607031 0.000000
1649623627119374151 72.426993 0.000000
1649623627256311654 144.638772 0.000000
1649623627266359684 72.368413 0.000000
1649623627266734186 72.615526 0.000000
1649623627409101911 144.630327 0.000000
1649623627483576533 72.485683 0.000000
1649623627626629703 72.688955 0.000000
1649623627690926404 144.585774 0.000000
1649623627698773386 144.691472 0.000000
1649623627774554216 72.407726 0.000000
1649623627847040430 72.512553 0.000000
1649623627917837969 72.350310 0.000000
1649623627990172408 72.361180 0.000000
1649623627991801322 72.313880 0.000000
1649623628061476587 72.615367 0.000000
1649623628062584444 72.376779 0.000000
1649623628206530949 72.469423 0.000000
1649623628207650177 72.553631 0.000000
1649623628352337291 144.784567 0.000000
1649623628496361912 72.422784 0.000000
1649623628569354926 144.724512 0.000000
1649623628713608076 144.654893 0.000000
1649623628715991154 72.371258 0.000000
1649623628932011070 72.448014 0.000000
1649623629075920806 72.409951 0.000000
1649623629150460179 72.473309 0.000000
1649623629293689129 72.438055 0.000000
1649623629440360512 72.404039 0.000000
1649623629511317258 72.715333 0.000000
1649623629583632091 72.339359 0.000000
1649623629584389481 72.694976 0.000000
1649623629657680414 72.461066 0.000000
1649623629729447981 144.563231 0.000000
1649623629873707232 144.606141 0.000000
1649623629946427937 72.471758 0.000000
1649623629946993778 72.472499 0.000000
1649623630018218687 72.470855 0.000000
1649623630018377214 72.342905 0.000000
1649623630019309301 72.474992 0.000000
1649623630019786326 72.344438 0.000000
1649623630163063316 144.865859 0.000000
1649623630164058902 144.847063 0.000000
1649623630164523523 72.498096 0.000000
1649623630236954113 72.461888 0.000000
1649623630361635657 72.548962 0.000000
1649623630452815720 72.419149 0.000000
1649623630453345804 72.374735 0.000000
1649623630506535910 72.393511 0.000000
1649623630525346429 72.472079 0.000000
1649623630670659175 72.363845 0.000000
1649623630723517228 144.535118 0.000000
1649623630815214541 144.816776 0.000000
1649623630888084454 144.569262 0.000000
1649623630888219518 144.562480 0.000000
1649623630997841217 72.539484 0.000000
1649623631013550010 72.581203 0.000000
1649623631032979408 144.756404 0.000000
1649623631085995036 72.436811 0.000000
1649623631249581443 144.629796 0.000000
1649623631304594738 144.531371 0.000000
1649623631322363232 72.349608 0.000000
1649623631360235869 72.500801 0.000000
1649623631467139683 72.395865 0.000000
1649623631467817153 72.434788 0.000000
1649623631467978866 72.455987 0.000000
1649623631505067725 72.448023 0.000000
1649623631520902082 72.679958 0.000000
1649623631540208820 72.388942 0.000000
1649623631577406392 72.376949 0.000000
1649623631649814328 72.348656 0.000000
1649623631739203965 72.369445 0.000000
1649623631883175366 144.675842 0.000000
1649623631902138651 72.324401 0.000000
1649623632047129724 144.646748 0.000000
1649623632156642588 144.849988 0.000000
1649623632263586537 144.728381 0.000000
1649623632264754888 144.981014 0.000000
1649623632317908105 144.790848 0.000000
1649623632534688615 72.582144 0.000000
1649623632550949593 72.522502 0.000000
1649623632551520834 72.438755 0.000000
1649623632590946583 72.344278 0.000000
1649623632679642589 72.544904 0.000000
1649623632808332729 72.459805 0.000000
1649623632824708272 72.448504 0.000000
1649623632880529571 144.667336 0.000000
1649623633042649148 144.881649 0.000000
1649623633258795510 72.441991 0.000000
1649623633315011429 72.377790 0.000000
1649623633387363872 72.701728 0.000000
1649623633477347081 144.685249 0.000000
1649623633548369400 144.665212 0.000000
1649623633604634592 72.613783 0.000000
1649623633742211043 72.366259 0.000000
1649623633766060699 72.590540 0.000000
1649623633783063046 144.820824 0.000000
1649623633839686750 144.606131 0.000000
1649623634000379111 72.410422 0.000000
1649623634087577419 144.581615 0.000000
1649623634144482961 72.397718 0.000000
1649623634160212071 72.511531 0.000000
1649623634200425948 144.610519 0.000000
1649623634329074781 72.435259 0.000000
1649623634417205797 144.637991 0.000000
1649623634418229837 72.381327 0.000000
1649623634434292343 144.649092 0.000000
1649623634507171253 72.468170 0.000000
1649623634562964179 72.362402 0.000000
1649623634652069873 72.434287 0.000000
1649623634707796785 72.300637 0.000000
1649623634780181088 72.381418 0.000000
1649623634909278862 145.030687 0.000000
1649623634909413705 72.438475 0.000000
1649623635085814848 72.364756 0.000000
1649623635126206018 72.506312 0.000000
1649623635198303533 144.628253 0.000000
1649623635343179750 144.655192 0.000000
1649623635375161924 72.425871 0.000000
1649623635447289385 144.543774 0.000000
1649623635448309818 72.578446 0.000000
1649623635737364024 72.458994 0.000000
1649623635769650908 72.445888 0.000000
1649623635769926585 72.612981 0.000000
1649623635777792413 72.498326 0.000000
1649623635809703393 144.702883 0.000000
1649623635842312571 72.658076 0.000000
1649623635914820667 72.613093 0.000000
1649623635987443766 145.125675 0.000000
1649623635994663894 72.428636 0.000000
1649623636059360954 144.739410 0.000000
1649623636059935912 72.489180 0.000000
1649623636284303908 72.378482 0.000000
1649623636348850136 144.562039 0.000000
1649623636349358289 72.348376 0.000000
1649623636356797917 144.611181 0.000000
1649623636429056874 72.356270 0.000000
1649623636430069964 72.571173 0.000000
1649623636502701781 72.662074 0.000000
1649623636534876244 72.471918 0.000000
1649623636573853252 72.483969 0.000000
1649623636638731452 72.658247 0.000000
1649623636783367970 72.509217 0.000000
1649623636856815737 72.650702 0.000000
1649623637080592995 144.629455 0.000000
1649623637154729644 72.422495 0.000000
1649623637186645282 144.679158 0.000000
1649623637219414982 72.681089 0.000000
1649623637298339837 144.757274 0.000000
1649623637444906775 72.560904 0.000000
1649623637517562266 72.649891 0.000000
1649623637580845355 72.497455 0.000000
1649623637589968429 144.979341 0.000000
1649623637726486006 144.654712 0.000000
1649623637798909703 72.418517 0.000000
1649623637950120606 72.432122 0.000000
1649623637950271750 72.421803 0.000000
1649623638022524196 72.366741 0.000000
1649623638022766290 72.491865 0.000000
1649623638022849506 72.420061 0.000000
1649623638087730300 72.429266 0.000000
1649623638088532053 72.583596 0.000000
1649623638095244137 72.539684 0.000000
1649623638233136520 144.529587 0.000000
1649623638312476084 72.458271 0.000000
1649623638596100900 72.591671 0.000000
1649623638602678703 144.540248 0.000000
1649623638741172303 72.679367 0.000000
1649623638886110497 72.715304 0.000000
1649623638891653529 144.654080 0.000000
1649623639175725264 72.402477 0.000000
1649623639176293730 72.417215 0.000000
1649623639181655703 144.967820 0.000000
1649623639248479540 144.600330 0.000000
1649623639326452170 72.384903 0.000000
1649623639326642847 144.673256 0.000000
1649623639326666913 144.629224 0.000000
1649623639393404528 72.363363 0.000000
1649623639399133730 144.772342 0.000000
1649623639465252145 144.682254 0.000000
1649623639537838196 144.584911 0.000000
1649623639755192612 72.414460 0.000000
1649623639761648306 72.627360 0.000000
1649623639954425282 72.388922 0.000000
1649623639979113350 72.515860 0.000000
1649623640381768314 144.944065 0.000000
1649623640478205062 72.443294 0.000000
1649623640632568918 73.216574 0.000000
1649623640671729509 72.495681 0.000000
1649623640679166573 72.449475 0.000000
1649623640704193736 144.679027 0.000000
1649623640704249431 72.538492 0.000000
1649623640704361300 72.553670 0.000000
1649623640751663457 72.487176 0.000000
1649623640816638087 72.561414 0.000000
1649623640824208591 72.511350 0.000000
1649623640849623451 72.389012 0.000000
1649623640896454314 72.408919 0.000000
1649623640921806937 144.589900 0.000000
1649623640921914810 72.287552 0.000000
1649623640961276409 144.600080 0.000000
1649623640969006041 72.489550 0.000000
1649623640994241053 72.424668 0.000000
1649623641140121213 72.387960 0.000000
1649623641140181696 72.424478 0.000000
1649623641501535986 72.403118 0.000000
1649623641686804995 72.587664 0.000000
1649623641718997683 72.507423 0.000000
1649623641903869798 144.680850 0.000000
1649623641936347290 72.467959 0.000000
1649623642008685326 72.334048 0.000000
1649623642145557285 144.664300 0.000000
1649623642217987034 144.730915 0.000000
1649623642370773602 72.493387 0.000000
1649623642507502794 72.351841 0.000000
1649623642643325516 72.525998 0.000000
1649623642660418334 72.369836 0.000000
1649623642660555711 72.514646 0.000000
1649623642788377944 72.608032 0.000000
1649623642933226549 144.867721 0.000000
1649623642950376504 72.645733 0.000000
1649623643117987866 72.572505 0.000000
1649623643118034303 72.601831 0.000000
1649623643168006005 72.554412 0.000000
1649623643190306075 72.435570 0.000000
1649623643313018768 144.727769 0.000000
1649623643335375073 72.522100 0.000000
1649623643450029969 72.538101 0.000000
1649623643480100047 144.743939 0.000000
1649623643480151303 72.375656 0.000000
1649623643512938165 144.807177 0.000000
1649623643512965616 144.804261 0.000000
1649623643513070723 72.378211 0.000000
1649623643594912187 72.459373 0.000000
1649623643738855284 72.526830 0.000000
1649623643819948826 144.752515 0.000000
1649623643820250812 72.382668 0.000000
1649623643875259748 144.752795 0.000000
1649623643914939664 72.434467 0.000000
1649623644100995207 72.556285 0.000000
1649623644109901927 72.434778 0.000000
1649623644165193552 72.458572 0.000000
1649623644174075124 144.435681 0.000000
1649623644182068791 144.619655 0.000000
1649623644182468280 72.490551 0.000000
1649623644204551884 72.358324 0.000000
1649623644246454627 72.375847 0.000000
1649623644326969214 144.755010 0.000000
1649623644349128740 144.567749 0.000000
1649623644382054212 144.699716 0.000000
1649623644390403125 72.357953 0.000000
1649623644454641495 144.641226 0.000000
1649623644544347193 144.684087 0.000000
1649623644680332140 144.830561 0.000000
1649623644727646399 72.537019 0.000000
1649623644752728175 72.392218 0.000000
1649623644768290793 72.429347 0.000000
1649623644792231128 72.535806 0.000000
1649623644889097402 72.341132 0.000000
1649623645540312378 72.372310 0.000000
1649623645637878092 144.919959 0.000000
1649623645661293985 72.509488 0.000000
1649623645783134423 72.572296 0.000000
1649623645783224401 72.453532 0.000000
1649623645806219303 72.379402 0.000000
1649623645830212819 72.475814 0.000000
1649623645886107005 72.379474 0.000000
1649623646023448264 72.424208 0.000000
1649623646168212421 144.730554 0.000000
1649623646217956455 72.473620 0.000000
1649623646264852771 144.694977 0.000000
1649623646290391022 72.427193 0.000000
1649623646313114866 144.893279 0.000000
1649623646337507099 72.459674 0.000000
1649623646393353104 72.451648 0.000000
1649623646482125132 72.466807 0.000000
1649623646563794253 144.623764 0.000000
1649623646603249397 72.620476 0.000000
1649623646699639347 145.087904 0.000000
1649623646748254565 72.481795 0.000000
1649623646885009035 144.704846 0.000000
1649623646972455908 72.422014 0.000000
1649623646972620296 72.594557 0.000000
1649623647030096687 72.416624 0.000000
1649623647062214114 72.652024 0.000000
1649623647070846940 72.413578 0.000000
1649623647102612336 72.417564 0.000000
1649623647182658604 72.439335 0.000000
1649623647182705792 72.508565 0.000000
1649623647319821479 72.545995 0.000000
1649623647391995768 72.412385 0.000000
1649623647609355403 72.431812 0.000000
1649623647624419336 72.466526 0.000000
1649623647682236076 72.466427 0.000000
1649623647786950854 72.573937 0.000000
1649623647826597197 72.344327 0.000000
1649623647859338793 144.746523 0.000000
1649623647859488644 144.868522 0.000000
1649623647932025834 72.420851 0.000000
1649623647971338321 72.381147 0.000000
1649623648003987574 144.683946 0.000000
1649623648043607287 72.458461 0.000000
1649623648294491176 144.785025 0.000000
1649623648365963538 144.655762 0.000000
1649623648405640578 72.407916 0.000000
1649623648439625155 72.543852 0.000000
1649623648512395211 72.481325 0.000000
1649623648566802439 72.625355 0.000000
1649623648656218494 144.985421 0.000000
1649623648656779115 144.681241 0.000000
1649623648657410279 72.685648 0.000000
1649623648711778964 72.445818 0.000000
1649623648783896065 144.586163 0.000000
1649623648840411495 144.788271 0.000000
1649623648873954204 72.533001 0.000000
1649623648928912074 72.532210 0.000000
1649623649019153396 72.320022 0.000000
1649623649091487324 72.421262 0.000000
1649623649091714580 144.955896 0.000000
1649623649163090121 72.456718 0.000000
1649623649275654907 72.446349 0.000000
1649623649291048018 72.455425 0.000000
1649623649381535241 72.533421 0.000000
1649623649381643023 72.583986 0.000000
1649623649435936497 72.439435 0.000000
1649623649453603922 144.691510 0.000000
1649623649508347840 72.492184 0.000000
1649623649526662890 72.455978 0.000000
1649623649669516734 72.519226 0.000000
1649623649670743995 72.460326 0.000000
1649623649855506364 144.709134 0.000000
1649623649888464997 72.441449 0.000000
1649623649960887381 144.552649 0.000000
1649623650031740492 72.474121 0.000000
1649623650178214064 72.406474 0.000000
1649623650201682524 72.406674 0.000000
1649623650290306935 72.388099 0.000000
1649623650652386795 72.427564 0.000000
1649623650683847890 145.040354 0.000000
1649623650756410507 72.527090 0.000000
1649623650828842669 144.865426 0.000000
1649623650870084953 145.032278 0.000000
1649623650901562060 144.936039 0.000000
1649623650942321419 72.873059 0.000000
1649623650974278575 72.935285 0.000000
1649623650974303391 144.920139 0.000000
1649623650974414520 72.679456 0.000000
1649623650974581162 72.655731 0.000000
1649623651047119895 72.629122 0.000000
1649623651118452305 144.660593 0.000000
1649623651159485387 72.349868 0.000000
1649623651191362713 72.546085 0.000000
1649623651231955871 72.464152 0.000000
1649623651304537693 72.538712 0.000000
1649623651377366208 72.810090 0.000000
1649623651481087364 144.617542 0.000000
1649623651481796423 144.703212 0.000000
1649623651481878647 144.436381 0.000000
1649623651553545515 72.403639 0.000000
1649623651554656788 72.360908 0.000000
1649623651625611260 72.404360 0.000000
1649623651698309361 144.776660 0.000000
1649623651699259803 72.552799 0.000000
1649623651770286960 144.650914 0.000000
1649623651770584378 144.756242 0.000000
1649623651843235020 72.453262 0.000000
1649623651915747201 72.509987 0.000000
1649623651988443599 144.608644 0.000000
1649623651989621397 72.413176 0.000000
1649623652062423352 72.410812 0.000000
1649623652206904799 144.476658 0.000000
1649623652278906304 72.336614 0.000000
1649623652299860340 72.374103 0.000000
1649623652495851941 144.492336 0.000000
1649623652567919610 72.550965 0.000000
1649623652608136592 72.489249 0.000000
1649623652823510113 72.489971 0.000000
1649623652968276944 144.785256 0.000000
1649623653185930099 72.644781 0.000000
1649623653258060856 144.816003 0.000000
1649623653258776819 72.551416 0.000000
1649623653260039506 72.477998 0.000000
1649623653477106181 72.445607 0.000000
1649623653582065728 144.662866 0.000000
1649623653621030944 72.484611 0.000000
1649623653693027028 72.528352 0.000000
1649623653693054610 72.601459 0.000000
1649623653693499294 72.458712 0.000000
1649623653765952164 72.742844 0.000000
1649623653765988662 72.478579 0.000000
1649623653821350139 72.309261 0.000000
1649623653871958214 144.759728 0.000000
1649623653872080202 72.503396 0.000000
1649623653911123955 72.506100 0.000000
1649623654016900283 72.457038 0.000000
1649623654016953803 144.949404 0.000000
1649623654055825984 72.412595 0.000000
1649623654089492706 72.649930 0.000000
1649623654161845379 144.939605 0.000000
1649623654162248154 72.438704 0.000000
1649623654200857892 72.432652 0.000000
1649623654379032931 144.590090 0.000000
1649623654563224568 144.782831 0.000000
1649623654635818925 144.934786 0.000000
1649623654852778519 144.798079 0.000000
1649623654852978203 72.405252 0.000000
1649623655031754669 72.368203 0.000000
1649623655070996021 72.360298 0.000000
1649623655432937120 72.424067 0.000000
1649623655504961797 72.609595 0.000000
1649623655577345919 72.376738 0.000000
1649623655578195211 72.439916 0.000000
1649623655683759332 144.707450 0.000000
1649623655722978413 144.800104 0.000000
1649623655794648777 72.387949 0.000000
1649623655973857382 72.453200 0.000000
1649623656084810406 144.746313 0.000000
1649623656263301907 72.478469 0.000000
1649623656447068779 144.980592 0.000000
1649623656447618439 144.618603 0.000000
1649623656520047415 72.947238 0.000000
1649623656591910610 72.581161 0.000000
1649623656664599353 72.400112 0.000000
1649623656697979097 72.381017 0.000000
1649623656770444050 72.524946 0.000000
1649623656809764842 72.479961 0.000000
1649623656881669775 72.585098 0.000000
1649623656882331716 72.466416 0.000000
1649623656953993784 72.382098 0.000000
1649623657036483483 72.685838 0.000000
1649623657109149052 72.243097 0.000000
1649623657173851852 72.367530 0.000000
1649623657362815878 72.246494 0.000000
1649623657403883636 72.204566 0.000000
1649623657463853532 72.986972 0.000000
1649623657476244373 144.403089 0.000000
1649623657476280230 72.226536 0.000000
1649623657476557841 72.299252 0.000000
1649623657579569626 72.358604 0.000000
1649623657778076384 72.594046 0.000000
1649623658072949275 72.440858 0.000000
1649623658290257544 72.563790 0.000000
1649623658363349001 72.317236 0.000000
1649623658436107865 144.836070 0.000000
1649623658508394945 144.650422 0.000000
1649623658581376718 72.395233 0.000000
1649623658582362276 72.570662 0.000000
1649623658725500182 144.619203 0.000000
1649623658726949850 72.545354 0.000000
1649623658727224064 72.371548 0.000000
1649623658797624517 72.539523 0.000000
1649623658799052995 72.629021 0.000000
1649623658870211068 72.509908 0.000000
1649623658870905681 144.601411 0.000000
1649623658942795746 72.622428 0.000000
1649623658942825982 72.625043 0.000000
1649623659089316916 72.383331 0.000000
1649623659233750762 144.711146 0.000000
1649623659379130582 72.310974 0.000000
1649623659428271556 72.523282 0.000000
1649623659629708837 72.469311 0.000000
1649623659645308615 144.620256 0.000000
1649623659740203271 144.474021 0.000000
1649623659741140088 72.340390 0.000000
1649623659813068204 144.519006 0.000000
1649623659934358449 72.381757 0.000000
1649623659950800226 72.406173 0.000000
1649623660023253217 72.375075 0.000000
1649623660102237874 72.378060 0.000000
1649623660209311034 72.402667 0.000000
1649623660282203989 72.483958 0.000000
1649623660441245323 144.804011 0.000000
1649623660464261075 72.403488 0.000000
1649623660498635563 144.648970 0.000000
1649623660608804286 144.542550 0.000000
1649623660643671758 145.027179 0.000000
1649623660643713487 72.451638 0.000000
1649623660644047803 144.515590 0.000000
1649623660644289096 72.337925 0.000000
1649623660716135430 72.417665 0.000000
1649623660753760061 72.450165 0.000000
1649623660788752448 72.743515 0.000000
1649623660819565759 72.425750 0.000000
1649623660892261024 72.521389 0.000000
1649623660965253537 144.751352 0.000000
1649623661115931149 72.346240 0.000000
1649623661150994479 144.766170 0.000000
1649623661270489859 72.599105 0.000000
1649623661295664368 72.525306 0.000000
1649623661326715155 144.657516 0.000000
1649623661332963369 144.604307 0.000000
1649623661431393564 72.457349 0.000000
1649623661440845325 144.664288 0.000000
1649623661576117074 72.412015 0.000000
1649623661576162880 72.443494 0.000000
1649623661694826059 72.365688 0.000000
1649623661720951380 144.670469 0.000000
1649623661777472491 72.484369 0.000000
1649623661906382251 72.413216 0.000000
1649623661922569981 72.475953 0.000000
1649623661948256130 72.451167 0.000000
1649623662067211807 72.443122 0.000000
1649623662212713086 72.506090 0.000000
1649623662238087118 144.699986 0.000000
1649623662382651229 72.444945 0.000000
1649623662383239072 72.372450 0.000000
1649623662574741506 144.449706 0.000000
1649623662720594974 144.674297 0.000000
1649623662776864092 72.631195 0.000000
1649623662792919253 72.514877 0.000000
1649623662865735295 72.588505 0.000000
1649623662889477789 72.370146 0.000000
1649623662889727216 72.505298 0.000000
1649623662921218118 144.589217 0.000000
1649623662938111722 72.465254 0.000000
1649623662962037751 72.405312 0.000000
1649623663373349531 144.634493 0.000000
1649623663373771422 72.542208 0.000000
1649623663403830259 72.488197 0.000000
1649623663469495964 72.603383 0.000000
1649623663484016248 72.453622 0.000000
1649623663484051714 72.444084 0.000000
1649623663555894481 72.358844 0.000000
1649623663709399314 72.527201 0.000000
1649623663759066544 144.687151 0.000000
1649623663861932746 72.391956 0.000000
1649623663989953910 144.542198 0.000000
1649623664208238658 72.519375 0.000000
1649623664208390272 72.536136 0.000000
1649623664280831442 72.457891 0.000000
1649623664353033261 145.070530 0.000000
1649623664353335197 145.042908 0.000000
1649623664369678569 72.767290 0.000000
1649623664417350939 72.443572 0.000000
1649623664570835334 72.311986 0.000000
1649623664617701672 72.386475 0.000000
1649623664642186078 72.346922 0.000000
1649623664642454371 144.536829 0.000000
1649623664731239302 144.685598 0.000000
1649623664908072283 72.641624 0.000000
1649623664980296716 72.477728 0.000000
1649623665021500797 72.572004 0.000000
1649623665052773069 72.470272 0.000000
1649623665052906620 72.573155 0.000000
1649623665149356822 72.559360 0.000000
1649623665294253967 72.539442 0.000000
1649623665310725569 72.567996 0.000000
1649623665383352546 72.783240 0.000000
1649623665383421816 72.773311 0.000000
1649623665414945549 72.508325 0.000000
1649623665486579705 72.423385 0.000000
1649623665511173725 72.368692 0.000000
1649623665511249647 72.352402 0.000000
1649623665704949121 72.623841 0.000000
1649623665776297721 72.474441 0.000000
1649623665817679126 72.448752 0.000000
1649623665993823776 72.617098 0.000000
1649623666035149827 72.426852 0.000000
1649623666066864719 144.704894 0.000000
1649623666067180361 72.392377 0.000000
1649623666107673170 72.536066 0.000000
1649623666139509299 72.318619 0.000000
1649623666180086186 72.408247 0.000000
1649623666299578550 72.370586 0.000000
1649623666299974492 144.541889 0.000000
1649623666308464490 72.429477 0.000000
1649623666324577950 144.675578 0.000000
1649623666397211329 72.542749 0.000000
1649623666516766100 72.404589 0.000000
1649623666598391147 72.667122 0.000000
1649623666645364556 72.521779 0.000000
1649623666815579038 144.634162 0.000000
1649623666815965323 72.525918 0.000000
1649623666960207820 72.477627 0.000000
1649623666960405190 144.628721 0.000000
1649623667104786407 144.618613 0.000000
1649623667249952677 144.599637 0.000000
1649623667282042691 144.660159 0.000000
1649623667297032956 144.860326 0.000000
1649623667355047516 72.557616 0.000000
1649623667457567519 72.500640 0.000000
1649623667466962193 72.323698 0.000000
1649623667645401736 144.956836 0.000000
1649623667645532501 72.737564 0.000000
1649623667659180389 72.524515 0.000000
1649623667731025009 144.783832 0.000000
1649623667747095310 144.727377 0.000000
1649623667862326032 144.642396 0.000000
1649623667935063707 72.509036 0.000000
1649623667973961285 72.457098 0.000000
1649623668078151910 144.564741 0.000000
1649623668093288990 72.585509 0.000000
1649623668118909034 72.455686 0.000000
1649623668152367375 144.684055 0.000000
1649623668280057008 72.478909 0.000000
1649623668336327658 72.459222 0.000000
1649623668408843276 145.330096 0.000000
1649623668455061409 144.634843 0.000000
1649623668481032983 144.965282 0.000000
1649623668497469198 144.808939 0.000000
1649623668600672292 72.453421 0.000000
1649623668641660199 144.732516 0.000000
1649623668642238493 72.624984 0.000000
1649623668672970222 72.407906 0.000000
1649623668732227623 72.487045 0.000000
1649623668745901880 73.107428 0.000000
1649623668915414776 144.595649 0.000000
1649623669035614606 72.750899 0.000000
1649623669076495583 144.586471 0.000000
1649623669094403027 72.445747 0.000000
1649623669165284381 72.412134 0.000000
1649623669252907774 144.800453 0.000000
1649623669309781576 72.366789 0.000000
1649623669382243703 72.452701 0.000000
1649623669384010095 72.478839 0.000000
1649623669384016006 72.520507 0.000000
1649623669542629447 72.466275 0.000000
1649623669656468983 72.523914 0.000000
1649623669719291618 72.649119 0.000000
1649623669801344647 144.869192 0.000000
1649623669873625905 144.592693 0.000000
1649623669904950174 72.378350 0.000000
1649623670122397351 72.597131 0.000000
1649623670122913709 72.536587 0.000000
1649623670195465695 72.541587 0.000000
1649623670253130460 72.467669 0.000000
1649623670397918700 72.347973 0.000000
1649623670398168088 72.496932 0.000000
1649623670412943860 72.304631 0.000000
1649623670485317843 144.619213 0.000000
1649623670543090880 72.535625 0.000000
1649623670543438902 72.447048 0.000000
1649623670588966662 72.643768 0.000000
1649623670615169328 144.713099 0.000000
1649623670615583475 144.648408 0.000000
1649623670615915537 72.357100 0.000000
1649623670688192018 144.662476 0.000000
1649623670734061697 72.587793 0.000000
1649623670879435966 72.389812 0.000000
1649623671096071501 144.820570 0.000000
1649623671136904218 144.620105 0.000000
1649623671241154153 72.576191 0.000000
1649623671241273367 144.592914 0.000000
1649623671241442123 72.329068 0.000000
1649623671268094643 72.428265 0.000000
1649623671313638212 72.529945 0.000000
1649623671386295185 144.803068 0.000000
1649623671413138452 144.753195 0.000000
1649623671558033713 144.582655 0.000000
1649623671691979395 72.485691 0.000000
1649623671820627074 72.396044 0.000000
1649623671820663071 72.329088 0.000000
1649623671860783032 144.576934 0.000000
1649623671990609610 72.587191 0.000000
1649623671992854058 72.380264 0.000000
1649623672079335030 72.472327 0.000000
1649623672135480836 72.488416 0.000000
1649623672150674792 72.448712 0.000000
1649623672210152886 72.482125 0.000000
1649623672282606689 72.394712 0.000000
1649623672441788846 72.440518 0.000000
1649623672499642885 72.402355 0.000000
1649623672585428382 72.470342 0.000000
1649623672585816891 72.398328 0.000000
1649623672657787847 72.511099 0.000000
1649623672861571747 144.551767 0.000000
1649623672875486716 72.351340 0.000000
1649623672875541408 72.413105 0.000000
1649623672933909351 144.450096 0.000000
1649623672948871784 72.276400 0.000000
1649623673092132610 144.614384 0.000000
1649623673093082481 72.611097 0.000000
1649623673236870075 144.731133 0.000000
1649623673455364645 72.491653 0.000000
1649623673528563043 72.497754 0.000000
1649623673729529731 72.450486 0.000000
1649623673730139434 72.447330 0.000000
1649623673802062891 72.485011 0.000000
1649623673947769453 144.887776 0.000000
1649623674092007251 144.866807 0.000000
1649623674108082440 72.504978 0.000000
1649623674108201724 145.125732 0.000000
1649623674236752961 144.640322 0.000000
1649623674237346744 72.691408 0.000000
1649623674253393861 72.424536 0.000000
1649623674382340420 72.473539 0.000000
1649623674526933524 144.633129 0.000000
1649623674527408274 72.538411 0.000000
1649623674542703060 72.361058 0.000000
1649623674595769203 72.406023 0.000000
1649623674672407229 72.515417 0.000000
1649623674743798088 72.396565 0.000000
1649623674743825549 144.804720 0.000000
1649623674744720898 72.392767 0.000000
1649623674816617977 72.785785 0.000000
1649623674889561667 72.575680 0.000000
1649623674961365199 144.740030 0.000000
1649623675034660389 72.452520 0.000000
1649623675103166639 72.533771 0.000000
1649623675251769862 144.580731 0.000000
1649623675267164395 72.439224 0.000000
1649623675339615632 72.426891 0.000000
1649623675339937555 144.741732 0.000000
1649623675412695207 72.499067 0.000000
1649623675465106211 72.593563 0.000000
1649623675537707389 72.555623 0.000000
1649623675540733513 72.354927 0.000000
1649623675541746563 72.539393 0.000000
1649623675613150896 72.415600 0.000000
1649623675685602805 144.744949 0.000000
1649623675702019664 144.613372 0.000000
1649623675830755347 72.603142 0.000000
1649623675902939935 144.706066 0.000000
1649623676281767820 72.410381 0.000000
1649623676407655043 72.480844 0.000000
1649623676480292198 72.560511 0.000000
1649623676552973546 72.677772 0.000000
1649623676556315252 72.422743 0.000000
1649623676625064157 144.655911 0.000000
1649623676769985136 144.602742 0.000000
1649623676915093847 144.720974 0.000000
1649623677063629152 144.748055 0.000000
1649623677132272019 72.455225 0.000000
1649623677278036439 72.546406 0.000000
1649623677278058570 72.570170 0.000000
1649623677295790475 72.585680 0.000000
1649623677349632773 72.619553 0.000000
1649623677350132360 144.770467 0.000000
1649623677350617900 72.575099 0.000000
1649623677353570937 72.503926 0.000000
1649623677426007295 72.599675 0.000000
1649623677426112112 72.708068 0.000000
1649623677571121346 72.470354 0.000000
1649623677585713104 72.449133 0.000000
1649623677787951245 72.473589 0.000000
1649623677857659389 72.342713 0.000000
1649623677860402933 144.912262 0.000000
1649623677933111813 72.529585 0.000000
1649623678002368090 144.740581 0.000000
1649623678005377202 72.563026 0.000000
1649623678077820253 72.438954 0.000000
1649623678078238577 144.876053 0.000000
1649623678078503995 72.832802 0.000000
1649623678151201083 72.692529 0.000000
1649623678219784999 72.577393 0.000000
1649623678222314792 72.367620 0.000000
1649623678294840068 72.407475 0.000000
1649623678368610809 72.526297 0.000000
1649623678586605101 72.530155 0.000000
1649623678658490466 144.702458 0.000000
1649623678897599777 144.956856 0.000000
1649623678897634933 144.877217 0.000000
1649623679009686255 72.446399 0.000000
1649623679154427887 72.496562 0.000000
1649623679218634506 72.337774 0.000000
1649623679226516804 144.770486 0.000000
1649623679237401311 72.348504 0.000000
1649623679299272582 72.374703 0.000000
1649623679404473190 72.332134 0.000000
1649623679435564733 144.474311 0.000000
1649623679526926655 72.433904 0.000000
1649623679599364377 72.329800 0.000000
1649623679661235998 72.402937 0.000000
1649623679671708252 72.438132 0.000000
1649623679766464458 144.578246 0.000000
1649623679806005032 72.452279 0.000000
1649623679816760567 144.784573 0.000000
1649623680023015559 144.584197 0.000000
1649623680056524453 72.512582 0.000000
1649623680168460811 72.501702 0.000000
1649623680168848087 72.748715 0.000000
1649623680241055356 72.590136 0.000000
1649623680314043639 72.363442 0.000000
1649623680385725555 72.497485 0.000000
1649623680386410219 72.628400 0.000000
1649623680563068630 144.564840 0.000000
1649623680563300264 144.601098 0.000000
1649623680780315921 144.856948 0.000000
1649623680820601822 72.367660 0.000000
1649623680852521928 144.655571 0.000000
1649623680894067741 72.478898 0.000000
1649623680965510628 144.539243 0.000000
1649623680997399204 72.359816 0.000000
1649623681037785133 72.442240 0.000000
1649623681038279600 72.399479 0.000000
1649623681110129740 144.610536 0.000000
1649623681110700179 72.356759 0.000000
1649623681174855734 144.518955 0.000000
1649623681182984193 72.444975 0.000000
1649623681183435920 72.456697 0.000000
1649623681183499670 72.310804 0.000000
1649623681255721776 72.295114 0.000000
1649623681319630357 72.470723 0.000000
1649623681327762383 72.401142 0.000000
1649623681359739517 72.462338 0.000000
1649623681397647870 72.415992 0.000000
1649623681431918904 144.739518 0.000000
1649623681504554867 72.447229 0.000000
1649623681544866396 72.472306 0.000000
1649623681609518090 72.635372 0.000000
1649623681617246640 72.375215 0.000000
1649623681617723093 72.433423 0.000000
1649623681883294967 144.595829 0.000000
1649623681907425919 72.493847 0.000000
1649623682116534993 144.771358 0.000000
1649623682156050839 144.601158 0.000000
1649623682189125570 72.405190 0.000000
1649623682341221420 144.464161 0.000000
1649623682486075573 144.599375 0.000000
1649623682559484555 72.555042 0.000000
1649623682664277760 144.732595 0.000000
1649623682664496760 72.475413 0.000000
1649623682774670372 72.561714 0.000000
1649623682913124506 72.376768 0.000000
1649623682919806914 72.526738 0.000000
1649623682954077868 72.443743 0.000000
1649623682991973176 144.667583 0.000000
1649623683114015711 72.546315 0.000000
1649623683138931585 72.554139 0.000000
1649623683186012716 72.448321 0.000000
1649623683186043303 72.439915 0.000000
1649623683202176632 144.672733 0.000000
1649623683202541666 144.615776 0.000000
1649623683258763775 72.593223 0.000000
1649623683308413232 72.422744 0.000000
1649623683419659824 144.703060 0.000000
1649623683475930154 72.358423 0.000000
1649623683565024685 72.555022 0.000000
1649623683597882819 144.532800 0.000000
1649623683637421631 72.729129 0.000000
1649623683670438703 72.336021 0.000000
1649623684144709630 144.621247 0.000000
1649623684217584111 72.610156 0.000000
1649623684322353890 72.658495 0.000000
1649623684361795749 72.464803 0.000000
1649623684434073781 144.565072 0.000000
1649623684434914196 72.505348 0.000000
1649623684579763460 72.385604 0.000000
1649623684587463757 144.578296 0.000000
1649623684612156172 72.545032 0.000000
1649623684779937481 72.600777 0.000000
1649623684796996754 72.411222 0.000000
1649623684869474841 72.770084 0.000000
1649623684877249928 144.826561 0.000000
1649623684949884600 72.672302 0.000000
1649623685159083560 72.581181 0.000000
1649623685174435894 72.562736 0.000000
1649623685239597774 72.424366 0.000000
1649623685376486303 72.683242 0.000000
1649623685463965605 144.537480 0.000000
1649623685553787570 144.606649 0.000000
1649623685568505343 72.717305 0.000000
1649623685593977070 72.381717 0.000000
1649623685681008903 72.410660 0.000000
1649623685696848831 144.647295 0.000000
1649623685858199122 144.768572 0.000000
1649623686091694085 72.467386 0.000000
1649623686115783639 72.466996 0.000000
1649623686131513641 72.495821 0.000000
1649623686276210850 144.488517 0.000000
1649623686365655407 72.340389 0.000000
1649623686421056987 72.348294 0.000000
1649623686463075968 144.727896 0.000000
1649623686478228867 72.421631 0.000000
1649623686478396822 72.447029 0.000000
1649623686535288898 144.601078 0.000000
1649623686535584462 72.502613 0.000000
1649623686608057509 72.355418 0.000000
1649623686638940010 144.647866 0.000000
1649623686783855739 72.439084 0.000000
1649623686985670765 72.462719 0.000000
1649623687074000592 72.628188 0.000000
1649623687218763444 144.776998 0.000000
1649623687275205376 144.603413 0.000000
1649623687306898175 144.683563 0.000000
1649623687347850536 72.428644 0.000000
1649623687363450413 144.680777 0.000000
1649623687363492903 72.649939 0.000000
1649623687363799378 72.447390 0.000000
1649623687452251594 72.536326 0.000000
1649623687508816766 72.337944 0.000000
1649623688015534536 72.677871 0.000000
1649623688087508297 144.625023 0.000000
1649623688104373298 72.482075 0.000000
1649623688176837559 72.424767 0.000000
1649623688305628886 72.647645 0.000000
1649623688321867992 72.527079 0.000000
1649623688346797601 72.597020 0.000000
1649623688378132130 72.697739 0.000000
1649623688419188895 72.399590 0.000000
1649623688596098168 72.656381 0.000000
1649623688683909843 144.674446 0.000000
1649623688684000493 72.398688 0.000000
1649623688829083034 72.405461 0.000000
1649623688854124353 72.471904 0.000000
1649623688958744562 144.649398 0.000000
1649623688973933289 72.441989 0.000000
1649623689031221978 72.362140 0.000000
1649623689143645397 72.481583 0.000000
1649623689175261052 144.893737 0.000000
1649623689175456709 72.654728 0.000000
1649623689433305052 72.528442 0.000000
1649623689537701831 72.558177 0.000000
1649623689537762555 72.637335 0.000000
1649623689578404564 72.651923 0.000000
1649623689610427913 144.780414 0.000000
1649623689683127515 72.469340 0.000000
1649623689754264007 72.494188 0.000000
1649623689828049185 144.689915 0.000000
1649623689899904865 144.538831 0.000000
1649623689901147524 72.698138 0.000000
1649623689973093374 72.643558 0.000000
1649623690261060594 144.671621 0.000000
1649623690261498115 72.413025 0.000000
1649623690261674075 72.558869 0.000000
1649623690478968523 72.542918 0.000000
1649623690480703266 144.619463 0.000000
1649623690512189247 72.649879 0.000000
1649623690526573356 72.451848 0.000000
1649623690553176133 72.414358 0.000000
1649623690584985411 72.900810 0.000000
1649623690695544765 72.431510 0.000000
1649623690744060827 72.596118 0.000000
1649623690947050555 144.783370 0.000000
1649623690984781106 144.559170 0.000000
1649623691106397771 72.458079 0.000000
1649623691251429987 72.653225 0.000000
1649623691275174135 72.475933 0.000000
1649623691396093342 144.682441 0.000000
1649623691454566151 72.411673 0.000000
1649623691468473054 144.684674 0.000000
1649623691527005485 72.421040 0.000000
1649623691637696446 72.496682 0.000000
1649623691671851763 72.430377 0.000000
1649623691903425493 72.368571 0.000000
1649623691927528533 144.668474 0.000000
1649623691929062899 72.315782 0.000000
1649623691961417430 72.457548 0.000000
1649623692073949433 72.452429 0.000000
1649623692106488099 72.413987 0.000000
1649623692120690777 72.399129 0.000000
1649623692146560960 72.637346 0.000000
1649623692193029924 72.329178 0.000000
1649623692193209160 72.467898 0.000000
1649623692251628348 72.577953 0.000000
1649623692338005723 72.367949 0.000000
1649623692434904355 72.441368 0.000000
1649623692700214728 72.459592 0.000000
1649623692725898321 72.329217 0.000000
1649623692831109979 72.532168 0.000000
1649623692870420301 144.518784 0.000000
1649623692942267074 72.341210 0.000000
1649623692990242531 72.471954 0.000000
1649623693048293329 144.721804 0.000000
1649623693048640580 72.510848 0.000000
1649623693048717184 72.596890 0.000000
1649623693121395196 72.674395 0.000000
1649623693194079008 72.685855 0.000000
1649623693232776631 72.394430 0.000000
1649623693265622252 144.776707 0.000000
1649623693266274826 72.501401 0.000000
1649623693266606027 72.489248 0.000000
1649623693305059582 72.593824 0.000000
1649623693497229375 144.598363 0.000000
1649623693497758837 72.786515 0.000000
1649623693556340971 144.577473 0.000000
1649623693642401062 144.695235 0.000000
1649623693739684957 144.760527 0.000000
1649623693787374889 144.584117 0.000000
1649623693917895378 72.449353 0.000000
1649623694062835912 144.700214 0.000000
1649623694076861177 144.670509 0.000000
1649623694102003897 72.461236 0.000000
1649623694319080447 144.704171 0.000000
1649623694327410214 72.529594 0.000000
1649623694383065880 144.580610 0.000000
1649623694439539592 72.404269 0.000000
1649623694617149917 144.705815 0.000000
1649623694657196679 72.527099 0.000000
1649623694689517186 72.358983 0.000000
1649623694689608217 144.673654 0.000000
1649623694753738973 72.432321 0.000000
1649623694779075065 72.439393 0.000000
1649623694874206454 144.596369 0.000000
1649623694995739312 72.492323 0.000000
1649623695012157013 72.368711 0.000000
1649623695035092003 72.443702 0.000000
1649623695068209754 72.536926 0.000000
1649623695091402839 72.359274 0.000000
1649623695091430250 72.400632 0.000000
1649623695236405168 72.638758 0.000000
1649623695251794291 72.492924 0.000000
1649623695301480045 144.619713 0.000000
1649623695308560821 144.766128 0.000000
1649623695308988312 72.581060 0.000000
1649623695470015777 72.482675 0.000000
1649623695470057715 72.542457 0.000000
1649623695646176145 72.398328 0.000000
1649623695663892731 72.530235 0.000000
1649623695718740433 72.558076 0.000000
1649623695864681503 144.552617 0.000000
1649623695905063654 72.632065 0.000000
1649623695969263921 144.593744 0.000000
1649623696113960037 144.691177 0.000000
1649623696154366143 144.584276 0.000000
1649623696178702821 144.554541 0.000000
1649623696226527285 72.678192 0.000000
1649623696226577700 72.440486 0.000000
1649623696298778627 72.546675 0.000000
1649623696411966519 72.518763 0.000000
1649623696532741055 72.428083 0.000000
1649623696532759380 72.448412 0.000000
1649623696605152267 72.401303 0.000000
1649623696629071923 72.356679 0.000000
1649623696701451264 72.370265 0.000000
1649623696774265481 72.399649 0.000000
1649623696774418858 144.664697 0.000000
1649623696805853825 144.538330 0.000000
1649623696838291501 72.566203 0.000000
1649623696894591377 144.676871 0.000000
1649623696919417141 72.419637 0.000000
1649623697063994785 144.602921 0.000000
1649623697136468834 72.471074 0.000000
1649623697168042460 144.570180 0.000000
1649623697217628537 72.435917 0.000000
1649623697272799356 72.450055 0.000000
1649623697353434856 144.511671 0.000000
1649623697457916245 72.574267 0.000000
1649623697489867539 144.627917 0.000000
1649623697507226645 144.632246 0.000000
1649623697507436889 72.303359 0.000000
1649623697635935507 72.385764 0.000000
1649623697675400218 144.908323 0.000000
1649623697707346393 72.438683 0.000000
1649623697852863218 72.344717 0.000000
1649623697886028127 72.383139 0.000000
1649623697965277419 72.438492 0.000000
1649623698142051446 144.469510 0.000000
1649623698142517219 72.411131 0.000000
1649623698160108030 144.721253 0.000000
1649623698175520136 144.716124 0.000000
1649623698303851711 72.399891 0.000000
1649623698430882135 144.535685 0.000000
1649623698480836803 72.412354 0.000000
1649623698521145196 72.419536 0.000000
1649623698576164069 72.349716 0.000000
1649623698610344543 72.407614 0.000000
1649623698648695837 72.559039 0.000000
1649623698739902366 72.378659 0.000000
1649623698899740913 144.657554 0.000000
1649623698899776048 144.652293 0.000000
1649623698956815810 72.393488 0.000000
1649623698972587259 72.585477 0.000000
1649623698972733383 72.495759 0.000000
1649623699029420435 72.544172 0.000000
1649623699189316698 144.725931 0.000000
1649623699229151603 144.619832 0.000000
1649623699390942169 72.369193 0.000000
1649623699429132520 72.374813 0.000000
1649623699479574792 144.597682 0.000000
1649623699624913203 72.513032 0.000000
1649623699662953162 72.529382 0.000000
1649623699711567647 144.558146 0.000000
1649623699735053901 144.653124 0.000000
1649623699880877210 72.480260 0.000000
1649623699936796001 144.843542 0.000000
1649623699986872287 72.528521 0.000000
1649623700059388175 144.933190 0.000000
1649623700059451463 72.352491 0.000000
1649623700097116831 144.555071 0.000000
1649623700131872022 72.411983 0.000000
1649623700260378334 72.400461 0.000000
1649623700323253256 72.357881 0.000000
1649623700421203669 72.426519 0.000000
1649623700436242365 144.907041 0.000000
1649623700540436866 144.718398 0.000000
1649623700566445078 72.634460 0.000000
1649623700677527182 72.521899 0.000000
1649623700733241688 144.531618 0.000000
1649623700733617413 72.428573 0.000000
1649623700767789280 72.479198 0.000000
1649623700798589898 72.532790 0.000000
1649623700805838929 144.679434 0.000000
1649623700837741702 144.568105 0.000000
1649623700950455315 144.658745 0.000000
1649623700966796592 144.654067 0.000000
1649623701023056912 72.455725 0.000000
1649623701057736492 72.744696 0.000000
1649623701088354927 72.416772 0.000000
1649623701111952339 72.378530 0.000000
1649623701177045250 72.617568 0.000000
1649623701394498455 72.435796 0.000000
1649623701546390642 72.399109 0.000000
1649623701564494705 72.445745 0.000000
1649623701595590435 144.690885 0.000000
1649623701611597696 72.432641 0.000000
1649623701636913410 72.416602 0.000000
1649623701691780498 144.685806 0.000000
1649623701708980736 72.491081 0.000000
1649623701892464414 72.448020 0.000000
1649623701926586348 72.391565 0.000000
1649623702119123990 72.451728 0.000000
1649623702182255823 144.671930 0.000000
1649623702191632022 72.448901 0.000000
1649623702247812724 72.604644 0.000000
1649623702264186623 72.515838 0.000000
1649623702271591756 144.652264 0.000000
1649623702320289468 72.458770 0.000000
1649623702320350262 72.529573 0.000000
1649623702472359638 72.571723 0.000000
1649623702562106762 72.518873 0.000000
1649623702578305242 144.705593 0.000000
1649623702609421020 72.405170 0.000000
1649623702706783421 144.633829 0.000000
1649623702899743045 72.375595 0.000000
1649623702924573759 72.690626 0.000000
1649623702956630982 72.393810 0.000000
1649623703133055142 72.551784 0.000000
1649623703148929454 72.406652 0.000000
1649623703189453832 72.627146 0.000000
1649623703334318304 72.428484 0.000000
1649623703391244893 72.619823 0.000000
1649623703391273617 72.677311 0.000000
1649623703463677424 72.449452 0.000000
1649623703479413136 72.507030 0.000000
1649623703479457459 72.550832 0.000000
1649623703640209448 144.660640 0.000000
1649623703697120157 72.410158 0.000000
