1649623555437797680 53.690395 888.616018 886 48 0.000000
1649623556442559443 54.069140 880.805811 885 48 0.000000
1649623557440883315 53.867300 904.516068 903 48 0.000000
1649623558445663802 55.737655 863.870297 868 48 0.000000
1649623559444911695 55.940325 850.639764 850 48 0.000000
1649623560449598225 53.257567 890.825112 895 48 0.000000
1649623561450183926 56.108337 868.491306 869 48 0.000000
1649623562453738482 55.732416 856.953943 860 48 0.000000
1649623563453261108 57.880275 826.394483 826 48 0.000000
1649623564450054588 58.516475 825.647447 823 48 0.000000
1649623565458261484 59.325205 805.390270 812 48 0.000000
1649623566454357825 56.586811 850.319331 847 48 0.000000
1649623567459097150 56.549414 844.995251 849 48 0.000000
1649623568457351415 59.087911 820.432290 819 48 0.000000
1649623569463131751 59.052026 802.362110 807 47 0.000000
1649623570460009695 57.573436 836.611933 834 48 0.000000
1649623571465963935 58.315383 822.104990 827 48 0.000000
1649623572465263168 59.465577 820.574966 820 48 0.000000
1649623573472097648 60.017910 791.589973 797 48 0.000000
1649623574468780914 60.019499 805.672175 803 48 0.000000
1649623575474573319 61.187864 775.507968 780 48 0.000000
1649623576477812035 58.886044 819.346337 822 48 0.000000
1649623577475052064 58.361143 814.247332 812 48 0.000000
1649623578472417599 59.852121 804.118333 802 48 0.000000
1649623579479333358 57.463951 837.210082 843 48 0.000000
1649623580477925800 59.130943 813.144613 812 48 0.000000
1649623581483711359 58.500535 819.260122 824 48 0.000000
1649623582487871870 56.865702 834.527921 838 48 0.000000
1649623583487251408 57.727447 841.522158 841 48 0.000000
1649623584491782162 57.555001 828.247349 832 48 0.000000
1649623585490733846 60.195831 803.842721 803 48 0.000000
1649623586489142541 58.905627 811.290955 810 48 0.000000
1649623587496119150 54.207799 896.743752 903 48 0.000000
1649623588493506990 56.836410 840.194782 838 48 0.000000
1649623589500288011 55.741798 857.187428 863 48 0.000000
1649623590497733198 58.795191 816.084920 814 48 0.000000
1649623591503117630 57.641584 831.522731 836 48 0.000000
1649623592507781850 56.920106 842.072381 846 48 0.000000
1649623593506654171 58.362652 818.923507 818 48 0.000000
1649623594504279703 56.278659 858.037357 856 48 0.000000
1649623595510481766 53.412779 898.427903 904 48 0.000000
1649623596513048993 59.170718 815.905386 818 48 0.000000
1649623597513506294 58.811771 806.631127 807 48 0.000000
1649623598511979102 57.933640 830.267978 829 48 0.000000
1649623599517564386 62.261335 771.689877 776 48 0.000000
1649623600521265006 58.190988 829.928750 833 48 0.000000
1649623601518729132 59.202600 805.041476 803 48 0.000000
1649623602524877511 61.543365 785.172486 790 48 0.000000
1649623603522359159 57.427951 832.095509 830 48 0.000000
1649623604528160204 59.226175 817.259060 822 48 0.000000
1649623605526698302 57.240799 833.218041 832 48 0.000000
1649623606532379092 60.243190 794.486697 799 48 0.000000
1649623607528666479 58.602408 821.048243 818 48 0.000000
1649623608536336016 60.689661 791.926229 798 48 0.000000
1649623609534709423 58.807346 807.313235 806 48 0.000000
1649623610532605675 57.187482 849.787748 848 48 0.000000
1649623611538798552 57.833352 822.903874 828 48 0.000000
1649623612536710432 58.250528 825.724144 824 48 0.000000
1649623613542720586 58.640801 817.089210 822 48 0.000000
1649623614547389414 58.880483 812.207949 816 48 0.000000
1649623615545428692 57.685812 833.634475 832 48 0.000000
1649623616544754170 57.669898 841.567596 841 48 0.000000
1649623617553659961 57.589624 824.655887 832 48 0.000000
1649623618555016066 59.296855 810.900342 812 48 0.000000
1649623619552351873 59.007274 814.169104 812 48 0.000000
1649623620557495227 56.842234 844.655629 849 48 0.000000
1649623621558468844 55.897063 850.172258 851 48 0.000000
1649623622560925470 60.204540 804.024836 806 48 0.000000
1649623623562152791 57.055207 836.972682 838 48 0.000000
1649623624559662501 58.453857 824.052211 822 48 0.000000
1649623625565215732 57.056057 844.311327 849 48 0.000000
1649623626563917457 59.739682 802.041270 801 48 0.000000
1649623627557333991 56.036556 868.719201 863 48 0.000000
1649623628571233619 58.780462 818.621474 830 48 0.000000
1649623629568013198 57.658023 819.639568 817 48 0.000000
1649623630574495738 59.618556 802.795828 808 48 0.000000
1649623631577478036 59.523409 805.597396 808 48 0.000000
1649623632576375153 60.293675 795.877839 795 48 0.000000
1649623633573850455 59.945972 807.037519 805 48 0.000000
1649623634580354924 57.701024 837.552167 843 48 0.000000
1649623635577936815 58.843569 802.941593 801 48 0.000000
1649623636575562457 58.328259 834.982581 833 48 0.000000
1649623637588179906 61.246523 770.281003 780 48 0.000000
1649623638588732334 61.664454 777.570401 778 48 0.000000
1649623639585500688 59.827772 799.583957 797 48 0.000000
1649623640591982763 60.600992 794.847793 800 48 0.000000
1649623641591609774 60.552697 800.298527 800 48 0.000000
1649623642588169345 59.852716 803.765273 801 48 0.000000
1649623643595057620 60.551530 791.547626 797 48 0.000000
1649623644600403733 60.442042 790.772441 795 48 0.000000
1649623645599127530 60.396317 800.020909 799 48 0.000000
1649623646604107245 61.300311 770.164844 774 48 0.000000
1649623647602709863 60.249010 803.122277 802 48 0.000000
1649623648600876965 62.113107 777.424964 776 48 0.000000
1649623649606116956 60.251922 796.824646 801 48 0.000000
1649623650605427230 58.239215 822.567330 822 48 0.000000
1649623651609571427 61.237046 780.764289 784 48 0.000000
1649623652609245922 60.002156 798.259909 798 48 0.000000
1649623653615953314 61.705715 777.783057 783 48 0.000000
1649623654613220084 61.294924 786.148765 784 48 0.000000
1649623655619315527 59.105427 810.062319 815 48 0.000000
1649623656621166401 59.515834 809.501714 811 48 0.000000
1649623657623324632 59.895137 804.264165 806 48 0.000000
1649623658621524580 59.982221 790.422834 789 48 0.000000
1649623659622305607 60.623983 793.380380 794 48 0.000000
1649623660627763813 60.036372 799.635146 804 48 0.000000
1649623661627346703 57.975184 834.348308 834 48 0.000000
1649623662631968339 60.546202 784.374881 788 48 0.000000
1649623663630019386 61.023333 793.546585 792 48 0.000000
1649623664619841324 57.374835 839.544898 831 48 0.000000
1649623665633800736 58.217864 823.504404 835 48 0.000000
1649623666631545548 57.161165 841.898665 840 48 0.000000
1649623667637290157 59.283666 801.396284 806 48 0.000000
1649623668642334503 59.498415 814.889350 819 48 0.000000
1649623669641185167 60.417109 789.907926 789 48 0.000000
1649623670639418352 62.270357 770.361101 769 48 0.000000
1649623671644769262 59.277568 812.651575 817 48 0.000000
1649623672644568322 57.153717 835.167827 835 48 0.000000
1649623673648936238 58.141132 818.425188 822 48 0.000000
1649623674646878356 57.886549 839.727960 838 48 0.000000
1649623675653295442 56.475167 844.580348 850 48 0.000000
1649623676652869830 60.469989 800.340555 800 48 0.000000
1649623677658799501 59.485331 807.213545 812 48 0.000000
1649623678659081495 57.589169 838.763500 839 48 0.000000
1649623679661395778 57.802247 826.088165 828 48 0.000000
1649623680660976214 59.991278 792.332442 792 48 0.000000
1649623681666284379 59.577283 805.723089 810 48 0.000000
1649623682666157133 57.107863 846.107655 846 48 0.000000
1649623683670238478 59.058882 806.707581 810 48 0.000000
1649623684668950073 62.410315 772.995854 772 48 0.000000
1649623685666612382 57.501653 837.958973 836 48 0.000000
1649623686664510702 59.466854 804.691139 803 48 0.000000
1649623687676691409 59.091527 810.132050 820 48 0.000000
1649623688677182771 56.992239 838.587984 839 48 0.000000
1649623689675312844 61.214204 787.472516 786 48 0.000000
1649623690681598658 60.709428 784.071409 789 48 0.000000
1649623691681174341 58.926278 822.349003 822 48 0.000000
1649623692686073134 61.028066 781.173202 785 48 0.000000
1649623693685439724 57.668272 834.528590 834 48 0.000000
1649623694689608217 60.799105 792.695638 796 48 0.000000
1649623695689343628 58.879208 817.216210 817 48 0.000000
1649623696693265557 60.773761 784.921609 788 48 0.000000
1649623697694216406 59.068957 814.225786 815 48 0.000000
1649623698692649323 58.667979 818.282315 817 48 0.000000
1649623699697337268 58.575554 818.164491 822 48 0.000000
1649623700695307447 60.647179 795.614980 794 48 0.000000
1649623701701397178 58.116534 821.000313 826 48 0.000000
1649623702700270029 60.223066 796.898207 796 47 0.000000
1649623703706419773 62.021217 776.226368 781 48 0.000000
