1642013816306087543 145.282644 0.000000
1642013816326809730 177.276141 0.000000
1642013816370860250 176.927468 0.000000
1642013816415217254 177.016144 0.000000
1642013816464677695 177.418859 0.000000
1642013816474108735 145.249363 0.000000
1642013816510892041 176.950581 0.000000
1642013816552715314 176.826437 0.000000
1642013816599214705 176.873437 0.000000
1642013816637495429 176.990647 0.000000
1642013816641821068 177.142000 0.000000
1642013816669566450 145.157981 0.000000
1642013816688530232 176.792305 0.000000
1642013816770422079 177.427675 0.000000
1642013816818338697 176.993111 0.000000
1642013816959795398 144.931635 0.000000
1642013816992239270 176.945180 0.000000
1642013817084871745 177.015964 0.000000
1642013817084983995 176.925786 0.000000
1642013817214085716 177.442312 0.000000
1642013817250240143 145.041492 0.000000
1642013817302285801 176.793587 0.000000
1642013817614894484 145.066810 0.000000
1642013817792558573 176.828983 0.000000
1642013817969367527 176.807341 0.000000
1642013817970594628 176.909583 0.000000
1642013818012121898 177.019600 0.000000
1642013818236410250 177.231146 0.000000
1642013818268183806 144.972543 0.000000
1642013818278002934 176.987671 0.000000
1642013818544172569 177.174901 0.000000
1642013818558706506 145.416066 0.000000
1642013818621473221 144.989735 0.000000
1642013819067441008 145.212363 0.000000
1642013819211775034 177.212222 0.000000
1642013819342916018 177.267567 0.000000
1642013819346788949 176.679754 0.000000
1642013819387247665 177.326406 0.000000
1642013819575740473 145.088342 0.000000
1642013819697563129 177.207372 0.000000
1642013819697603775 177.122604 0.000000
1642013819831845643 176.841698 0.000000
1642013819866240159 144.995605 0.000000
1642013819967430427 176.921978 0.000000
1642013820140862973 177.161958 0.000000
1642013820157145457 145.051462 0.000000
1642013820186776485 176.821811 0.000000
1642013820363662125 176.702857 0.000000
1642013820406964861 177.197854 0.000000
1642013820629240342 176.946182 0.000000
1642013820811330048 145.123306 0.000000
1642013820853336095 176.874700 0.000000
1642013821247631933 145.277687 0.000000
1642013821382892981 176.851747 0.000000
1642013821384792262 176.976000 0.000000
1642013821516675065 176.896370 0.000000
1642013821561711174 176.917049 0.000000
1642013821610713236 145.109962 0.000000
1642013821745152162 144.902172 0.000000
1642013821781065748 145.193648 0.000000
1642013821782251852 176.968836 0.000000
1642013821872328824 177.043746 0.000000
1642013822264543211 144.999457 0.000000
1642013822448213670 177.310756 0.000000
1642013822448273252 177.312570 0.000000
1642013822537277203 177.164633 0.000000
1642013822773064483 144.932238 0.000000
1642013822891753884 177.237139 0.000000
1642013822919601669 145.169002 0.000000
1642013823052922911 144.911149 0.000000
1642013823282334909 145.111002 0.000000
1642013823291315695 176.833632 0.000000
1642013823335273221 177.062912 0.000000
1642013823335313907 177.243601 0.000000
1642013823336216409 177.095203 0.000000
1642013823646446283 176.906779 0.000000
1642013823705639440 144.897845 0.000000
1642013823996403341 145.134676 0.000000
1642013824008940173 145.084093 0.000000
1642013824105348807 145.080598 0.000000
1642013824133971735 177.068263 0.000000
1642013824177971318 176.994724 0.000000
1642013824214178044 145.015914 0.000000
1642013824226695700 145.111854 0.000000
1642013824399935716 177.519137 0.000000
1642013824400134018 176.704550 0.000000
1642013824533795998 176.995155 0.000000
1642013824576914781 176.978624 0.000000
1642013824798610814 177.021084 0.000000
1642013824953354685 145.122935 0.000000
1642013825021426667 176.917910 0.000000
1642013825122326941 145.033348 0.000000
1642013825286804700 177.432545 0.000000
1642013825330963322 177.199809 0.000000
1642013825421551162 177.363124 0.000000
1642013825463870376 177.063612 0.000000
1642013825534718082 144.975890 0.000000
1642013825554044121 177.117975 0.000000
1642013825598577977 177.026213 0.000000
1642013825679927288 145.140437 0.000000
1642013825685722332 177.229084 0.000000
1642013826084735515 177.320797 0.000000
1642013826174313723 176.973745 0.000000
1642013826188753463 144.930235 0.000000
1642013826439853088 177.020384 0.000000
1642013826466076768 145.481388 0.000000
1642013826484237313 177.109400 0.000000
1642013826572741157 177.432263 0.000000
1642013826611413382 145.335261 0.000000
1642013826617625547 176.939899 0.000000
1642013826705875798 177.187817 0.000000
1642013826842717560 145.020774 0.000000
1642013826883542252 176.936525 0.000000
1642013826974659145 145.059686 0.000000
1642013827010775411 144.909857 0.000000
1642013827119703242 145.042484 0.000000
1642013827133046346 145.155626 0.000000
1642013827150101629 177.363275 0.000000
1642013827194885032 176.874268 0.000000
1642013827350615333 144.986079 0.000000
1642013827372136809 177.250775 0.000000
1642013827638266570 176.895067 0.000000
1642013827859248305 145.274500 0.000000
1642013827860137842 176.894876 0.000000
1642013827860448695 177.274388 0.000000
1642013828215094915 176.755900 0.000000
1642013828222593873 145.253964 0.000000
1642013828368516368 145.032857 0.000000
1642013828480370865 176.768541 0.000000
1642013828526539676 176.686926 0.000000
1642013828586038787 145.200491 0.000000
1642013828880840858 176.904874 0.000000
1642013828924870750 177.079132 0.000000
1642013829101893988 176.885801 0.000000
1642013829190120362 177.156527 0.000000
1642013829279021050 177.186283 0.000000
1642013829279056346 177.161176 0.000000
1642013829279555842 177.045129 0.000000
1642013829456100964 177.042905 0.000000
1642013829500717394 176.824064 0.000000
1642013829544936940 177.052033 0.000000
1642013829633223527 177.121282 0.000000
1642013829698975109 145.025402 0.000000
1642013829811339815 176.977162 0.000000
1642013830121975188 177.166686 0.000000
1642013830165226621 177.126391 0.000000
1642013830254520526 177.039478 0.000000
1642013830300394544 177.162329 0.000000
1642013830331299359 145.047002 0.000000
1642013830344226633 176.792093 0.000000
1642013830403720755 144.830728 0.000000
1642013830609010561 176.967512 0.000000
1642013830654168598 176.852767 0.000000
1642013830698479396 177.023758 0.000000
1642013830743203999 176.980788 0.000000
1642013830832691096 176.813354 0.000000
1642013831052955585 177.091594 0.000000
1642013831276565908 177.202713 0.000000
1642013831276618227 177.055318 0.000000
1642013831319136635 177.140848 0.000000
1642013831348624114 145.074946 0.000000
1642013831364143166 176.953716 0.000000
1642013831407415746 176.930603 0.000000
1642013831541339769 177.194348 0.000000
1642013831809180128 177.414291 0.000000
1642013831809420238 177.238321 0.000000
1642013831851859476 177.475576 0.000000
1642013831940113301 177.056399 0.000000
1642013831984820944 176.939120 0.000000
1642013832117651906 177.284037 0.000000
1642013832135836797 145.225929 0.000000
1642013832383653307 177.243551 0.000000
1642013832439342715 145.189581 0.000000
1642013832439352233 145.170544 0.000000
1642013832472362075 177.082349 0.000000
1642013832607085495 176.767068 0.000000
1642013832649657984 177.028537 0.000000
1642013832783858083 176.770484 0.000000
1642013833004234153 177.121642 0.000000
1642013833311907475 144.901390 0.000000
1642013833477447114 144.900088 0.000000
1642013833493735179 176.993061 0.000000
1642013833493776176 176.945182 0.000000
1642013833625374858 177.104651 0.000000
1642013833761273121 176.788429 0.000000
1642013833761500998 176.783429 0.000000
1642013833848243290 177.042374 0.000000
1642013833848279137 177.114228 0.000000
1642013833966204637 145.086317 0.000000
1642013834100671916 145.185582 0.000000
1642013834115264212 177.036102 0.000000
1642013834116039545 176.804207 0.000000
1642013834131325501 144.977684 0.000000
1642013834158025665 177.074404 0.000000
1642013834469520651 177.395096 0.000000
1642013834547858457 144.986850 0.000000
1642013834610120718 145.326166 0.000000
1642013834646312315 176.789369 0.000000
1642013834778793602 177.034379 0.000000
1642013834824304679 177.058774 0.000000
1642013835134211007 177.048747 0.000000
1642013835191827037 145.052774 0.000000
1642013835399726307 176.955351 0.000000
1642013835482566173 145.304356 0.000000
1642013835488494016 176.957755 0.000000
1642013835488616696 176.723907 0.000000
1642013835533750226 177.143603 0.000000
1642013835754574334 177.238451 0.000000
1642013835948863280 144.977893 0.000000
1642013836020588781 177.123527 0.000000
1642013836020820736 176.559790 0.000000
1642013836155684819 176.781144 0.000000
1642013836197907974 176.986369 0.000000
1642013836220596246 145.149555 0.000000
1642013836428283538 145.179632 0.000000
1642013836510105076 176.732414 0.000000
1642013836646276709 145.253118 0.000000
1642013836775814038 176.890268 0.000000
1642013836775883288 177.006446 0.000000
1642013836875097260 145.237411 0.000000
1642013836908205787 177.080114 0.000000
1642013837020372341 145.271595 0.000000
1642013837130533746 177.266645 0.000000
1642013837184083463 145.109210 0.000000
1642013837308546899 176.776995 0.000000
1642013837440656429 177.324212 0.000000
1642013837573976819 176.929262 0.000000
1642013837617530137 176.873257 0.000000
1642013837617738017 176.837280 0.000000
1642013837662257915 176.984825 0.000000
1642013837705991491 177.283105 0.000000
1642013837747069258 145.082729 0.000000
1642013837839140981 176.700323 0.000000
1642013837972188329 177.368755 0.000000
1642013837972216522 177.263979 0.000000
1642013838038162288 144.973035 0.000000
1642013838110611154 145.205120 0.000000
1642013838174512037 145.169032 0.000000
1642013838194384521 176.989014 0.000000
1642013838255836531 145.224736 0.000000
1642013838392405442 145.246266 0.000000
1642013838681528548 177.062741 0.000000
1642013838859130661 176.969879 0.000000
1642013838901678533 145.357614 0.000000
1642013839036022733 176.939090 0.000000
1642013839192780340 145.455739 0.000000
1642013839291392734 145.180564 0.000000
1642013839435785652 176.854633 0.000000
1642013839437276877 177.079774 0.000000
1642013839483448984 145.119059 0.000000
1642013839612765638 176.978033 0.000000
1642013839708851386 145.352787 0.000000
1642013839746298216 176.837299 0.000000
1642013839879256487 177.136570 0.000000
1642013840211260821 145.437105 0.000000
1642013840722018205 177.086336 0.000000
1642013840767478037 176.684493 0.000000
1642013840810922010 177.146799 0.000000
1642013840988704271 177.113066 0.000000
1642013841032530769 176.967201 0.000000
1642013841234799385 145.138114 0.000000
1642013841343868532 176.851707 0.000000
1642013841521112964 177.210739 0.000000
1642013841832351269 176.968505 0.000000
1642013842097851361 176.821830 0.000000
1642013842124606889 145.037386 0.000000
1642013842249485543 145.176637 0.000000
1642013842319972912 177.077540 0.000000
1642013842497482822 177.063944 0.000000
1642013842542089545 176.985868 0.000000
1642013842674454354 176.979106 0.000000
1642013842851634063 177.177565 0.000000
1642013842852033191 176.995965 0.000000
1642013843141695130 144.886482 0.000000
1642013843164090503 176.931686 0.000000
1642013843428707971 176.929232 0.000000
1642013843430462750 177.123886 0.000000
1642013843559993876 144.871995 0.000000
1642013843649757361 144.935573 0.000000
1642013843783325757 176.975548 0.000000
1642013843784260279 177.045630 0.000000
1642013843784638728 176.993071 0.000000
1642013843922604157 145.002922 0.000000
1642013843995320294 145.090875 0.000000
1642013844049909540 177.119938 0.000000
1642013844093857167 177.325254 0.000000
1642013844405123715 176.951163 0.000000
1642013844431214205 145.027636 0.000000
1642013844538108595 177.035660 0.000000
1642013844582782304 176.824525 0.000000
1642013844721883842 144.999154 0.000000
1642013844794858925 145.213546 0.000000
1642013844938738360 177.254322 0.000000
1642013845247118927 177.390096 0.000000
1642013845291468117 177.077269 0.000000
1642013845335820662 176.863309 0.000000
1642013845376240697 145.422457 0.000000
1642013845512780591 176.959027 0.000000
1642013845558290527 176.792937 0.000000
1642013845601950355 177.194691 0.000000
1642013845646563048 177.079072 0.000000
1642013845956923037 176.937507 0.000000
1642013846045974568 177.036613 0.000000
1642013846248947382 145.321438 0.000000
1642013846311894968 177.296410 0.000000
1642013846355880023 177.151658 0.000000
1642013846622097832 177.192206 0.000000
1642013846888550799 177.127924 0.000000
1642013847111568691 177.462440 0.000000
1642013847420752756 177.057973 0.000000
1642013847484866768 145.100805 0.000000
1642013847555992513 177.587446 0.000000
1642013847821930014 177.165934 0.000000
1642013847993821703 145.168451 0.000000
1642013847997727695 176.981972 0.000000
1642013848087825979 177.097698 0.000000
1642013848211960859 144.904286 0.000000
1642013848220467236 176.750005 0.000000
1642013848307835091 176.824545 0.000000
1642013848429819841 145.142032 0.000000
1642013848516378078 144.883006 0.000000
1642013848574930102 144.906449 0.000000
1642013848664238765 177.474413 0.000000
1642013848841482918 177.434840 0.000000
1642013849019101863 177.111614 0.000000
1642013849194228365 177.158852 0.000000
1642013849194549136 176.803485 0.000000
1642013849329829931 176.892213 0.000000
1642013849330332013 177.026615 0.000000
1642013849726694316 177.221569 0.000000
1642013849727824815 177.073862 0.000000
1642013849751400011 144.798678 0.000000
1642013849862014345 177.091716 0.000000
1642013849993147464 177.078260 0.000000
1642013850038352328 177.256195 0.000000
1642013850114466958 145.007009 0.000000
1642013850174984457 145.027767 0.000000
1642013850348292539 176.965398 0.000000
1642013850482329171 177.020891 0.000000
1642013850748473081 177.125780 0.000000
1642013850837624049 177.259272 0.000000
1642013851103528287 177.071548 0.000000
1642013851146042187 176.969137 0.000000
1642013851277792194 145.227873 0.000000
1642013851323467339 176.779070 0.000000
1642013851411096293 145.254714 0.000000
1642013851500448697 176.783287 0.000000
1642013851556140191 145.041523 0.000000
1642013851634781176 176.828543 0.000000
1642013851773984294 145.111044 0.000000
1642013851944628614 177.014051 0.000000
1642013852121287619 176.805560 0.000000
1642013852137276373 145.159024 0.000000
1642013852138145001 144.857559 0.000000
1642013852210586002 145.076858 0.000000
1642013852431783221 176.741870 0.000000
1642013852791976331 145.127264 0.000000
1642013852834049382 177.878971 0.000000
1642013853009553763 177.013489 0.000000
1642013853053574738 177.225267 0.000000
1642013853082495142 144.995286 0.000000
1642013853098718075 176.666058 0.000000
1642013853230256987 177.202685 0.000000
1642013853445545069 145.002201 0.000000
1642013853445583401 145.130511 0.000000
1642013853529093644 144.913263 0.000000
1642013853808754191 145.127254 0.000000
1642013853808929871 145.251478 0.000000
1642013854163454202 176.660268 0.000000
1642013854294475371 177.320825 0.000000
1642013854390320999 145.057813 0.000000
1642013854535865696 145.095264 0.000000
1642013854606507195 177.437304 0.000000
1642013854681203555 145.337208 0.000000
1642013854696165113 177.115562 0.000000
1642013854826478085 177.036793 0.000000
1642013854960574389 176.856705 0.000000
1642013854961781162 177.142301 0.000000
1642013855316385984 176.897391 0.000000
1642013855344852570 145.009112 0.000000
1642013855358923268 177.033047 0.000000
1642013855404028876 176.746249 0.000000
1642013855407753377 145.024521 0.000000
1642013855635398303 145.117215 0.000000
1642013855670726282 176.863168 0.000000
1642013855853038074 145.041082 0.000000
1642013855891466534 176.938550 0.000000
1642013855891863959 176.857307 0.000000
1642013856068262416 176.868718 0.000000
1642013856202897530 176.949610 0.000000
1642013856216178067 145.045270 0.000000
1642013856290837298 176.907240 0.000000
1642013856353648358 145.176327 0.000000
1642013856379820371 176.962865 0.000000
1642013856467361100 176.875090 0.000000
1642013856467780736 176.767749 0.000000
1642013856556219678 176.846086 0.000000
1642013856600492375 177.227862 0.000000
1642013856733453352 177.089022 0.000000
1642013856733509587 177.302873 0.000000
1642013856867369899 176.635290 0.000000
1642013856956854011 177.596242 0.000000
1642013857087912532 177.229715 0.000000
1642013857310143960 177.179902 0.000000
1642013857620548892 176.858129 0.000000
1642013857805750252 144.838302 0.000000
1642013857930633645 177.013841 0.000000
1642013858177856925 145.112186 0.000000
1642013858329662769 177.069826 0.000000
1642013858374129198 177.051000 0.000000
1642013858418795532 177.011295 0.000000
1642013858540814316 144.998603 0.000000
1642013858596725760 176.919082 0.000000
1642013858751812034 145.012780 0.000000
1642013858823136543 145.221630 0.000000
1642013858994343869 176.930104 0.000000
1642013859113666127 145.044088 0.000000
1642013859261628536 177.035431 0.000000
1642013859306991035 177.143183 0.000000
1642013859349800056 177.518956 0.000000
1642013859349817359 177.172727 0.000000
1642013859615719856 177.127343 0.000000
1642013859749617960 177.057252 0.000000
1642013859792989546 177.268047 0.000000
1642013859970287940 177.296280 0.000000
1642013859971426053 176.885049 0.000000
1642013860277186971 145.016215 0.000000
1642013860503112885 177.627010 0.000000
1642013860503812897 177.124538 0.000000
1642013860548179078 177.207903 0.000000
1642013860713036000 145.364159 0.000000
1642013860859087165 177.152080 0.000000
1642013860903814052 176.931095 0.000000
1642013861036652589 177.151919 0.000000
1642013861213380274 176.930104 0.000000
1642013861257370731 176.741259 0.000000
1642013861258840165 176.662832 0.000000
1642013861879762974 177.065948 0.000000
1642013862011232083 177.163932 0.000000
1642013862012008319 176.967735 0.000000
1642013862057006043 177.105681 0.000000
1642013862100863672 177.067902 0.000000
1642013862189733894 177.191845 0.000000
1642013862410620470 177.128335 0.000000
1642013862412482922 177.399283 0.000000
1642013862459174082 145.134219 0.000000
1642013862543895605 176.921097 0.000000
1642013862854476119 177.489733 0.000000
1642013862968278298 145.185353 0.000000
1642013863165754569 177.035701 0.000000
1642013863258883564 145.256886 0.000000
1642013863342160881 177.239995 0.000000
1642013863520290203 177.159844 0.000000
1642013863874805408 177.148714 0.000000
1642013863986095558 145.215450 0.000000
1642013864362811232 176.964979 0.000000
1642013864496305568 176.969327 0.000000
1642013864541572448 177.214187 0.000000
1642013864674172517 176.976159 0.000000
1642013864789697879 145.125032 0.000000
1642013864851945001 176.844885 0.000000
1642013864939507821 177.223934 0.000000
1642013865003571479 145.142132 0.000000
1642013865076276364 145.098097 0.000000
1642013865116620046 177.110622 0.000000
1642013865250977430 177.221621 0.000000
1642013865337981794 176.941695 0.000000
1642013865383897901 177.137562 0.000000
1642013865427461207 176.873538 0.000000
1642013865561073934 177.108638 0.000000
1642013865782099423 176.769523 0.000000
1642013865869954422 177.029772 0.000000
1642013865914823937 177.285050 0.000000
1642013866269951398 176.976539 0.000000
1642013866388033361 144.845606 0.000000
1642013866402859866 177.058683 0.000000
1642013866624348763 176.761348 0.000000
1642013866748761385 145.174653 0.000000
1642013866935043180 176.825288 0.000000
1642013866978581436 176.753680 0.000000
1642013867113018142 176.773129 0.000000
1642013867288969491 176.611256 0.000000
1642013867333441681 177.766082 0.000000
1642013867333462380 177.813942 0.000000
1642013867510598509 177.155636 0.000000
1642013867776740084 177.172948 0.000000
1642013868130234142 144.847350 0.000000
1642013868221719899 177.141220 0.000000
1642013868275352953 145.116957 0.000000
1642013868398784255 176.898335 0.000000
1642013868621380657 176.925384 0.000000
1642013868664317740 176.850464 0.000000
1642013868709986031 177.002278 0.000000
1642013868797705837 177.215750 0.000000
1642013868857206720 145.237712 0.000000
1642013869002725028 145.282336 0.000000
1642013869018569451 177.103059 0.000000
1642013869064454098 176.789329 0.000000
1642013869065060645 176.716442 0.000000
1642013869293323741 145.180755 0.000000
1642013869293328490 145.156680 0.000000
1642013869330493632 177.266565 0.000000
1642013869508060760 176.972884 0.000000
1642013869639244245 177.160907 0.000000
1642013869951945182 176.779441 0.000000
1642013869993359379 177.121433 0.000000
1642013870040149786 176.887905 0.000000
1642013870259073051 177.080955 0.000000
1642013870305464550 176.747932 0.000000
1642013870349422716 177.255342 0.000000
1642013870484287312 176.841127 0.000000
1642013870601479347 145.055510 0.000000
1642013870673844497 145.027126 0.000000
1642013870703998125 177.018540 0.000000
1642013871193287555 176.924241 0.000000
1642013871324393766 177.053926 0.000000
1642013871370389469 177.022164 0.000000
1642013871590534979 177.604951 0.000000
1642013871619121220 145.281665 0.000000
1642013871678736438 177.373545 0.000000
1642013871764576369 145.003382 0.000000
1642013871856452342 177.160513 0.000000
1642013872200919292 145.150487 0.000000
1642013872257687083 177.002039 0.000000
1642013872346057678 177.114670 0.000000
1642013872434960179 177.272205 0.000000
1642013872491491617 145.244053 0.000000
1642013872491537102 145.183720 0.000000
1642013872566481196 176.692748 0.000000
1642013872654706529 177.070967 0.000000
1642013872709829507 145.394587 0.000000
1642013873073338501 145.150136 0.000000
1642013873142643686 177.066211 0.000000
1642013873218523444 144.974598 0.000000
1642013873275458417 177.180443 0.000000
1642013873319757543 177.112957 0.000000
1642013873410333453 176.822643 0.000000
1642013873498914611 176.675846 0.000000
1642013873582118782 145.288847 0.000000
1642013873727393422 145.273708 0.000000
1642013873808038474 176.765135 0.000000
1642013873895856312 177.154415 0.000000
1642013873985456192 177.101535 0.000000
1642013874017940890 145.039200 0.000000
1642013874030088121 176.999233 0.000000
1642013874030258891 177.095213 0.000000
1642013874118062833 177.113287 0.000000
1642013874606156393 176.731371 0.000000
1642013874740781269 176.919353 0.000000
1642013874782998993 177.268788 0.000000
1642013874890373403 145.052744 0.000000
1642013874963409211 145.113799 0.000000
1642013875138453386 177.820931 0.000000
1642013875617694073 145.197176 0.000000
1642013875670717002 177.369036 0.000000
1642013875758874338 177.068634 0.000000
1642013875892486485 176.902211 0.000000
1642013875936438198 176.883786 0.000000
1642013876025857999 177.155855 0.000000
1642013876203086754 177.471500 0.000000
1642013876271579395 144.996560 0.000000
1642013876469173326 177.124879 0.000000
1642013876562488160 144.948639 0.000000
1642013876601000677 177.036914 0.000000
1642013876780453290 177.078672 0.000000
1642013876868189485 176.900277 0.000000
1642013876925954314 145.051071 0.000000
1642013876925954324 145.260634 0.000000
1642013876955831625 177.194179 0.000000
1642013877144706091 145.132286 0.000000
1642013877177983103 176.896122 0.000000
1642013877399559834 177.291079 0.000000
1642013877400253534 176.818944 0.000000
1642013877444053114 176.825188 0.000000
1642013877444217242 177.006898 0.000000
1642013877490289942 176.828583 0.000000
1642013877533840866 176.846828 0.000000
1642013877578849682 176.697048 0.000000
1642013877710721195 176.928409 0.000000
1642013877755701549 176.890820 0.000000
1642013878065224930 177.236288 0.000000
1642013878109584599 177.061150 0.000000
1642013878197531961 177.062432 0.000000
1642013878286305230 176.840596 0.000000
1642013878330523174 176.984887 0.000000
1642013878379645392 145.256847 0.000000
1642013878465584458 177.069455 0.000000
1642013878553590069 176.964308 0.000000
1642013878596061137 176.940362 0.000000
1642013878729741553 177.340603 0.000000
1642013878818290612 177.044990 0.000000
1642013878962291755 145.113407 0.000000
1642013878995425610 176.966752 0.000000
1642013879107395857 145.048428 0.000000
1642013879216901362 177.071750 0.000000
1642013879526940210 177.015324 0.000000
1642013879687986116 145.293066 0.000000
1642013880103731197 177.167930 0.000000
1642013880196709980 145.155727 0.000000
1642013880236655404 177.051571 0.000000
1642013880341874073 145.162009 0.000000
1642013880342723465 145.060950 0.000000
1642013880369586455 177.197164 0.000000
1642013880486969036 145.093731 0.000000
1642013880705784472 144.942168 0.000000
1642013880946877680 177.103940 0.000000
1642013880996582639 144.982672 0.000000
1642013881167757635 177.172318 0.000000
1642013881612441145 176.865062 0.000000
1642013881657264704 176.968035 0.000000
1642013881796878763 145.288366 0.000000
1642013882055228541 177.168411 0.000000
1642013882189247341 177.116223 0.000000
1642013882189675874 176.823614 0.000000
1642013882277810686 176.829735 0.000000
1642013882304156085 145.045059 0.000000
1642013882321289084 176.971010 0.000000
1642013882524871462 145.301571 0.000000
1642013882543634775 176.797845 0.000000
1642013882587273554 177.237199 0.000000
1642013882588056051 176.846737 0.000000
1642013882675963929 176.956604 0.000000
1642013882677281569 177.237680 0.000000
1642013882720750529 176.817284 0.000000
1642013882765348172 177.007868 0.000000
1642013882815398520 145.089643 0.000000
1642013882854348169 177.090174 0.000000
1642013883106115437 144.869993 0.000000
1642013883106288161 144.975171 0.000000
1642013883120192145 176.940764 0.000000
1642013883164591209 176.913744 0.000000
1642013883178816787 145.058987 0.000000
1642013883254015670 176.654998 0.000000
1642013883615060306 145.255605 0.000000
1642013883785999857 177.127111 0.000000
1642013883828744820 177.218694 0.000000
1642013884006043546 176.985869 0.000000
1642013884228709590 176.891952 0.000000
1642013884272427135 176.986800 0.000000
1642013884449465943 177.037214 0.000000
1642013884449498624 177.214137 0.000000
1642013884449688410 177.367734 0.000000
1642013884449989785 176.883005 0.000000
1642013884487024403 144.868840 0.000000
1642013884538372853 177.085725 0.000000
1642013884715675525 177.298384 0.000000
1642013884849307808 177.390534 0.000000
1642013884849735550 176.946702 0.000000
1642013884995411736 145.026097 0.000000
1642013885115952539 176.921448 0.000000
1642013885292640379 176.686778 0.000000
1642013885382261689 176.958198 0.000000
1642013885425583222 177.319574 0.000000
1642013885504044260 144.938231 0.000000
1642013885558422470 177.050069 0.000000
1642013885602940355 177.323720 0.000000
1642013885721933565 145.252176 0.000000
1642013885736318763 176.702345 0.000000
1642013885780660520 176.815960 0.000000
1642013885865425357 144.696480 0.000000
1642013885868685608 176.957288 0.000000
1642013886135416097 177.184871 0.000000
1642013886135738752 176.863829 0.000000
1642013886230757169 145.057593 0.000000
1642013886358343180 177.355352 0.000000
1642013886401815997 177.163682 0.000000
1642013886446531684 144.933682 0.000000
1642013886624418942 177.000716 0.000000
1642013886667536783 176.853440 0.000000
1642013886739087494 144.920054 0.000000
1642013886890383866 177.028088 0.000000
1642013886933417038 177.130241 0.000000
1642013886978374337 176.888135 0.000000
1642013887022434967 176.683232 0.000000
1642013887029423458 145.078724 0.000000
1642013887067311163 176.925945 0.000000
1642013887199392451 176.802484 0.000000
1642013887376738134 177.344460 0.000000
1642013887421318067 177.076798 0.000000
1642013887554197109 176.966662 0.000000
1642013887642515287 177.114793 0.000000
1642013887777209363 176.742834 0.000000
1642013887865849223 176.760136 0.000000
1642013888087110301 176.926286 0.000000
1642013888175209879 177.510953 0.000000
1642013888175691512 177.081809 0.000000
1642013888263797040 145.251197 0.000000
1642013888310249632 177.062572 0.000000
1642013888440977492 177.023648 0.000000
1642013888554805472 145.154537 0.000000
1642013888618490430 177.233564 0.000000
1642013888664701780 177.096747 0.000000
1642013888699613348 145.746025 0.000000
1642013888884854882 177.440311 0.000000
1642013888885831643 177.130810 0.000000
1642013888918453960 145.093352 0.000000
1642013889019230040 177.301100 0.000000
1642013889108728509 177.091486 0.000000
1642013889208527810 145.341958 0.000000
1642013889683565925 176.961122 0.000000
1642013889817246309 177.017647 0.000000
1642013889860483625 176.916798 0.000000
1642013890037889341 177.090836 0.000000
1642013890039178618 176.765837 0.000000
1642013890153487539 145.020726 0.000000
1642013890349989422 176.894977 0.000000
1642013890371588995 145.271727 0.000000
1642013890615623166 177.066860 0.000000
1642013890793390449 177.047894 0.000000
1642013890835981313 177.181868 0.000000
1642013891025970367 145.040922 0.000000
1642013891147316539 177.082028 0.000000
1642013891191706275 176.669935 0.000000
1642013891316481287 145.055681 0.000000
1642013891316595551 145.139018 0.000000
1642013891368992287 176.935525 0.000000
1642013891858016453 176.776456 0.000000
1642013892079286058 177.106895 0.000000
1642013892123714195 176.658736 0.000000
1642013892345551575 176.862168 0.000000
1642013892523260629 177.140728 0.000000
1642013892611333797 176.899818 0.000000
1642013892789270706 176.674222 0.000000
1642013893010631445 176.812405 0.000000
1642013893061003265 145.342668 0.000000
1642013893099448748 176.866265 0.000000
1642013893351367731 145.120753 0.000000
1642013893409891131 176.884738 0.000000
1642013893787959472 145.334262 0.000000
1642013893809702032 176.908814 0.000000
1642013893853359013 177.142121 0.000000
1642013893860208284 145.213927 0.000000
1642013893986477303 176.774580 0.000000
1642013894163821325 176.857140 0.000000
1642013894296219648 177.355973 0.000000
1642013894341424070 177.098850 0.000000
1642013894368964971 145.071430 0.000000
1642013894473820127 177.107766 0.000000
1642013894474235295 176.933569 0.000000
1642013894805303315 145.049347 0.000000
1642013894917418816 177.005727 0.000000
1642013895051156848 176.670648 0.000000
1642013895167961458 144.877145 0.000000
1642013895182979131 177.033257 0.000000
1642013895405595860 177.033777 0.000000
1642013895627060594 177.246739 0.000000
1642013895671030482 177.283346 0.000000
1642013895821738308 144.917871 0.000000
1642013895894850636 144.961700 0.000000
1642013895966881551 145.140969 0.000000
1642013896248132784 176.877285 0.000000
1642013896330538075 145.154534 0.000000
1642013896402921811 144.936286 0.000000
1642013896558314289 177.101555 0.000000
1642013896694205768 145.327889 0.000000
1642013896912510137 176.754857 0.000000
1642013896957606697 177.753317 0.000000
1642013897135026139 176.758433 0.000000
1642013897179462572 177.257017 0.000000
1642013897266295434 176.856095 0.000000
1642013897400621269 176.917540 0.000000
1642013897493554298 145.142764 0.000000
1642013897532735918 176.838470 0.000000
1642013897565950635 145.193667 0.000000
1642013897578456610 176.872445 0.000000
1642013897784056080 144.838062 0.000000
1642013897843382838 176.866976 0.000000
1642013897974927387 176.854170 0.000000
1642013898065286912 176.789269 0.000000
1642013898110346715 177.030536 0.000000
1642013898152073678 177.145730 0.000000
1642013898242516218 176.779042 0.000000
1642013898464351753 176.896451 0.000000
1642013898507286492 176.932448 0.000000
1642013898508437549 177.033368 0.000000
1642013898511344579 145.197485 0.000000
1642013898642776290 177.105504 0.000000
1642013898908359909 176.939491 0.000000
1642013899085359333 177.085736 0.000000
1642013899085750987 177.079604 0.000000
1642013899127362335 176.906189 0.000000
1642013899165477495 144.927857 0.000000
1642013899217713120 176.902280 0.000000
1642013899238259568 145.015724 0.000000
1642013899263402944 177.524177 0.000000
1642013899383623758 145.295611 0.000000
1642013899529111498 145.379056 0.000000
1642013899674043647 144.821391 0.000000
1642013899794799774 176.929953 0.000000
1642013899837108588 176.865102 0.000000
1642013899837703353 176.978604 0.000000
1642013899883001713 177.112235 0.000000
1642013899892404350 145.119159 0.000000
1642013900183286213 145.099692 0.000000
1642013900237668463 176.992832 0.000000
1642013900280436369 176.764363 0.000000
1642013900281733400 176.909896 0.000000
1642013900370485109 177.427618 0.000000
1642013900546576801 145.085065 0.000000
1642013900548444713 177.327218 0.000000
1642013900619500690 144.966363 0.000000
1642013900681049874 176.956274 0.000000
1642013900681415669 176.848973 0.000000
1642013900682509159 176.961262 0.000000
1642013900725339190 177.084804 0.000000
1642013900764485828 145.269000 0.000000
1642013900837616413 145.519712 0.000000
1642013900858425052 177.178439 0.000000
1642013900858769468 177.352606 0.000000
1642013900991286122 176.823134 0.000000
1642013901036303153 176.956714 0.000000
1642013901125106508 176.900317 0.000000
1642013901273740188 145.637372 0.000000
1642013901346418725 145.238983 0.000000
1642013901390391379 177.112816 0.000000
1642013901491629797 145.169363 0.000000
1642013901522616237 176.775525 0.000000
1642013901657343935 176.913202 0.000000
1642013901789346475 176.854091 0.000000
1642013901855495342 145.174194 0.000000
1642013901927868206 145.074595 0.000000
1642013902000825697 145.325297 0.000000
1642013902011506651 176.908614 0.000000
1642013902277540193 177.146209 0.000000
1642013902291529669 144.952236 0.000000
1642013902322059843 177.260654 0.000000
1642013902499122886 177.061751 0.000000
1642013902582251745 145.214358 0.000000
1642013902675601484 176.928682 0.000000
1642013902873237845 145.053627 0.000000
1642013902987304369 177.334921 0.000000
1642013902987340617 176.743762 0.000000
1642013903118992552 176.769272 0.000000
1642013903164115322 145.102840 0.000000
1642013903164926162 177.025696 0.000000
1642013903236768090 144.936836 0.000000
1642013903527682257 145.016217 0.000000
1642013903608840312 176.997952 0.000000
1642013903697935174 176.915447 0.000000
1642013903745158212 144.884870 0.000000
1642013903817696026 144.722948 0.000000
1642013903874770961 177.201463 0.000000
1642013903918251563 176.909135 0.000000
1642013904051923623 177.150267 0.000000
1642013904141198563 176.759484 0.000000
1642013904181632309 145.134855 0.000000
1642013904583784532 176.971341 0.000000
1642013904938562732 177.147102 0.000000
1642013905116089424 176.900919 0.000000
1642013905293826621 177.735744 0.000000
1642013905560661477 177.171427 0.000000
1642013905736509342 176.792296 0.000000
1642013905779623936 144.904115 0.000000
1642013905781591955 176.842650 0.000000
1642013905958676942 176.978707 0.000000
1642013906143137002 144.937511 0.000000
1642013906312298352 176.776295 0.000000
1642013906358055428 177.061568 0.000000
1642013906433075436 145.093941 0.000000
1642013906445746350 177.234253 0.000000
1642013906505971944 145.062075 0.000000
1642013906668664368 177.007430 0.000000
1642013906796541614 145.155738 0.000000
1642013906796574055 145.220359 0.000000
1642013906800435454 176.859842 0.000000
1642013907154944329 177.249416 0.000000
1642013907200334690 177.137235 0.000000
1642013907201119201 176.875343 0.000000
1642013907233016829 145.191597 0.000000
1642013907450957894 145.024261 0.000000
1642013907509466599 177.178671 0.000000
1642013907596517840 144.828255 0.000000
1642013907775624334 177.229294 0.000000
1642013907776206054 176.827841 0.000000
1642013908087239907 176.988983 0.000000
1642013908220337071 177.097718 0.000000
1642013908308711072 177.450591 0.000000
1642013908485660102 177.219066 0.000000
1642013908687131030 145.135119 0.000000
1642013908709030465 177.009692 0.000000
1642013908759854383 145.029852 0.000000
1642013908841048274 176.874719 0.000000
1642013909018902602 177.200242 0.000000
1642013909062216008 177.178668 0.000000
1642013909240881627 176.867459 0.000000
1642013909329622626 177.175624 0.000000
1642013909550117541 176.885451 0.000000
1642013909594872191 177.250986 0.000000
1642013909815683253 176.879536 0.000000
1642013909922979008 145.004653 0.000000
1642013909950430411 177.041963 0.000000
1642013909950462461 176.772437 0.000000
1642013910081640886 177.000066 0.000000
1642013910126646938 176.998072 0.000000
1642013910127227506 176.763634 0.000000
1642013910141139697 145.576116 0.000000
1642013910431508100 144.935285 0.000000
1642013910570353337 177.001868 0.000000
1642013910571628117 177.150677 0.000000
1642013910614379382 177.377482 0.000000
1642013910792217840 177.105364 0.000000
1642013910792263155 177.192467 0.000000
1642013910792373702 177.182077 0.000000
1642013910837096061 176.635492 0.000000
1642013910925145113 177.053545 0.000000
1642013910926138756 176.924223 0.000000
1642013910969547233 177.171667 0.000000
1642013911192118738 177.128675 0.000000
1642013911236488878 176.998382 0.000000
1642013911304608960 145.395117 0.000000
1642013911377017101 145.004535 0.000000
1642013911413837617 176.804550 0.000000
1642013911457334649 177.362735 0.000000
1642013911594856375 145.080626 0.000000
1642013911679304258 177.003082 0.000000
1642013911856271832 176.965841 0.000000
1642013911856317537 176.991108 0.000000
1642013911857642050 177.233353 0.000000
1642013911901265079 177.428027 0.000000
1642013912103859915 144.990607 0.000000
1642013912176507576 145.177379 0.000000
1642013912249169242 145.306873 0.000000
1642013912394653476 145.481799 0.000000
1642013912476977195 177.153343 0.000000
1642013912742685038 177.114460 0.000000
1642013912832850648 176.924845 0.000000
1642013912878795188 176.960641 0.000000
1642013912920438997 177.410455 0.000000
1642013913055330201 177.070787 0.000000
1642013913231224445 177.009294 0.000000
1642013913267280108 145.123479 0.000000
1642013913275776395 176.869952 0.000000
1642013913541845814 176.821790 0.000000
1642013913897679712 176.938729 0.000000
1642013913985868488 177.419295 0.000000
1642013914163872145 177.046984 0.000000
1642013914209577417 177.495064 0.000000
1642013914297373806 177.509081 0.000000
1642013914340776259 176.866914 0.000000
1642013914429522219 176.880320 0.000000
1642013914652688481 176.881874 0.000000
1642013914696075276 176.834876 0.000000
1642013914873136346 177.198208 0.000000
1642013914873404670 177.204490 0.000000
1642013914917639011 176.950930 0.000000
1642013914918966630 176.741618 0.000000
1642013915094786606 177.146422 0.000000
1642013915094864131 176.896223 0.000000
1642013915302770354 145.021335 0.000000
1642013915311471716 144.992310 0.000000
1642013915361234285 176.728396 0.000000
1642013915456341209 144.868130 0.000000
1642013915593567821 145.079695 0.000000
1642013915805681624 176.958497 0.000000
1642013916029560691 144.971972 0.000000
1642013916160406584 176.713478 0.000000
1642013916175299503 145.126655 0.000000
1642013916292549388 177.138335 0.000000
1642013916558235509 177.088531 0.000000
1642013916756444304 144.920286 0.000000
1642013916779939670 176.907872 0.000000
1642013916825669436 177.159001 0.000000
1642013916912944399 177.064456 0.000000
1642013916913752073 177.020264 0.000000
1642013917265030551 145.157500 0.000000
1642013917356603201 177.134568 0.000000
1642013917401704490 176.895953 0.000000
1642013917483472968 144.892654 0.000000
1642013917490544826 176.828414 0.000000
1642013917555519441 145.166750 0.000000
1642013917578668738 177.370519 0.000000
1642013917757203421 177.022939 0.000000
1642013917800050575 177.004404 0.000000
1642013917801019331 176.957095 0.000000
1642013917934281763 176.873749 0.000000
1642013918154817413 177.169883 0.000000
1642013918244096331 176.990196 0.000000
1642013918288015916 177.457102 0.000000
1642013918332034606 177.214929 0.000000
1642013918377375704 176.656281 0.000000
1642013918642704086 177.121352 0.000000
1642013918718736292 145.003054 0.000000
1642013918731133922 177.042346 0.000000
1642013918791106982 145.222915 0.000000
1642013918864136678 177.064658 0.000000
1642013918998329374 176.774793 0.000000
1642013919009032880 145.149787 0.000000
1642013919042471275 177.635816 0.000000
1642013919218766599 177.054196 0.000000
1642013919372005040 144.945354 0.000000
1642013919529599467 176.725952 0.000000
1642013919751725668 176.801873 0.000000
1642013919795866548 176.984616 0.000000
1642013920254695037 145.035973 0.000000
1642013920462147099 144.978454 0.000000
1642013920690463737 145.148485 0.000000
1642013920771579061 176.863901 0.000000
1642013920772881983 177.138936 0.000000
1642013920948697829 177.117846 0.000000
1642013921038493766 176.860855 0.000000
1642013921259883006 176.827261 0.000000
1642013921480790294 176.793479 0.000000
1642013921481488252 176.845105 0.000000
1642013921489867410 144.847491 0.000000
1642013921711523831 149.098380 0.000000
1642013921856633584 145.108490 0.000000
1642013921969109147 176.743955 0.000000
1642013922012817485 176.800070 0.000000
1642013922061474972 145.061952 0.000000
1642013922102393299 176.814417 0.000000
1642013922146944038 176.858340 0.000000
1642013922219638465 144.987744 0.000000
1642013922366321516 177.008381 0.000000
1642013922366968238 176.843152 0.000000
1642013922455732291 176.953077 0.000000
1642013922456149383 176.725360 0.000000
1642013922678831146 176.835225 0.000000
1642013922715729449 145.045381 0.000000
1642013922874249531 144.952096 0.000000
1642013922899853410 176.941356 0.000000
1642013923033211121 176.908164 0.000000
1642013923033658770 176.916069 0.000000
1642013923298681819 177.010165 0.000000
1642013923299793924 177.017599 0.000000
1642013923342372374 176.989856 0.000000
1642013923565895364 177.437526 0.000000
1642013923607628690 176.957776 0.000000
1642013923608097068 177.022057 0.000000
1642013923661036362 145.113841 0.000000
1642013923785441248 177.301870 0.000000
1642013923805992706 144.953719 0.000000
1642013923873621467 176.934692 0.000000
1642013924008967876 176.962295 0.000000
1642013924139554682 177.134087 0.000000
1642013924254514814 144.810310 0.000000
1642013924275893001 177.076219 0.000000
1642013924452884972 176.989696 0.000000
1642013924472388825 145.136241 0.000000
1642013924808177185 176.930926 0.000000
1642013924896063452 177.158535 0.000000
1642013924938159298 176.915899 0.000000
1642013925054308299 145.236590 0.000000
1642013925260560963 145.138768 0.000000
1642013925271982675 144.936359 0.000000
1642013925340383242 176.842039 0.000000
1642013925478564907 145.089996 0.000000
1642013925606118858 176.763914 0.000000
1642013925694377312 176.972865 0.000000
1642013925826068289 177.205722 0.000000
1642013925871702448 176.784311 0.000000
1642013925915100253 176.959288 0.000000
1642013925915314755 177.242519 0.000000
1642013926216806289 145.059867 0.000000
1642013926269313333 177.556258 0.000000
1642013926269916925 176.971121 0.000000
1642013926315030378 176.778820 0.000000
1642013926493007426 176.875503 0.000000
1642013926725620387 145.127628 0.000000
1642013926848005278 177.275292 0.000000
1642013926890948752 177.196133 0.000000
1642013926891004005 177.210780 0.000000
1642013926936639698 176.922802 0.000000
1642013926978707217 177.275008 0.000000
1642013927005524471 145.213253 0.000000
1642013927150993238 144.996251 0.000000
1642013927202824985 176.937782 0.000000
1642013927296049951 145.085177 0.000000
1642013927333241823 176.828735 0.000000
1642013927441153241 145.099733 0.000000
1642013927732257193 145.093521 0.000000
1642013927913366522 176.796764 0.000000
1642013928044129259 177.042567 0.000000
1642013928178828374 177.230066 0.000000
1642013928179406378 177.038097 0.000000
1642013928241122775 144.926228 0.000000
1642013928754046344 176.822211 0.000000
1642013929186277623 145.155367 0.000000
1642013929197086246 145.117317 0.000000
1642013929477165049 145.213355 0.000000
1642013929477168986 145.085596 0.000000
1642013929510310606 177.105222 0.000000
1642013929687176901 176.864932 0.000000
1642013929729515332 176.630112 0.000000
1642013929995943194 145.129769 0.000000
1642013930042016286 176.910237 0.000000
1642013930129582593 177.024392 0.000000
1642013930307790243 176.850796 0.000000
1642013930396076138 176.948248 0.000000
1642013930396478823 176.723306 0.000000
1642013930437952442 177.189129 0.000000
1642013930705900897 177.132704 0.000000
1642013930785327566 145.020375 0.000000
1642013930971680374 176.813907 0.000000
1642013931017409882 176.674255 0.000000
1642013931060941166 177.204006 0.000000
1642013931194980237 177.097198 0.000000
1642013931236267126 177.197147 0.000000
1642013931284017021 177.166820 0.000000
1642013931680081408 176.971352 0.000000
1642013931945821261 177.089875 0.000000
1642013931959052085 145.002461 0.000000
1642013932104165094 145.109432 0.000000
1642013932211745480 176.924205 0.000000
1642013932239486416 144.998424 0.000000
1642013932259317632 176.951424 0.000000
1642013932384751970 145.262318 0.000000
1642013932602902028 144.946596 0.000000
1642013932685329289 145.078923 0.000000
1642013932790557238 176.987241 0.000000
1642013932790592765 176.783650 0.000000
1642013932832217998 177.079344 0.000000
1642013932832258174 177.197205 0.000000
1642013932922004839 176.720864 0.000000
1642013933009345303 177.085917 0.000000
1642013933057320410 176.911520 0.000000
1642013933276651472 176.696146 0.000000
1642013933322983439 177.222453 0.000000
1642013933401637459 144.936738 0.000000
1642013933631167381 145.145210 0.000000
1642013933765370186 145.449479 0.000000
1642013933855686017 177.039690 0.000000
1642013933897608068 176.925336 0.000000
1642013933944963643 176.768182 0.000000
1642013933985406170 177.030122 0.000000
1642013933987061353 176.898977 0.000000
1642013934033638309 176.781056 0.000000
1642013934253065882 176.732136 0.000000
1642013934428622711 176.998942 0.000000
1642013934430017907 176.922770 0.000000
1642013934517072295 176.929934 0.000000
1642013934648836990 145.177440 0.000000
1642013934694311920 177.103891 0.000000
1642013934855958794 145.249244 0.000000
1642013934920319188 177.038377 0.000000
1642013935139395472 176.886612 0.000000
1642013935375859773 145.290551 0.000000
1642013935405412936 176.785795 0.000000
1642013935494152724 177.373877 0.000000
1642013935630979177 176.894418 0.000000
1642013935849006074 177.198637 0.000000
1642013935849274918 177.082029 0.000000
1642013935937351492 176.920826 0.000000
1642013936026140351 177.132203 0.000000
1642013936114801863 176.866216 0.000000
1642013936162898979 177.015014 0.000000
1642013936340580782 176.718026 0.000000
1642013936646646002 176.867657 0.000000
1642013936783035456 176.826901 0.000000
1642013936825226361 176.668315 0.000000
1642013937002261963 177.005065 0.000000
1642013937049458750 176.819586 0.000000
1642013937179329655 177.384997 0.000000
1642013937179369099 176.846137 0.000000
1642013937492920403 177.196454 0.000000
1642013937581373963 177.194459 0.000000
1642013937800353026 176.645701 0.000000
1642013937888942041 177.122466 0.000000
1642013938127732331 145.193128 0.000000
1642013938137492398 144.875472 0.000000
1642013938272769349 145.122588 0.000000
1642013938290244920 177.025906 0.000000
1642013938467607055 176.721284 0.000000
1642013938556227678 176.637816 0.000000
1642013938733327912 176.762711 0.000000
1642013938776581147 177.035612 0.000000
1642013938998608835 176.733015 0.000000
1642013939040932566 177.201653 0.000000
1642013939087416970 177.059377 0.000000
1642013939226930180 145.027828 0.000000
1642013939307145929 176.876234 0.000000
1642013939530802219 176.815260 0.000000
1642013939707777970 177.035252 0.000000
1642013939726775974 144.863801 0.000000
1642013939872308399 145.201435 0.000000
1642013940105789568 177.043989 0.000000
1642013940417595550 176.908724 0.000000
1642013940598310380 144.883689 0.000000
1642013940638206893 176.801144 0.000000
1642013941169579127 176.724209 0.000000
1642013941215455270 176.914646 0.000000
1642013941304421001 176.739017 0.000000
1642013941397749019 144.910529 0.000000
1642013941436121045 176.759526 0.000000
1642013941480023387 144.939754 0.000000
1642013941524801110 176.761789 0.000000
1642013941570040599 177.117146 0.000000
1642013941615647905 144.969918 0.000000
1642013941658835388 177.021725 0.000000
1642013941659581286 176.841617 0.000000
1642013941789900603 176.802187 0.000000
1642013941906481303 145.109682 0.000000
1642013941966928570 177.026875 0.000000
1642013942056565430 177.522245 0.000000
1642013942056645650 176.979567 0.000000
1642013942145224907 176.694444 0.000000
1642013942414939101 144.884662 0.000000
1642013942544965867 177.019102 0.000000
1642013942545004931 176.747843 0.000000
1642013942545085371 176.670058 0.000000
1642013942545765917 176.777699 0.000000
1642013942587525102 177.130400 0.000000
1642013942705523749 145.207134 0.000000
1642013942853699780 177.193520 0.000000
1642013943068809689 145.131002 0.000000
1642013943077915039 177.047806 0.000000
1642013943165990200 177.011507 0.000000
1642013943286810408 145.174214 0.000000
1642013943697847365 176.915600 0.000000
1642013943740804975 177.208738 0.000000
1642013943879270262 145.388406 0.000000
1642013943964058762 177.425313 0.000000
1642013944014039369 144.975661 0.000000
1642013944142042842 177.019483 0.000000
1642013944185809039 177.293806 0.000000
1642013944230653868 177.424422 0.000000
1642013944274884537 177.587017 0.000000
1642013944361595230 176.942378 0.000000
1642013944362616705 176.806503 0.000000
1642013944450159719 145.192268 0.000000
1642013944717386079 177.202776 0.000000
1642013944751977966 145.585424 0.000000
1642013944940335534 177.014793 0.000000
1642013945117174087 176.973026 0.000000
1642013945117988434 176.931287 0.000000
1642013945248011194 177.320377 0.000000
1642013945333310301 145.157572 0.000000
1642013945692543523 177.075968 0.000000
1642013945903749775 145.086369 0.000000
1642013945958182928 176.865984 0.000000
1642013946004284643 177.013952 0.000000
1642013946121660103 145.118298 0.000000
1642013946134853346 176.761839 0.000000
1642013946224476209 176.752762 0.000000
1642013946412199918 145.145840 0.000000
1642013946490562632 176.961313 0.000000
1642013946787278735 145.030203 0.000000
1642013946844789038 176.995207 0.000000
1642013946891938287 176.870963 0.000000
1642013946892162237 177.057934 0.000000
1642013946921531605 145.172540 0.000000
1642013946933231308 176.840897 0.000000
1642013946934003736 176.934733 0.000000
1642013947212161429 145.409885 0.000000
1642013947246428297 177.192145 0.000000
1642013947335228007 177.033669 0.000000
1642013947335797525 177.152181 0.000000
1642013947647741937 145.105675 0.000000
1642013947689890802 177.189080 0.000000
1642013947690011498 176.742543 0.000000
1642013947732083409 177.150940 0.000000
1642013947793266407 145.172170 0.000000
1642013947805170272 145.136993 0.000000
1642013947867201580 177.188539 0.000000
1642013947909822089 177.087409 0.000000
1642013948011417296 145.137684 0.000000
1642013948229343215 145.241089 0.000000
1642013948400117299 176.983114 0.000000
1642013948400425217 177.162891 0.000000
1642013948459639363 145.191727 0.000000
1642013948796238304 176.986651 0.000000
1642013948896167598 145.178211 0.000000
1642013948931527777 176.911831 0.000000
1642013948956937721 144.936889 0.000000
1642013949174491923 145.024693 0.000000
1642013949286046681 177.249824 0.000000
1642013949286069013 176.903355 0.000000
1642013949319635279 145.141693 0.000000
1642013949463597209 176.903024 0.000000
1642013949506255659 177.616071 0.000000
1642013949552192936 176.627318 0.000000
1642013949641245881 177.133827 0.000000
1642013949755915107 145.011418 0.000000
1642013949828399982 145.178943 0.000000
1642013949973628577 145.226321 0.000000
1642013949995922991 176.888558 0.000000
1642013950037584584 177.239155 0.000000
1642013950216836370 176.897823 0.000000
1642013950392803290 177.131984 0.000000
1642013950627613010 144.902203 0.000000
1642013950659461715 176.910958 0.000000
1642013950700227257 144.674958 0.000000
1642013950836498029 177.034762 0.000000
1642013950924854619 177.248322 0.000000
1642013950972203963 177.311751 0.000000
1642013951004175148 144.983556 0.000000
1642013951191131438 176.843672 0.000000
1642013951191439345 176.722524 0.000000
1642013951237825124 176.967556 0.000000
1642013951325829122 177.124349 0.000000
1642013951368485769 177.187699 0.000000
1642013951681149008 177.022209 0.000000
1642013951790060120 145.053798 0.000000
1642013951935404232 145.054879 0.000000
1642013951946744380 177.294127 0.000000
1642013951947142457 176.739738 0.000000
1642013952153079380 145.163023 0.000000
1642013952212549446 176.987132 0.000000
1642013952226032151 145.122226 0.000000
1642013952432845308 176.872658 0.000000
1642013952516960476 145.010927 0.000000
1642013952567126059 177.151439 0.000000
1642013952662051412 145.088503 0.000000
1642013952788536420 176.912411 0.000000
1642013952833059926 176.814958 0.000000
1642013952965480882 176.943400 0.000000
1642013953025592571 145.020405 0.000000
1642013953099280702 176.956955 0.000000
1642013953244071125 145.357265 0.000000
1642013953462326471 145.553354 0.000000
1642013953542398410 176.905158 0.000000
1642013953548414067 144.883729 0.000000
1642013953631463737 176.908375 0.000000
1642013953631937275 176.834145 0.000000
1642013953839238987 145.218065 0.000000
1642013953985571622 177.119720 0.000000
1642013954116385454 145.092370 0.000000
1642013954206898064 177.085686 0.000000
1642013954383132435 176.972234 0.000000
1642013954384021752 177.122335 0.000000
1642013954738802977 176.795160 0.000000
1642013954739300259 177.112225 0.000000
1642013954961773915 176.937129 0.000000
1642013954988790803 145.011318 0.000000
1642013955270568172 176.829196 0.000000
1642013955316725000 177.059427 0.000000
1642013955358769569 176.877426 0.000000
1642013955404859233 176.893166 0.000000
1642013955405745634 177.205080 0.000000
1642013955570286794 145.084716 0.000000
1642013955625761029 177.582408 0.000000
1642013955642847671 144.670880 0.000000
1642013955848618302 176.957115 0.000000
1642013955890158948 177.220770 0.000000
1642013955891102797 177.197166 0.000000
1642013955979618092 176.599985 0.000000
1642013956005930049 145.123067 0.000000
1642013956156370777 176.706658 0.000000
1642013956202646408 176.833816 0.000000
1642013956587611748 145.091657 0.000000
1642013956599713946 176.998593 0.000000
1642013956734939791 177.134779 0.000000
1642013956777372668 176.907513 0.000000
1642013956953934522 176.918132 0.000000
1642013956955278972 177.406216 0.000000
1642013957037221578 145.261757 0.000000
1642013957241309575 145.072803 0.000000
1642013957241344119 145.003183 0.000000
1642013957241379085 144.997712 0.000000
1642013957400154596 145.062183 0.000000
1642013957575341894 176.665899 0.000000
1642013957664170889 176.947057 0.000000
1642013957752637454 176.819578 0.000000
1642013957887908011 176.992942 0.000000
1642013958020169737 177.143085 0.000000
1642013958064878522 176.918474 0.000000
1642013958064895794 176.985940 0.000000
1642013958065083797 176.746301 0.000000
1642013958186081866 145.042625 0.000000
1642013958419385956 177.225841 0.000000
1642013958476642522 144.917963 0.000000
1642013958551355344 177.033430 0.000000
1642013958597057421 177.190854 0.000000
1642013958622071093 144.948079 0.000000
1642013958774570098 177.076840 0.000000
1642013958817506799 176.932168 0.000000
1642013958853519732 145.194822 0.000000
1642013958985493848 145.200161 0.000000
1642013958994646276 177.137403 0.000000
1642013959260897770 176.988765 0.000000
1642013959306293081 177.107247 0.000000
1642013959395702414 176.819909 0.000000
1642013959438333523 176.794150 0.000000
1642013959653021842 144.994216 0.000000
1642013959881524298 176.950123 0.000000
1642013960016556288 177.233775 0.000000
1642013960058662844 176.944062 0.000000
1642013960075298921 144.821402 0.000000
1642013960193664296 177.193539 0.000000
1642013960282349631 177.015014 0.000000
1642013960371379452 176.939221 0.000000
1642013960584314776 145.402502 0.000000
1642013960681087743 177.038799 0.000000
1642013960681899225 177.182850 0.000000
1642013960729402216 145.101597 0.000000
1642013960814552906 177.120161 0.000000
1642013960815222531 176.929604 0.000000
1642013961020206348 145.340686 0.000000
1642013961165259894 145.051242 0.000000
1642013961169119910 177.186925 0.000000
1642013961179041851 145.257279 0.000000
1642013961346859162 177.441064 0.000000
1642013961396723862 144.981422 0.000000
1642013961435328313 177.256457 0.000000
1642013961435823692 176.864543 0.000000
1642013961479378533 176.762612 0.000000
1642013961654517099 177.083402 0.000000
1642013961790492688 176.854894 0.000000
1642013961920504477 177.097709 0.000000
1642013961967592411 177.097829 0.000000
1642013962099418370 176.933280 0.000000
1642013962182765619 145.208297 0.000000
1642013962189600172 177.009224 0.000000
1642013962453989514 176.872749 0.000000
1642013962677939655 176.950383 0.000000
1642013962807019147 176.966945 0.000000
1642013962855131842 177.189292 0.000000
1642013962984397271 177.071489 0.000000
1642013963032957867 176.923793 0.000000
1642013963209686364 177.132224 0.000000
1642013963298614926 176.942559 0.000000
1642013963491574300 144.972957 0.000000
1642013963519237109 176.886755 0.000000
1642013963653306122 177.460249 0.000000
1642013963782488327 177.210250 0.000000
1642013964000379330 145.228094 0.000000
1642013964008496717 177.011577 0.000000
1642013964158503360 145.227954 0.000000
1642013964225880289 177.252830 0.000000
1642013964274074528 176.962977 0.000000
1642013964274546051 176.796786 0.000000
1642013964364112178 144.846238 0.000000
1642013964448977001 145.142203 0.000000
1642013964494218444 176.898035 0.000000
1642013964581721573 144.993434 0.000000
1642013964717749320 176.910177 0.000000
1642013964726896959 145.174334 0.000000
1642013964726926173 144.780125 0.000000
1642013964807310547 177.015084 0.000000
1642013965103369850 145.013282 0.000000
1642013965161976939 177.604130 0.000000
1642013965202730208 176.844275 0.000000
1642013965308592625 145.250136 0.000000
1642013965453636384 144.993044 0.000000
