1649615384608564210 145.343587 0.000000
1649615384642706768 176.904185 0.000000
1649615384682101551 145.125969 0.000000
1649615384718085150 145.048243 0.000000
1649615384790970218 145.076336 0.000000
1649615384827111912 145.007647 0.000000
1649615384908747644 177.135708 0.000000
1649615384928168105 177.103567 0.000000
1649615384997577159 177.746726 0.000000
1649615385085816567 177.067030 0.000000
1649615385336772818 144.885980 0.000000
1649615385444862133 145.082726 0.000000
1649615385481756681 145.261874 0.000000
1649615385529215258 177.126000 0.000000
1649615385590826734 145.126831 0.000000
1649615385618355506 176.790014 0.000000
1649615385627916878 144.851865 0.000000
1649615385735538086 145.194017 0.000000
1649615385736010701 145.079252 0.000000
1649615385737039239 145.450728 0.000000
1649615385918254966 145.584290 0.000000
1649615385990427580 144.931154 0.000000
1649615386100131441 144.784820 0.000000
1649615386534894325 145.046610 0.000000
1649615386679990618 145.091935 0.000000
1649615386971375237 145.005511 0.000000
1649615387007658609 144.917156 0.000000
1649615387044195255 144.974595 0.000000
1649615387153654708 145.106772 0.000000
1649615387189777667 145.580700 0.000000
1649615387303253972 176.748301 0.000000
1649615387590180086 177.297812 0.000000
1649615387697757974 145.132091 0.000000
1649615387771578986 145.215426 0.000000
1649615387916684927 144.732040 0.000000
1649615388207381289 145.061599 0.000000
1649615388243506382 144.901077 0.000000
1649615388279290037 145.163650 0.000000
1649615388279348657 145.031703 0.000000
1649615388316488432 144.909885 0.000000
1649615388424987965 145.090840 0.000000
1649615388425405678 144.912456 0.000000
1649615388425540812 144.802200 0.000000
1649615388715334071 145.149343 0.000000
1649615388933909064 145.370185 0.000000
1649615388970810613 145.352923 0.000000
1649615389224825238 145.060687 0.000000
1649615389296552315 145.144915 0.000000
1649615389406956839 144.816637 0.000000
1649615389442331988 144.802782 0.000000
1649615389609553834 177.159224 0.000000
1649615389697857453 145.147448 0.000000
1649615389733346475 145.132320 0.000000
1649615389875476579 177.265963 0.000000
1649615389950687647 144.980577 0.000000
1649615389951724340 144.989964 0.000000
1649615390023790711 144.972450 0.000000
1649615390168242017 144.976500 0.000000
1649615390423798681 144.947334 0.000000
1649615390460359271 144.929982 0.000000
1649615390932661679 144.627183 0.000000
1649615391005777438 144.783736 0.000000
1649615391027963396 177.145017 0.000000
1649615391114149095 144.954648 0.000000
1649615391187082362 144.849961 0.000000
1649615391222776769 144.977580 0.000000
1649615391331962400 144.879356 0.000000
1649615391402783189 144.962413 0.000000
1649615391404778470 144.771094 0.000000
1649615391477668286 144.854880 0.000000
1649615391493664420 177.117385 0.000000
1649615391585422955 144.999763 0.000000
1649615391586090246 145.121551 0.000000
1649615391620604038 145.111299 0.000000
1649615391622079263 144.867573 0.000000
1649615391694974011 144.958625 0.000000
1649615391912524765 144.958717 0.000000
1649615392020784490 145.288052 0.000000
1649615392094665746 144.764561 0.000000
1649615392181434398 177.021125 0.000000
1649615392240239263 145.103887 0.000000
1649615392274745844 144.959387 0.000000
1649615392291967233 177.118815 0.000000
1649615392601867761 145.114989 0.000000
1649615392638066523 144.773418 0.000000
1649615392819752271 145.217180 0.000000
1649615392856937261 144.749323 0.000000
1649615392894165022 145.006475 0.000000
1649615393037426677 145.046801 0.000000
1649615393068570594 176.795723 0.000000
1649615393090195527 177.279488 0.000000
1649615393220041715 144.962852 0.000000
1649615393246468961 176.987469 0.000000
1649615393292100925 145.100772 0.000000
1649615393328878742 144.958233 0.000000
1649615393546778110 145.265380 0.000000
1649615393546787858 145.182845 0.000000
1649615393888332920 177.218343 0.000000
1649615394019498541 144.838941 0.000000
1649615394055582257 144.971629 0.000000
1649615394092207039 144.919282 0.000000
1649615394128969967 145.600437 0.000000
1649615394382946970 144.994601 0.000000
1649615394399933641 177.144425 0.000000
1649615394420175744 144.955149 0.000000
1649615394576453585 176.900167 0.000000
1649615394783375736 144.855781 0.000000
1649615394819083567 144.892620 0.000000
1649615394891679184 145.534985 0.000000
1649615395073591125 145.060335 0.000000
1649615395180238538 145.141578 0.000000
1649615395219569341 144.862014 0.000000
1649615395254529070 144.860802 0.000000
1649615395291677111 144.782053 0.000000
1649615395472327408 145.088969 0.000000
1649615395509053930 144.780892 0.000000
1649615395761970544 145.176995 0.000000
1649615395835298633 144.857306 0.000000
1649615395980873411 144.821005 0.000000
1649615396016971385 177.256103 0.000000
1649615396054131710 145.185950 0.000000
1649615396125376573 145.337095 0.000000
1649615396198702117 144.918139 0.000000
1649615396349787967 177.208174 0.000000
1649615396489655400 145.243761 0.000000
1649615396525242435 144.930303 0.000000
1649615396616626588 177.084423 0.000000
1649615396671838969 145.282491 0.000000
1649615396743724284 144.893964 0.000000
1649615396853003950 144.910105 0.000000
1649615397034671753 144.776934 0.000000
1649615397035398105 145.399671 0.000000
1649615397143400337 144.727631 0.000000
1649615397179102520 144.764282 0.000000
1649615397179554387 145.615227 0.000000
1649615397180365437 144.966611 0.000000
1649615397324596529 145.040499 0.000000
1649615397361678516 145.370689 0.000000
1649615397434469367 145.058031 0.000000
1649615397542256587 144.941163 0.000000
1649615397542378395 145.080163 0.000000
1649615397542399414 144.685372 0.000000
1649615397578658940 144.930091 0.000000
1649615397579114464 144.952122 0.000000
1649615397579428102 144.821848 0.000000
1649615397687419124 145.040308 0.000000
1649615397724057951 144.941684 0.000000
1649615397760912593 144.714187 0.000000
1649615397761356364 145.032733 0.000000
1649615397905474503 145.281350 0.000000
1649615397942701192 144.898985 0.000000
1649615398015227709 144.748782 0.000000
1649615398123620885 145.276802 0.000000
1649615398306321203 145.116070 0.000000
1649615398342714900 145.162428 0.000000
1649615398390698972 176.862777 0.000000
1649615398451314742 144.992898 0.000000
1649615398451323609 144.916255 0.000000
1649615398500496841 177.166616 0.000000
1649615398559822542 145.288933 0.000000
1649615398632313781 144.998719 0.000000
1649615398669710511 144.960900 0.000000
1649615398705690192 145.047773 0.000000
1649615398814352381 144.924359 0.000000
1649615398850524424 145.204616 0.000000
1649615398887083390 145.125165 0.000000
1649615399277589958 177.045840 0.000000
1649615399322980780 144.966349 0.000000
1649615399395473432 144.784418 0.000000
1649615399505028616 144.884217 0.000000
1649615399577784041 145.007656 0.000000
1649615399614036222 144.908480 0.000000
1649615399868213701 144.752217 0.000000
1649615400013924203 144.856812 0.000000
1649615400049308851 145.118366 0.000000
1649615400096782186 177.135609 0.000000
1649615400158345994 145.039840 0.000000
1649615400195454621 144.929179 0.000000
1649615400267423512 145.374124 0.000000
1649615400449050869 144.651939 0.000000
1649615400519464705 177.000765 0.000000
1649615400521706337 144.838960 0.000000
1649615400630591825 145.058532 0.000000
1649615400740701167 145.385003 0.000000
1649615400776869121 145.028555 0.000000
1649615400957755650 145.132851 0.000000
1649615400958812922 145.051278 0.000000
1649615401066352759 145.107224 0.000000
1649615401066889615 144.816158 0.000000
1649615401248228702 144.919761 0.000000
1649615401338649580 177.205049 0.000000
1649615401465934728 145.032526 0.000000
1649615401467113948 144.790361 0.000000
1649615401495002433 177.066160 0.000000
1649615401575423335 144.844151 0.000000
1649615401612682245 145.168197 0.000000
1649615401648160306 145.582475 0.000000
1649615401648171387 145.028897 0.000000
1649615401793549137 144.921274 0.000000
1649615401830230112 144.762155 0.000000
1649615401865548635 144.984674 0.000000
1649615401865558063 144.846946 0.000000
1649615402228922043 144.992247 0.000000
1649615402266065083 144.807750 0.000000
1649615402301515384 145.067870 0.000000
1649615402339456091 145.120418 0.000000
1649615402382809204 177.558191 0.000000
1649615402411958711 144.829474 0.000000
1649615402471419437 177.262897 0.000000
1649615402825989433 177.194429 0.000000
1649615402883294288 144.825716 0.000000
1649615402883643543 144.921185 0.000000
1649615402993683444 145.192803 0.000000
1649615403028282346 144.986365 0.000000
1649615403092172595 177.248420 0.000000
1649615403092203453 177.263689 0.000000
1649615403138335654 144.792002 0.000000
1649615403173780021 145.243028 0.000000
1649615403283191306 144.973763 0.000000
1649615403318744298 144.952124 0.000000
1649615403428341269 144.732561 0.000000
1649615403573313760 144.970728 0.000000
1649615403609463400 144.854229 0.000000
1649615403791293378 145.249710 0.000000
1649615403973426063 145.425070 0.000000
1649615404081924044 145.295376 0.000000
1649615404088341042 177.049186 0.000000
1649615404118184672 145.415351 0.000000
1649615404333889725 177.233801 0.000000
1649615404354247005 177.111413 0.000000
1649615404422545986 176.844482 0.000000
1649615404445218082 145.401324 0.000000
1649615404481999026 145.669978 0.000000
1649615404627457899 145.010392 0.000000
1649615404627474951 145.197874 0.000000
1649615404663128681 145.216669 0.000000
1649615404917717860 145.028696 0.000000
1649615404955470516 144.891990 0.000000
1649615405026571579 145.087907 0.000000
1649615405135754605 144.668130 0.000000
1649615405221150173 177.360560 0.000000
1649615405354104646 144.836125 0.000000
1649615405390983623 145.086564 0.000000
1649615405426498263 145.440196 0.000000
1649615405499103857 144.998519 0.000000
1649615405535057530 144.996156 0.000000
1649615405535836430 144.802042 0.000000
1649615405575566952 176.825527 0.000000
1649615405716931941 145.185520 0.000000
1649615405773585453 177.274659 0.000000
1649615405789698005 145.226005 0.000000
1649615405862951464 144.649204 0.000000
1649615405863235456 145.127671 0.000000
1649615405929954766 177.121581 0.000000
1649615406008379208 144.746789 0.000000
1649615406044124741 145.035520 0.000000
1649615406335476668 144.846335 0.000000
1649615406371137152 144.871131 0.000000
1649615406444491398 144.946311 0.000000
1649615406480587089 145.109469 0.000000
1649615406480914212 144.680705 0.000000
1649615406552864066 145.069333 0.000000
1649615406589038283 145.090083 0.000000
1649615406661810910 144.937836 0.000000
1649615406734225815 145.186451 0.000000
1649615406734469031 145.049344 0.000000
1649615406770757071 145.150053 0.000000
1649615406843640274 144.881801 0.000000
1649615406926270139 176.941384 0.000000
1649615406952275364 145.112612 0.000000
1649615406988537534 145.105791 0.000000
1649615406989336322 145.111593 0.000000
1649615407061343184 145.152428 0.000000
1649615407098129006 144.653152 0.000000
1649615407170940997 144.861523 0.000000
1649615407242906942 145.034758 0.000000
1649615407279016396 145.041029 0.000000
1649615407279815635 145.135997 0.000000
1649615407351832415 144.871380 0.000000
1649615407460735596 145.090532 0.000000
1649615407498112929 144.968475 0.000000
1649615407605842980 145.105611 0.000000
1649615407824662341 144.743510 0.000000
1649615407901568347 177.007739 0.000000
1649615408057761169 176.857257 0.000000
1649615408077973053 145.055424 0.000000
1649615408114572307 145.299775 0.000000
1649615408187830835 145.242687 0.000000
1649615408234786520 177.022776 0.000000
1649615408333311307 145.096372 0.000000
1649615408478052673 144.858145 0.000000
1649615408696177905 144.731028 0.000000
1649615408731397492 144.944869 0.000000
1649615408805422867 144.773157 0.000000
1649615408944481312 177.092207 0.000000
1649615409033303863 176.997869 0.000000
1649615409143793087 177.341594 0.000000
1649615409278066523 145.682481 0.000000
1649615409299518354 177.328239 0.000000
1649615409314660767 145.323869 0.000000
1649615409495324218 144.846113 0.000000
1649615409532147660 144.802922 0.000000
1649615409566941559 144.900646 0.000000
1649615410003799237 144.821406 0.000000
1649615410112972185 144.997277 0.000000
1649615410119223984 177.120531 0.000000
1649615410257375879 144.864137 0.000000
1649615410294925203 144.811308 0.000000
1649615410404065069 144.949729 0.000000
1649615410512931831 145.276390 0.000000
1649615410541738838 177.036282 0.000000
1649615410585255576 145.129525 0.000000
1649615410729589199 145.023596 0.000000
1649615410767673966 144.908330 0.000000
1649615410803087247 145.149604 0.000000
1649615410803273927 144.816540 0.000000
1649615411095038447 177.048775 0.000000
1649615411162521650 177.066438 0.000000
1649615411203106774 144.931153 0.000000
1649615411339964314 177.439248 0.000000
1649615411348460359 144.988531 0.000000
1649615411419777709 144.840977 0.000000
1649615411528737225 144.700792 0.000000
1649615411529815777 144.904203 0.000000
1649615411674457447 144.779248 0.000000
1649615411929876601 145.375977 0.000000
1649615411961065113 177.384476 0.000000
1649615412001305771 144.936553 0.000000
1649615412038360687 145.020061 0.000000
1649615412111886084 145.444564 0.000000
1649615412147180713 144.892691 0.000000
1649615412293666269 144.712724 0.000000
1649615412582132699 177.485404 0.000000
1649615412583888190 144.822771 0.000000
1649615412655383844 145.120518 0.000000
1649615412759698363 176.908382 0.000000
1649615412936671346 177.005263 0.000000
1649615412946938350 144.827137 0.000000
1649615412947065980 144.976117 0.000000
1649615413128146753 145.057579 0.000000
1649615413128329114 144.938346 0.000000
1649615413202627272 176.883716 0.000000
1649615413382542029 144.840192 0.000000
1649615413565071407 144.797082 0.000000
1649615413646029196 176.923871 0.000000
1649615413673881103 144.840764 0.000000
1649615413855526133 144.842839 0.000000
1649615413891278921 145.398511 0.000000
1649615414000582861 176.933138 0.000000
1649615414036445605 145.166023 0.000000
1649615414146004975 145.025762 0.000000
1649615414436309049 144.975955 0.000000
1649615414473570113 145.042173 0.000000
1649615414546231480 145.175700 0.000000
1649615414619010088 144.916354 0.000000
1649615414644481484 176.972081 0.000000
1649615414798737164 177.114168 0.000000
1649615414799272667 144.913569 0.000000
1649615414872003447 144.862854 0.000000
1649615414982120143 145.143392 0.000000
1649615415016996806 144.992247 0.000000
1649615415054298014 144.912467 0.000000
1649615415055333375 144.674301 0.000000
1649615415091797736 144.913711 0.000000
1649615415164883339 145.189948 0.000000
1649615415346028993 145.449033 0.000000
1649615415491130113 145.006933 0.000000
1649615415598780988 145.094399 0.000000
1649615415600221388 144.643193 0.000000
1649615415686159523 176.822281 0.000000
1649615415709478163 144.671276 0.000000
1649615415818403395 145.058922 0.000000
1649615415891569711 145.012728 0.000000
1649615415927201671 144.857105 0.000000
1649615416035220143 145.138331 0.000000
1649615416181964464 144.822879 0.000000
1649615416253557841 145.292600 0.000000
1649615416290572893 145.223311 0.000000
1649615416363453052 144.976429 0.000000
1649615416395799643 177.280129 0.000000
1649615416471632235 145.152868 0.000000
1649615416617465970 145.087205 0.000000
1649615416618364484 145.085021 0.000000
1649615416653750984 144.851085 0.000000
1649615416654371727 144.956353 0.000000
1649615416762631893 144.929891 0.000000
1649615416861843127 176.841757 0.000000
1649615416871804629 145.283193 0.000000
1649615417053164516 145.246083 0.000000
1649615417053231381 145.263746 0.000000
1649615417054043984 144.911084 0.000000
1649615417090296616 144.726169 0.000000
1649615417271612169 144.942255 0.000000
1649615417526210304 144.720357 0.000000
1649615417708917096 144.889255 0.000000
1649615417743818808 144.909223 0.000000
1649615417926475844 144.734504 0.000000
1649615417963078264 144.992278 0.000000
1649615418034584225 145.035709 0.000000
1649615418181283622 145.054052 0.000000
1649615418544614138 144.856442 0.000000
1649615418546135390 177.061398 0.000000
1649615418580902458 145.001844 0.000000
1649615418581230703 145.156163 0.000000
1649615418732226515 150.994520 0.000000
1649615418804392364 150.852431 0.000000
1649615418870841760 145.015391 0.000000
1649615418981976423 145.071937 0.000000
1649615419161452379 144.980187 0.000000
1649615419168025038 144.994753 0.000000
1649615419240684543 145.032002 0.000000
1649615419457515396 144.789758 0.000000
1649615419747931000 145.093377 0.000000
1649615419748314278 144.644737 0.000000
1649615419781584489 144.651026 0.000000
1649615419961439795 145.179938 0.000000
1649615419964970884 177.060787 0.000000
1649615420038629062 144.766785 0.000000
1649615420039161420 145.100741 0.000000
1649615420120234365 176.848179 0.000000
1649615420143038829 144.995353 0.000000
1649615420319413682 176.993072 0.000000
1649615420325337556 145.651823 0.000000
1649615420474534874 176.953756 0.000000
1649615420543756716 145.285828 0.000000
1649615420689035831 145.276750 0.000000
1649615420692996415 144.938406 0.000000
1649615420839040915 144.983140 0.000000
1649615421016423074 144.873585 0.000000
1649615421126074679 145.279475 0.000000
1649615421130241710 145.240783 0.000000
1649615421162295210 144.998648 0.000000
1649615421234793956 145.533512 0.000000
1649615421416474050 144.798081 0.000000
1649615421419671163 144.771402 0.000000
1649615421526185237 144.999230 0.000000
1649615421671548590 145.492044 0.000000
1649615421671584186 145.396544 0.000000
1649615421707214793 145.075764 0.000000
1649615421855131492 144.766274 0.000000
1649615422000157343 145.024869 0.000000
1649615422159566894 177.033927 0.000000
1649615422253556891 144.676204 0.000000
1649615422471660461 145.214515 0.000000
1649615422472024954 145.514307 0.000000
1649615422515281045 176.869079 0.000000
1649615422624665628 177.204907 0.000000
1649615422653052266 144.889944 0.000000
1649615422725196185 144.892671 0.000000
1649615422762122170 144.970838 0.000000
1649615422980049549 145.309403 0.000000
1649615423046592329 177.128253 0.000000
1649615423197415285 144.901036 0.000000
1649615423306234138 145.066806 0.000000
1649615423342723735 145.075914 0.000000
1649615423343565433 145.044876 0.000000
1649615423452314916 145.285747 0.000000
1649615423452732989 145.031070 0.000000
1649615423488205120 144.995664 0.000000
1649615423511133667 176.875650 0.000000
1649615423633497950 144.914481 0.000000
1649615423670164479 144.775721 0.000000
1649615423670512942 144.836345 0.000000
1649615423888338471 144.893243 0.000000
1649615423924460749 144.703366 0.000000
1649615423960060327 145.241303 0.000000
1649615424033334453 144.774117 0.000000
1649615424043028956 177.177126 0.000000
1649615424251183064 145.461568 0.000000
1649615424251778000 145.243249 0.000000
1649615424360041633 145.169670 0.000000
1649615424506528342 144.803193 0.000000
1649615424543276964 144.783427 0.000000
1649615424578165079 144.969043 0.000000
1649615424760049578 145.064332 0.000000
1649615424941249274 145.201169 0.000000
1649615424978842930 144.659013 0.000000
1649615425158984523 145.018657 0.000000
1649615425232471228 145.022586 0.000000
1649615425263988904 176.903753 0.000000
1649615425306207811 145.333566 0.000000
1649615425341458235 144.965567 0.000000
1649615425377721178 145.248948 0.000000
1649615425440904450 176.913462 0.000000
1649615425559347624 144.750904 0.000000
1649615425776900500 144.920904 0.000000
1649615425795840141 176.900637 0.000000
1649615425813296803 145.430489 0.000000
1649615425813521264 144.786382 0.000000
1649615425922003546 145.101984 0.000000
1649615425922533679 144.679692 0.000000
1649615425958692406 144.850451 0.000000
1649615426082690440 177.180640 0.000000
1649615426104631037 144.747809 0.000000
1649615426794490586 145.027782 0.000000
1649615426904138685 145.337524 0.000000
1649615426939907761 145.059304 0.000000
1649615426976184791 144.972240 0.000000
1649615427085784146 145.066878 0.000000
1649615427448508647 144.801920 0.000000
1649615427595214346 145.096783 0.000000
1649615427630370021 145.012183 0.000000
1649615427775879549 144.944829 0.000000
1649615427812246414 144.756595 0.000000
1649615427813334975 145.614512 0.000000
1649615427923588487 176.860000 0.000000
1649615427994759733 144.898541 0.000000
1649615428030264775 144.950619 0.000000
1649615428102706411 145.149052 0.000000
1649615428212442965 144.814023 0.000000
1649615428320708049 145.159801 0.000000
1649615428647691646 145.451578 0.000000
1649615428793445141 144.844250 0.000000
1649615428829422107 145.199717 0.000000
1649615428902645258 145.024758 0.000000
1649615428939051318 145.023495 0.000000
1649615429254189873 176.930895 0.000000
1649615429254565186 176.874448 0.000000
1649615429274644663 176.890428 0.000000
1649615429483256150 145.128575 0.000000
1649615429519661810 145.133963 0.000000
1649615429593401649 144.926092 0.000000
1649615429846199509 144.924840 0.000000
1649615429874582122 177.063693 0.000000
1649615430064465794 145.190268 0.000000
1649615430140199812 177.075366 0.000000
1649615430141730331 177.168000 0.000000
1649615430161206018 177.254451 0.000000
1649615430318515853 176.784690 0.000000
1649615430515659664 177.119288 0.000000
1649615430536770804 145.062658 0.000000
1649615430537346123 145.136507 0.000000
1649615430683516128 145.214635 0.000000
1649615430754759508 144.902989 0.000000
1649615430827144029 145.101443 0.000000
1649615430901443216 145.234541 0.000000
1649615430937140318 144.908852 0.000000
1649615430972843091 145.396725 0.000000
1649615431009407568 145.281752 0.000000
1649615431082383535 145.094127 0.000000
1649615431154450129 145.033755 0.000000
1649615431154456832 145.047581 0.000000
1649615431667762484 176.959218 0.000000
1649615431699329935 144.907058 0.000000
1649615431808415928 144.823991 0.000000
1649615431916536513 145.095702 0.000000
1649615432171599438 144.808624 0.000000
1649615432172598952 144.824964 0.000000
1649615432245123082 144.914730 0.000000
1649615432281631637 144.682096 0.000000
1649615432357004106 176.653593 0.000000
1649615432534167045 177.161486 0.000000
1649615432534192653 145.160903 0.000000
1649615432606532889 145.090441 0.000000
1649615432607327890 144.772596 0.000000
1649615432608441597 144.771413 0.000000
1649615432711250765 177.082597 0.000000
1649615432753213822 144.771654 0.000000
1649615432897652823 145.578908 0.000000
1649615433006918683 144.911085 0.000000
1649615433515122932 145.024135 0.000000
1649615433732860466 145.144402 0.000000
1649615433950770252 145.017686 0.000000
1649615433953143460 177.320894 0.000000
1649615433973684563 177.188507 0.000000
1649615434024272356 144.915225 0.000000
1649615434130770268 176.604872 0.000000
1649615434133578993 144.978001 0.000000
1649615434396733316 177.089360 0.000000
1649615434495995506 144.926345 0.000000
1649615434569431666 145.127371 0.000000
1649615434605203067 144.811437 0.000000
1649615434714372357 144.752377 0.000000
1649615434750430095 144.975637 0.000000
1649615434968876787 144.836656 0.000000
1649615435040897514 145.360058 0.000000
1649615435106101854 176.805387 0.000000
1649615435113529807 145.103775 0.000000
1649615435114290824 145.208461 0.000000
1649615435150221082 144.777963 0.000000
1649615435283327470 177.224534 0.000000
1649615435302678583 176.999002 0.000000
1649615435331592739 144.652360 0.000000
1649615435404351731 144.911686 0.000000
1649615435441595352 145.202451 0.000000
1649615435460338074 177.009472 0.000000
1649615435549473161 144.908481 0.000000
1649615435550942165 145.692411 0.000000
1649615435658820374 144.989932 0.000000
1649615435659201809 144.884966 0.000000
1649615435659355297 145.316074 0.000000
1649615436240965751 145.098836 0.000000
1649615436436605353 176.876782 0.000000
1649615436567212076 144.952824 0.000000
1649615436603790849 144.872132 0.000000
1649615436748462727 144.943957 0.000000
1649615436857259579 145.050918 0.000000
1649615436894758997 144.759501 0.000000
1649615436898438965 176.837359 0.000000
1649615437039014794 144.877822 0.000000
1649615437039489805 144.787704 0.000000
1649615437075368086 145.047702 0.000000
1649615437329804858 145.062228 0.000000
1649615437403412250 145.028465 0.000000
1649615437411649230 176.920915 0.000000
1649615437438570441 144.937165 0.000000
1649615437474960081 145.152608 0.000000
1649615437547611511 145.000803 0.000000
1649615437584361978 145.228481 0.000000
1649615437584611145 145.011735 0.000000
1649615437620269272 144.860229 0.000000
1649615437656459838 145.079970 0.000000
1649615437838343796 145.327335 0.000000
1649615437948104083 145.121628 0.000000
1649615438166502115 145.297800 0.000000
1649615438201902348 145.373780 0.000000
1649615438275194430 145.028876 0.000000
1649615438311399743 145.155653 0.000000
1649615438384156129 145.071404 0.000000
1649615438419893828 144.944909 0.000000
1649615438565000158 145.103875 0.000000
1649615438602685878 145.429556 0.000000
1649615438965101238 144.667467 0.000000
1649615439007184459 176.912047 0.000000
1649615439073446173 144.847306 0.000000
1649615439073626141 145.004632 0.000000
1649615439219149012 145.521348 0.000000
1649615439255677943 144.776823 0.000000
1649615439364618772 145.660638 0.000000
1649615439364968117 146.016004 0.000000
1649615439437083955 145.061126 0.000000
1649615439468650804 177.004642 0.000000
1649615439510376105 144.919542 0.000000
1649615439805339733 176.859109 0.000000
1649615439945861029 144.902588 0.000000
1649615439983239112 176.958686 0.000000
1649615440091311534 144.791259 0.000000
1649615440091620603 145.220985 0.000000
1649615440199871963 144.880588 0.000000
1649615440200508145 144.689881 0.000000
1649615440272601348 144.961619 0.000000
1649615440381964319 144.923034 0.000000
1649615440515792843 176.983041 0.000000
1649615440527105688 144.682178 0.000000
1649615440709364447 144.933485 0.000000
1649615440887064092 176.917639 0.000000
1649615440927406000 145.143200 0.000000
1649615440959444272 177.093156 0.000000
1649615441035426004 145.099556 0.000000
1649615441064157981 177.092877 0.000000
1649615441217137181 145.097776 0.000000
1649615441217267625 145.072388 0.000000
1649615441290903188 144.936803 0.000000
1649615441403163973 176.852717 0.000000
1649615441436386395 145.300025 0.000000
1649615441579649500 177.125296 0.000000
1649615441653795282 144.770652 0.000000
1649615441654332169 145.275739 0.000000
1649615441669096673 177.259119 0.000000
1649615441835849500 144.786854 0.000000
1649615441871439469 145.086856 0.000000
1649615441908318266 144.777655 0.000000
1649615441944236572 144.917307 0.000000
1649615442089231595 144.994121 0.000000
1649615442235361865 144.844170 0.000000
1649615442380279251 144.992828 0.000000
1649615442562776648 145.097694 0.000000
1649615442597918159 145.225165 0.000000
1649615442707508838 144.859168 0.000000
1649615442911130461 176.942676 0.000000
1649615442925663372 144.872223 0.000000
1649615443251570601 144.878285 0.000000
1649615443265896773 176.785702 0.000000
1649615443354746574 176.809396 0.000000
1649615443507001226 144.809355 0.000000
1649615443725125353 144.822249 0.000000
1649615443833359989 145.257023 0.000000
1649615443979749777 144.780792 0.000000
1649615444378047516 145.053010 0.000000
1649615444378339483 145.028604 0.000000
1649615444378420645 144.982528 0.000000
1649615444487028753 144.695942 0.000000
1649615444488321005 145.039065 0.000000
1649615444595953074 145.077557 0.000000
1649615444668695814 145.095661 0.000000
1649615444668754434 145.196400 0.000000
1649615444741137138 145.183725 0.000000
1649615444814063264 145.307057 0.000000
1649615444886464003 145.325021 0.000000
1649615444995542803 145.043022 0.000000
1649615445031605240 145.139384 0.000000
1649615445249293800 145.001313 0.000000
1649615445359218065 144.753331 0.000000
1649615445394005933 176.885540 0.000000
1649615445504107439 144.888642 0.000000
1649615445540941832 144.953523 0.000000
1649615445660006721 176.834594 0.000000
1649615445674839743 176.776544 0.000000
1649615445685885939 144.836817 0.000000
1649615445686202693 144.783175 0.000000
1649615445722008258 145.169570 0.000000
1649615445722045728 145.020780 0.000000
1649615445867198706 145.189416 0.000000
1649615445939812315 145.030440 0.000000
1649615446121711721 144.985775 0.000000
1649615446267106062 145.012545 0.000000
1649615446558273232 145.202161 0.000000
1649615446630139891 145.037192 0.000000
1649615446775269665 145.129363 0.000000
1649615446776276662 145.134211 0.000000
1649615446957944395 144.660514 0.000000
1649615446994665426 144.821296 0.000000
1649615447030059219 144.893112 0.000000
1649615447138236399 144.930772 0.000000
1649615447138959374 144.848808 0.000000
1649615447247695369 144.693595 0.000000
1649615447283278650 145.040257 0.000000
1649615447345299142 177.435240 0.000000
1649615447356486631 144.827197 0.000000
1649615447429924104 144.865117 0.000000
1649615447465521620 145.176672 0.000000
1649615447501518253 145.031131 0.000000
1649615447502543454 145.203513 0.000000
1649615447647158654 144.804114 0.000000
1649615447719022909 145.108285 0.000000
1649615447756947275 144.693988 0.000000
1649615447792932686 144.917156 0.000000
1649615448191378212 145.228829 0.000000
1649615448232303323 176.778698 0.000000
1649615448421977644 177.192575 0.000000
1649615448675041011 176.803014 0.000000
1649615448809337840 145.103265 0.000000
1649615448846129983 144.698475 0.000000
1649615448846383188 144.697093 0.000000
1649615448882144771 145.006794 0.000000
1649615448918946683 145.135204 0.000000
1649615449172564651 144.996664 0.000000
1649615449209749550 144.879565 0.000000
1649615449280543778 145.046767 0.000000
1649615449390294228 145.086613 0.000000
1649615449390858846 145.109005 0.000000
1649615449561760288 176.932427 0.000000
1649615449716289371 144.817980 0.000000
1649615449739666309 176.879987 0.000000
1649615449790175825 144.876228 0.000000
1649615449935268841 145.091374 0.000000
1649615450044857116 145.142107 0.000000
1649615450116105706 144.853636 0.000000
1649615450271995229 177.058543 0.000000
1649615450334638198 144.965487 0.000000
1649615450516030865 145.010491 0.000000
1649615450517138541 144.756314 0.000000
1649615450537583032 177.080775 0.000000
1649615450661034924 145.002075 0.000000
1649615450697935281 144.940521 0.000000
1649615450880288117 144.705869 0.000000
1649615450914611804 144.732490 0.000000
1649615451024864284 145.024808 0.000000
1649615451097844479 145.080000 0.000000
1649615451132808817 144.928245 0.000000
1649615451157857449 177.024117 0.000000
1649615451259895341 177.077146 0.000000
1649615451277749198 144.938267 0.000000
1649615451278052736 144.752208 0.000000
1649615451278486980 144.782505 0.000000
1649615451279194827 145.215616 0.000000
1649615451423838249 177.067660 0.000000
1649615451424068581 144.844148 0.000000
1649615451424345520 145.149330 0.000000
1649615451714549875 145.104537 0.000000
1649615451823945850 145.053473 0.000000
1649615451897049998 144.861711 0.000000
1649615451931817187 144.821146 0.000000
1649615452185920664 144.857987 0.000000
1649615452295063864 144.989942 0.000000
1649615452514119187 145.368602 0.000000
1649615452585738212 145.126809 0.000000
1649615452767720483 145.428665 0.000000
1649615453034254030 177.293433 0.000000
1649615453198271457 177.345429 0.000000
1649615453240559423 144.929378 0.000000
1649615453350343695 144.644564 0.000000
1649615453423127863 144.745162 0.000000
1649615453458970719 144.812751 0.000000
1649615453477228151 176.884175 0.000000
1649615453530585223 144.834571 0.000000
1649615453676646113 145.056266 0.000000
1649615453749452514 144.881670 0.000000
1649615453786028553 144.942734 0.000000
1649615453893449343 144.919188 0.000000
1649615453966885906 144.889204 0.000000
1649615454185059756 145.093978 0.000000
1649615454262446051 176.695303 0.000000
1649615454439626661 144.753108 0.000000
1649615454620812470 144.692164 0.000000
1649615454718688613 176.927378 0.000000
1649615454765621915 144.807742 0.000000
1649615455273219777 144.804004 0.000000
1649615455419507301 144.829821 0.000000
1649615455710114713 144.943285 0.000000
1649615455770600089 177.441842 0.000000
1649615455927382024 145.223361 0.000000
1649615456145062659 145.086323 0.000000
1649615456214211353 177.105941 0.000000
1649615456363150628 144.828139 0.000000
1649615456581346880 144.953294 0.000000
1649615456726492394 145.038343 0.000000
1649615456836170006 144.960927 0.000000
1649615457013470822 177.099879 0.000000
1649615457017345124 144.990063 0.000000
1649615457236111876 145.280879 0.000000
1649615457368089046 177.058592 0.000000
1649615457454106430 145.088366 0.000000
1649615457490843560 144.819071 0.000000
1649615457708378984 144.808212 0.000000
1649615457744736904 144.794337 0.000000
1649615457909639621 177.077337 0.000000
1649615458034954003 144.841325 0.000000
1649615458180191379 144.788785 0.000000
1649615458441734611 176.989642 0.000000
1649615458615776630 144.902108 0.000000
1649615458652159887 145.096151 0.000000
1649615458884599788 177.060907 0.000000
1649615458906298732 144.867183 0.000000
1649615458906778591 144.963413 0.000000
1649615458943586584 144.821807 0.000000
1649615458979025190 145.033504 0.000000
1649615459055175328 176.988892 0.000000
1649615459197218828 145.311835 0.000000
1649615459379673545 145.021852 0.000000
1649615459451604234 144.962853 0.000000
1649615459560620768 145.060226 0.000000
1649615459561349704 144.904473 0.000000
1649615459923910282 144.862722 0.000000
1649615459925363166 145.021290 0.000000
1649615460033094551 144.686233 0.000000
1649615460141636135 145.055326 0.000000
1649615460215400981 144.939057 0.000000
1649615460251760564 144.620218 0.000000
1649615460252160153 144.827277 0.000000
1649615460286794863 145.156163 0.000000
1649615460360053619 145.133960 0.000000
1649615460469510950 144.869827 0.000000
1649615460504460200 145.059755 0.000000
1649615460578721196 145.129885 0.000000
1649615460651464658 145.064352 0.000000
1649615460760277388 145.416222 0.000000
1649615460942315976 145.103024 0.000000
1649615460979748590 145.387347 0.000000
1649615461087835952 145.518594 0.000000
1649615461159873410 144.871601 0.000000
1649615461267686689 144.836396 0.000000
1649615461342258526 145.258695 0.000000
1649615461366769921 176.924160 0.000000
1649615461413985964 145.217197 0.000000
1649615461448351028 145.061495 0.000000
1649615461450086481 177.028334 0.000000
1649615461485244543 145.016763 0.000000
1649615461487332216 144.668911 0.000000
1649615461522851766 144.969145 0.000000
1649615461523438205 145.157257 0.000000
1649615461956655596 145.162506 0.000000
1649615461959126918 145.010341 0.000000
1649615462070748494 177.056431 0.000000
1649615462177363295 145.061807 0.000000
1649615462248502339 177.156565 0.000000
1649615462250515192 144.805385 0.000000
1649615462286869777 144.742810 0.000000
1649615462650732549 145.059242 0.000000
1649615462685911218 145.088156 0.000000
1649615462685909756 145.194476 0.000000
1649615462723199643 144.612786 0.000000
1649615462976542965 145.184899 0.000000
1649615463013273603 144.755122 0.000000
1649615463119252572 145.113793 0.000000
1649615463121690943 144.987527 0.000000
1649615463225172130 177.017234 0.000000
1649615463266311843 144.746596 0.000000
1649615463304501609 145.321665 0.000000
1649615463304641381 145.166284 0.000000
1649615463339873339 145.035658 0.000000
1649615463402534211 177.258777 0.000000
1649615463411202179 144.889124 0.000000
1649615463412487788 145.133291 0.000000
1649615463446595721 144.982506 0.000000
1649615463629159753 144.918647 0.000000
1649615463739760026 145.077327 0.000000
1649615463848139494 176.967833 0.000000
1649615464103570438 144.567520 0.000000
1649615464136605611 144.951641 0.000000
1649615464176322207 144.780380 0.000000
1649615464209467995 144.919511 0.000000
1649615464502442503 145.009347 0.000000
1649615464647751864 144.843728 0.000000
1649615464684985826 144.886399 0.000000
1649615464911197022 177.119678 0.000000
1649615465047990390 144.780339 0.000000
1649615465177605633 176.864708 0.000000
1649615465193182090 145.271079 0.000000
1649615465298999636 144.870097 0.000000
1649615465410625460 144.869546 0.000000
1649615465444999662 144.869707 0.000000
1649615465664430318 145.047863 0.000000
1649615465807572817 144.839971 0.000000
1649615465919434032 144.841564 0.000000
1649615466172570866 144.951489 0.000000
1649615466316535297 144.727140 0.000000
1649615466606421545 144.807350 0.000000
1649615466607256110 145.107783 0.000000
1649615466679401259 144.983158 0.000000
1649615466790535483 144.838739 0.000000
1649615466862701011 145.209053 0.000000
1649615466862804124 144.573602 0.000000
1649615466864239505 177.263507 0.000000
1649615467008271421 144.867272 0.000000
1649615467040475024 176.987499 0.000000
1649615467080941906 145.081905 0.000000
1649615467187530938 144.787151 0.000000
1649615467261121109 145.096144 0.000000
1649615467406272472 145.150882 0.000000
1649615467407661075 144.785428 0.000000
1649615467477790527 144.967779 0.000000
1649615467478276077 144.645105 0.000000
1649615467589425318 145.344847 0.000000
1649615467623917270 145.024227 0.000000
1649615467624608917 144.884425 0.000000
1649615467661141875 177.257866 0.000000
1649615467697857345 144.724344 0.000000
1649615467732638909 145.451716 0.000000
1649615467751312632 177.040758 0.000000
1649615467879141839 144.996508 0.000000
1649615467913665151 144.950699 0.000000
1649615468024583097 144.790878 0.000000
1649615468060357563 145.021781 0.000000
1649615468098178305 144.943977 0.000000
1649615468241955554 144.876699 0.000000
1649615468242651969 144.750282 0.000000
1649615468282750532 176.888624 0.000000
1649615468350682915 144.944146 0.000000
1649615468422296530 145.087355 0.000000
1649615468640602727 144.735776 0.000000
1649615468713575569 145.022313 0.000000
1649615468823298806 145.292940 0.000000
1649615468932249124 145.183714 0.000000
1649615468992682332 176.895096 0.000000
1649615469076834930 145.145465 0.000000
1649615469076862131 144.795829 0.000000
1649615469294547835 144.991075 0.000000
1649615469347703491 176.982910 0.000000
1649615469440012808 145.207540 0.000000
1649615469622373278 144.874666 0.000000
1649615469622775301 145.128401 0.000000
1649615469657905439 144.962961 0.000000
1649615469658279671 145.009918 0.000000
1649615469912540393 144.800376 0.000000
1649615469985415031 145.348213 0.000000
1649615470056178971 177.186200 0.000000
1649615470057120366 177.114626 0.000000
1649615470094368746 144.885385 0.000000
1649615470203833007 145.237686 0.000000
1649615470348327582 144.898211 0.000000
1649615470602784491 145.049554 0.000000
1649615470785228047 145.082355 0.000000
1649615470819770844 144.638934 0.000000
1649615470857549507 145.100479 0.000000
1649615470966059610 144.783556 0.000000
1649615471183503793 144.917346 0.000000
1649615471255773406 144.856872 0.000000
1649615471728499643 145.322554 0.000000
1649615471829511324 176.886401 0.000000
1649615471982193032 144.878894 0.000000
1649615472006497239 176.911976 0.000000
1649615472006863255 177.350599 0.000000
1649615472055490092 144.813911 0.000000
1649615472091190139 144.716270 0.000000
1649615472091664128 144.848348 0.000000
1649615472165162744 145.100559 0.000000
1649615472454357126 145.277642 0.000000
1649615472454992657 144.781602 0.000000
1649615472636873388 144.932954 0.000000
1649615472672455633 145.026599 0.000000
1649615472708598962 144.975305 0.000000
1649615472805169005 177.124958 0.000000
1649615472817513013 144.873354 0.000000
1649615472926736724 145.195898 0.000000
1649615473035733299 144.909270 0.000000
1649615473108543426 144.901115 0.000000
1649615473159241857 177.221608 0.000000
1649615473248359981 176.863567 0.000000
1649615473363135177 144.934498 0.000000
1649615473508208636 145.326514 0.000000
1649615473509012884 145.147448 0.000000
1649615473580861458 145.150613 0.000000
1649615473762409976 144.786952 0.000000
1649615473762688629 145.023776 0.000000
1649615473868802411 176.921176 0.000000
1649615473907967602 145.276489 0.000000
1649615474053994668 145.110829 0.000000
1649615474089907055 144.937965 0.000000
1649615474125805381 144.884965 0.000000
1649615474162054377 145.157806 0.000000
1649615474236070044 145.508372 0.000000
1649615474312310060 177.087367 0.000000
1649615474453494749 144.832908 0.000000
1649615474490233434 144.788926 0.000000
1649615474525700574 144.939449 0.000000
1649615474526480025 144.841014 0.000000
1649615474707739862 144.882551 0.000000
1649615474817001694 144.831315 0.000000
1649615474962171574 145.098015 0.000000
1649615475180672424 145.063378 0.000000
1649615475199590967 176.934038 0.000000
1649615475288797558 145.164930 0.000000
1649615475325062353 145.126920 0.000000
1649615475362333285 144.923087 0.000000
1649615475471517683 144.913019 0.000000
1649615475543071454 144.972849 0.000000
1649615475689299557 144.897909 0.000000
1649615475762052445 144.977638 0.000000
1649615475820219285 176.629628 0.000000
1649615475979907349 144.818983 0.000000
1649615476052496300 145.288643 0.000000
1649615476342965209 145.112400 0.000000
1649615476378803216 144.733521 0.000000
1649615476487907252 144.940790 0.000000
1649615476596451831 145.164309 0.000000
1649615476707408550 177.026051 0.000000
1649615476742722543 144.878352 0.000000
1649615476851726833 144.872001 0.000000
1649615476884901256 176.845703 0.000000
1649615476924628541 145.119484 0.000000
1649615477070289851 145.659156 0.000000
1649615477578546198 144.879374 0.000000
1649615477651540520 144.826735 0.000000
1649615477833342873 144.729534 0.000000
1649615477942073811 144.939617 0.000000
1649615477942438204 145.206567 0.000000
1649615477977877312 145.361459 0.000000
1649615478051065566 145.028724 0.000000
1649615478127678963 176.766856 0.000000
1649615478195863971 145.282632 0.000000
1649615478232530168 145.181942 0.000000
1649615478342111539 145.761938 0.000000
1649615478740936815 144.856291 0.000000
1649615478741315475 144.995863 0.000000
1649615478747611125 177.080753 0.000000
1649615478777595599 144.671194 0.000000
1649615478814455189 145.244789 0.000000
1649615479105125907 144.821646 0.000000
1649615479141931898 144.789585 0.000000
1649615479323618536 145.414499 0.000000
1649615479369473306 177.228471 0.000000
1649615479467812586 144.850741 0.000000
1649615479613950028 145.080170 0.000000
1649615479634908382 176.812301 0.000000
1649615479649328262 145.013997 0.000000
1649615479976900931 144.846263 0.000000
1649615480610746222 177.112152 0.000000
1649615480631180925 145.014287 0.000000
1649615480631227783 145.082996 0.000000
1649615480740102600 145.043982 0.000000
1649615480776252000 145.045106 0.000000
1649615480776695521 144.774078 0.000000
1649615480965338196 177.065184 0.000000
1649615480994178805 145.214953 0.000000
1649615480994405680 145.019607 0.000000
1649615480994443501 145.020348 0.000000
1649615481030957474 144.648543 0.000000
1649615481321862432 144.719786 0.000000
1649615481430579363 145.276018 0.000000
1649615481540029788 144.747668 0.000000
1649615481648928169 144.968051 0.000000
1649615481684973824 144.975514 0.000000
1649615482012579975 144.934417 0.000000
1649615482030385852 176.913551 0.000000
1649615482048571439 144.922475 0.000000
1649615482121445235 145.151214 0.000000
1649615482484732878 145.256231 0.000000
1649615482651904837 176.870528 0.000000
1649615482812204787 145.135265 0.000000
1649615482847447356 145.038964 0.000000
1649615482957101675 145.049043 0.000000
1649615482994195203 144.773806 0.000000
1649615482994618036 144.802741 0.000000
1649615483102085405 144.730395 0.000000
1649615483139844342 144.788776 0.000000
1649615483212237737 144.956419 0.000000
1649615483361208161 177.289005 0.000000
1649615483393428144 144.984041 0.000000
1649615483393846799 145.037812 0.000000
1649615483465677248 145.181381 0.000000
1649615483503115654 144.987367 0.000000
1649615483627038557 176.961009 0.000000
1649615483647868190 145.229171 0.000000
1649615483683643749 145.219011 0.000000
1649615483683661783 145.142217 0.000000
1649615483793115345 145.033073 0.000000
1649615483828863352 145.218621 0.000000
1649615484083371145 144.873122 0.000000
1649615484119561921 144.873543 0.000000
1649615484119753230 145.043481 0.000000
1649615484264577342 144.821187 0.000000
1649615484336649736 177.150774 0.000000
1649615484374574281 145.040655 0.000000
1649615484410046042 144.925592 0.000000
1649615484410710447 145.098686 0.000000
1649615484426072241 177.263846 0.000000
1649615484447434934 145.303861 0.000000
1649615484482676712 145.152376 0.000000
1649615484483931674 145.210535 0.000000
1649615484602620436 177.101513 0.000000
1649615484846252534 144.998748 0.000000
1649615484869401846 177.220606 0.000000
1649615484883032907 144.811980 0.000000
1649615484955733096 144.865417 0.000000
1649615484957515256 176.799335 0.000000
1649615484992022790 144.960267 0.000000
1649615485027805240 144.880136 0.000000
1649615485064050520 145.047019 0.000000
1649615485134690578 176.770292 0.000000
1649615485209141160 145.047320 0.000000
1649615485245311818 144.902216 0.000000
1649615485354676784 145.088676 0.000000
1649615485536878608 145.523312 0.000000
1649615485755508792 145.151085 0.000000
1649615486045634298 144.732508 0.000000
1649615486264597957 144.654933 0.000000
1649615486265076845 145.076524 0.000000
1649615486555337236 145.371749 0.000000
1649615486664124549 144.935140 0.000000
1649615486773495896 145.093116 0.000000
1649615486991031680 145.051218 0.000000
1649615486997946601 177.187725 0.000000
1649615487100160983 144.707111 0.000000
1649615487100391114 144.749080 0.000000
1649615487173508658 145.455866 0.000000
1649615487264127424 176.800378 0.000000
1649615487353683640 177.412685 0.000000
1649615487536587879 144.917997 0.000000
1649615487572299757 145.052198 0.000000
1649615487682168027 144.725586 0.000000
1649615487790243054 144.881968 0.000000
1649615487864294347 145.273242 0.000000
1649615488117552770 145.072406 0.000000
1649615488150406861 177.159599 0.000000
1649615488154021677 145.327322 0.000000
1649615488335508721 145.140644 0.000000
1649615488590692662 144.926302 0.000000
1649615488700032782 144.866451 0.000000
1649615488735441262 144.921704 0.000000
1649615488880925189 145.201668 0.000000
1649615488917914483 144.821536 0.000000
1649615488989997274 145.135131 0.000000
1649615489063393161 145.186631 0.000000
1649615489098964917 145.173196 0.000000
1649615489208728268 145.024997 0.000000
1649615489244108577 145.136486 0.000000
1649615489316996619 145.322746 0.000000
1649615489354076593 144.995203 0.000000
1649615489426596345 144.787331 0.000000
1649615489753261622 145.132037 0.000000
1649615489898450747 145.187362 0.000000
1649615489899316911 145.111620 0.000000
1649615489935048868 144.762555 0.000000
1649615490007581264 145.214302 0.000000
1649615490008133759 144.781581 0.000000
1649615490189333774 145.061606 0.000000
1649615490371461948 144.888240 0.000000
1649615490516258959 144.728383 0.000000
1649615490517106167 145.048994 0.000000
1649615490640671500 177.207221 0.000000
1649615490698593340 145.316585 0.000000
1649615490808003379 145.446006 0.000000
1649615490818069027 176.954867 0.000000
1649615490843834321 144.882170 0.000000
1649615490917031033 145.315893 0.000000
1649615490917176245 145.049684 0.000000
1649615490953202422 144.691021 0.000000
1649615490990106796 145.050515 0.000000
1649615490994953872 176.857855 0.000000
1649615491061423164 145.031219 0.000000
1649615491134175142 144.908981 0.000000
1649615491243749180 144.901787 0.000000
1649615491352117197 145.120398 0.000000
1649615491352305109 145.347985 0.000000
1649615491353019027 144.978752 0.000000
1649615491353205547 144.953135 0.000000
1649615491534472556 145.239058 0.000000
1649615491570531665 144.953122 0.000000
1649615491607268846 145.135445 0.000000
1649615491615339945 176.893111 0.000000
1649615491642824944 144.979723 0.000000
1649615491679359535 144.970205 0.000000
1649615491715712715 145.178786 0.000000
1649615491716431823 144.886007 0.000000
1649615491934404876 145.060664 0.000000
1649615491969503676 177.167816 0.000000
1649615492058916554 176.980958 0.000000
1649615492235191536 176.806970 0.000000
1649615492405929200 145.158678 0.000000
1649615492624604378 145.030036 0.000000
1649615492697508372 144.723953 0.000000
1649615492769797702 145.191019 0.000000
1649615492806148057 144.867493 0.000000
1649615492843075194 145.334947 0.000000
1649615493024423457 144.939337 0.000000
1649615493133194108 144.773476 0.000000
1649615493169372322 145.426861 0.000000
1649615493205363684 144.895003 0.000000
1649615493277996588 144.801809 0.000000
1649615493314648238 144.972928 0.000000
1649615493386789641 145.318037 0.000000
1649615493387480446 144.956248 0.000000
1649615493495673938 144.977019 0.000000
1649615493532172401 144.833279 0.000000
1649615493823390815 145.186840 0.000000
1649615493932824109 144.922876 0.000000
1649615493969434392 144.946951 0.000000
1649615494041109991 144.967168 0.000000
1649615494187705022 145.052920 0.000000
1649615494223467726 144.900655 0.000000
1649615494223938318 145.220174 0.000000
1649615494659586054 144.744903 0.000000
1649615494696390261 144.919791 0.000000
1649615494732549478 145.062177 0.000000
1649615494769180429 145.125676 0.000000
1649615494804676022 144.918086 0.000000
1649615494877190956 145.057638 0.000000
1649615494914377961 145.075042 0.000000
1649615494986151894 177.258066 0.000000
1649615495058298949 145.056737 0.000000
1649615495251721974 177.171233 0.000000
1649615495386322231 145.510437 0.000000
1649615495495201097 144.713656 0.000000
1649615495604359374 145.014007 0.000000
1649615495967985050 145.573005 0.000000
1649615496004125662 144.892779 0.000000
1649615496076269210 145.043283 0.000000
1649615496112086917 144.886319 0.000000
1649615496148627780 145.136577 0.000000
1649615496293983055 144.883101 0.000000
1649615496874955922 145.091432 0.000000
1649615497093697215 144.644786 0.000000
1649615497275773011 145.115407 0.000000
1649615497347529140 144.959413 0.000000
1649615497347933548 145.221334 0.000000
1649615497384368925 145.023215 0.000000
1649615497384416594 145.279715 0.000000
1649615497419545851 145.064381 0.000000
1649615497455742678 145.068247 0.000000
1649615497638702762 144.884464 0.000000
1649615497735164782 176.938848 0.000000
1649615497784075792 145.371928 0.000000
1649615497856317523 144.861070 0.000000
1649615497892864969 144.730146 0.000000
1649615498037751786 145.107952 0.000000
1649615498147109147 144.965567 0.000000
1649615498182611534 145.269397 0.000000
1649615498183273305 145.397707 0.000000
1649615498183368273 145.169559 0.000000
1649615498219771235 144.960797 0.000000
1649615498436874498 144.972348 0.000000
1649615498437971415 144.718313 0.000000
1649615498532994046 176.970767 0.000000
1649615498691750253 144.691873 0.000000
1649615498727336615 145.075631 0.000000
1649615498727361602 145.066585 0.000000
1649615498727901674 145.012143 0.000000
1649615498728410759 145.042901 0.000000
1649615498799320463 177.271601 0.000000
1649615499018200876 145.008716 0.000000
1649615499153657139 176.951003 0.000000
1649615499163675407 144.770100 0.000000
1649615499200403891 144.914540 0.000000
1649615499345703913 144.926111 0.000000
1649615499345766971 144.880496 0.000000
1649615499418494163 144.855880 0.000000
1649615499455331482 144.827457 0.000000
1649615499491091099 144.817408 0.000000
1649615499708701803 145.346230 0.000000
1649615499774700444 177.252777 0.000000
1649615499853911386 145.126537 0.000000
1649615499926872968 144.814633 0.000000
1649615499927070287 144.942051 0.000000
1649615499927332719 145.023935 0.000000
1649615499963656315 144.778637 0.000000
1649615500144290839 145.102012 0.000000
1649615500180834627 145.116328 0.000000
1649615500217230258 144.968992 0.000000
1649615500435975417 145.183235 0.000000
1649615500485158527 177.067789 0.000000
1649615500545098368 144.663980 0.000000
1649615500580837098 144.859847 0.000000
1649615500690185002 145.426350 0.000000
1649615500690750081 144.878614 0.000000
1649615500871430522 145.146485 0.000000
1649615501052950896 144.861861 0.000000
1649615501053587379 144.940208 0.000000
1649615501125285491 144.993588 0.000000
1649615501162271209 144.799847 0.000000
1649615501198227875 145.082265 0.000000
1649615501307302337 145.167774 0.000000
1649615501379932616 145.444663 0.000000
1649615501452551354 145.245680 0.000000
1649615501562314236 145.152668 0.000000
1649615501634967629 145.181552 0.000000
1649615501635080250 145.021041 0.000000
1649615501670704835 145.266500 0.000000
1649615501816906246 145.058449 0.000000
1649615501926223252 145.353553 0.000000
1649615502071148543 145.264617 0.000000
1649615502071324212 145.020699 0.000000
1649615502216143493 145.040084 0.000000
1649615502216660161 145.090619 0.000000
1649615502346561812 177.039115 0.000000
1649615502361131452 145.087577 0.000000
1649615502435374904 177.022292 0.000000
1649615502470658841 145.085290 0.000000
1649615502506629976 144.931511 0.000000
1649615502543715360 145.085921 0.000000
1649615502580122763 144.912317 0.000000
1649615502651914018 144.947892 0.000000
1649615502651961637 145.328796 0.000000
1649615502797750117 144.865640 0.000000
1649615502833347821 145.021862 0.000000
1649615502966759200 176.852995 0.000000
1649615503052601494 144.786960 0.000000
1649615503143777857 177.244100 0.000000
1649615503160667064 145.029876 0.000000
1649615503197915552 145.018094 0.000000
1649615503415770944 145.019656 0.000000
1649615503487244717 144.952330 0.000000
1649615503488731374 145.421531 0.000000
1649615503634276425 144.997375 0.000000
1649615503669049244 144.986505 0.000000
1649615503778069134 145.150534 0.000000
1649615503778584309 144.861141 0.000000
1649615503815382464 144.773145 0.000000
1649615503997031550 144.677876 0.000000
1649615504177902186 145.030927 0.000000
1649615504323426249 144.736537 0.000000
1649615504578405557 144.681395 0.000000
1649615504650673506 144.853345 0.000000
1649615504686521029 144.900904 0.000000
1649615504687387884 144.898689 0.000000
1649615504759239464 145.100309 0.000000
1649615504868976396 144.898500 0.000000
1649615504904282697 145.080202 0.000000
1649615505014395764 144.871882 0.000000
1649615505086052808 144.951759 0.000000
1649615505184185079 177.053511 0.000000
1649615505195354015 144.761183 0.000000
1649615505340819377 144.867682 0.000000
1649615505362127326 176.829632 0.000000
1649615505378342141 144.818370 0.000000
1649615505486155046 145.330490 0.000000
1649615505523150902 145.096821 0.000000
1649615505631168050 144.711037 0.000000
1649615505959387601 145.387686 0.000000
1649615505994743343 145.205616 0.000000
1649615506067540806 144.914860 0.000000
1649615506071210765 176.787323 0.000000
1649615506176964702 144.911294 0.000000
1649615506212483318 145.039143 0.000000
1649615506248499407 177.286428 0.000000
1649615506285520480 144.917896 0.000000
1649615506603434765 176.913181 0.000000
1649615506612093895 144.779887 0.000000
1649615506648363279 145.036178 0.000000
1649615506793816288 144.759159 0.000000
1649615506829337460 144.953073 0.000000
1649615506938734904 144.916803 0.000000
1649615507011890700 144.870617 0.000000
1649615507121418881 144.782051 0.000000
1649615507135648263 176.907848 0.000000
1649615507300991104 144.774767 0.000000
1649615507520239276 145.101250 0.000000
1649615507557212510 145.114966 0.000000
1649615507593269897 145.206157 0.000000
1649615507630046682 144.897177 0.000000
1649615507665490588 145.248246 0.000000
1649615507774865412 145.071274 0.000000
1649615508065108078 145.071745 0.000000
1649615508282793171 145.446358 0.000000
1649615508356186391 144.917036 0.000000
1649615508465476213 176.998367 0.000000
1649615508642682481 177.204865 0.000000
1649615508646845465 145.049312 0.000000
1649615508720019403 145.112911 0.000000
1649615508827985347 144.912857 0.000000
1649615509082239735 145.098345 0.000000
1649615509118282445 144.927786 0.000000
1649615509154587064 144.917635 0.000000
1649615509174776637 177.043212 0.000000
1649615509191103101 144.844970 0.000000
1649615509263173522 144.886989 0.000000
1649615509264455335 144.847666 0.000000
1649615509299838035 145.341802 0.000000
1649615509518074531 145.081953 0.000000
1649615509518696556 144.880175 0.000000
1649615509529024465 176.913099 0.000000
1649615509699644989 144.871228 0.000000
1649615509705990794 176.963834 0.000000
1649615509808491924 144.970265 0.000000
1649615509917457700 145.159038 0.000000
1649615510027669583 145.145783 0.000000
1649615510134773180 144.978972 0.000000
1649615510135751725 144.965085 0.000000
1649615510172512920 144.856712 0.000000
1649615510208229449 145.122853 0.000000
1649615510498076071 145.091993 0.000000
1649615510607925746 144.871320 0.000000
1649615510789999697 144.935630 0.000000
1649615510825536037 145.031109 0.000000
1649615510862120091 144.867412 0.000000
1649615510863516528 145.228869 0.000000
1649615510972569920 144.942362 0.000000
1649615511080680343 144.709045 0.000000
1649615511297283298 145.093776 0.000000
1649615511335299455 144.854777 0.000000
1649615511370676086 144.653541 0.000000
1649615511406978210 145.066002 0.000000
1649615511480142140 144.841242 0.000000
1649615511660739455 144.951389 0.000000
1649615511661437593 145.194575 0.000000
1649615511843813653 144.865338 0.000000
1649615512101482821 177.021291 0.000000
1649615512134422183 145.182261 0.000000
1649615512278472925 176.988621 0.000000
1649615512425698936 144.883240 0.000000
1649615512606731186 144.786368 0.000000
1649615512633587927 176.947702 0.000000
1649615512897390061 144.702362 0.000000
1649615512970246105 145.721122 0.000000
1649615513042429877 145.038743 0.000000
1649615513261645908 145.309349 0.000000
1649615513660968295 144.729644 0.000000
1649615513733028808 144.790299 0.000000
1649615513733727027 144.839572 0.000000
1649615513768760154 144.773688 0.000000
1649615513841270570 145.041712 0.000000
1649615513986424574 145.103519 0.000000
1649615514023391682 144.887178 0.000000
1649615514142754290 177.209523 0.000000
1649615514204332862 145.016553 0.000000
1649615514276959735 144.945379 0.000000
1649615514386527051 145.059294 0.000000
1649615514459195131 145.407755 0.000000
1649615514567420742 145.049525 0.000000
1649615514585904363 177.111059 0.000000
1649615514640052814 144.945769 0.000000
1649615514677613940 144.626901 0.000000
1649615514822921059 145.305616 0.000000
1649615514931148852 144.927566 0.000000
1649615515003691567 145.380192 0.000000
1649615515040926141 145.020579 0.000000
1649615515186748514 145.084580 0.000000
1649615515294934600 145.065024 0.000000
1649615515331887474 144.985553 0.000000
1649615515384649027 176.848758 0.000000
1649615515512995307 145.384932 0.000000
1649615515622151171 144.778616 0.000000
1649615515731047168 144.732389 0.000000
1649615515739036155 176.968352 0.000000
1649615515803628445 144.891597 0.000000
1649615515839147585 145.030589 0.000000
1649615515875844540 144.796721 0.000000
1649615515912720881 144.652680 0.000000
1649615515913280721 144.778867 0.000000
1649615515913557470 144.759581 0.000000
1649615516166184989 144.881659 0.000000
1649615516202121869 144.992898 0.000000
1649615516203244504 144.925992 0.000000
1649615516271044298 177.026100 0.000000
1649615516384185333 144.900385 0.000000
1649615516784420793 145.629271 0.000000
1649615517001001275 145.233429 0.000000
1649615517075212419 145.024427 0.000000
1649615517075257123 144.733371 0.000000
1649615517111640039 145.316925 0.000000
1649615517293079804 145.074050 0.000000
1649615517546530356 145.148728 0.000000
1649615517691220486 144.877651 0.000000
1649615517836421684 145.216627 0.000000
1649615517868009321 177.080351 0.000000
1649615518019426442 144.872482 0.000000
1649615518127255369 144.967550 0.000000
1649615518164485204 145.057920 0.000000
1649615518237332371 144.995793 0.000000
1649615518309850409 145.265028 0.000000
1649615518382084966 145.052056 0.000000
1649615518490265351 144.955617 0.000000
1649615518598542027 144.799414 0.000000
1649615518780597525 144.981275 0.000000
1649615518781027341 145.080842 0.000000
1649615518926836559 144.824051 0.000000
1649615518999493799 145.030067 0.000000
1649615519145507511 145.013326 0.000000
1649615519181153976 145.022292 0.000000
1649615519289578199 144.854788 0.000000
1649615519327233271 144.772495 0.000000
1649615519376228131 176.812289 0.000000
1649615519507196637 145.117512 0.000000
1649615519579845882 144.687453 0.000000
1649615519581034149 145.023713 0.000000
1649615519581188218 145.220973 0.000000
1649615519819882369 176.982338 0.000000
1649615519942761849 144.940560 0.000000
1649615520016941593 145.147196 0.000000
1649615520053691948 144.729823 0.000000
1649615520234544241 145.037110 0.000000
1649615520271547260 145.045044 0.000000
1649615520271581414 144.856471 0.000000
1649615520306669454 144.936953 0.000000
1649615520416619358 145.037083 0.000000
1649615520489038711 144.929440 0.000000
1649615520525391351 145.213222 0.000000
1649615520779961090 145.293801 0.000000
1649615520883616041 176.858986 0.000000
1649615520923784434 145.033913 0.000000
1649615520998494303 144.737328 0.000000
1649615521251738149 144.990344 0.000000
1649615521287823718 145.060597 0.000000
1649615521288735758 145.052340 0.000000
1649615521361287550 145.767601 0.000000
1649615521433891148 144.748517 0.000000
1649615521505354269 145.027622 0.000000
1649615521614791801 144.915823 0.000000
1649615521832441698 144.953133 0.000000
1649615521832487654 144.618104 0.000000
1649615521869651294 144.895484 0.000000
1649615521870032298 144.652167 0.000000
1649615521905450828 144.802410 0.000000
1649615521947848140 176.981637 0.000000
1649615521977604203 145.159680 0.000000
1649615522126496089 176.950607 0.000000
1649615522268402020 145.334238 0.000000
1649615522305665628 144.966858 0.000000
1649615522341403745 144.862572 0.000000
1649615522414174348 144.755451 0.000000
1649615522450295804 144.707241 0.000000
1649615522486167873 145.058560 0.000000
1649615522559156375 144.780700 0.000000
1649615522776126718 145.097344 0.000000
1649615522849143681 144.906064 0.000000
1649615522885877546 145.044093 0.000000
1649615523066889298 144.864858 0.000000
1649615523067282575 144.700520 0.000000
1649615523104077153 144.701650 0.000000
1649615523212106034 145.215634 0.000000
1649615523248975923 145.179145 0.000000
1649615523322472507 145.556584 0.000000
1649615523503457158 144.683638 0.000000
1649615523544420361 176.799876 0.000000
1649615523793960661 145.060623 0.000000
1649615523829905037 145.280566 0.000000
1649615523898111212 176.930349 0.000000
1649615524047689618 145.111031 0.000000
1649615524047882008 144.670955 0.000000
1649615524084494715 145.009610 0.000000
1649615524252238201 177.026218 0.000000
1649615524265436413 145.081993 0.000000
1649615524302426869 144.805434 0.000000
1649615524484309793 144.993498 0.000000
1649615524520344968 144.904511 0.000000
1649615524629405033 145.094468 0.000000
1649615524665139093 144.947152 0.000000
1649615524848231996 144.972760 0.000000
1649615524873081891 177.210725 0.000000
1649615524993282319 144.833698 0.000000
1649615524993446888 144.915190 0.000000
1649615525227764190 176.825573 0.000000
1649615525393120422 144.909972 0.000000
1649615525502348671 144.793963 0.000000
1649615525538414263 144.931211 0.000000
1649615525538559986 144.950557 0.000000
1649615525646491377 145.156807 0.000000
1649615525670769480 177.148711 0.000000
1649615525683060091 144.823131 0.000000
1649615525683465972 144.905355 0.000000
1649615525719616683 145.172134 0.000000
1649615525828436115 144.968409 0.000000
1649615526026728873 177.281318 0.000000
1649615526119439826 144.753167 0.000000
1649615526470500646 177.378891 0.000000
1649615526482361091 145.165991 0.000000
1649615526627642498 145.279754 0.000000
1649615526628297095 144.878030 0.000000
1649615526701954720 145.405770 0.000000
1649615526824277178 176.991404 0.000000
1649615526825379003 177.007053 0.000000
1649615526919386369 144.846404 0.000000
1649615526990898592 145.157867 0.000000
1649615526990941262 145.090611 0.000000
1649615526991335000 145.057799 0.000000
1649615527027312556 145.402876 0.000000
1649615527136199485 144.817447 0.000000
1649615527172758181 144.962810 0.000000
1649615527178676296 177.032641 0.000000
1649615527245278224 145.310133 0.000000
1649615527463336045 145.351339 0.000000
1649615527535997783 145.158977 0.000000
1649615527622984536 177.061605 0.000000
1649615528262618400 144.940188 0.000000
1649615528335726898 144.750805 0.000000
1649615528336335820 144.817400 0.000000
1649615528372245389 145.013197 0.000000
1649615528481373469 145.036908 0.000000
1649615528509601037 177.154238 0.000000
1649615528517179093 145.026359 0.000000
1649615528734582505 144.887859 0.000000
1649615528735694620 144.914278 0.000000
1649615528775497328 177.106940 0.000000
1649615529061403093 145.144651 0.000000
1649615529134733754 145.182991 0.000000
1649615529243330910 144.946098 0.000000
1649615529243825026 144.820664 0.000000
1649615529279713757 144.978681 0.000000
1649615529280421294 144.792942 0.000000
1649615529308719163 176.934257 0.000000
1649615529425620036 145.111599 0.000000
1649615529461825810 145.099065 0.000000
1649615529498126032 145.553197 0.000000
1649615529534632290 145.004469 0.000000
1649615529643735875 145.244259 0.000000
1649615529662389826 177.141005 0.000000
1649615529825393216 145.074621 0.000000
1649615529861728043 144.835843 0.000000
1649615529897778676 144.956619 0.000000
1649615530006825916 145.095599 0.000000
1649615530115440094 145.070493 0.000000
1649615530152451108 144.742227 0.000000
1649615530261727376 144.997424 0.000000
1649615530298263900 144.819100 0.000000
1649615530371027620 145.445264 0.000000
1649615530443316328 145.051335 0.000000
1649615530549721275 176.927114 0.000000
1649615530588444008 145.168687 0.000000
1649615530625104525 144.851771 0.000000
1649615530727336738 176.942341 0.000000
1649615530768899155 144.842324 0.000000
1649615530951072032 144.841423 0.000000
1649615531024199323 145.296375 0.000000
1649615531060404215 144.845419 0.000000
1649615531350713505 144.933726 0.000000
1649615531351446519 145.288722 0.000000
1649615531437333079 177.144640 0.000000
1649615531526307258 177.188172 0.000000
1649615531750608463 145.158816 0.000000
1649615531895771878 145.161271 0.000000
1649615531896753568 144.929626 0.000000
1649615531969063557 145.142526 0.000000
1649615532058703944 176.983318 0.000000
1649615532186590111 145.062928 0.000000
1649615532187347411 145.011241 0.000000
1649615532222499240 144.785047 0.000000
1649615532223089306 145.037991 0.000000
1649615532294709090 144.917945 0.000000
1649615532368097562 145.059151 0.000000
1649615532412577518 177.032271 0.000000
1649615532440691262 144.889393 0.000000
1649615532477123521 145.080752 0.000000
1649615532501353635 176.698636 0.000000
1649615532585079194 144.992755 0.000000
1649615532585624286 144.965675 0.000000
1649615532623083119 144.805624 0.000000
1649615532658100616 144.913537 0.000000
1649615532730292142 144.666574 0.000000
1649615532876469499 144.788744 0.000000
1649615532985192440 144.573500 0.000000
1649615532985750295 145.051406 0.000000
1649615533021096118 145.168375 0.000000
1649615533130310240 145.116508 0.000000
1649615533130907089 145.157695 0.000000
1649615533166967100 145.058670 0.000000
1649615533240195029 145.084348 0.000000
1649615533493872896 144.644543 0.000000
1649615533567051913 144.886707 0.000000
1649615533675674887 145.130193 0.000000
