1642013816379195255 145.576696 0.000000
1642013816464748468 177.278195 0.000000
1642013816510833952 176.988041 0.000000
1642013816640866007 177.084312 0.000000
1642013816906617700 177.063573 0.000000
1642013816995302172 176.800769 0.000000
1642013817042689317 176.731310 0.000000
1642013817080890591 177.054697 0.000000
1642013817084937528 176.994985 0.000000
1642013817396992383 176.884688 0.000000
1642013817439107454 176.961381 0.000000
1642013817524637864 177.185632 0.000000
1642013817615403158 176.784330 0.000000
1642013817663037495 176.876341 0.000000
1642013817840460433 176.904305 0.000000
1642013817923354381 177.249473 0.000000
1642013817970369075 176.983772 0.000000
1642013818145277820 177.144888 0.000000
1642013818145642163 177.028189 0.000000
1642013818195235604 145.022948 0.000000
1642013818403817261 144.902572 0.000000
1642013818459921799 176.979836 0.000000
1642013818460582507 177.107696 0.000000
1642013818730449435 144.927870 0.000000
1642013818854897472 176.851986 0.000000
1642013818875608717 145.155696 0.000000
1642013818921971372 145.050751 0.000000
1642013819121057120 177.271253 0.000000
1642013819165333752 176.913721 0.000000
1642013819212571267 145.098229 0.000000
1642013819387208261 177.339040 0.000000
1642013819388256897 176.881983 0.000000
1642013819564509108 177.211840 0.000000
1642013819653667229 176.899384 0.000000
1642013819831403844 177.217723 0.000000
1642013819874712272 177.064143 0.000000
1642013819919837167 177.295659 0.000000
1642013820097463103 176.658352 0.000000
1642013820510327673 145.068915 0.000000
1642013820619198137 144.991490 0.000000
1642013820677214186 176.847066 0.000000
1642013820762112320 177.034007 0.000000
1642013820806761223 177.030051 0.000000
1642013820983788989 177.100763 0.000000
1642013820984534506 176.798145 0.000000
1642013821116850072 177.135237 0.000000
1642013821174710930 145.183007 0.000000
1642013821200483125 144.973895 0.000000
1642013821251122196 176.977552 0.000000
1642013821319873251 145.160307 0.000000
1642013821474972268 177.028297 0.000000
1642013821961113764 176.922296 0.000000
1642013822137940122 177.023890 0.000000
1642013822314491536 177.167118 0.000000
1642013822337695927 145.202033 0.000000
1642013822360008726 177.324402 0.000000
1642013822399486854 145.053085 0.000000
1642013822492051100 176.963757 0.000000
1642013822493191287 176.990076 0.000000
1642013822536947205 176.935924 0.000000
1642013822581000980 176.637545 0.000000
1642013822891809459 177.275771 0.000000
1642013823113605349 176.876092 0.000000
1642013823137221141 144.958468 0.000000
1642013823158069765 176.962243 0.000000
1642013823306648590 144.945213 0.000000
1642013823488399340 144.964749 0.000000
1642013823690066746 176.763931 0.000000
1642013823911396132 177.064825 0.000000
1642013823912484523 176.939541 0.000000
1642013823936218135 145.066930 0.000000
1642013824000558631 177.167657 0.000000
1642013824133998665 177.002931 0.000000
1642013824356574869 176.959810 0.000000
1642013824444627297 145.039820 0.000000
1642013824533844809 176.882343 0.000000
1642013824621576856 176.948056 0.000000
1642013824662647851 145.223905 0.000000
1642013824709896616 177.643741 0.000000
1642013824711055117 177.209636 0.000000
1642013824844233370 177.029879 0.000000
1642013824887228451 177.110582 0.000000
1642013824888921235 177.110501 0.000000
1642013824976074037 176.997229 0.000000
1642013825110387197 177.061820 0.000000
1642013825597259616 177.023729 0.000000
1642013825598313391 177.154684 0.000000
1642013825642337950 176.784989 0.000000
1642013825686389894 177.872590 0.000000
1642013825752593272 145.037685 0.000000
1642013825920943781 145.105282 0.000000
1642013825952685998 177.006166 0.000000
1642013825970547682 145.255945 0.000000
1642013825996351625 177.110090 0.000000
1642013826173588223 176.983994 0.000000
1642013826333816836 145.067251 0.000000
1642013826395239113 177.156989 0.000000
1642013826440287733 176.644560 0.000000
1642013826484542795 176.769963 0.000000
1642013826485384583 177.131030 0.000000
1642013826573135386 176.808755 0.000000
1642013826697007704 144.985217 0.000000
1642013826750006819 176.869930 0.000000
1642013826752095464 177.235094 0.000000
1642013826839703329 177.084754 0.000000
1642013826915064285 145.421365 0.000000
1642013827106267484 176.905075 0.000000
1642013827132765800 144.963095 0.000000
1642013827150311362 176.997950 0.000000
1642013827372733438 177.041814 0.000000
1642013827460406083 177.049938 0.000000
1642013827460748485 176.996407 0.000000
1642013827505029606 176.969866 0.000000
1642013827593782297 177.072038 0.000000
1642013827638614472 177.104019 0.000000
1642013827681911249 177.073462 0.000000
1642013827816209833 176.931967 0.000000
1642013827947960059 177.317089 0.000000
1642013827948995941 177.509900 0.000000
1642013828214893738 177.087131 0.000000
1642013828303968021 176.660719 0.000000
1642013828463845908 145.127665 0.000000
1642013828480060854 176.997179 0.000000
1642013828525727403 176.718485 0.000000
1642013828835428694 177.562355 0.000000
1642013829101236295 177.199438 0.000000
1642013829101266121 176.951293 0.000000
1642013829146871865 176.803585 0.000000
1642013829190987868 176.787135 0.000000
1642013829323410384 177.148353 0.000000
1642013829444673130 145.073913 0.000000
1642013829481007324 145.114258 0.000000
1642013829767174449 177.018460 0.000000
1642013829807862216 145.119139 0.000000
1642013829916831335 145.058395 0.000000
1642013829989671906 176.804408 0.000000
1642013830316412993 145.118387 0.000000
1642013830431598836 176.982772 0.000000
1642013830432422440 176.914423 0.000000
1642013830521591122 177.001538 0.000000
1642013830653718504 177.019941 0.000000
1642013830919994440 176.868968 0.000000
1642013831008792887 176.935664 0.000000
1642013831097732568 177.212101 0.000000
1642013831186113462 177.262957 0.000000
1642013831188708066 145.028070 0.000000
1642013831276116376 176.953016 0.000000
1642013831333957028 145.247569 0.000000
1642013831479218072 145.258279 0.000000
1642013831585001710 177.001219 0.000000
1642013831630101597 176.978005 0.000000
1642013831697006529 145.122344 0.000000
1642013831712002141 145.119088 0.000000
1642013831733568191 145.012398 0.000000
1642013831809269004 177.332056 0.000000
1642013831842543622 145.536061 0.000000
1642013831896209637 177.169993 0.000000
1642013831986033297 176.664445 0.000000
1642013832060288249 145.022288 0.000000
1642013832075256729 176.962755 0.000000
1642013832118066403 177.180243 0.000000
1642013832169454808 144.997720 0.000000
1642013832278323490 145.172598 0.000000
1642013832429243463 177.034669 0.000000
1642013832518101981 176.854571 0.000000
1642013832606119274 176.985687 0.000000
1642013833181730768 176.731450 0.000000
1642013833186725752 144.984616 0.000000
1642013833495389300 176.843852 0.000000
1642013833715066950 176.888766 0.000000
1642013833802659606 177.241607 0.000000
1642013833821086590 145.463303 0.000000
1642013833980704679 176.992610 0.000000
1642013833981188666 177.090994 0.000000
1642013834202845024 176.850954 0.000000
1642013834204722284 176.822942 0.000000
1642013834291888582 177.184170 0.000000
1642013834292467056 177.118436 0.000000
1642013834335091112 176.907881 0.000000
1642013834382004048 176.844655 0.000000
1642013834470666640 177.037996 0.000000
1642013834512239565 176.921207 0.000000
1642013834513256711 176.959448 0.000000
1642013834547828380 145.014352 0.000000
1642013834604052863 145.097398 0.000000
1642013834735736264 177.071278 0.000000
1642013835044509918 176.935273 0.000000
1642013835090469376 177.287503 0.000000
1642013835149300435 144.995818 0.000000
1642013835268065308 176.854241 0.000000
1642013835268869095 176.681087 0.000000
1642013835711823482 176.972403 0.000000
1642013835712617630 177.110821 0.000000
1642013835888944352 177.118295 0.000000
1642013835912478071 144.952036 0.000000
1642013836110616351 177.839828 0.000000
1642013836154676869 177.080585 0.000000
1642013836155173510 176.955881 0.000000
1642013836155382372 176.813475 0.000000
1642013836312160858 145.070257 0.000000
1642013836602521234 144.996689 0.000000
1642013836641339734 177.159963 0.000000
1642013836686504534 177.166837 0.000000
1642013836776324585 176.700973 0.000000
1642013836929892883 144.941616 0.000000
1642013837040749691 177.027115 0.000000
1642013837041662232 176.884558 0.000000
1642013837075117079 145.222112 0.000000
1642013837130617043 176.922300 0.000000
1642013837352001492 176.950201 0.000000
1642013837365661799 145.020482 0.000000
1642013837395337331 176.947826 0.000000
1642013837396690017 176.817581 0.000000
1642013837547318845 145.105874 0.000000
1642013837662976091 176.909634 0.000000
1642013837837914291 145.279539 0.000000
1642013837840726874 177.114350 0.000000
1642013837965421363 145.448715 0.000000
1642013837983065090 145.148835 0.000000
1642013838061057418 177.028928 0.000000
1642013838255814540 145.114829 0.000000
1642013838546244426 145.070817 0.000000
1642013838770176662 177.214456 0.000000
1642013838816738000 176.691005 0.000000
1642013838858731413 177.153983 0.000000
1642013838904539356 176.951973 0.000000
1642013838948220113 176.945523 0.000000
1642013838948571723 177.082600 0.000000
1642013838993643787 176.904615 0.000000
1642013839124442810 176.955450 0.000000
1642013839127414290 144.927930 0.000000
1642013839255145643 145.068394 0.000000
1642013839390730639 177.327037 0.000000
1642013839391468192 176.954119 0.000000
1642013839437049591 177.012569 0.000000
1642013839569001946 176.761857 0.000000
1642013839612829939 176.786734 0.000000
1642013839701600834 177.013099 0.000000
1642013839708721292 145.232892 0.000000
1642013840017736208 145.122955 0.000000
1642013840072313612 145.021917 0.000000
1642013840189679954 177.293123 0.000000
1642013840189706564 177.378112 0.000000
1642013840190445349 176.946022 0.000000
1642013840323236908 176.708678 0.000000
1642013840490512933 145.122474 0.000000
1642013840500616083 176.802213 0.000000
1642013840653400310 145.015945 0.000000
1642013840677589417 177.377181 0.000000
1642013840900521318 177.573220 0.000000
1642013840943958417 145.174812 0.000000
1642013840944011036 177.176715 0.000000
1642013840998957803 145.248050 0.000000
1642013841034187425 177.061147 0.000000
1642013841121799639 176.999073 0.000000
1642013841300516380 177.062811 0.000000
1642013841343300367 177.129367 0.000000
1642013841362217500 145.143154 0.000000
1642013841698454599 176.993312 0.000000
1642013842098750556 177.319663 0.000000
1642013842142746243 177.185581 0.000000
1642013842275784955 177.208755 0.000000
1642013842364185857 176.918792 0.000000
1642013842453309463 176.953678 0.000000
1642013842630551010 177.237380 0.000000
1642013842897805991 176.816641 0.000000
1642013843118436388 176.895929 0.000000
1642013843207338879 177.134225 0.000000
1642013843252724662 177.119538 0.000000
1642013843295915559 176.999873 0.000000
1642013843428782200 176.912470 0.000000
1642013843517702835 177.089181 0.000000
1642013843561975621 177.217161 0.000000
1642013843562430093 177.182827 0.000000
1642013843578080112 144.956724 0.000000
1642013843613525470 144.936776 0.000000
1642013843758586759 145.060167 0.000000
1642013844316842958 176.792965 0.000000
1642013844404652702 177.050319 0.000000
1642013844448895853 177.006717 0.000000
1642013844583324831 176.988082 0.000000
1642013844626115077 177.215909 0.000000
1642013844672374559 177.098650 0.000000
1642013844938765411 177.322530 0.000000
1642013845158082784 176.917038 0.000000
1642013845247842714 177.200360 0.000000
1642013845380335603 177.000796 0.000000
1642013845646260821 176.744696 0.000000
1642013845779309022 177.126351 0.000000
1642013846355907755 177.036242 0.000000
1642013846356523389 176.909895 0.000000
1642013846534585235 177.102657 0.000000
1642013846535265901 176.910277 0.000000
1642013846623222180 176.948550 0.000000
1642013846667329996 176.852487 0.000000
1642013846711028075 177.326947 0.000000
1642013846848073699 144.957616 0.000000
1642013846888892439 177.133363 0.000000
1642013846890190553 177.135889 0.000000
1642013847199741585 177.146468 0.000000
1642013847332046061 177.265432 0.000000
1642013847378259796 177.271554 0.000000
1642013847412253483 145.051022 0.000000
1642013847422656725 177.102797 0.000000
1642013847501725841 144.951613 0.000000
1642013847536388021 144.926747 0.000000
1642013847554250818 176.988102 0.000000
1642013847733185811 177.117185 0.000000
1642013847826545487 145.029379 0.000000
1642013847864571243 176.961393 0.000000
1642013847864877948 145.051882 0.000000
1642013847953028700 176.831859 0.000000
1642013848130143621 177.113678 0.000000
1642013848176327850 177.006196 0.000000
1642013848353437290 177.107646 0.000000
1642013848484797425 177.101996 0.000000
1642013848619435054 177.586685 0.000000
1642013848662021078 177.177537 0.000000
1642013848664490648 177.648480 0.000000
1642013848886496352 176.699751 0.000000
1642013849019139503 177.115542 0.000000
1642013849105414970 177.121151 0.000000
1642013849461625102 176.892954 0.000000
1642013849596209742 176.929142 0.000000
1642013849638448616 177.116373 0.000000
1642013849994048583 176.883545 0.000000
1642013850081364371 177.079564 0.000000
1642013850169874046 177.099181 0.000000
1642013850409338821 145.018881 0.000000
1642013850525999259 177.844408 0.000000
1642013850748543342 177.148842 0.000000
1642013850925480690 176.936336 0.000000
1642013851102799772 176.855944 0.000000
1642013851147414380 176.842500 0.000000
1642013851236099274 176.846657 0.000000
1642013851323847982 176.881221 0.000000
1642013851456643328 177.046842 0.000000
1642013851459508089 144.992402 0.000000
1642013851545493572 176.912190 0.000000
1642013851590709777 177.074955 0.000000
1642013851644373899 145.160187 0.000000
1642013851722572404 177.076788 0.000000
1642013851810952396 177.084342 0.000000
1642013851944907907 176.963907 0.000000
1642013852080479337 145.170114 0.000000
1642013852210731084 176.881082 0.000000
1642013852387525834 177.240275 0.000000
1642013852387545030 177.175583 0.000000
1642013852387605975 176.873678 0.000000
1642013852443682498 145.192366 0.000000
1642013852477331649 176.913282 0.000000
1642013852654553931 176.916408 0.000000
1642013852718731671 145.002739 0.000000
1642013852787642647 176.881783 0.000000
1642013853053051066 177.316687 0.000000
1642013853053635772 176.909013 0.000000
1642013853154603222 145.093652 0.000000
1642013853319084197 177.034168 0.000000
1642013853452327813 176.903513 0.000000
1642013853542838790 176.848680 0.000000
1642013853710701154 145.097086 0.000000
1642013853897071535 177.100613 0.000000
1642013853940841149 176.782567 0.000000
1642013854162855140 176.919003 0.000000
1642013854250364249 177.026464 0.000000
1642013854561305497 176.936074 0.000000
1642013854624044782 145.092729 0.000000
1642013854695591668 177.099262 0.000000
1642013855048424179 176.978224 0.000000
1642013855359767721 177.038086 0.000000
1642013855403874636 177.069185 0.000000
1642013855403943576 176.754415 0.000000
1642013855480467832 145.006758 0.000000
1642013855580882895 177.007147 0.000000
1642013855625629180 177.113458 0.000000
1642013855668932409 177.081458 0.000000
1642013855771130545 145.168871 0.000000
1642013855786304692 145.114320 0.000000
1642013855890695629 145.143655 0.000000
1642013855890980644 177.010284 0.000000
1642013856114653053 176.850606 0.000000
1642013856157859861 176.969288 0.000000
1642013856203307259 176.790221 0.000000
1642013856378500927 176.848582 0.000000
1642013856439997462 144.966232 0.000000
1642013856657729525 144.965610 0.000000
1642013856823855033 176.859862 0.000000
1642013856956808425 177.581054 0.000000
1642013857000454608 177.126172 0.000000
1642013857132933911 177.022809 0.000000
1642013857151830637 145.047284 0.000000
1642013857267096139 176.865201 0.000000
1642013857344595925 144.837842 0.000000
1642013857354724403 177.342628 0.000000
1642013857354918366 177.249041 0.000000
1642013857399170955 176.726431 0.000000
1642013857444011085 176.784111 0.000000
1642013857621088634 177.076638 0.000000
1642013857666249706 177.123997 0.000000
1642013857708726315 177.031223 0.000000
1642013857930663431 177.071198 0.000000
1642013857998682353 145.054528 0.000000
1642013858038541215 145.115301 0.000000
1642013858240746842 177.189419 0.000000
1642013858241687625 177.532924 0.000000
1642013858329728031 177.083821 0.000000
1642013858331030773 177.317940 0.000000
1642013858374179913 177.054567 0.000000
1642013858459857930 144.996027 0.000000
1642013858506548539 177.156359 0.000000
1642013858579769494 144.861516 0.000000
1642013858595330274 176.987511 0.000000
1642013858605155763 145.296731 0.000000
1642013858640822126 176.879139 0.000000
1642013858684334156 176.881742 0.000000
1642013858817343383 176.901920 0.000000
1642013858950810628 176.807103 0.000000
1642013858995057577 177.271955 0.000000
1642013859172687713 176.752481 0.000000
1642013859260807176 177.084373 0.000000
1642013859482769731 177.161678 0.000000
1642013859524127051 145.038147 0.000000
1642013859527454569 177.299978 0.000000
1642013859573378430 177.322730 0.000000
1642013859741841882 144.974347 0.000000
1642013859793921743 176.926266 0.000000
1642013859959556171 145.007689 0.000000
1642013860104178479 176.975880 0.000000
1642013860105211897 177.060870 0.000000
1642013860236871272 177.127833 0.000000
1642013860280909530 177.007559 0.000000
1642013860281409507 177.230106 0.000000
1642013860282490724 176.771707 0.000000
1642013860458817156 177.178369 0.000000
1642013860459760164 176.683882 0.000000
1642013860503131640 177.613214 0.000000
1642013860592285393 177.366060 0.000000
1642013860686146892 145.090466 0.000000
1642013860724744699 177.164043 0.000000
1642013860815077172 176.931426 0.000000
1642013860873368558 145.012890 0.000000
1642013860976709145 145.127754 0.000000
1642013861214089905 176.749907 0.000000
1642013861436343163 177.037345 0.000000
1642013861479377778 176.865292 0.000000
1642013861527502516 144.976913 0.000000
1642013861557784644 145.040601 0.000000
1642013861611873743 177.184431 0.000000
1642013861700618820 176.932468 0.000000
1642013861702162604 176.953458 0.000000
1642013861745564738 176.927208 0.000000
1642013861835013844 176.950381 0.000000
1642013862011208559 177.110483 0.000000
1642013862100944373 177.013891 0.000000
1642013862145203594 176.970428 0.000000
1642013862189852506 177.232831 0.000000
1642013862234404986 176.975820 0.000000
1642013862254262162 145.128797 0.000000
1642013862322168411 176.963504 0.000000
1642013862366110528 177.277013 0.000000
1642013862455827669 177.046813 0.000000
1642013862500598226 176.993813 0.000000
1642013862588075468 177.104831 0.000000
1642013862676954827 177.084465 0.000000
1642013862762658461 145.104993 0.000000
1642013862899116253 177.220037 0.000000
1642013862987813260 177.215469 0.000000
1642013863032662878 177.216390 0.000000
1642013863121766085 177.329904 0.000000
1642013863210585872 177.018388 0.000000
1642013863519746383 177.152019 0.000000
1642013863622210569 145.200001 0.000000
1642013863786615000 177.195370 0.000000
1642013863919823481 176.802094 0.000000
1642013863925966808 145.214047 0.000000
1642013863963915608 177.299365 0.000000
1642013863986115546 145.224517 0.000000
1642013864275225177 176.948607 0.000000
1642013864276618519 144.994224 0.000000
1642013864362540424 176.899376 0.000000
1642013864465978926 145.162300 0.000000
1642013864496636478 177.260574 0.000000
1642013864496735043 177.127664 0.000000
1642013864539579122 177.202365 0.000000
1642013864586104751 177.402138 0.000000
1642013864628250039 176.842369 0.000000
1642013864630254396 176.973565 0.000000
1642013864983579550 176.844513 0.000000
1642013864984753701 176.957665 0.000000
1642013865071496814 177.174830 0.000000
1642013865249054646 176.713459 0.000000
1642013865306219089 145.071679 0.000000
1642013865561179853 176.822380 0.000000
1642013865603438695 177.015052 0.000000
1642013865701734014 144.984867 0.000000
1642013865780527807 177.087469 0.000000
1642013866093028660 176.951504 0.000000
1642013866137031820 176.695404 0.000000
1642013866224555528 177.462903 0.000000
1642013866224603888 177.344040 0.000000
1642013866269952861 176.993501 0.000000
1642013866490419672 176.780214 0.000000
1642013866491945623 176.966733 0.000000
1642013866890601876 176.981539 0.000000
1642013866978116214 177.100400 0.000000
1642013867156925733 177.377684 0.000000
1642013867244708817 176.847068 0.000000
1642013867288762072 177.219897 0.000000
1642013867289807742 176.841147 0.000000
1642013867446226354 144.979908 0.000000
1642013867511809529 177.128666 0.000000
1642013867599595318 177.296561 0.000000
1642013867644138452 177.078522 0.000000
1642013867736822312 145.179021 0.000000
1642013867822694914 177.043326 0.000000
1642013867923005552 145.238473 0.000000
1642013867954508419 176.995526 0.000000
1642013868088695184 177.234164 0.000000
1642013868089374978 177.055689 0.000000
1642013868131302375 176.918359 0.000000
1642013868355154414 177.278118 0.000000
1642013868431658433 145.189220 0.000000
1642013868464010652 145.114881 0.000000
1642013868664784855 176.855935 0.000000
1642013868797705787 176.886843 0.000000
1642013868887762482 176.896341 0.000000
1642013869153637777 176.914664 0.000000
1642013869158126081 145.054186 0.000000
1642013869461261668 177.261145 0.000000
1642013869508089835 176.720902 0.000000
1642013870127923341 176.914695 0.000000
1642013870129303449 176.881453 0.000000
1642013870306603476 176.720832 0.000000
1642013870482539836 177.034490 0.000000
1642013870793218623 177.007488 0.000000
1642013870829822383 144.955583 0.000000
1642013871016048333 176.848471 0.000000
1642013871037922500 145.312312 0.000000
1642013871059349919 177.095635 0.000000
1642013871103147404 176.799478 0.000000
1642013871103930462 176.765264 0.000000
1642013871619043043 145.228765 0.000000
1642013871634402236 176.962385 0.000000
1642013871679656412 177.107446 0.000000
1642013871989151630 177.038329 0.000000
1642013872080288210 177.235437 0.000000
1642013872200674352 145.160786 0.000000
1642013872299758772 177.171796 0.000000
1642013872300548423 176.898464 0.000000
1642013872346112982 176.651572 0.000000
1642013872535304952 145.018300 0.000000
1642013872700378549 177.082149 0.000000
1642013872743216445 177.343961 0.000000
1642013872743697828 177.179712 0.000000
1642013872921633096 177.147251 0.000000
1642013872936851325 145.087260 0.000000
1642013873187055742 176.872034 0.000000
1642013873231294966 177.172459 0.000000
1642013873275490558 177.086867 0.000000
1642013873320036206 176.973815 0.000000
1642013873409105501 176.867847 0.000000
1642013873498128858 177.075665 0.000000
1642013873586898382 176.768300 0.000000
1642013873674830974 177.158292 0.000000
1642013873763639050 177.203716 0.000000
1642013873807558635 177.059046 0.000000
1642013873807808733 177.221090 0.000000
1642013873896731012 176.793658 0.000000
1642013873985597817 177.018268 0.000000
1642013874162131648 177.177759 0.000000
1642013874207075563 177.027187 0.000000
1642013874352618176 145.012740 0.000000
1642013874428280937 177.031964 0.000000
1642013874517614687 176.843711 0.000000
1642013874562801638 176.809287 0.000000
1642013874649883798 176.954941 0.000000
1642013874652289928 176.634890 0.000000
1642013874680860647 144.938689 0.000000
1642013874871694626 177.088060 0.000000
1642013874933924567 144.938109 0.000000
1642013874961313803 176.964459 0.000000
1642013875138741657 177.427153 0.000000
1642013875270791288 177.050744 0.000000
1642013875315207963 177.399917 0.000000
1642013875359969275 176.752361 0.000000
1642013875617264337 145.247299 0.000000
1642013875805702865 145.021997 0.000000
1642013875844095708 144.990768 0.000000
1642013875981028371 145.610711 0.000000
1642013875982048663 176.829135 0.000000
1642013876026165376 177.443796 0.000000
1642013876069815926 177.326356 0.000000
1642013876069883032 177.300978 0.000000
1642013876113884982 177.410716 0.000000
1642013876246393099 177.029831 0.000000
1642013876424896923 145.107818 0.000000
1642013876645487645 177.102055 0.000000
1642013876690540044 176.820559 0.000000
1642013876714949873 144.835627 0.000000
1642013876736125030 177.189991 0.000000
1642013877002322207 177.377210 0.000000
1642013877216669227 145.060009 0.000000
1642013877267043181 176.947937 0.000000
1642013877312991999 177.240135 0.000000
1642013877355255800 176.856186 0.000000
1642013877399558341 177.231207 0.000000
1642013877401346122 176.775332 0.000000
1642013877434678720 145.303344 0.000000
1642013877490011770 177.018939 0.000000
1642013877709494565 177.080694 0.000000
1642013877798433587 176.782340 0.000000
1642013877799107210 177.070761 0.000000
1642013877843087789 177.219709 0.000000
1642013877887457847 176.920667 0.000000
1642013878241712916 176.860484 0.000000
1642013878242248199 176.821881 0.000000
1642013878286787865 176.909835 0.000000
1642013878287888539 177.191414 0.000000
1642013878507740296 177.317320 0.000000
1642013878685263201 177.103459 0.000000
1642013878819802787 177.192486 0.000000
1642013878908272417 177.211441 0.000000
1642013879085613482 177.150607 0.000000
1642013879086491217 177.149625 0.000000
1642013879216925257 177.101936 0.000000
1642013879261308761 176.881032 0.000000
1642013879350820605 177.051421 0.000000
1642013879351905198 176.806321 0.000000
1642013879705054824 176.970740 0.000000
1642013879729385745 145.009743 0.000000
1642013879749973801 176.850845 0.000000
1642013879793374483 177.042566 0.000000
1642013880281780078 176.879920 0.000000
1642013880326636467 177.003692 0.000000
1642013880414845540 145.300308 0.000000
1642013880458947687 177.194159 0.000000
1642013880459052122 177.190631 0.000000
1642013880503392214 176.978405 0.000000
1642013880635692863 177.066709 0.000000
1642013880724747822 177.095945 0.000000
1642013880859163866 177.066880 0.000000
1642013880946140508 177.074344 0.000000
1642013880946555305 176.766608 0.000000
1642013881140914854 145.182519 0.000000
1642013881212493389 177.121844 0.000000
1642013881577344741 145.446853 0.000000
1642013881655993972 177.084032 0.000000
1642013881799777797 144.856858 0.000000
1642013881922887816 176.939952 0.000000
1642013881982053523 144.844194 0.000000
1642013882233539724 177.006096 0.000000
1642013882235410701 144.926608 0.000000
1642013882377320804 145.464475 0.000000
1642013882410037067 177.007008 0.000000
1642013882885965291 145.087483 0.000000
1642013882943145853 176.969007 0.000000
1642013883071891178 145.026709 0.000000
1642013883075286223 177.028568 0.000000
1642013883076762260 177.290049 0.000000
1642013883249215852 144.969378 0.000000
1642013883297820599 177.774919 0.000000
1642013883298011857 177.361503 0.000000
1642013883519497618 176.841078 0.000000
1642013883520077225 177.053445 0.000000
1642013883786273650 177.031361 0.000000
1642013883918465097 176.842714 0.000000
1642013883961825202 176.992745 0.000000
1642013883962416271 176.957017 0.000000
1642013883963663388 176.631587 0.000000
1642013883975943397 145.154195 0.000000
1642013884007220272 177.035663 0.000000
1642013884184048555 177.022467 0.000000
1642013884233730843 144.926958 0.000000
1642013884404860182 177.014041 0.000000
1642013884406559858 177.009292 0.000000
1642013884406619941 176.922960 0.000000
1642013884449495739 177.134838 0.000000
1642013884627452297 177.011987 0.000000
1642013884668870823 144.837451 0.000000
1642013884702413815 145.356033 0.000000
1642013884776575522 144.933921 0.000000
1642013885071565889 177.030555 0.000000
1642013885293462630 176.869460 0.000000
1642013885471582144 177.105062 0.000000
1642013885502783847 144.915157 0.000000
1642013885558344213 177.058033 0.000000
1642013885603478965 176.976981 0.000000
1642013885603715238 177.091495 0.000000
1642013885720072146 144.941844 0.000000
1642013885914875478 177.030985 0.000000
1642013886091799821 177.005104 0.000000
1642013886412031317 144.839555 0.000000
1642013886712361765 176.955753 0.000000
1642013886756883696 176.946752 0.000000
1642013887023081208 176.726081 0.000000
1642013887156363307 176.808106 0.000000
1642013887333125246 177.179332 0.000000
1642013887609192648 145.205875 0.000000
1642013887687681388 177.004566 0.000000
1642013887777914194 176.675377 0.000000
1642013887827324992 145.214828 0.000000
1642013888397565009 176.951375 0.000000
1642013888442764122 176.883296 0.000000
1642013888530998141 177.054046 0.000000
1642013888575794598 176.883797 0.000000
1642013888708386383 177.009923 0.000000
1642013888796874128 176.933810 0.000000
1642013888841020789 177.073634 0.000000
1642013888885596563 177.212474 0.000000
1642013889151748227 177.077942 0.000000
1642013889196875074 177.039759 0.000000
1642013889197183372 177.005595 0.000000
1642013889244842657 145.016708 0.000000
1642013889727682328 177.035992 0.000000
1642013889727838240 176.829255 0.000000
1642013890173242602 177.165105 0.000000
1642013890259976839 177.017768 0.000000
1642013890260050167 177.129327 0.000000
1642013890393378854 176.874382 0.000000
1642013890482306963 176.891651 0.000000
1642013890527197257 176.668574 0.000000
1642013890589735235 145.004404 0.000000
1642013890662487689 144.993942 0.000000
1642013890747857711 176.868599 0.000000
1642013890836668151 176.880594 0.000000
1642013891013488508 176.819856 0.000000
1642013891098655298 144.853413 0.000000
1642013891134894782 145.219155 0.000000
1642013891171015677 145.189129 0.000000
1642013891237951450 177.015694 0.000000
1642013891352716196 144.973498 0.000000
1642013891457994245 176.899405 0.000000
1642013891503098471 176.706114 0.000000
1642013891546660646 176.968166 0.000000
1642013891592389863 176.987201 0.000000
1642013891592536878 177.051993 0.000000
1642013891592544583 176.974097 0.000000
1642013891607384733 145.070921 0.000000
1642013891813400102 176.937227 0.000000
1642013891946588124 177.018180 0.000000
1642013892212626326 177.130249 0.000000
1642013892300774804 176.978094 0.000000
1642013892370675705 145.291382 0.000000
1642013892390763132 177.062682 0.000000
1642013892406772885 145.183389 0.000000
1642013892655347467 176.913763 0.000000
1642013892656458911 176.978544 0.000000
1642013892743766611 176.838609 0.000000
1642013892915361126 145.227485 0.000000
1642013892965922621 176.942940 0.000000
1642013893011379918 176.859463 0.000000
1642013893098906952 177.286522 0.000000
1642013893133352265 145.147562 0.000000
1642013893231817965 177.080707 0.000000
1642013893277088020 176.899766 0.000000
1642013893365972960 176.910858 0.000000
1642013893497444214 177.027316 0.000000
1642013893541983360 177.057583 0.000000
1642013893678587145 145.191264 0.000000
1642013893787253127 144.969940 0.000000
1642013893897702393 177.123908 0.000000
1642013893898734678 176.959159 0.000000
1642013894119504897 177.039368 0.000000
1642013894430369213 176.765156 0.000000
1642013894518937778 176.780102 0.000000
1642013894606493285 176.984085 0.000000
1642013894607582718 177.212373 0.000000
1642013894695667076 144.941546 0.000000
1642013894732513320 144.959609 0.000000
1642013894740508468 176.790111 0.000000
1642013894784347011 176.856606 0.000000
1642013895058911977 145.115031 0.000000
1642013895094999179 176.877094 0.000000
1642013895095769483 144.934693 0.000000
1642013895313725847 145.242080 0.000000
1642013895315902037 176.906409 0.000000
1642013895492951815 176.973024 0.000000
1642013895493537984 177.154264 0.000000
1642013895580680346 177.033640 0.000000
1642013895670061175 176.880441 0.000000
1642013895715468088 176.926367 0.000000
1642013895822206646 145.008852 0.000000
1642013895894871014 144.965257 0.000000
1642013896070632932 176.885414 0.000000
1642013896247418024 177.214888 0.000000
1642013896336278657 176.997029 0.000000
1642013896380301255 177.007048 0.000000
1642013896555954284 177.182136 0.000000
1642013896602724192 177.144236 0.000000
1642013896730284724 145.352064 0.000000
1642013896868785377 177.126304 0.000000
1642013896910450926 177.043548 0.000000
1642013896956935730 177.069116 0.000000
1642013896985052659 145.080897 0.000000
1642013897134670823 176.941536 0.000000
1642013897267153463 176.822512 0.000000
1642013897443966937 176.812983 0.000000
1642013897577268332 177.002379 0.000000
1642013897621364709 176.932479 0.000000
1642013897621688305 177.222362 0.000000
1642013897665918722 177.009743 0.000000
1642013897666417277 176.948037 0.000000
1642013897709572739 176.968157 0.000000
1642013897797535800 176.783509 0.000000
1642013897965736306 145.084231 0.000000
1642013898063644994 176.728595 0.000000
1642013898151907316 177.270043 0.000000
1642013898329479935 177.145138 0.000000
1642013898511490783 145.342577 0.000000
1642013898731063278 176.693560 0.000000
1642013898773486938 176.840115 0.000000
1642013898773740744 176.902392 0.000000
1642013898838289651 144.921138 0.000000
1642013898949945138 177.213335 0.000000
1642013898950464912 176.723798 0.000000
1642013899020503210 144.987363 0.000000
1642013899127323693 177.223975 0.000000
1642013899216536995 177.328188 0.000000
1642013899393811717 176.759877 0.000000
1642013899528884312 145.145389 0.000000
1642013899617842600 176.991109 0.000000
1642013899659761302 177.070817 0.000000
1642013899659854327 176.802183 0.000000
1642013899749982137 177.170375 0.000000
1642013899837240896 176.989805 0.000000
1642013900103051753 177.122899 0.000000
1642013900149401380 177.042034 0.000000
1642013900280482896 176.778039 0.000000
1642013900281036844 177.055449 0.000000
1642013900328223432 145.033108 0.000000
1642013900370267171 177.198088 0.000000
1642013900416128356 176.676600 0.000000
1642013900473335209 145.110194 0.000000
1642013900504124067 177.229215 0.000000
1642013900682564954 176.980308 0.000000
1642013900723851121 177.296902 0.000000
1642013900723872461 177.091006 0.000000
1642013900770163011 176.923752 0.000000
1642013900874073528 145.293778 0.000000
1642013900947057168 177.047064 0.000000
1642013901200934211 145.022448 0.000000
1642013901390357746 177.061220 0.000000
1642013901391249348 177.215329 0.000000
1642013901419080813 145.450952 0.000000
1642013901433283617 177.071899 0.000000
1642013901567360777 177.000656 0.000000
1642013901673661275 144.992682 0.000000
1642013901699123216 177.057601 0.000000
1642013901699201893 176.820106 0.000000
1642013901700780012 176.809978 0.000000
1642013901782795234 145.541250 0.000000
1642013901782811905 145.525320 0.000000
1642013901876927250 177.138978 0.000000
1642013902142933421 176.921037 0.000000
1642013902146133771 145.312752 0.000000
1642013902277291687 177.046343 0.000000
1642013902277379392 177.059517 0.000000
1642013902546003351 145.154646 0.000000
1642013902632174974 177.026244 0.000000
1642013903165002095 176.907124 0.000000
1642013903253674193 176.913722 0.000000
1642013903295944897 177.478401 0.000000
1642013903382456707 145.057053 0.000000
1642013903527649365 145.042757 0.000000
1642013903527676085 145.213387 0.000000
1642013903672709003 145.057574 0.000000
1642013903853956081 145.131864 0.000000
1642013904005358689 177.137093 0.000000
1642013904108873454 145.108178 0.000000
1642013904272400921 176.985486 0.000000
1642013904360001484 177.172902 0.000000
1642013904360508906 176.735884 0.000000
1642013904406938816 176.845087 0.000000
1642013904539091859 176.836649 0.000000
1642013904716196719 177.375618 0.000000
1642013904716222377 176.954478 0.000000
1642013904835562639 145.110871 0.000000
1642013904938532645 177.168040 0.000000
1642013905027878599 176.806304 0.000000
1642013905126006596 144.884049 0.000000
1642013905248595348 176.774433 0.000000
1642013905249085337 177.192146 0.000000
1642013905271731140 145.173802 0.000000
1642013905381634712 176.987101 0.000000
1642013905691338121 177.091446 0.000000
1642013905692833755 176.938249 0.000000
1642013905707616508 145.037055 0.000000
1642013905743145052 144.887456 0.000000
1642013906003370236 176.827141 0.000000
1642013906136393390 176.926257 0.000000
1642013906180195494 176.823685 0.000000
1642013906225107248 176.866705 0.000000
1642013906357482313 177.280689 0.000000
1642013906400539322 177.036362 0.000000
1642013906446727670 176.957944 0.000000
1642013906624313816 177.176768 0.000000
1642013906978737047 177.019299 0.000000
1642013907066651979 176.995896 0.000000
1642013907160230940 145.279102 0.000000
1642013907200929646 176.736503 0.000000
1642013907201021428 176.790956 0.000000
1642013907332337040 176.935003 0.000000
1642013907554641125 177.052904 0.000000
1642013907599016104 177.295480 0.000000
1642013907732816573 176.882825 0.000000
1642013907733326889 176.897092 0.000000
1642013907814849989 145.409573 0.000000
1642013907910339700 177.011257 0.000000
1642013908086769825 177.107135 0.000000
1642013908131302861 176.856996 0.000000
1642013908214824707 145.451906 0.000000
1642013908251656784 145.522577 0.000000
1642013908265457997 176.937550 0.000000
1642013908265810819 176.874231 0.000000
1642013908469700542 145.326638 0.000000
1642013908531304280 176.778310 0.000000
1642013908574410208 177.081639 0.000000
1642013908663710557 176.785714 0.000000
1642013908885605204 176.791666 0.000000
1642013909017818069 177.167201 0.000000
1642013909018941034 177.092721 0.000000
1642013909194918583 177.097919 0.000000
1642013909232673570 145.330246 0.000000
1642013909239714700 177.244826 0.000000
1642013909418011757 177.276544 0.000000
1642013909450189970 144.978616 0.000000
1642013909684807178 176.766838 0.000000
1642013909862767230 177.328989 0.000000
1642013909995862411 145.073326 0.000000
1642013910031514708 145.314258 0.000000
1642013910038415915 176.884562 0.000000
1642013910083233271 177.458596 0.000000
1642013910127603602 176.791786 0.000000
1642013910128471068 176.829417 0.000000
1642013910141059657 145.195634 0.000000
1642013910286512101 145.063464 0.000000
1642013910304023099 177.032737 0.000000
1642013910394195401 177.389465 0.000000
1642013910481862257 176.909586 0.000000
1642013910614424035 177.153683 0.000000
1642013910659853531 176.884960 0.000000
1642013910925094608 177.118467 0.000000
1642013911102555869 177.263289 0.000000
1642013911104031695 176.866045 0.000000
1642013911369587723 176.919115 0.000000
1642013911376896816 145.069176 0.000000
1642013911457333968 177.312832 0.000000
1642013911502472206 176.765585 0.000000
1642013911591109431 176.954248 0.000000
1642013911591247740 177.035009 0.000000
1642013911857336317 177.345312 0.000000
1642013911857433860 177.421735 0.000000
1642013911958470500 145.118528 0.000000
1642013911991332215 176.878317 0.000000
1642013912067460229 145.103991 0.000000
1642013912123792833 176.923181 0.000000
1642013912346336137 176.855023 0.000000
1642013912611719240 176.907571 0.000000
1642013912700807232 176.631666 0.000000
1642013912789655782 176.947929 0.000000
1642013912877830119 177.021294 0.000000
1642013913012846277 145.121461 0.000000
1642013913142881822 177.415034 0.000000
1642013913158157619 145.308858 0.000000
1642013913364510101 177.388363 0.000000
1642013913675699656 177.205481 0.000000
1642013914140326144 145.065319 0.000000
1642013914296146535 177.570085 0.000000
1642013914340929316 176.943989 0.000000
1642013914539226889 145.106427 0.000000
1642013914606624326 177.211943 0.000000
1642013914607461896 177.199680 0.000000
1642013914740195016 176.800933 0.000000
1642013914784553493 177.214597 0.000000
1642013914872537504 177.174493 0.000000
1642013914873206658 177.013621 0.000000
1642013914917156667 177.138572 0.000000
1642013914917847783 176.803525 0.000000
1642013915139570059 176.974739 0.000000
1642013915182992252 176.853011 0.000000
1642013915226807107 176.885939 0.000000
1642013915228044156 176.905826 0.000000
1642013915238642575 145.314373 0.000000
1642013915405339959 177.293108 0.000000
1642013915448785495 176.953581 0.000000
1642013915450452319 176.751571 0.000000
1642013915493554088 177.025632 0.000000
1642013915626645481 177.012468 0.000000
1642013915715358139 177.200424 0.000000
1642013915804086674 177.618675 0.000000
1642013915804786767 176.900730 0.000000
1642013915981704809 176.802245 0.000000
1642013915983229818 177.130070 0.000000
1642013916070321695 177.223754 0.000000
1642013916160399911 176.968025 0.000000
1642013916160619944 176.791604 0.000000
1642013916357071355 145.081849 0.000000
1642013916425701393 176.993664 0.000000
1642013916514039387 177.415414 0.000000
1642013916647868972 177.257138 0.000000
1642013916691620231 177.396078 0.000000
1642013916780309544 176.852298 0.000000
1642013916824944297 176.872805 0.000000
1642013916868736403 177.034108 0.000000
1642013916958962708 176.732154 0.000000
1642013917047916425 177.037936 0.000000
1642013917223639326 176.890008 0.000000
1642013917224776978 176.809308 0.000000
1642013917401736180 176.877829 0.000000
1642013917419613393 145.039521 0.000000
1642013917623426624 177.135620 0.000000
1642013917845691346 176.989426 0.000000
1642013917933811621 176.954990 0.000000
1642013918067177979 176.917320 0.000000
1642013918244312186 177.076068 0.000000
1642013918288195312 177.565926 0.000000
1642013918288255806 177.561498 0.000000
1642013918333001849 176.817183 0.000000
1642013918421783505 176.826400 0.000000
1642013918465205016 176.819427 0.000000
1642013918598316644 176.847709 0.000000
1642013918953137194 177.078943 0.000000
1642013919085896163 177.033689 0.000000
1642013919086466512 176.969989 0.000000
1642013919087342274 177.269431 0.000000
1642013919219583150 176.684042 0.000000
1642013919237329348 145.080486 0.000000
1642013919263258046 144.905951 0.000000
1642013919441982966 176.926318 0.000000
1642013919574432403 176.992832 0.000000
1642013919600378694 144.995989 0.000000
1642013919617961917 177.002430 0.000000
1642013919839821057 176.958478 0.000000
1642013919885942971 177.015715 0.000000
1642013919929135492 177.054889 0.000000
1642013920239751954 176.680156 0.000000
1642013920372470637 177.017109 0.000000
1642013920418091639 176.904845 0.000000
1642013920506457197 177.066410 0.000000
1642013920545224151 145.021105 0.000000
1642013920549696585 177.043888 0.000000
1642013920638513618 176.771267 0.000000
1642013920682702076 176.938069 0.000000
1642013920726778875 177.014753 0.000000
1642013920904490956 177.020464 0.000000
1642013921038772859 176.969428 0.000000
1642013921224578080 145.077190 0.000000
1642013921348396219 177.098793 0.000000
1642013921437684514 176.737635 0.000000
1642013921659527976 176.799018 0.000000
1642013921747830634 176.971051 0.000000
1642013921791172876 177.060288 0.000000
1642013921791460506 176.839014 0.000000
1642013921880636370 176.972143 0.000000
1642013921924903026 176.812735 0.000000
1642013921968298377 177.123837 0.000000
1642013922074591090 145.013972 0.000000
1642013922191331318 177.212464 0.000000
1642013922590031117 176.917981 0.000000
1642013922634265021 176.999455 0.000000
1642013922634901694 176.779743 0.000000
1642013922723566000 176.833834 0.000000
1642013922900765119 176.976231 0.000000
1642013923254228303 176.878698 0.000000
1642013923270336080 145.295790 0.000000
1642013923299359339 176.811322 0.000000
1642013923520332729 176.864841 0.000000
1642013923673652453 145.159306 0.000000
1642013923831229236 177.097829 0.000000
1642013923851864370 145.132906 0.000000
1642013924009200643 177.101817 0.000000
1642013924036830229 145.188870 0.000000
1642013924097940460 177.547393 0.000000
1642013924186745800 177.040031 0.000000
1642013924317303622 177.093562 0.000000
1642013924317400284 177.117246 0.000000
1642013924318627584 177.369620 0.000000
1642013924327236143 145.038288 0.000000
1642013924472380960 145.142864 0.000000
1642013924630061248 176.960972 0.000000
1642013924671963230 177.031696 0.000000
1642013924939063232 177.014764 0.000000
1642013925199496036 144.934574 0.000000
1642013925205252899 176.840096 0.000000
1642013925271962708 144.731896 0.000000
1642013925340487768 176.723998 0.000000
1642013925379399094 145.202837 0.000000
1642013925428717960 177.195491 0.000000
1642013925517676518 176.989246 0.000000
1642013925560159980 177.346585 0.000000
1642013925597478811 145.275122 0.000000
1642013925648051697 176.793628 0.000000
1642013925694204448 176.920557 0.000000
1642013925914966302 176.850063 0.000000
1642013925926283418 145.368696 0.000000
1642013926092009628 177.041664 0.000000
1642013926137903204 177.023339 0.000000
1642013926180245222 176.985959 0.000000
1642013926226161647 176.923991 0.000000
1642013926226877750 177.087147 0.000000
1642013926324486896 145.125631 0.000000
1642013926357344443 176.701616 0.000000
1642013926358435839 176.766397 0.000000
1642013926580991134 176.950811 0.000000
1642013926623560518 177.045971 0.000000
1642013926625377784 177.626419 0.000000
1642013926670606504 177.263308 0.000000
1642013926758835223 177.741216 0.000000
1642013926891206505 177.243211 0.000000
1642013926979317882 145.374966 0.000000
1642013927016003786 144.998591 0.000000
1642013927292120645 177.184101 0.000000
1642013927512304816 177.119339 0.000000
1642013927557902376 177.131211 0.000000
1642013927599424385 176.829315 0.000000
1642013927689007384 176.701836 0.000000
1642013927735909380 177.163022 0.000000
1642013927824689461 176.943027 0.000000
1642013927954011208 177.297977 0.000000
1642013928221004971 176.824426 0.000000
1642013928324674787 145.108259 0.000000
1642013928399518994 176.788689 0.000000
1642013928576758049 176.762571 0.000000
1642013928622264979 176.958438 0.000000
1642013928664016589 176.926258 0.000000
1642013928711346367 176.850155 0.000000
1642013928753358375 177.093090 0.000000
1642013928889000839 176.882144 0.000000
1642013929196336741 177.261696 0.000000
1642013929269685194 144.880071 0.000000
1642013929332166156 176.933421 0.000000
1642013929373606111 176.709541 0.000000
1642013929462352139 176.683421 0.000000
1642013929509279323 177.111674 0.000000
1642013929509620372 176.839233 0.000000
1642013929551285912 176.943501 0.000000
1642013929560383867 145.197306 0.000000
1642013929639461561 177.148204 0.000000
1642013929777989544 144.804871 0.000000
1642013929953506119 176.956704 0.000000
1642013929995311249 176.737524 0.000000
1642013930396220218 177.147020 0.000000
1642013930431930333 145.295950 0.000000
1642013930438734979 177.111864 0.000000
1642013930615206415 145.267479 0.000000
1642013930649958965 145.252841 0.000000
1642013930704119317 176.747381 0.000000
1642013930881340356 177.218435 0.000000
1642013930881423562 177.352014 0.000000
1642013930882163960 176.899707 0.000000
1642013930978478018 144.988274 0.000000
1642013931013437846 145.186095 0.000000
1642013931236964473 176.861117 0.000000
1642013931372480650 176.727304 0.000000
1642013931503383910 176.792457 0.000000
1642013931549901575 176.645231 0.000000
1642013931945854033 176.973086 0.000000
1642013932031814900 144.978936 0.000000
1642013932081578641 177.142112 0.000000
1642013932081899613 176.779432 0.000000
1642013932123922341 177.010815 0.000000
1642013932540232032 145.218195 0.000000
1642013932614110450 176.960602 0.000000
1642013932685344337 145.111485 0.000000
1642013932702730321 176.867918 0.000000
1642013932743725794 177.258449 0.000000
1642013932791685894 176.986691 0.000000
1642013932830715692 145.367679 0.000000
1642013932968561466 176.874401 0.000000
1642013933009835461 177.198377 0.000000
1642013933589759585 176.931477 0.000000
1642013933669765680 145.077633 0.000000
1642013933849167638 145.253912 0.000000
1642013934163949768 176.745147 0.000000
1642013934178613328 145.205461 0.000000
1642013934210225280 176.991539 0.000000
1642013934299801125 176.795444 0.000000
1642013934340109439 177.097350 0.000000
1642013934476282348 176.826931 0.000000
1642013934519211044 177.127985 0.000000
1642013934760571014 145.243793 0.000000
1642013934794088728 145.017088 0.000000
1642013934831699525 177.097077 0.000000
1642013935228320947 176.936156 0.000000
1642013935316590173 176.693862 0.000000
1642013935593901959 145.005977 0.000000
1642013935630196520 177.126112 0.000000
1642013935706760612 145.203619 0.000000
1642013935759668447 177.141501 0.000000
1642013935997440720 145.236320 0.000000
1642013936030183942 145.380850 0.000000
1642013936116110306 176.868170 0.000000
1642013936162165093 176.909877 0.000000
1642013936203110923 176.784964 0.000000
1642013936288060284 145.231000 0.000000
1642013936516912365 177.408481 0.000000
1642013936539269588 145.079877 0.000000
1642013936646833543 176.828804 0.000000
1642013936824635764 176.719601 0.000000
1642013936825499673 176.792697 0.000000
1642013936871098786 176.921829 0.000000
1642013936872107607 177.003733 0.000000
1642013936872280251 176.820499 0.000000
1642013936960954365 176.875332 0.000000
1642013937120381668 144.983987 0.000000
1642013937178907423 177.236578 0.000000
1642013937357411589 176.663947 0.000000
1642013937483942994 145.409905 0.000000
1642013937669034127 176.983465 0.000000
1642013937887983484 177.032167 0.000000
1642013937936266378 176.667843 0.000000
1642013937978064776 176.929593 0.000000
1642013937992438913 144.976102 0.000000
1642013938066439179 176.716755 0.000000
1642013938106698640 145.179090 0.000000
1642013938500801752 145.184441 0.000000
1642013938509494248 176.903303 0.000000
1642013938599225475 176.759455 0.000000
1642013938734043513 176.945513 0.000000
1642013938791107398 144.985599 0.000000
1642013938864461553 176.750607 0.000000
1642013939124906681 145.257108 0.000000
1642013939175699260 176.938350 0.000000
1642013939306653916 176.829216 0.000000
1642013939442555306 177.170145 0.000000
1642013939442681753 177.158303 0.000000
1642013939485053626 176.770425 0.000000
1642013939561143800 145.312823 0.000000
1642013939619705813 177.022587 0.000000
1642013939751702683 177.133486 0.000000
1642013939808718558 144.939442 0.000000
1642013939838986451 176.902061 0.000000
1642013940017601655 177.456742 0.000000
1642013940240345025 177.024563 0.000000
1642013940283432930 177.028499 0.000000
1642013940371495658 176.807875 0.000000
1642013940459542997 177.325636 0.000000
1642013940463214029 145.314816 0.000000
1642013940638460227 176.895430 0.000000
1642013940683313021 177.132745 0.000000
1642013940814091286 177.079083 0.000000
1642013940991788429 176.695655 0.000000
1642013941262225959 145.001800 0.000000
1642013941346019264 177.147974 0.000000
1642013941435991121 176.762922 0.000000
1642013941612002070 177.123134 0.000000
1642013941612056592 177.023438 0.000000
1642013941625770902 145.467581 0.000000
1642013941770743850 144.970223 0.000000
1642013942014249472 176.788059 0.000000
1642013942056552295 177.496957 0.000000
1642013942191499757 177.249624 0.000000
1642013942280092677 176.823684 0.000000
1642013942322713899 177.026285 0.000000
1642013942497632292 145.174413 0.000000
1642013942500419728 177.319144 0.000000
1642013942764853694 177.304507 0.000000
1642013942989670520 177.584772 0.000000
1642013943255220527 176.645881 0.000000
1642013943442893762 145.063476 0.000000
1642013943475120246 176.911160 0.000000
1642013943563290694 176.859672 0.000000
1642013943635243112 145.257490 0.000000
1642013943879187106 145.268561 0.000000
1642013943951825979 145.110733 0.000000
1642013943964044996 176.868669 0.000000
1642013944095354167 176.963548 0.000000
1642013944097169420 145.293607 0.000000
1642013944289964656 145.071179 0.000000
1642013944319708516 176.827552 0.000000
1642013944716210315 177.057614 0.000000
1642013944726465129 145.282137 0.000000
1642013944762810213 176.896633 0.000000
1642013944893214478 177.063965 0.000000
1642013944894782247 176.978455 0.000000
1642013944897313893 145.351486 0.000000
1642013944940216621 177.346385 0.000000
1642013944940639503 177.273118 0.000000
1642013944981796159 177.063685 0.000000
1642013944982650901 177.270372 0.000000
1642013945042510178 145.147624 0.000000
1642013945160326574 177.369869 0.000000
1642013945206496096 176.922451 0.000000
1642013945247958685 177.276003 0.000000
1642013945336801756 176.899968 0.000000
1642013945551390106 145.269450 0.000000
1642013945769382109 145.292305 0.000000
1642013945780041352 177.005296 0.000000
1642013945780619666 177.072322 0.000000
1642013946045922932 177.097529 0.000000
1642013946312648753 176.790984 0.000000
1642013946313395713 176.734679 0.000000
1642013946351267550 145.204941 0.000000
1642013946359609008 176.730541 0.000000
1642013946625602848 176.950253 0.000000
1642013946714600348 145.251299 0.000000
1642013946764591605 145.273028 0.000000
1642013946803161110 177.065108 0.000000
1642013947022977011 176.892885 0.000000
1642013947069150191 177.094313 0.000000
1642013947110700342 177.045319 0.000000
1642013947199132163 177.062072 0.000000
1642013947200741069 145.296522 0.000000
1642013947246886636 177.168612 0.000000
1642013947289242019 177.079727 0.000000
1642013947296304750 145.124431 0.000000
1642013947377511445 177.218345 0.000000
1642013947441738478 145.242670 0.000000
1642013947465025274 177.092319 0.000000
1642013947642125418 177.097128 0.000000
1642013947805175141 145.134428 0.000000
1642013947819168424 177.040361 0.000000
1642013947908920780 177.505063 0.000000
1642013948023198181 145.264451 0.000000
1642013948085786373 176.859432 0.000000
1642013948086944364 176.682430 0.000000
1642013948311058734 176.695896 0.000000
1642013948400450564 177.047004 0.000000
1642013948400524723 177.091547 0.000000
1642013948619102724 176.791726 0.000000
1642013948707615756 176.843133 0.000000
1642013948707772360 176.812625 0.000000
1642013948795232358 177.292544 0.000000
1642013948931032348 176.952858 0.000000
1642013949062180296 176.860093 0.000000
1642013949114149982 145.196394 0.000000
1642013949239306769 176.879730 0.000000
1642013949327966526 177.145859 0.000000
1642013949404831964 145.157151 0.000000
1642013949477570734 145.073916 0.000000
1642013949551767449 177.079175 0.000000
1642013949695530675 145.324143 0.000000
1642013949818993387 177.145187 0.000000
1642013949986582431 145.328071 0.000000
1642013949995328697 177.094784 0.000000
1642013950039240999 176.961855 0.000000
1642013950127704608 177.108348 0.000000
1642013950172930722 176.910349 0.000000
1642013950173246805 176.882185 0.000000
1642013950204443027 145.108029 0.000000
1642013950305291272 176.883948 0.000000
1642013950659014727 177.015544 0.000000
1642013950794303388 177.414342 0.000000
1642013951014134609 177.199069 0.000000
1642013951060755386 177.244212 0.000000
1642013951149129179 177.061652 0.000000
1642013951279268416 176.853642 0.000000
1642013951294644030 145.136593 0.000000
1642013951546561552 176.928232 0.000000
1642013951592019208 176.750848 0.000000
1642013951633768365 177.143755 0.000000
1642013951634276097 177.068274 0.000000
1642013951812563116 177.034381 0.000000
1642013951812881312 177.155988 0.000000
1642013951901516854 176.959650 0.000000
1642013952002035081 145.207224 0.000000
1642013952094329794 145.295480 0.000000
1642013952165903832 177.377413 0.000000
1642013952385235465 145.310279 0.000000
1642013952432200339 176.766799 0.000000
1642013952520415423 177.073213 0.000000
1642013952521115916 177.064948 0.000000
1642013952610425141 176.827322 0.000000
1642013952964169283 177.057674 0.000000
1642013953141655010 177.483904 0.000000
1642013953407904378 176.877547 0.000000
1642013953408234427 176.919185 0.000000
1642013953584666548 176.946697 0.000000
1642013953586691364 177.065659 0.000000
1642013953809424184 176.778962 0.000000
1642013953839269264 145.182920 0.000000
1642013954116358754 176.976401 0.000000
1642013954163066144 177.111614 0.000000
1642013954293609199 177.248161 0.000000
1642013954348041412 145.201485 0.000000
1642013954428910965 177.025233 0.000000
1642013954472083509 177.520112 0.000000
1642013954472390335 176.857220 0.000000
1642013954606523999 177.050690 0.000000
1642013955050266690 177.206393 0.000000
1642013955091988024 177.015305 0.000000
1642013955204432629 145.121825 0.000000
1642013955671285623 176.816222 0.000000
1642013955728532953 145.348770 0.000000
1642013955978991317 176.786173 0.000000
1642013956156133301 176.853252 0.000000
1642013956202910202 177.023071 0.000000
1642013956203010500 177.106517 0.000000
1642013956292186685 176.938200 0.000000
1642013956295375543 145.397361 0.000000
1642013956455736006 144.976492 0.000000
1642013956468434171 176.906381 0.000000
1642013956557638029 177.086158 0.000000
1642013956557765447 176.937088 0.000000
1642013956586087411 145.228364 0.000000
1642013956688179180 177.213286 0.000000
1642013956734473667 176.834376 0.000000
1642013956823242519 176.964390 0.000000
1642013957109640940 145.025064 0.000000
1642013957178063159 177.325596 0.000000
1642013957182390671 144.986902 0.000000
1642013957266817624 176.975901 0.000000
1642013957267169444 176.807766 0.000000
1642013957309363092 177.071582 0.000000
1642013957310429391 177.026607 0.000000
1642013957486671436 177.445661 0.000000
1642013957575170673 177.071871 0.000000
1642013957575219384 176.774523 0.000000
1642013957664922377 176.586080 0.000000
1642013957690436097 144.795364 0.000000
1642013957931436082 176.911810 0.000000
1642013957975721382 177.019434 0.000000
1642013958107851843 176.856828 0.000000
1642013958197005023 176.677159 0.000000
1642013958284484870 177.011637 0.000000
1642013958344959070 145.103072 0.000000
1642013958694861881 145.181778 0.000000
1642013958774601116 176.930876 0.000000
1642013958863314985 176.803748 0.000000
1642013958985305806 145.104161 0.000000
1642013958994881968 177.001048 0.000000
1642013959349506231 176.908816 0.000000
1642013959350317903 177.250446 0.000000
1642013959434952184 144.819909 0.000000
1642013959484113084 176.792958 0.000000
1642013959615766511 176.875874 0.000000
1642013959653046468 145.397832 0.000000
1642013959794105105 177.355892 0.000000
1642013959881620187 177.005066 0.000000
1642013959927728976 177.295530 0.000000
1642013959930012677 145.037487 0.000000
1642013959943471718 144.895110 0.000000
1642013960017172463 177.012039 0.000000
1642013960220493783 145.094213 0.000000
1642013960503504253 176.993233 0.000000
1642013960503811900 177.334553 0.000000
1642013960549433605 176.949141 0.000000
1642013960670328523 144.947939 0.000000
1642013960679392946 177.260665 0.000000
1642013961035520085 176.836669 0.000000
1642013961081417418 177.060359 0.000000
1642013961211220576 177.271396 0.000000
1642013961324100388 145.004245 0.000000
1642013961346892174 177.120993 0.000000
1642013961347527956 177.048117 0.000000
1642013961389961516 177.077342 0.000000
1642013961391478209 176.905449 0.000000
1642013961568176018 176.775905 0.000000
1642013961568764692 176.803778 0.000000
1642013961891910563 145.138667 0.000000
1642013962037209079 145.296893 0.000000
1642013962097615110 176.829516 0.000000
1642013962188393299 176.846187 0.000000
1642013962268910511 145.238584 0.000000
1642013962328065037 145.294188 0.000000
1642013962541320109 177.237080 0.000000
1642013962589131760 176.700484 0.000000
1642013962632157478 145.170316 0.000000
1642013962719988544 176.911462 0.000000
1642013962720057844 176.938092 0.000000
1642013962922561779 145.052644 0.000000
1642013962984341386 176.988223 0.000000
1642013962985826651 177.127154 0.000000
1642013963121998899 177.043399 0.000000
1642013963213053095 144.865745 0.000000
1642013963339068922 177.129729 0.000000
1642013963387785079 176.927850 0.000000
1642013963429371090 176.916200 0.000000
1642013963564596532 176.806634 0.000000
1642013963653688088 176.813436 0.000000
1642013963696515917 176.879129 0.000000
1642013963830629516 177.359050 0.000000
1642013963854886399 145.117527 0.000000
1642013963872492324 177.011819 0.000000
1642013963873860119 176.734108 0.000000
1642013964050686059 176.798819 0.000000
1642013964139633395 176.883608 0.000000
1642013964158531823 145.228194 0.000000
1642013964227525784 176.838263 0.000000
1642013964303798119 144.885672 0.000000
1642013964363205328 176.851077 0.000000
1642013964492008060 177.194752 0.000000
1642013964581680096 177.049359 0.000000
1642013964895415565 177.064828 0.000000
1642013964936676426 176.870563 0.000000
1642013965024628045 176.921959 0.000000
1642013965030773626 145.240748 0.000000
1642013965114305371 176.798599 0.000000
1642013965250353305 177.090305 0.000000
1642013965379737147 176.813166 0.000000
1642013965380527759 176.776106 0.000000
1642013965381170424 145.210701 0.000000
