1649623819194158131 637.312686 0.000000
1649623819409298672 215.114042 0.000000
1649623819633720301 335.642119 0.000000
1649623820052766598 344.626372 0.000000
1649623820336882683 346.244445 0.000000
1649623820688602415 213.754030 0.000000
1649623821039606594 350.974383 0.000000
1649623821425705100 386.064061 0.000000
1649623821765137051 99.768717 0.000000
1649623823219849564 484.133520 0.000000
1649623823859762585 598.189736 0.000000
1649623823859777864 412.418409 0.000000
1649623824450486626 590.705556 0.000000
1649623824478803406 494.047349 0.000000
1649623824478849662 328.954171 0.000000
1649623825532787264 551.213646 0.000000
1649623826083350800 550.551494 0.000000
1649623826617669329 534.141648 0.000000
1649623826617878922 534.369164 0.000000
1649623826617908147 534.528473 0.000000
1649623826617921372 299.485291 0.000000
1649623826997949324 380.029014 0.000000
1649623828213465425 384.497803 0.000000
1649623828213512523 384.559178 0.000000
1649623828213714101 384.550251 0.000000
1649623829037849925 218.823433 0.000000
1649623829282969879 463.951533 0.000000
1649623829283004854 464.075405 0.000000
1649623829718346368 318.989495 0.000000
1649623830267471139 207.522688 0.000000
1649623830763057894 639.833331 0.000000
1649623831218183941 349.425339 0.000000
1649623831368854548 320.559298 0.000000
1649623832114818856 396.629827 0.000000
1649623832114876704 396.561278 0.000000
1649623832314837794 596.630731 0.000000
1649623832655909401 541.014072 0.000000
1649623832861307324 395.259989 0.000000
1649623833427881335 566.579992 0.000000
1649623833630727252 476.318437 0.000000
1649623833630785732 315.577599 0.000000
1649623834124550411 220.081825 0.000000
1649623834768812444 864.274247 0.000000
1649623834881532713 880.145099 0.000000
1649623835955292875 421.672239 0.000000
1649623836744268156 241.006836 0.000000
1649623836866989256 295.221636 0.000000
1649623837944620815 368.330894 0.000000
1649623838153440119 277.832802 0.000000
1649623838153461859 277.870432 0.000000
1649623838704590075 551.112356 0.000000
1649623838704617035 551.158131 0.000000
1649623839163679482 612.398244 0.000000
1649623839507537041 343.834385 0.000000
1649623839702420010 503.442771 0.000000
1649623839777422686 521.517769 0.000000
1649623839777436562 269.909430 0.000000
1649623840062534517 285.107783 0.000000
1649623840228376560 371.716820 0.000000
1649623840593796814 514.172698 0.000000
1649623840717031987 484.609080 0.000000
1649623841009563349 415.797112 0.000000
1649623841310167144 300.594026 0.000000
1649623842124280044 330.117337 0.000000
1649623842124307866 483.222000 0.000000
1649623842483519838 635.216979 0.000000
1649623842800351861 469.831525 0.000000
1649623842906451248 294.578379 0.000000
1649623842906476445 294.523055 0.000000
1649623842924679683 308.173067 0.000000
1649623843890128148 491.317408 0.000000
1649623844203006745 350.089312 0.000000
1649623845479075784 510.669638 0.000000
1649623845565802801 202.118193 0.000000
1649623845905853503 340.047526 0.000000
1649623846705883638 398.754559 0.000000
1649623847817616226 590.667990 0.000000
1649623848371972389 554.288706 0.000000
1649623848956789230 286.869366 0.000000
1649623849865056168 124.576598 0.000000
1649623850405305662 230.212498 0.000000
1649623850450974293 128.686655 0.000000
1649623850688663014 325.043625 0.000000
1649623852035930042 910.551381 0.000000
1649623852403557854 367.598186 0.000000
1649623852475185613 439.280027 0.000000
1649623852836208863 360.998654 0.000000
1649623852950018364 461.488102 0.000000
1649623854086506852 446.124829 0.000000
1649623854523757093 437.244500 0.000000
1649623854523772121 437.209033 0.000000
1649623854876785704 353.080489 0.000000
1649623855575860886 473.984450 0.000000
1649623855781792368 333.256885 0.000000
1649623856570346335 211.172928 0.000000
1649623857454644183 307.087209 0.000000
1649623857565634759 418.048781 0.000000
1649623857837912989 383.330662 0.000000
1649623859436625977 307.836914 0.000000
1649623859620754672 491.961933 0.000000
1649623859620820756 447.076310 0.000000
1649623859881661152 445.031068 0.000000
1649623859881878460 261.081188 0.000000
1649623860205653666 584.891459 0.000000
1649623861500882839 226.357596 0.000000
1649623862572642862 405.967782 0.000000
1649623862717441682 274.669392 0.000000
1649623862778596385 186.235717 0.000000
1649623863032067133 439.676839 0.000000
1649623863387045238 240.303902 0.000000
1649623864051489741 639.354905 0.000000
1649623864051533933 801.163695 0.000000
1649623864551061472 359.838217 0.000000
1649623865421595052 870.496320 0.000000
1649623865933316691 413.084462 0.000000
1649623865933353480 325.904166 0.000000
1649623867098255435 720.101490 0.000000
1649623867615120413 135.025954 0.000000
1649623868046429106 441.206079 0.000000
1649623868175456885 570.255218 0.000000
1649623868278442464 103.018601 0.000000
1649623868790782070 526.259212 0.000000
1649623869001350244 365.864784 0.000000
1649623869935460218 395.511507 0.000000
1649623870123607266 260.670596 0.000000
1649623870399369867 275.750089 0.000000
1649623870399387250 275.733096 0.000000
1649623871197549817 339.272100 0.000000
1649623871422022299 486.988397 0.000000
1649623871700981173 278.907197 0.000000
1649623871756177745 334.038617 0.000000
1649623872060430358 359.491193 0.000000
1649623873508555168 469.145806 0.000000
1649623874707845009 270.720876 0.000000
1649623875345434143 385.083376 0.000000
1649623876379597044 435.943473 0.000000
1649623877722544043 431.579246 0.000000
1649623878531560108 359.077901 0.000000
1649623879030835519 361.642049 0.000000
1649623879165537445 496.013526 0.000000
1649623879771201193 480.483296 0.000000
1649623879771282856 502.299868 0.000000
1649623879771283517 467.687929 0.000000
1649623880467071725 112.912269 0.000000
1649623880787341477 433.205996 0.000000
1649623880926753548 139.490458 0.000000
1649623881533033371 406.500498 0.000000
1649623881791864217 258.761055 0.000000
1649623883614505409 341.464883 0.000000
1649623884337266946 397.793362 0.000000
1649623885620433989 401.755140 0.000000
1649623886346583472 232.063382 0.000000
1649623886346643083 118.180434 0.000000
1649623886573049220 226.432155 0.000000
1649623886573077694 344.485692 0.000000
1649623886931969115 380.201333 0.000000
1649623887164057873 590.971002 0.000000
1649623887963092280 356.236721 0.000000
1649623887963128959 356.009075 0.000000
1649623888308229834 358.269665 0.000000
1649623889042827415 451.675639 0.000000
1649623889712151693 389.972158 0.000000
1649623890217027033 348.648635 0.000000
1649623890559980220 342.950832 0.000000
1649623890689921244 472.848555 0.000000
1649623891167794118 244.313269 0.000000
1649623891168018919 177.716021 0.000000
1649623891192047520 82.853414 0.000000
1649623891695247106 503.188626 0.000000
1649623891695766790 178.079664 0.000000
1649623893196410664 426.609016 0.000000
1649623893914237523 291.688247 0.000000
1649623895014028568 513.270279 0.000000
1649623895078073618 457.820420 0.000000
1649623895416539333 338.551816 0.000000
1649623896949647158 348.811290 0.000000
1649623896992016461 114.641811 0.000000
1649623900076247293 417.492382 0.000000
1649623900704086132 340.477696 0.000000
1649623901207103826 353.127512 0.000000
1649623902079334821 366.520180 0.000000
1649623902884152758 122.112986 0.000000
1649623903059773762 297.762223 0.000000
1649623903529427966 277.933828 0.000000
1649623904171481264 430.714902 0.000000
1649623904657495801 485.997735 0.000000
1649623904657582233 486.120365 0.000000
1649623904878503736 513.647755 0.000000
1649623904948736357 291.233723 0.000000
1649623905018656832 361.197569 0.000000
1649623905072912290 194.434042 0.000000
1649623905355344412 406.598156 0.000000
1649623905355385059 323.566851 0.000000
1649623905355391240 336.694934 0.000000
1649623905440948944 368.045300 0.000000
1649623905496507494 419.071332 0.000000
1649623905534815985 179.453499 0.000000
1649623906391161192 167.125446 0.000000
1649623906391193672 103.467779 0.000000
1649623906899377786 508.229569 0.000000
1649623908929102139 494.535191 0.000000
1649623910172901230 362.300728 0.000000
1649623910450997504 220.415402 0.000000
1649623910958807683 306.149265 0.000000
1649623910958841707 306.176477 0.000000
1649623911554893744 268.985247 0.000000
1649623912000016777 445.051619 0.000000
1649623912345414691 300.148094 0.000000
1649623912754532887 511.537569 0.000000
1649623912754541944 511.543420 0.000000
1649623913437551688 679.007900 0.000000
1649623913577953159 367.194632 0.000000
1649623913977511662 180.146962 0.000000
1649623914616628181 214.705525 0.000000
1649623914680272533 278.036760 0.000000
1649623914680298191 278.347272 0.000000
1649623915668165836 492.840618 0.000000
1649623915780505812 112.272509 0.000000
1649623916148245116 329.722878 0.000000
1649623916376869710 228.593065 0.000000
1649623917319354306 474.517621 0.000000
1649623917906140644 486.935735 0.000000
1649623917906158678 486.949601 0.000000
1649623917924942459 505.721962 0.000000
1649623918173394694 248.471541 0.000000
1649623918286909601 323.628560 0.000000
1649623918625141292 357.825071 0.000000
1649623919480751966 431.385830 0.000000
1649623919480794726 431.869096 0.000000
1649623919801270102 364.908587 0.000000
1649623920915679238 262.734354 0.000000
1649623921263037121 610.065226 0.000000
1649623921311420348 395.869270 0.000000
1649623921311551814 396.023539 0.000000
1649623921811362900 340.995153 0.000000
1649623922183175824 371.809337 0.000000
1649623922664751554 481.545984 0.000000
1649623923346955731 644.060182 0.000000
1649623923665814496 534.621471 0.000000
1649623923960212062 294.408327 0.000000
1649623924224442660 264.260444 0.000000
1649623924674017745 465.352879 0.000000
1649623924970225286 296.183706 0.000000
1649623925854367354 266.684980 0.000000
1649623926178865312 364.373772 0.000000
1649623926610251478 179.585445 0.000000
1649623927836032595 667.025944 0.000000
1649623927920177969 405.955951 0.000000
1649623927920222432 153.178000 0.000000
1649623927920252950 405.935222 0.000000
1649623928838843270 408.087900 0.000000
1649623929676101961 491.612900 0.000000
1649623929676116378 632.997436 0.000000
1649623929676196859 533.507788 0.000000
1649623929794208427 118.060190 0.000000
1649623930325572422 649.384710 0.000000
1649623930528688285 203.113859 0.000000
1649623931196296223 397.620187 0.000000
1649623931518726556 298.621927 0.000000
1649623931700834322 229.909922 0.000000
1649623932230567071 591.358365 0.000000
1649623932376436715 145.881437 0.000000
1649623932656310556 425.702869 0.000000
1649623932656368805 425.727886 0.000000
1649623932656390556 425.875883 0.000000
1649623933133488647 208.605090 0.000000
1649623934339200523 486.728999 0.000000
1649623934339239065 486.798269 0.000000
1649623934673985568 259.886480 0.000000
1649623935002705488 254.403156 0.000000
1649623935424653035 421.938700 0.000000
1649623935943810843 372.134850 0.000000
1649623935943815572 372.158494 0.000000
1649623937574403021 256.105518 0.000000
1649623937707978200 377.616776 0.000000
1649623938112256934 537.849746 0.000000
1649623938677782115 439.981971 0.000000
1649623938979491939 301.613763 0.000000
1649623940205182681 536.723172 0.000000
1649623940267973392 599.535673 0.000000
1649623940292812259 140.286275 0.000000
1649623941102393863 145.496663 0.000000
1649623942518697557 115.189165 0.000000
1649623944650361264 138.934328 0.000000
1649623944829434748 259.121724 0.000000
1649623945203724657 502.937748 0.000000
1649623945728166558 221.296528 0.000000
1649623945887187611 327.844848 0.000000
1649623946639191448 351.737540 0.000000
1649623947821238725 454.827915 0.000000
1649623948702594311 375.739696 0.000000
1649623949445512439 328.310360 0.000000
1649623949481673524 364.402737 0.000000
1649623950385190133 209.879027 0.000000
1649623951100656845 351.992737 0.000000
1649623951524693995 428.823805 0.000000
1649623952423932388 467.955830 0.000000
1649623952423942837 471.917720 0.000000
1649623953595516811 553.988520 0.000000
1649623953664966346 159.205428 0.000000
1649623954621382855 451.809552 0.000000
1649623955284674270 240.223385 0.000000
1649623955508323768 317.804490 0.000000
1649623956058200337 549.845682 0.000000
1649623956469137860 410.716739 0.000000
1649623956492795952 434.413724 0.000000
1649623957472179462 514.342457 0.000000
1649623957552396819 394.602052 0.000000
1649623957814193727 342.057387 0.000000
1649623958673685627 829.164122 0.000000
1649623959140316411 466.569789 0.000000
1649623959282002748 411.413344 0.000000
1649623959282030450 260.779599 0.000000
1649623959450556083 310.232108 0.000000
1649623959450680777 168.674673 0.000000
1649623959658567217 376.548158 0.000000
1649623960563775720 505.635191 0.000000
1649623961209041712 546.959507 0.000000
1649623961395413158 487.276524 0.000000
1649623961886641934 677.595323 0.000000
1649623961886675607 677.597326 0.000000
1649623962596825663 478.113964 0.000000
1649623962643506245 390.449745 0.000000
1649623963568420906 230.898409 0.000000
1649623964436282949 266.859212 0.000000
1649623964628040753 321.003355 0.000000
1649623965988319195 535.384501 0.000000
1649623966839483965 280.069740 0.000000
1649623966916104228 106.976675 0.000000
1649623967516212399 342.576344 0.000000
1649623967682780672 443.422012 0.000000
1649623967796682368 280.465791 0.000000
1649623967982337861 299.515962 0.000000
