1649641322612697889 518.474829 0.000000
1649641322612820980 518.631373 0.000000
1649641323132135282 519.289085 0.000000
1649641323132213889 519.298232 0.000000
1649641324209808309 413.681326 0.000000
1649641324243348884 447.222001 0.000000
1649641324753266202 509.917037 0.000000
1649641325275265938 521.947078 0.000000
1649641327367621875 582.301488 0.000000
1649641327626935477 259.309123 0.000000
1649641327933074235 565.386126 0.000000
1649641328423555319 490.552057 0.000000
1649641328857137051 433.528533 0.000000
1649641329293887602 352.773387 0.000000
1649641331176135505 442.679215 0.000000
1649641332023928946 532.379744 0.000000
1649641332034749440 324.320352 0.000000
1649641332196310347 475.954481 0.000000
1649641332326778610 296.465346 0.000000
1649641332662856032 431.589796 0.000000
1649641335154291682 308.233876 0.000000
1649641335710737872 482.285219 0.000000
1649641336133680139 423.086929 0.000000
1649641336275607863 329.499552 0.000000
1649641336275633491 565.003341 0.000000
1649641336462381152 328.905957 0.000000
1649641336597378035 463.919010 0.000000
1649641336621073803 487.456060 0.000000
1649641338596877635 518.843391 0.000000
1649641339154980290 289.877247 0.000000
1649641339737535942 601.118832 0.000000
1649641340834551649 483.670436 0.000000
1649641341136946219 302.395491 0.000000
1649641342396964207 475.028195 0.000000
1649641342396993432 704.892293 0.000000
1649641343011535688 459.750948 0.000000
1649641344091615296 643.989506 0.000000
1649641344110022121 539.680252 0.000000
1649641344415187155 340.475887 0.000000
1649641344458353694 366.732126 0.000000
1649641344973389155 558.194836 0.000000
1649641345799298936 825.881077 0.000000
1649641346222867747 423.842665 0.000000
1649641346222881783 500.827169 0.000000
1649641346845376036 622.542653 0.000000
1649641348024477066 591.863311 0.000000
1649641348024537880 486.468060 0.000000
1649641348024561915 137.347938 0.000000
1649641348286090773 398.791938 0.000000
1649641349186640488 728.969558 0.000000
1649641350798392416 539.095594 0.000000
1649641352054239204 352.487735 0.000000
1649641352146687645 311.617199 0.000000
1649641352146748248 234.680676 0.000000
1649641353746541439 333.924005 0.000000
1649641353981347940 568.688818 0.000000
1649641354013117768 441.498424 0.000000
1649641354404767990 423.414780 0.000000
1649641355360382604 91.509501 0.000000
1649641356340164808 483.293369 0.000000
1649641357081946902 132.897434 0.000000
1649641357458107054 509.095136 0.000000
1649641357543745279 461.756590 0.000000
1649641358073343088 529.633075 0.000000
1649641358296007621 227.303268 0.000000
1649641358832998259 579.420145 0.000000
1649641360615175242 500.565398 0.000000
1649641360634074711 519.391369 0.000000
1649641361626241030 402.203952 0.000000
1649641361626288079 402.306254 0.000000
1649641361811453304 185.285300 0.000000
1649641361973507197 347.259203 0.000000
1649641362485671165 674.204957 0.000000
1649641363082066363 488.297340 0.000000
1649641363441350438 648.835992 0.000000
1649641363441371307 648.861640 0.000000
1649641363473080137 460.704344 0.000000
1649641364994516412 375.349019 0.000000
1649641365142302568 522.669453 0.000000
1649641365803007068 358.602408 0.000000
1649641366940814331 655.217142 0.000000
1649641368992097786 478.194904 0.000000
1649641369161313962 383.406694 0.000000
1649641369406087168 403.753095 0.000000
1649641369712309895 306.309840 0.000000
1649641370239440351 270.658088 0.000000
1649641370587744843 553.001233 0.000000
1649641370770055087 530.604858 0.000000
1649641371468133728 698.110140 0.000000
1649641372174321620 318.781859 0.000000
1649641372590874489 416.539835 0.000000
1649641373630595332 513.214288 0.000000
1649641373781292537 553.607388 0.000000
1649641374510863520 335.849485 0.000000
1649641375940053192 453.192853 0.000000
1649641375954004456 322.073491 0.000000
1649641376498870447 481.432300 0.000000
1649641377407606651 350.092744 0.000000
1649641377513636251 417.730467 0.000000
1649641377732298500 324.654769 0.000000
1649641378021629612 507.939660 0.000000
1649641378177779596 308.855822 0.000000
1649641378914540522 736.757509 0.000000
1649641378914579304 698.563119 0.000000
1649641379224539386 778.062347 0.000000
1649641379609443717 672.407457 0.000000
1649641381615518825 420.580269 0.000000
1649641381721096097 526.172039 0.000000
1649641382004775154 389.242814 0.000000
1649641382260285176 328.707997 0.000000
1649641382512162139 477.043304 0.000000
1649641382918298702 406.160348 0.000000
1649641382918380716 406.267649 0.000000
1649641383484855775 225.507424 0.000000
1649641383936969106 452.075530 0.000000
1649641384052173484 298.007857 0.000000
1649641385494988028 470.351941 0.000000
1649641386649842809 167.348128 0.000000
1649641386649938970 167.335063 0.000000
1649641387303719608 601.410057 0.000000
1649641387303826779 545.955203 0.000000
1649641387915286128 409.063713 0.000000
1649641389306871237 875.318081 0.000000
1649641389307239538 654.313190 0.000000
1649641391076066545 459.347692 0.000000
1649641391446178876 539.532382 0.000000
1649641391603688942 157.469810 0.000000
1649641391812493391 366.256135 0.000000
1649641393121158181 551.659888 0.000000
1649641393202083591 373.075518 0.000000
1649641393737872787 452.584952 0.000000
1649641394264864673 723.885237 0.000000
1649641394264908886 723.856082 0.000000
1649641395543013908 402.141563 0.000000
1649641395599247372 458.137792 0.000000
1649641395828277427 613.300979 0.000000
1649641395828597457 229.364482 0.000000
1649641395918947194 90.591632 0.000000
1649641396517571790 286.625560 0.000000
1649641397085854740 568.295323 0.000000
1649641397268878170 590.299079 0.000000
1649641397551097391 282.186049 0.000000
1649641397662667898 330.651431 0.000000
1649641398790293907 451.073941 0.000000
1649641398815383138 400.968926 0.000000
1649641399457399716 642.026747 0.000000
1649641399956977333 499.756091 0.000000
1649641400184456077 727.040682 0.000000
1649641401639838220 613.631469 0.000000
1649641401640019119 476.271206 0.000000
1649641401760834095 120.987169 0.000000
1649641403441073750 304.636122 0.000000
1649641403709346848 554.928375 0.000000
1649641403709394057 277.154147 0.000000
1649641404708790350 880.779327 0.000000
1649641405775035184 459.165229 0.000000
1649641405837384673 666.078574 0.000000
1649641407358845575 260.160185 0.000000
1649641407442927683 344.297577 0.000000
1649641407442978157 310.820754 0.000000
1649641407678518916 235.539065 0.000000
1649641407960102345 496.286105 0.000000
1649641407990094848 547.159000 0.000000
1649641408254520091 294.403789 0.000000
1649641408952761118 560.544913 0.000000
1649641409528696733 527.280086 0.000000
1649641410031234296 576.574651 0.000000
1649641410434982433 403.758927 0.000000
1649641410592846582 561.595765 0.000000
1649641410751653376 400.462457 0.000000
1649641411173377529 355.390136 0.000000
1649641411969927722 1019.947428 0.000000
1649641413085020426 587.357284 0.000000
1649641413229897479 462.914708 0.000000
1649641413510150765 457.932599 0.000000
1649641414130986457 1046.018068 0.000000
1649641414666661510 489.300811 0.000000
1649641415380722651 205.602116 0.000000
1649641415763028762 352.075811 0.000000
1649641415908204535 349.559147 0.000000
1649641416758153417 264.196387 0.000000
1649641417409456895 472.060052 0.000000
1649641417409471593 472.081162 0.000000
1649641418094148830 587.452944 0.000000
1649641418548805288 497.787309 0.000000
1649641418639331748 90.522532 0.000000
1649641420348438975 515.151168 0.000000
1649641420348496573 515.227571 0.000000
1649641420939421167 508.193527 0.000000
1649641421610385539 444.873700 0.000000
1649641421792239006 329.250274 0.000000
1649641421936669853 144.492413 0.000000
1649641421936938417 144.788518 0.000000
1649641422213307060 420.836760 0.000000
1649641422545075816 155.970148 0.000000
1649641423533531529 261.699164 0.000000
1649641423533574780 261.720945 0.000000
1649641424752111509 311.221770 0.000000
1649641425134397521 555.371535 0.000000
1649641425134451693 555.414306 0.000000
1649641425590334139 455.971152 0.000000
1649641425853469726 604.877667 0.000000
1649641426196041562 615.048723 0.000000
1649641426355096774 501.617610 0.000000
1649641427159367220 545.964503 0.000000
1649641428207211080 540.220223 0.000000
1649641429072433745 385.841379 0.000000
1649641429072679446 386.073284 0.000000
1649641432845764634 647.894556 0.000000
1649641432933014391 546.319506 0.000000
1649641432933030130 598.733219 0.000000
1649641433645541095 712.558684 0.000000
1649641435350849102 220.424010 0.000000
1649641435722344969 591.977606 0.000000
1649641436372259994 649.614721 0.000000
1649641436803187610 430.950799 0.000000
1649641437495102538 253.259356 0.000000
1649641439048831768 287.187563 0.000000
1649641439816406624 393.701412 0.000000
1649641440526737943 304.782358 0.000000
1649641441026725517 487.602467 0.000000
1649641441889043277 436.967418 0.000000
1649641441889065469 437.002524 0.000000
1649641442440784579 551.404280 0.000000
1649641442458405219 200.482680 0.000000
1649641442656307941 215.497945 0.000000
1649641443166441335 708.045504 0.000000
1649641443166502189 708.103072 0.000000
1649641443753993134 376.435596 0.000000
1649641444099423619 368.483639 0.000000
1649641445044569612 427.843360 0.000000
1649641447377290717 954.117054 0.000000
1649641447865626271 488.264891 0.000000
1649641448074753823 665.721204 0.000000
1649641448160761111 295.395829 0.000000
1649641448160766441 638.611956 0.000000
1649641448739076977 578.349980 0.000000
1649641448890481697 353.665122 0.000000
1649641449025518362 286.430404 0.000000
1649641450811084450 353.592576 0.000000
1649641451016973965 313.589608 0.000000
1649641452620693397 410.175025 0.000000
1649641452875134577 254.402597 0.000000
1649641453191818373 484.740310 0.000000
1649641453976021732 351.010225 0.000000
1649641456950463326 571.342436 0.000000
1649641457277546236 327.020192 0.000000
1649641458039855113 553.874410 0.000000
1649641458039882224 414.143454 0.000000
1649641458148990194 376.299682 0.000000
1649641458478730346 376.001243 0.000000
1649641458478762977 329.783032 0.000000
1649641458624573890 475.618260 0.000000
1649641458624629364 250.461377 0.000000
1649641459060183042 435.570710 0.000000
1649641459334044537 273.822001 0.000000
1649641461312943962 256.194466 0.000000
1649641461489352012 406.483423 0.000000
1649641461489369244 392.814601 0.000000
1649641462227690613 342.245073 0.000000
1649641462570320339 684.891991 0.000000
1649641462703408131 313.933601 0.000000
1649641462708171901 318.697411 0.000000
1649641463107384795 537.048225 0.000000
1649641463309854760 601.674344 0.000000
1649641463748422738 362.105621 0.000000
1649641463873350335 229.886420 0.000000
1649641464132951476 384.456372 0.000000
1649641464132983907 384.581427 0.000000
1649641464621996809 421.103460 0.000000
1649641465302745754 592.237093 0.000000
1649641465519823702 578.637549 0.000000
1649641465906107491 386.343300 0.000000
1649641466250258628 344.137752 0.000000
1649641466446944601 296.227790 0.000000
1649641466446965430 380.960036 0.000000
1649641467346778077 301.289110 0.000000
1649641467778738858 544.510076 0.000000
1649641467861653009 452.989754 0.000000
1649641468107082834 314.277076 0.000000
1649641468544440664 437.343954 0.000000
1649641468715448491 489.927626 0.000000
1649641469375716923 472.382866 0.000000
1649641469824754780 449.031755 0.000000
1649641469842314155 384.388084 0.000000
1649641470058353858 408.593399 0.000000
1649641470710130941 323.440231 0.000000
1649641470742421283 314.910774 0.000000
1649641471074878349 364.744673 0.000000
1649641471074891974 364.732420 0.000000
1649641471390216435 315.371679 0.000000
