1641930212580821052 220.207096 0.000000
1641930212580823697 313.226746 0.000000
1641930213427648883 245.702842 0.000000
1641930213427663551 245.798240 0.000000
1641930213427734143 245.599197 0.000000
1641930213679377491 251.640062 0.000000
1641930214552527658 292.107875 0.000000
1641930214824018864 128.207157 0.000000
1641930215517969311 230.937773 0.000000
1641930215757763375 239.809032 0.000000
1641930215958391056 190.351716 0.000000
1641930216009284404 91.499521 0.000000
1641930216014621480 96.847387 0.000000
1641930216508184587 248.243764 0.000000
1641930217120585796 179.677338 0.000000
1641930217130917775 179.555870 0.000000
1641930217371591118 250.993720 0.000000
1641930217402459786 225.151254 0.000000
1641930218183008116 236.023426 0.000000
1641930218846163431 185.756471 0.000000
1641930219087229861 246.332963 0.000000
1641930219348782595 235.654162 0.000000
1641930219348812401 256.239834 0.000000
1641930219348833600 256.268326 0.000000
1641930219523532213 199.479917 0.000000
1641930219544391528 195.533692 0.000000
1641930219723489958 199.918651 0.000000
1641930220396389632 261.975368 0.000000
1641930221049806702 92.412021 0.000000
1641930221804169040 287.696143 0.000000
1641930221804247527 272.101449 0.000000
1641930222101596079 297.378318 0.000000
1641930222691777671 317.694843 0.000000
1641930223278559054 193.545514 0.000000
1641930223299499730 214.523039 0.000000
1641930223299516321 214.514203 0.000000
1641930223466293984 187.731064 0.000000
1641930223466351102 265.335957 0.000000
1641930223954371387 240.603942 0.000000
1641930224201792109 153.738580 0.000000
1641930224627074873 214.812732 0.000000
1641930224688878384 173.890677 0.000000
1641930224885355584 232.657366 0.000000
1641930225116929829 232.267805 0.000000
1641930225645674039 158.673823 0.000000
1641930225676374742 178.931418 0.000000
1641930225983333756 317.284060 0.000000
1641930226230606854 175.427781 0.000000
1641930226230637872 180.544012 0.000000
1641930226482640902 252.003873 0.000000
1641930226601044772 113.796763 0.000000
1641930226765126571 277.893219 0.000000
1641930226775534783 179.650104 0.000000
1641930227094158805 329.029620 0.000000
1641930227315769392 221.557116 0.000000
1641930227315795641 221.548972 0.000000
1641930227880424052 313.998281 0.000000
1641930228137048469 256.639876 0.000000
1641930228137061623 256.603918 0.000000
1641930228167735587 194.561598 0.000000
1641930228697076856 107.770033 0.000000
1641930228883107070 185.996682 0.000000
1641930228908848387 113.007861 0.000000
1641930228908858837 206.587623 0.000000
1641930230055920877 298.808396 0.000000
1641930230060637980 200.342776 0.000000
1641930230060642799 195.044464 0.000000
1641930230445167576 178.907934 0.000000
1641930230470868797 97.960955 0.000000
1641930230840994499 199.057125 0.000000
1641930231098647684 257.636984 0.000000
1641930231119284772 278.306733 0.000000
1641930231428434995 309.196219 0.000000
1641930231720112183 291.715299 0.000000
1641930232028667953 215.284086 0.000000
1641930232264909738 262.502525 0.000000
1641930233166419639 229.516057 0.000000
1641930233427888356 261.763821 0.000000
1641930233453553921 287.527018 0.000000
1641930233469027739 179.615399 0.000000
1641930233705699068 236.660889 0.000000
1641930233899699566 194.036645 0.000000
1641930234085606860 165.048381 0.000000
1641930234557406227 204.990318 0.000000
1641930234954491991 207.008101 0.000000
1641930235170116876 210.393437 0.000000
1641930235170168733 210.394139 0.000000
1641930235185857374 200.436282 0.000000
1641930235956588729 113.709797 0.000000
1641930236172441912 313.890070 0.000000
1641930236438972197 266.268444 0.000000
1641930236649956443 239.389476 0.000000
1641930237188620178 236.454375 0.000000
1641930238232267566 246.127472 0.000000
1641930238232269970 246.135266 0.000000
1641930238232304044 246.131329 0.000000
1641930238331293418 99.061940 0.000000
1641930238703006340 235.276257 0.000000
1641930238795024724 92.058128 0.000000
1641930238930016097 150.196439 0.000000
1641930238930064989 227.068618 0.000000
1641930239587879392 231.968436 0.000000
1641930239587890072 232.016225 0.000000
1641930239801974880 214.178063 0.000000
1641930239823059967 235.199472 0.000000
1641930240115902860 179.854737 0.000000
1641930240537256969 144.463791 0.000000
1641930240674968002 282.191786 0.000000
1641930240931528306 256.582876 0.000000
1641930241564196400 297.994231 0.000000
1641930242097452918 282.805366 0.000000
1641930242097693489 283.105248 0.000000
1641930242097742000 282.483042 0.000000
1641930242430522994 168.297031 0.000000
1641930242723918141 293.319024 0.000000
1641930242724030862 98.601544 0.000000
1641930242944743397 220.796352 0.000000
1641930242960354963 236.443113 0.000000
1641930243140279089 246.957201 0.000000
1641930243141223669 201.651617 0.000000
1641930243556902431 108.644834 0.000000
1641930243762274084 314.068855 0.000000
1641930243762322154 314.187688 0.000000
1641930243762399309 314.242721 0.000000
1641930243762409228 313.983055 0.000000
1641930243762470342 210.674374 0.000000
1641930244103368132 160.432368 0.000000
1641930244592673717 224.215018 0.000000
1641930245368460339 292.040178 0.000000
1641930245625193698 199.827870 0.000000
1641930245733051276 107.887824 0.000000
1641930245948552609 323.371805 0.000000
1641930246397907509 222.863173 0.000000
1641930246566244897 168.377253 0.000000
1641930246846896755 183.478781 0.000000
1641930247032729079 122.533912 0.000000
1641930247453967200 240.577422 0.000000
1641930247454020410 230.325092 0.000000
1641930248379090078 92.779761 0.000000
1641930248404834280 118.509055 0.000000
1641930249099098244 293.614780 0.000000
1641930249099764273 294.225786 0.000000
1641930249894527128 277.330042 0.000000
1641930250433695119 278.225610 0.000000
1641930250433864456 137.718145 0.000000
1641930250704147476 270.558286 0.000000
1641930250956270194 251.555294 0.000000
1641930251818530094 246.322473 0.000000
1641930251819081878 231.437879 0.000000
1641930252029381830 210.806010 0.000000
1641930252103369202 284.257007 0.000000
1641930252340303294 179.528396 0.000000
1641930252530655903 190.342109 0.000000
1641930253037633676 219.418967 0.000000
1641930253392342367 209.577067 0.000000
1641930253840112937 221.757029 0.000000
1641930253920963747 181.527915 0.000000
1641930254067005156 232.101975 0.000000
1641930254157979142 90.957014 0.000000
1641930254397988439 239.940458 0.000000
1641930255220953965 241.120431 0.000000
1641930255400956418 180.003216 0.000000
1641930256223792774 215.440161 0.000000
1641930256223933247 231.243198 0.000000
1641930256552445447 205.232261 0.000000
1641930256778979494 205.651148 0.000000
1641930257030383693 251.440558 0.000000
1641930257030475225 169.838000 0.000000
1641930257549368336 230.866767 0.000000
1641930257604328248 285.618579 0.000000
1641930257887995640 98.366213 0.000000
1641930258452899406 312.560947 0.000000
1641930258453024240 312.568672 0.000000
1641930258678763917 225.753733 0.000000
1641930258875471288 196.703263 0.000000
1641930258890844116 212.116887 0.000000
1641930259380667963 268.739539 0.000000
1641930259572994481 181.952019 0.000000
1641930259975997657 190.582679 0.000000
1641930260606462609 229.709630 0.000000
1641930260611728431 234.968328 0.000000
1641930261461065303 231.838057 0.000000
1641930261461108775 221.594585 0.000000
1641930261461111309 221.599423 0.000000
1641930261466309925 226.835008 0.000000
1641930261717675624 240.896262 0.000000
1641930261974491588 256.842343 0.000000
1641930262308397891 307.965512 0.000000
1641930262559375460 250.785018 0.000000
1641930262832054552 174.178186 0.000000
1641930263007320327 190.917125 0.000000
1641930263192874740 185.580903 0.000000
1641930263228823191 185.291070 0.000000
1641930263794350887 196.489673 0.000000
1641930263804560477 92.903313 0.000000
1641930264619877825 183.276222 0.000000
1641930265009427410 205.091118 0.000000
1641930265097437139 185.170102 0.000000
1641930265172583113 163.147357 0.000000
1641930265483007185 181.634726 0.000000
1641930265513882285 93.407648 0.000000
1641930265678180649 257.684722 0.000000
1641930265693856716 179.968039 0.000000
1641930265923477911 245.248781 0.000000
1641930266088221961 164.754139 0.000000
1641930266359906197 271.502616 0.000000
1641930266586354312 226.545307 0.000000
1641930266815328292 229.016290 0.000000
1641930267002117029 186.827720 0.000000
1641930267002118412 186.790039 0.000000
1641930267680683584 119.006869 0.000000
1641930267701402726 108.746172 0.000000
1641930268507025200 247.295437 0.000000
1641930270064406861 282.707783 0.000000
1641930270064530282 210.327023 0.000000
1641930270174624781 110.055756 0.000000
1641930270593510363 251.363652 0.000000
1641930270593540049 251.427412 0.000000
1641930270865147813 271.653449 0.000000
1641930270905870484 261.075780 0.000000
1641930271157955153 292.799555 0.000000
1641930271430518372 272.503206 0.000000
1641930271610706637 180.253167 0.000000
1641930271980182761 143.562911 0.000000
1641930272020631549 173.666125 0.000000
1641930272333498029 107.351859 0.000000
1641930272524115544 190.610752 0.000000
1641930272910129109 93.630194 0.000000
1641930273021472112 204.755599 0.000000
1641930273093698210 183.529157 0.000000
1641930273252885534 205.713865 0.000000
1641930273510195003 257.246922 0.000000
1641930274286623847 180.141243 0.000000
1641930274286651409 180.204943 0.000000
1641930274717188413 200.505119 0.000000
1641930274804105304 117.814183 0.000000
1641930275867977018 292.370337 0.000000
1641930276166635433 298.645791 0.000000
1641930276460359317 293.668711 0.000000
1641930276460397108 293.721880 0.000000
1641930276460434458 283.340479 0.000000
1641930276722081458 261.629177 0.000000
1641930276722097959 261.704137 0.000000
1641930276845681707 123.609556 0.000000
1641930277185179721 283.013134 0.000000
1641930277580637244 267.369879 0.000000
1641930277621230712 184.031657 0.000000
1641930277868387999 247.189898 0.000000
1641930278433109154 171.174706 0.000000
1641930278936981857 252.454939 0.000000
1641930279204837455 108.164110 0.000000
1641930279600884583 201.158565 0.000000
1641930279626700559 124.362349 0.000000
1641930279821256627 318.899601 0.000000
1641930279821364569 220.482922 0.000000
1641930279821461491 194.732729 0.000000
1641930280051726802 230.439187 0.000000
1641930280056848213 189.056288 0.000000
1641930280545119368 266.690256 0.000000
1641930280592242979 221.256653 0.000000
1641930281053379946 245.827214 0.000000
1641930281309714497 256.372431 0.000000
1641930281309745395 256.362082 0.000000
1641930281452872529 339.207038 0.000000
1641930281633827660 180.838883 0.000000
1641930282264786337 231.328223 0.000000
1641930282517509379 149.382161 0.000000
1641930283062879948 175.971850 0.000000
1641930283405876832 91.476478 0.000000
1641930284156290766 252.264410 0.000000
1641930284401640536 266.244529 0.000000
1641930284731391259 221.277843 0.000000
1641930284946454430 204.765427 0.000000
1641930286578370928 215.914699 0.000000
1641930286603509685 225.395713 0.000000
1641930286815105456 211.596042 0.000000
1641930287009688985 194.862241 0.000000
1641930287056225495 225.660748 0.000000
1641930287230618464 220.922907 0.000000
1641930287241218776 184.989584 0.000000
1641930288346709871 102.592668 0.000000
1641930288466065223 196.285921 0.000000
1641930288707078242 240.991348 0.000000
1641930288738352040 179.651186 0.000000
1641930289016575887 92.561301 0.000000
1641930289174082329 172.991592 0.000000
1641930289421645616 211.488870 0.000000
1641930289662882956 272.303147 0.000000
1641930289663099171 184.658192 0.000000
1641930289935818329 272.716653 0.000000
1641930290177630756 241.825922 0.000000
1641930290233820313 266.717756 0.000000
1641930290443638300 265.958512 0.000000
1641930290474645358 296.966774 0.000000
1641930290726160847 241.154775 0.000000
1641930291239892752 282.412149 0.000000
1641930291775890078 192.131102 0.000000
1641930292274307033 262.248609 0.000000
1641930292628458948 174.808527 0.000000
1641930293116691321 257.155129 0.000000
1641930293209112982 328.879741 0.000000
1641930293645738959 226.380538 0.000000
1641930294200181894 225.071955 0.000000
1641930294687672535 205.762576 0.000000
1641930294768013106 101.304832 0.000000
1641930294851965640 164.307062 0.000000
1641930294852000145 138.424810 0.000000
1641930295339664111 245.987514 0.000000
1641930295555668427 216.031496 0.000000
1641930295555700367 216.032158 0.000000
1641930295719519102 163.830347 0.000000
1641930296242564839 293.694861 0.000000
1641930296488628796 246.073575 0.000000
1641930296488715639 246.255206 0.000000
1641930296786849260 298.188223 0.000000
1641930297293990639 225.714798 0.000000
1641930297294072803 225.780752 0.000000
1641930297294127786 225.891850 0.000000
1641930298060509195 211.683275 0.000000
1641930298502978517 236.888459 0.000000
1641930299308713431 348.331956 0.000000
1641930299308735292 348.323209 0.000000
1641930299416739092 107.986779 0.000000
1641930299602416025 293.678058 0.000000
1641930299837766948 235.399464 0.000000
1641930299880207381 272.648064 0.000000
1641930301127677379 272.101712 0.000000
1641930301128091285 272.568206 0.000000
1641930301626469507 225.585138 0.000000
1641930301626469617 225.576321 0.000000
1641930303152141639 277.957446 0.000000
1641930303480615029 328.494139 0.000000
1641930303480702272 328.544183 0.000000
1641930304061302572 247.189467 0.000000
1641930304796806665 108.064372 0.000000
1641930304796835048 108.086203 0.000000
1641930304812428882 123.708510 0.000000
1641930305093336952 296.582875 0.000000
1641930305371003082 277.338717 0.000000
1641930305371130581 277.459684 0.000000
1641930305375491346 281.797947 0.000000
1641930305920667419 286.892747 0.000000
1641930305920731108 286.966775 0.000000
1641930305920738262 282.220829 0.000000
1641930306419755222 241.066178 0.000000
1641930306661516063 241.829790 0.000000
1641930306681774529 221.455596 0.000000
1641930306681800779 221.405041 0.000000
1641930306995271892 313.464280 0.000000
1641930306995291328 236.561202 0.000000
1641930307346008104 93.334282 0.000000
1641930307544395456 92.977612 0.000000
