1649621220620505848 72.416292 0.000000
1649621220704804775 72.464552 0.000000
1649621220766848844 72.844335 0.000000
1649621220809384591 72.521358 0.000000
1649621220865351257 72.360508 0.000000
1649621220994591691 144.859324 0.000000
1649621221026769803 72.430669 0.000000
1649621221067307675 72.706547 0.000000
1649621221266116725 72.363794 0.000000
1649621221290096397 72.561334 0.000000
1649621221316413331 72.443593 0.000000
1649621221362398886 72.562086 0.000000
1649621221461086176 72.365647 0.000000
1649621221563584981 72.594877 0.000000
1649621221605949838 144.628592 0.000000
1649621221678364076 72.407736 0.000000
1649621221823218121 72.420831 0.000000
1649621221869542090 72.386706 0.000000
1649621221878935138 144.532171 0.000000
1649621222009195124 72.430117 0.000000
1649621222140231076 144.507515 0.000000
1649621222143270413 144.791757 0.000000
1649621222231950604 72.913655 0.000000
1649621222431900210 72.327646 0.000000
1649621222576826210 144.455868 0.000000
1649621222577799214 72.341151 0.000000
1649621222733102406 144.687293 0.000000
1649621222878091263 72.478098 0.000000
1649621222883697523 72.414829 0.000000
1649621223022641278 144.577346 0.000000
1649621223172516795 144.628581 0.000000
1649621223293303272 72.393238 0.000000
1649621223365676624 72.367050 0.000000
1649621223662284117 144.531601 0.000000
1649621223734088311 144.621578 0.000000
1649621223734803742 72.516189 0.000000
1649621223794669456 144.660782 0.000000
1649621223799868283 72.392217 0.000000
1649621223825893509 72.553368 0.000000
1649621223892202753 72.664147 0.000000
1649621223939248856 144.569993 0.000000
1649621223978103173 144.534686 0.000000
1649621223994653248 72.334749 0.000000
1649621224025082300 72.403618 0.000000
1649621224241717917 72.416923 0.000000
1649621224242412188 144.774886 0.000000
1649621224254346200 72.293091 0.000000
1649621224387491094 72.396655 0.000000
1649621224398985612 72.371267 0.000000
1649621224412411691 144.683885 0.000000
1649621224488655628 72.325121 0.000000
1649621224529592689 72.305574 0.000000
1649621224531470239 72.440998 0.000000
1649621224633394888 72.390003 0.000000
1649621224676644994 72.287541 0.000000
1649621224777677521 72.445217 0.000000
1649621224821441921 72.363594 0.000000
1649621224821491585 72.444385 0.000000
1649621224846816980 72.331864 0.000000
1649621224886239652 144.546378 0.000000
1649621224936186973 144.491615 0.000000
1649621224966027242 72.322617 0.000000
1649621224977983005 144.601391 0.000000
1649621225036271282 72.553900 0.000000
1649621225136105492 144.555384 0.000000
1649621225136411215 72.416763 0.000000
1649621225181294774 144.917002 0.000000
1649621225212113677 72.354757 0.000000
1649621225281064954 72.298922 0.000000
1649621225357186402 72.514596 0.000000
1649621225412037676 144.493709 0.000000
1649621225429778714 72.520798 0.000000
1649621225502175128 72.638749 0.000000
1649621225544787089 72.365938 0.000000
1649621225690759190 72.518995 0.000000
1649621225735297692 144.647778 0.000000
1649621225751781752 144.553942 0.000000
1649621225953117197 72.434175 0.000000
1649621225980565792 72.572455 0.000000
1649621226009334643 144.774445 0.000000
1649621226066236231 144.589218 0.000000
1649621226081852556 72.544913 0.000000
1649621226098252529 72.535716 0.000000
1649621226125312606 72.362441 0.000000
1649621226226681704 72.375686 0.000000
1649621226226802079 72.468550 0.000000
1649621226270179985 72.395403 0.000000
1649621226299446248 72.559259 0.000000
1649621226371636206 72.391966 0.000000
1649621226387849820 72.458161 0.000000
1649621226444134422 72.458391 0.000000
1649621226445648390 72.700054 0.000000
1649621226487405928 144.777971 0.000000
1649621226559605805 72.439005 0.000000
1649621226590179399 144.526470 0.000000
1649621226621458795 144.653228 0.000000
1649621226632033208 144.626087 0.000000
1649621226677593615 72.401013 0.000000
1649621226693990183 144.541178 0.000000
1649621226849170524 72.367731 0.000000
1649621226863115516 72.406854 0.000000
1649621226920889419 144.523836 0.000000
1649621227064548293 72.555242 0.000000
1649621227209341694 144.791096 0.000000
1649621227385831463 72.530436 0.000000
1649621227386666178 72.410031 0.000000
1649621227531377715 144.708681 0.000000
1649621227571110367 144.516091 0.000000
1649621227603065982 144.736614 0.000000
1649621227717601301 144.523685 0.000000
1649621227820745065 144.962097 0.000000
1649621227966599905 72.491042 0.000000
1649621227977675908 144.877358 0.000000
1649621228094555371 72.297329 0.000000
1649621228094792536 144.462330 0.000000
1649621228110421875 144.520158 0.000000
1649621228111433331 72.336793 0.000000
1649621228122249817 144.570383 0.000000
1649621228183630281 72.618621 0.000000
1649621228256149567 72.409009 0.000000
1649621228312524107 72.437702 0.000000
1649621228367483384 144.525168 0.000000
1649621228545971759 72.482006 0.000000
1649621228601354460 72.491994 0.000000
1649621228691051637 72.498827 0.000000
1649621228774404380 144.508476 0.000000
1649621228908544029 144.764777 0.000000
1649621228908832400 72.398338 0.000000
1649621228964347379 72.483929 0.000000
1649621228981862503 72.337745 0.000000
1649621229053997027 145.118110 0.000000
1649621229092268581 72.526539 0.000000
1649621229198723983 144.721586 0.000000
1649621229237205751 72.425099 0.000000
1649621229309554767 72.345800 0.000000
1649621229399101572 144.827314 0.000000
1649621229488395462 144.622751 0.000000
1649621229488726172 72.936477 0.000000
1649621229544032861 72.480182 0.000000
1649621229560913716 72.514697 0.000000
1649621229616472016 72.345008 0.000000
1649621229777026893 72.382779 0.000000
1649621229849359708 72.369874 0.000000
1649621229955435749 72.458801 0.000000
1649621230067561551 144.686560 0.000000
1649621230212400577 72.322385 0.000000
1649621230268127874 72.450886 0.000000
1649621230428198704 144.554643 0.000000
1649621230429062603 72.418737 0.000000
1649621230501045803 72.486774 0.000000
1649621230501374399 72.440557 0.000000
1649621230502350759 72.618912 0.000000
1649621230573806400 72.375496 0.000000
1649621230645869771 72.524204 0.000000
1649621230718283388 72.407926 0.000000
1649621230718727370 72.452931 0.000000
1649621230791564170 72.450697 0.000000
1649621230824107517 72.313459 0.000000
1649621230864282399 72.440287 0.000000
1649621230935792061 72.424597 0.000000
1649621230952365009 72.418977 0.000000
1649621231080945947 72.584888 0.000000
1649621231113629887 72.415681 0.000000
1649621231113819412 72.484510 0.000000
1649621231154579472 72.516520 0.000000
1649621231226571729 144.614926 0.000000
1649621231258484242 72.327766 0.000000
1649621231331013566 72.435338 0.000000
1649621231370515456 72.409650 0.000000
1649621231382538745 72.480332 0.000000
1649621231436279157 72.414088 0.000000
1649621231454714547 144.669759 0.000000
1649621231454850692 72.372090 0.000000
1649621231660310528 72.387057 0.000000
1649621231725868563 72.388740 0.000000
1649621231781762382 72.550634 0.000000
1649621231816767072 144.553621 0.000000
1649621231910286544 72.378271 0.000000
1649621231910403052 72.509127 0.000000
1649621231949969454 72.444656 0.000000
1649621232072861288 72.423165 0.000000
1649621232087949523 72.406213 0.000000
1649621232167019498 144.663297 0.000000
1649621232206400171 144.585641 0.000000
1649621232239299805 72.370246 0.000000
1649621232304533893 72.405652 0.000000
1649621232311820933 72.482938 0.000000
1649621232339988416 72.411653 0.000000
1649621232412419135 72.429657 0.000000
1649621232457987538 72.421632 0.000000
1649621232530311607 72.321604 0.000000
1649621232541376009 72.396074 0.000000
1649621232601606126 72.496492 0.000000
1649621232601711614 72.476785 0.000000
1649621232674736267 72.375596 0.000000
1649621232758633991 72.390673 0.000000
1649621232785859218 72.356790 0.000000
1649621232820028272 72.342564 0.000000
1649621233035843049 72.466156 0.000000
1649621233109036518 72.455485 0.000000
1649621233246042350 72.410601 0.000000
1649621233253590450 72.411563 0.000000
1649621233265855843 72.477487 0.000000
1649621233326870170 72.383019 0.000000
1649621233543362889 72.535015 0.000000
1649621233627705668 72.416853 0.000000
1649621233812644827 72.453251 0.000000
1649621233833351593 72.474512 0.000000
1649621233898230035 144.505080 0.000000
1649621233905714947 72.467459 0.000000
1649621234123277390 144.728720 0.000000
1649621234174718342 144.653969 0.000000
1649621234352113417 72.318759 0.000000
1649621234629902032 144.622380 0.000000
1649621234631215253 72.485973 0.000000
1649621234703544723 72.352843 0.000000
1649621234859515627 72.372089 0.000000
1649621235031261081 72.347854 0.000000
1649621235064443285 144.439166 0.000000
1649621235065279122 72.321003 0.000000
1649621235103839478 72.425219 0.000000
1649621235120093027 72.496723 0.000000
1649621235264234095 72.502634 0.000000
1649621235264585313 144.499610 0.000000
1649621235280820487 72.389472 0.000000
1649621235354601477 72.327505 0.000000
1649621235499295302 144.585241 0.000000
1649621235537973357 144.775888 0.000000
1649621235571690063 72.388980 0.000000
1649621235572201311 144.927151 0.000000
1649621235789266222 72.647274 0.000000
1649621235789292371 72.682781 0.000000
1649621235935300098 72.753945 0.000000
1649621236007601806 72.482216 0.000000
1649621236044963945 72.328838 0.000000
1649621236149362300 72.394351 0.000000
1649621236152270432 72.446308 0.000000
1649621236189858565 144.624323 0.000000
1649621236241077811 72.361439 0.000000
1649621236494780283 144.653508 0.000000
1649621236689943828 144.577306 0.000000
1649621236804585756 72.629842 0.000000
1649621237020276601 72.406643 0.000000
1649621237021230399 72.389621 0.000000
1649621237092713041 72.431270 0.000000
1649621237166094853 72.381907 0.000000
1649621237237724360 72.499900 0.000000
1649621237238061042 72.355559 0.000000
1649621237310266468 72.536998 0.000000
1649621237311367001 72.418527 0.000000
1649621237383722609 144.762592 0.000000
1649621237384237905 72.339177 0.000000
1649621237456107372 72.530025 0.000000
1649621237599813024 72.579488 0.000000
1649621237644004595 72.396905 0.000000
1649621237716456965 72.441569 0.000000
1649621237744682337 72.360849 0.000000
1649621237745032954 72.403578 0.000000
1649621237861345584 72.533602 0.000000
1649621237962692169 72.608282 0.000000
1649621237963016166 72.496362 0.000000
1649621238119502486 144.626617 0.000000
1649621238253271681 72.368753 0.000000
1649621238320369933 72.334539 0.000000
1649621238397926431 72.528622 0.000000
1649621238470197962 145.049391 0.000000
1649621238470346961 72.319931 0.000000
1649621238614989629 144.893067 0.000000
1649621238772039736 72.486974 0.000000
1649621238904404538 72.388640 0.000000
1649621238941330610 72.437863 0.000000
1649621238977192637 72.421432 0.000000
1649621239081427857 72.474882 0.000000
1649621239081444859 72.511120 0.000000
1649621239188309428 72.426311 0.000000
1649621239194504280 144.659379 0.000000
1649621239260642553 72.339768 0.000000
1649621239412491360 72.409118 0.000000
1649621239483580244 72.486754 0.000000
1649621239531993990 72.457349 0.000000
1649621239556151677 72.518243 0.000000
1649621239629133949 72.403948 0.000000
1649621239701640771 72.509476 0.000000
1649621239701671118 72.397958 0.000000
1649621239992141906 144.487477 0.000000
1649621240063209390 72.402146 0.000000
1649621240135662220 72.443543 0.000000
1649621240135671848 72.365146 0.000000
1649621240135872795 72.413938 0.000000
1649621240136976875 72.515789 0.000000
1649621240252550800 72.533412 0.000000
1649621240293152211 144.650683 0.000000
1649621240365827179 72.412796 0.000000
1649621240413605294 72.584888 0.000000
1649621240426437228 72.343045 0.000000
1649621240498822412 72.376688 0.000000
1649621240569366975 144.574680 0.000000
1649621240571747738 72.401895 0.000000
1649621240599130089 72.417103 0.000000
1649621240703083831 144.580802 0.000000
1649621240775472713 72.379464 0.000000
1649621240800079079 72.458752 0.000000
1649621240933157719 72.434966 0.000000
1649621241065305144 72.519706 0.000000
1649621241077774879 72.633879 0.000000
1649621241150317338 72.552297 0.000000
1649621241343226196 72.391375 0.000000
1649621241367361870 72.506051 0.000000
1649621241804350632 72.738586 0.000000
1649621241876807320 72.488227 0.000000
1649621242052082201 72.365777 0.000000
1649621242124476211 72.389882 0.000000
1649621242213067305 144.658879 0.000000
1649621242381548430 72.457679 0.000000
1649621242383944612 72.385314 0.000000
1649621242456245868 72.299363 0.000000
1649621242527018369 72.416082 0.000000
1649621242600415159 72.394381 0.000000
1649621242817660328 72.438965 0.000000
1649621242889462709 72.500951 0.000000
1649621242890151670 72.274526 0.000000
1649621242963253617 72.353715 0.000000
1649621243082847839 72.438863 0.000000
1649621243155197506 72.340681 0.000000
1649621243251370393 144.565914 0.000000
1649621243252107594 72.486033 0.000000
1649621243252233771 72.583175 0.000000
1649621243252308000 72.659568 0.000000
1649621243299889206 72.378561 0.000000
1649621243357192417 72.558248 0.000000
1649621243388311133 72.414909 0.000000
1649621243397172534 72.466065 0.000000
1649621243469307609 72.347863 0.000000
1649621243541339330 72.554311 0.000000
1649621243605628176 72.349407 0.000000
1649621243831573013 72.392959 0.000000
1649621243904058726 72.479010 0.000000
1649621243920390431 72.418365 0.000000
1649621243992786125 72.391045 0.000000
1649621244008865546 144.620435 0.000000
1649621244154010206 72.461717 0.000000
1649621244184653239 144.696810 0.000000
1649621244226445203 144.938803 0.000000
1649621244701411176 144.789353 0.000000
1649621244733647888 72.484550 0.000000
1649621244837217640 72.418927 0.000000
1649621244862231380 72.629902 0.000000
1649621244909511091 144.685848 0.000000
1649621244934691364 72.450416 0.000000
1649621245080127279 72.438934 0.000000
1649621245152205027 72.537389 0.000000
1649621245168112126 144.806615 0.000000
1649621245168420935 72.370806 0.000000
1649621245473176230 72.446097 0.000000
1649621245498726828 72.519104 0.000000
1649621245571192252 72.460845 0.000000
1649621245587279930 72.578095 0.000000
1649621245603095188 72.401535 0.000000
1649621245675311385 144.660862 0.000000
1649621245748260124 72.725512 0.000000
1649621245804910492 72.570752 0.000000
1649621245834916380 144.562387 0.000000
1649621245933416590 144.653348 0.000000
1649621245949736734 72.649860 0.000000
1649621245979727023 72.434075 0.000000
1649621246182899912 72.515168 0.000000
1649621246240173468 72.659528 0.000000
1649621246271008621 72.550273 0.000000
1649621246296044123 72.366259 0.000000
1649621246457378080 72.433824 0.000000
1649621246488179220 72.374484 0.000000
1649621246529921971 72.439946 0.000000
1649621246617601075 144.609185 0.000000
1649621246649161509 72.422103 0.000000
1649621246674852789 72.410181 0.000000
1649621246721653753 72.481594 0.000000
1649621246819783076 72.564009 0.000000
1649621246907933193 72.362911 0.000000
1649621246980567333 72.594886 0.000000
1649621247109104890 144.729750 0.000000
1649621247110220311 72.441329 0.000000
1649621247125477372 72.428584 0.000000
1649621247182669635 72.422053 0.000000
1649621247253665294 144.551537 0.000000
1649621247255189692 72.513204 0.000000
1649621247255277326 72.591430 0.000000
1649621247300928193 72.401714 0.000000
1649621247342697585 72.376999 0.000000
1649621247400155024 72.539472 0.000000
1649621247545008167 72.410581 0.000000
1649621247617766229 72.652325 0.000000
1649621247617811594 72.578305 0.000000
1649621247646680572 72.464512 0.000000
1649621247689790506 72.421732 0.000000
1649621247704912334 144.634523 0.000000
1649621247705064239 72.387688 0.000000
1649621247835102218 72.381226 0.000000
1649621247863767575 72.392758 0.000000
1649621247890584907 144.611970 0.000000
1649621248124314978 72.388640 0.000000
1649621248124569014 72.373742 0.000000
1649621248196845464 144.675650 0.000000
1649621248269442464 72.680888 0.000000
1649621248386471528 72.330000 0.000000
1649621248631932390 144.777090 0.000000
1649621248632345965 72.505679 0.000000
1649621248646221697 72.397658 0.000000
1649621248676220292 144.792298 0.000000
1649621248994625536 144.925498 0.000000
1649621248994831021 145.147615 0.000000
1649621249066873412 144.630334 0.000000
1649621249110840713 72.477968 0.000000
1649621249127035172 72.397747 0.000000
1649621249239601569 72.422373 0.000000
1649621249283433036 72.600126 0.000000
1649621249284503082 144.640985 0.000000
1649621249328332755 144.694565 0.000000
1649621249344457713 72.494829 0.000000
1649621249384250369 72.354517 0.000000
1649621249690482352 144.799031 0.000000
1649621249706512122 144.553731 0.000000
1649621249746133586 72.419066 0.000000
1649621249774390016 72.416061 0.000000
1649621249818621863 72.456998 0.000000
1649621249835024261 144.531390 0.000000
1649621249935322401 72.429687 0.000000
1649621249952579090 72.519626 0.000000
1649621250035699167 72.472146 0.000000
1649621250108258107 72.555343 0.000000
1649621250137292175 72.496092 0.000000
1649621250170017481 72.465464 0.000000
1649621250197597322 144.676722 0.000000
1649621250197634071 72.455205 0.000000
1649621250197665841 72.421512 0.000000
1649621250225094569 72.507893 0.000000
1649621250225123894 72.499428 0.000000
1649621250253006453 144.674217 0.000000
1649621250514520307 144.491144 0.000000
1649621250531716514 72.348355 0.000000
1649621250587371625 72.427323 0.000000
1649621250604151831 72.504697 0.000000
1649621250644495941 72.425791 0.000000
1649621250659919323 72.498467 0.000000
1649621250716916660 72.413826 0.000000
1649621250804856112 72.562575 0.000000
1649621250805772310 144.867960 0.000000
1649621250821309005 72.413266 0.000000
1649621250877249541 72.382748 0.000000
1649621250934232913 144.722437 0.000000
1649621250934234365 72.498035 0.000000
1649621250977349509 72.572865 0.000000
1649621251006659444 72.417554 0.000000
1649621251039192420 72.418697 0.000000
1649621251183911672 144.655813 0.000000
1649621251210655866 72.387267 0.000000
1649621251211678072 72.373642 0.000000
1649621251283185621 72.483237 0.000000
1649621251356231994 144.547500 0.000000
1649621251368922093 72.431350 0.000000
1649621251427737999 72.343956 0.000000
1649621251456856966 72.469391 0.000000
1649621251483612392 144.556747 0.000000
1649621251529707792 72.416433 0.000000
1649621251556374241 72.522031 0.000000
1649621251602002867 72.356840 0.000000
1649621251674307369 72.524545 0.000000
1649621251674549734 72.390534 0.000000
1649621251690473955 144.594248 0.000000
1649621251908176101 72.574809 0.000000
1649621251948875285 72.448511 0.000000
1649621252079316130 72.496723 0.000000
1649621252093927571 72.545894 0.000000
1649621252151707646 72.417754 0.000000
1649621252166241731 72.382248 0.000000
1649621252181725117 72.367441 0.000000
1649621252441233522 144.655923 0.000000
1649621252487789476 144.715294 0.000000
1649621252513723282 72.480161 0.000000
1649621252560310945 72.512332 0.000000
1649621252587560588 72.364505 0.000000
1649621252732306890 72.349777 0.000000
1649621252803656823 72.328908 0.000000
1649621252803684355 72.514968 0.000000
1649621252876078665 72.376317 0.000000
1649621253020793538 72.387698 0.000000
1649621253140110380 72.317447 0.000000
1649621253212660313 72.542439 0.000000
1649621253373342047 72.353164 0.000000
1649621253383022173 72.492335 0.000000
1649621253383031260 72.485873 0.000000
1649621253445821497 72.509447 0.000000
1649621253455439227 72.406794 0.000000
1649621253471388025 72.351080 0.000000
1649621253600267292 72.469862 0.000000
1649621253600350237 72.339177 0.000000
1649621253663017203 72.347132 0.000000
1649621253817687118 72.448092 0.000000
1649621253833555574 72.432302 0.000000
1649621254025178492 72.409379 0.000000
1649621254180008147 72.565803 0.000000
1649621254252404902 72.394772 0.000000
1649621254314938377 72.350688 0.000000
1649621254324933084 72.414789 0.000000
1649621254325112771 72.474922 0.000000
1649621254469847891 72.367170 0.000000
1649621254486376816 144.583076 0.000000
1649621254499881402 72.420750 0.000000
1649621254542490187 72.560853 0.000000
1649621254588607168 72.568276 0.000000
1649621254604616098 72.509297 0.000000
1649621254661481639 72.414559 0.000000
1649621254789621791 144.736083 0.000000
1649621254878284829 144.723620 0.000000
1649621254994157644 144.686159 0.000000
1649621255095316036 144.685278 0.000000
1649621255211731219 144.621598 0.000000
1649621255355361849 72.408567 0.000000
1649621255457566282 144.698011 0.000000
1649621255484392621 72.495270 0.000000
1649621255586719473 144.626246 0.000000
1649621255618469743 144.556467 0.000000
1649621255717681756 72.506030 0.000000
1649621255908786782 72.666461 0.000000
1649621256007228612 144.518165 0.000000
1649621256164211752 144.592293 0.000000
1649621256180598672 144.910530 0.000000
1649621256253074455 72.469932 0.000000
1649621256343417593 72.559751 0.000000
1649621256343798437 72.401735 0.000000
1649621256399443308 72.507242 0.000000
1649621256415380234 144.550545 0.000000
1649621256514286734 72.360917 0.000000
1649621256716913809 72.566083 0.000000
1649621256731302813 144.600008 0.000000
1649621256842949076 72.693030 0.000000
1649621256876225296 72.394241 0.000000
1649621256914872214 144.662275 0.000000
1649621256915031362 72.395563 0.000000
1649621256915342265 72.389873 0.000000
1649621256987282384 72.405121 0.000000
1649621257140547726 72.513755 0.000000
1649621257203989544 72.427432 0.000000
1649621257323470574 72.508044 0.000000
1649621257430479954 72.739257 0.000000
1649621257659298418 72.370907 0.000000
1649621257659376213 72.414609 0.000000
1649621257745302051 72.496603 0.000000
1649621258001449896 72.378471 0.000000
1649621258146287519 72.482465 0.000000
1649621258146293800 72.504376 0.000000
1649621258283692189 144.518626 0.000000
1649621258501600941 72.497995 0.000000
1649621258507233390 72.357262 0.000000
1649621258507873179 144.520338 0.000000
1649621258554572652 72.400251 0.000000
1649621258580191257 72.311555 0.000000
1649621258724889248 72.347472 0.000000
1649621258942344430 72.519695 0.000000
1649621259013822955 72.363253 0.000000
1649621259055411075 144.635895 0.000000
1649621259077742809 144.593436 0.000000
1649621259086273080 72.441740 0.000000
1649621259095677118 144.527232 0.000000
1649621259168496105 72.474982 0.000000
1649621259256904316 72.494358 0.000000
1649621259375938046 72.417344 0.000000
1649621259385464986 72.368583 0.000000
1649621259592899924 144.551938 0.000000
1649621259602481295 72.425769 0.000000
1649621259651020707 72.396345 0.000000
1649621259674915791 72.435669 0.000000
1649621259732817534 144.596421 0.000000
1649621259737629835 144.495842 0.000000
1649621259747318578 72.423445 0.000000
1649621259810046508 72.406484 0.000000
1649621259877914173 72.490952 0.000000
1649621260053649577 144.860275 0.000000
1649621260100307051 144.584638 0.000000
1649621260100479044 72.378992 0.000000
1649621260173159942 72.375345 0.000000
1649621260214543359 144.707208 0.000000
1649621260240193683 72.394210 0.000000
1649621260254144145 72.406624 0.000000
1649621260326579452 72.400473 0.000000
1649621260535170728 72.413647 0.000000
1649621260672298849 144.639511 0.000000
1649621260679414839 144.537861 0.000000
1649621260721181195 72.487015 0.000000
1649621260809783148 72.539833 0.000000
1649621260865927777 72.334969 0.000000
1649621260897973389 72.352472 0.000000
1649621260922484768 72.405322 0.000000
1649621261253934846 144.513976 0.000000
1649621261403552910 72.457840 0.000000
1649621261533582364 72.423245 0.000000
1649621261616505192 72.438904 0.000000
1649621261629915190 72.348555 0.000000
1649621261646332736 72.421863 0.000000
1649621261686319476 144.603524 0.000000
1649621261694694325 144.525117 0.000000
1649621261767348994 72.503565 0.000000
1649621261791205315 72.392817 0.000000
1649621261951928047 72.535395 0.000000
1649621261984299480 72.382658 0.000000
1649621261984542375 72.335650 0.000000
1649621262064199601 72.393990 0.000000
1649621262201227283 72.419548 0.000000
1649621262208938620 72.398169 0.000000
1649621262225729015 72.366138 0.000000
1649621262273986478 72.485742 0.000000
1649621262330232587 144.475393 0.000000
1649621262340560037 144.627730 0.000000
1649621262418777755 72.414669 0.000000
1649621262546574222 72.367750 0.000000
1649621262555335336 72.490491 0.000000
1649621262571019387 72.480672 0.000000
1649621262587841622 72.542819 0.000000
1649621262627655417 144.840258 0.000000
1649621262630347905 72.412715 0.000000
1649621262805342229 72.782037 0.000000
1649621262853227766 144.567537 0.000000
1649621262982143843 72.329499 0.000000
1649621263038143139 72.391214 0.000000
1649621263206561437 144.540967 0.000000
1649621263287668560 72.523553 0.000000
1649621263351133652 144.560664 0.000000
1649621263423576403 72.437492 0.000000
1649621263456044168 144.544153 0.000000
1649621263545058675 72.357833 0.000000
1649621263649946267 72.567726 0.000000
1649621263923528515 72.386185 0.000000
1649621264011503113 72.447130 0.000000
1649621264011773189 72.480012 0.000000
1649621264035881753 72.306737 0.000000
1649621264082826506 72.386315 0.000000
1649621264140858392 72.515257 0.000000
1649621264514315086 72.385585 0.000000
1649621264662462904 72.352232 0.000000
1649621264688099522 72.396806 0.000000
1649621264688146681 72.343726 0.000000
1649621264719081421 72.353784 0.000000
1649621264727059627 144.574820 0.000000
1649621264792196773 144.575923 0.000000
1649621264807630896 72.322366 0.000000
1649621264833095011 72.384281 0.000000
1649621265008547505 72.420530 0.000000
1649621265021347069 72.451979 0.000000
1649621265024526109 72.390283 0.000000
1649621265064793755 144.515790 0.000000
1649621265065007596 72.376097 0.000000
1649621265081827647 144.547059 0.000000
1649621265242022749 72.627949 0.000000
1649621265298439057 72.565161 0.000000
1649621265383459917 72.444485 0.000000
1649621265485369137 72.593865 0.000000
1649621265604375436 144.727195 0.000000
1649621265733610401 72.452199 0.000000
1649621265818099684 72.492575 0.000000
1649621265886217158 144.638961 0.000000
1649621265992926856 72.505438 0.000000
1649621266107923539 72.432943 0.000000
1649621266137607395 72.515649 0.000000
1649621266137819232 72.427474 0.000000
1649621266175851907 72.359255 0.000000
1649621266248095797 144.549945 0.000000
1649621266282688795 72.532781 0.000000
1649621266282736665 72.523544 0.000000
1649621266355654837 72.915928 0.000000
1649621266645098499 72.544332 0.000000
1649621266790177725 144.641977 0.000000
1649621266899747905 144.708500 0.000000
1649621266935296064 72.426701 0.000000
1649621266946885730 72.405261 0.000000
1649621267164196070 72.414908 0.000000
1649621267225281081 72.677381 0.000000
1649621267253935436 144.506733 0.000000
1649621267297762225 72.624132 0.000000
1649621267370263325 72.498305 0.000000
1649621267398714530 72.405712 0.000000
1649621267415483124 72.364674 0.000000
1649621267560282496 72.449615 0.000000
1649621267560440873 72.541167 0.000000
1649621267743610693 72.400993 0.000000
1649621267816306729 72.409059 0.000000
1649621267849960637 72.372289 0.000000
1649621267922392057 72.421221 0.000000
1649621267995054601 72.658877 0.000000
1649621268023052205 72.530135 0.000000
1649621268059327517 72.545465 0.000000
1649621268059363173 72.471837 0.000000
1649621268313078018 72.563738 0.000000
1649621268323810207 145.029793 0.000000
1649621268339640943 144.616218 0.000000
1649621268445785241 72.443152 0.000000
1649621268494168721 72.396144 0.000000
1649621268502339057 144.863131 0.000000
1649621268502374484 72.504898 0.000000
1649621268735505041 72.441378 0.000000
1649621268783604989 144.639291 0.000000
1649621268820422197 72.416041 0.000000
1649621268928519396 72.480482 0.000000
1649621268928519396 144.630875 0.000000
1649621269009652639 144.682112 0.000000
1649621269411078924 144.818057 0.000000
1649621269435717742 72.487576 0.000000
1649621269473251503 72.349026 0.000000
1649621269618225131 72.453762 0.000000
1649621269628520630 72.399540 0.000000
1649621269662028544 72.593142 0.000000
1649621269701311745 72.277051 0.000000
1649621269835390399 72.395954 0.000000
1649621269879163006 144.615317 0.000000
1649621269980748087 72.960531 0.000000
1649621270024054389 72.397306 0.000000
1649621270077821381 72.492765 0.000000
1649621270125308531 72.320142 0.000000
1649621270197940276 72.344447 0.000000
1649621270222413924 144.624353 0.000000
1649621270222765564 72.558679 0.000000
1649621270281292960 144.620997 0.000000
1649621270328298396 72.444004 0.000000
1649621270400697466 72.397217 0.000000
1649621270603164461 72.415921 0.000000
1649621270617585584 144.543401 0.000000
1649621270632158102 144.838525 0.000000
1649621270632372134 72.360808 0.000000
1649621270643421206 144.817836 0.000000
1649621270729312649 144.594648 0.000000
1649621270946535255 72.302399 0.000000
1649621270985831760 144.624994 0.000000
1649621270994708981 72.506110 0.000000
1649621271130499134 144.481496 0.000000
1649621271222850936 144.550534 0.000000
1649621271308540169 72.404289 0.000000
1649621271396896372 72.472107 0.000000
1649621271429338128 144.813147 0.000000
1649621271429510862 144.755760 0.000000
1649621271513139883 72.464342 0.000000
1649621271629968931 72.457810 0.000000
1649621271630003025 72.471295 0.000000
1649621271896017737 72.395784 0.000000
1649621271936329896 72.361940 0.000000
1649621272081062632 72.419667 0.000000
1649621272089827653 72.418787 0.000000
1649621272129297143 72.325461 0.000000
1649621272152836369 72.447580 0.000000
1649621272426534705 72.488026 0.000000
1649621272452080624 72.449845 0.000000
1649621272514709498 144.656253 0.000000
1649621272708606618 72.362351 0.000000
1649621272745865974 72.399660 0.000000
1649621272780970341 72.355458 0.000000
1649621272805059639 72.433404 0.000000
1649621272877388056 144.713741 0.000000
1649621272886331942 72.532439 0.000000
1649621272949965820 72.383750 0.000000
1649621272958800141 72.437572 0.000000
1649621273094350544 72.402616 0.000000
1649621273253025196 144.651924 0.000000
1649621273368510956 72.486193 0.000000
1649621273457006650 72.517942 0.000000
1649621273457046395 72.448913 0.000000
1649621273542592470 144.655872 0.000000
1649621273585749222 72.458111 0.000000
1649621273602185492 72.547588 0.000000
1649621273770533739 72.468450 0.000000
1649621273779092232 144.558699 0.000000
1649621273802857032 144.606590 0.000000
1649621273819432244 72.552818 0.000000
1649621273851717446 144.760929 0.000000
1649621274326415816 72.395091 0.000000
1649621274333810809 144.582104 0.000000
1649621274359000230 72.482085 0.000000
1649621274406295289 144.720504 0.000000
1649621274454735806 144.658627 0.000000
1649621274519949385 72.329849 0.000000
1649621274520643607 72.446268 0.000000
1649621274527090202 72.350810 0.000000
1649621274543752186 72.372921 0.000000
1649621274593159976 72.514015 0.000000
1649621274816712629 72.401554 0.000000
1649621274881876174 72.466305 0.000000
1649621274978520154 72.378612 0.000000
1649621275026686846 72.417956 0.000000
1649621275074043472 72.414990 0.000000
1649621275172669025 144.770337 0.000000
1649621275363723607 72.336422 0.000000
1649621275376663022 72.619012 0.000000
1649621275448780915 144.738106 0.000000
1649621275485881003 72.447009 0.000000
1649621275521256298 72.549562 0.000000
1649621275593487512 144.697109 0.000000
1649621275660346997 72.576533 0.000000
1649621275690556729 72.452349 0.000000
1649621275805025452 144.786106 0.000000
1649621275830502872 72.301677 0.000000
1649621275949773507 144.631576 0.000000
1649621275980360155 72.693902 0.000000
1649621276167487454 72.624512 0.000000
1649621276385098128 72.439155 0.000000
1649621276521975288 144.628982 0.000000
1649621276559733349 72.421862 0.000000
1649621276666428610 72.467217 0.000000
1649621276674946998 72.506852 0.000000
1649621276892314306 72.615084 0.000000
1649621276921807514 144.638219 0.000000
1649621276922064085 72.371688 0.000000
1649621276964292236 144.675379 0.000000
1649621277036463909 144.675970 0.000000
1649621277174216971 144.665319 0.000000
1649621277174315336 72.305444 0.000000
1649621277181137464 144.664038 0.000000
1649621277246010897 72.383370 0.000000
1649621277253373388 72.381006 0.000000
1649621277356538763 72.371849 0.000000
1649621277536529162 144.921890 0.000000
1649621277564272410 72.374052 0.000000
1649621277636702517 72.419357 0.000000
1649621277718550110 72.420520 0.000000
1649621277791051511 72.334779 0.000000
1649621277904769497 72.450957 0.000000
1649621277905564307 72.403859 0.000000
1649621277935826997 72.402375 0.000000
1649621277946811689 72.476805 0.000000
1649621277977671669 144.737346 0.000000
1649621277977974587 72.434136 0.000000
1649621277978040681 72.471635 0.000000
1649621277978233242 72.401514 0.000000
1649621278043214376 144.545415 0.000000
1649621278050534718 72.547617 0.000000
1649621278116587952 72.495120 0.000000
1649621278199612400 72.415009 0.000000
1649621278225515467 72.517461 0.000000
1649621278340351099 72.396134 0.000000
1649621278370784519 72.436559 0.000000
1649621278406344009 72.370666 0.000000
1649621278413444219 72.439806 0.000000
1649621278478727309 72.551696 0.000000
1649621278485108531 72.359445 0.000000
1649621278561614570 144.487647 0.000000
1649621278659616094 72.456367 0.000000
1649621278711930331 72.390111 0.000000
1649621278768425758 72.531858 0.000000
1649621278920453961 72.417925 0.000000
1649621278949115961 144.642557 0.000000
1649621278986085002 72.378891 0.000000
1649621279058320565 144.606950 0.000000
1649621279210153983 72.360377 0.000000
1649621279271321568 144.503387 0.000000
1649621279283105638 72.517281 0.000000
1649621279355221747 145.022419 0.000000
1649621279530223696 72.447480 0.000000
1649621279546284844 72.526237 0.000000
1649621279710321007 72.427683 0.000000
1649621279819921364 72.471626 0.000000
1649621279892276061 72.350009 0.000000
1649621280037169358 72.443793 0.000000
1649621280089077815 72.422954 0.000000
1649621280214547061 144.694355 0.000000
1649621280287234189 144.993735 0.000000
1649621280513012675 72.376618 0.000000
1649621280523393604 72.335410 0.000000
1649621280539312356 144.678805 0.000000
1649621280586310308 72.551044 0.000000
1649621280901792432 72.325732 0.000000
1649621280974058863 72.328778 0.000000
1649621281046517173 72.608161 0.000000
1649621281078299983 72.421221 0.000000
1649621281093647794 72.423465 0.000000
1649621281150811363 72.504447 0.000000
1649621281223573463 72.519646 0.000000
1649621281237473610 72.591550 0.000000
1649621281237503075 72.654037 0.000000
1649621281336037598 72.447179 0.000000
1649621281336223697 144.942068 0.000000
1649621281625678940 144.556707 0.000000
1649621281641911800 144.717137 0.000000
1649621281673186108 72.466626 0.000000
1649621281698167127 72.418065 0.000000
1649621281745569177 72.407996 0.000000
1649621281875317774 72.441660 0.000000
1649621281931555317 144.799371 0.000000
1649621281931817488 72.387237 0.000000
1649621282164994803 72.434797 0.000000
1649621282165252707 72.470544 0.000000
1649621282205026867 72.421110 0.000000
1649621282237793301 72.792566 0.000000
1649621282252587264 72.315452 0.000000
1649621282277388917 72.355748 0.000000
1649621282397344005 72.364384 0.000000
1649621282422224296 72.412224 0.000000
1649621282599181670 72.362731 0.000000
1649621282831222334 72.440096 0.000000
1649621282831696182 144.589799 0.000000
1649621282961421065 72.385033 0.000000
1649621283089995130 72.549351 0.000000
1649621283178492578 72.431030 0.000000
1649621283308031442 72.375907 0.000000
1649621283323307528 144.802867 0.000000
1649621283338451557 144.423266 0.000000
1649621283363327369 72.398107 0.000000
1649621283435721289 72.399791 0.000000
1649621283451872396 72.351119 0.000000
1649621283468057046 72.334498 0.000000
1649621283627924183 72.546215 0.000000
1649621283685669653 144.510690 0.000000
1649621283685842577 144.568569 0.000000
1649621283771861919 72.441318 0.000000
1649621283772704789 144.685708 0.000000
1649621283772919120 72.502964 0.000000
1649621283813726759 144.715123 0.000000
1649621283917485105 72.323328 0.000000
1649621283942320511 72.336943 0.000000
1649621283989218996 72.505679 0.000000
1649621284087226561 72.456626 0.000000
1649621284134415913 144.470835 0.000000
1649621284276271696 72.324279 0.000000
1649621284304291813 144.722257 0.000000
1649621284336703151 72.411863 0.000000
1649621284423728669 144.752294 0.000000
1649621284448753701 144.455236 0.000000
1649621284529134202 72.354625 0.000000
1649621284673463994 72.402386 0.000000
1649621284710530037 72.483538 0.000000
1649621284927501863 144.575351 0.000000
1649621284930002892 72.354346 0.000000
1649621285003172946 72.300965 0.000000
1649621285072889367 144.617260 0.000000
1649621285073227591 72.460716 0.000000
1649621285180647631 144.501363 0.000000
1649621285212112415 72.406794 0.000000
1649621285290155595 72.455546 0.000000
1649621285362760820 72.452900 0.000000
1649621285398285435 72.310584 0.000000
1649621285580126674 72.593834 0.000000
1649621285724806772 144.713069 0.000000
1649621285760447515 72.546907 0.000000
1649621285797696832 72.386145 0.000000
1649621285798595316 72.401393 0.000000
1649621285943625229 144.664408 0.000000
1649621286105515859 72.522952 0.000000
1649621286306165077 72.424256 0.000000
1649621286377036513 72.466185 0.000000
1649621286413061435 145.183741 0.000000
1649621286629965243 72.415099 0.000000
1649621286702464791 144.679967 0.000000
1649621286739636994 72.412715 0.000000
1649621286901616321 72.392587 0.000000
1649621287008538067 144.676451 0.000000
1649621287008592950 144.670600 0.000000
1649621287174645131 72.461406 0.000000
1649621287319221114 144.565233 0.000000
1649621287354993242 72.830999 0.000000
1649621287391539682 144.702951 0.000000
1649621287464409955 72.469321 0.000000
1649621287537953099 145.136002 0.000000
1649621287644514529 72.372439 0.000000
1649621287716940418 72.420339 0.000000
1649621287753992627 72.424367 0.000000
1649621287770787390 144.659628 0.000000
1649621287789372510 72.428304 0.000000
1649621287898490603 144.846499 0.000000
1649621288076188165 144.591572 0.000000
1649621288297245770 72.430959 0.000000
1649621288368608977 144.623821 0.000000
1649621288407023098 72.389732 0.000000
1649621288495393528 72.483899 0.000000
1649621288550320724 72.368652 0.000000
1649621288585815803 72.436459 0.000000
1649621288618425002 72.445878 0.000000
1649621288624326536 72.322166 0.000000
1649621288769144351 72.469681 0.000000
1649621288803068966 72.407486 0.000000
1649621288841669547 72.391054 0.000000
1649621288912710851 72.569699 0.000000
1649621288949245068 144.609755 0.000000
1649621288986493795 144.770046 0.000000
1649621289092716710 72.408116 0.000000
1649621289275949619 144.703000 0.000000
1649621289292659163 72.377278 0.000000
1649621289341771328 72.367910 0.000000
1649621289379726259 72.349657 0.000000
1649621289744671866 72.390354 0.000000
1649621289782823906 72.887495 0.000000
1649621289928867630 72.459813 0.000000
1649621290146008663 72.431851 0.000000
1649621290179072785 72.304362 0.000000
1649621290290933048 72.521909 0.000000
1649621290291065536 145.109953 0.000000
1649621290363488951 72.372510 0.000000
1649621290412844103 144.888899 0.000000
1649621290580267815 72.531859 0.000000
1649621290629691886 144.755979 0.000000
1649621290629730197 72.316204 0.000000
1649621290702822457 72.621908 0.000000
1649621290790005630 144.708671 0.000000
1649621291086840267 145.226772 0.000000
1649621291224209519 72.324710 0.000000
1649621291232250904 72.469422 0.000000
1649621291264298630 72.311575 0.000000
1649621291305265657 72.586140 0.000000
1649621291703724248 72.347803 0.000000
1649621291973154412 144.800643 0.000000
1649621292029858049 72.403608 0.000000
1649621292223695557 72.557386 0.000000
1649621292246889256 72.355448 0.000000
1649621292263346216 72.539903 0.000000
1649621292319089492 72.414117 0.000000
1649621292335822320 72.473048 0.000000
1649621292355634610 72.566583 0.000000
1649621292528592075 72.397877 0.000000
1649621292536440639 72.484349 0.000000
1649621292609446396 72.456006 0.000000
1649621292658888740 72.427152 0.000000
1649621292745714514 72.345128 0.000000
1649621292753760877 72.421271 0.000000
1649621292754006298 72.284845 0.000000
1649621292818213991 72.487535 0.000000
1649621292862967426 72.464712 0.000000
1649621292915344753 144.645623 0.000000
1649621293003596850 72.533191 0.000000
1649621293020826910 144.650913 0.000000
1649621293116106180 144.718950 0.000000
1649621293116586060 72.496833 0.000000
1649621293165787182 72.455935 0.000000
1649621293220499897 144.513185 0.000000
1649621293333404849 144.885202 0.000000
1649621293443759460 72.553289 0.000000
1649621293511284863 144.466397 0.000000
1649621293551061849 72.485281 0.000000
1649621293727763433 72.351872 0.000000
1649621293768356820 72.563397 0.000000
1649621293839699619 144.634281 0.000000
1649621293878100906 72.410050 0.000000
1649621294202491690 144.756681 0.000000
1649621294203133953 72.566173 0.000000
1649621294347629926 144.653958 0.000000
1649621294669431886 144.694494 0.000000
1649621294675179681 72.340790 0.000000
1649621294706901516 72.368002 0.000000
1649621294708985092 72.336794 0.000000
1649621294820049574 72.408196 0.000000
1649621294943075969 72.391545 0.000000
1649621294964785626 144.725944 0.000000
1649621295070834555 144.523524 0.000000
1649621295071221591 72.405561 0.000000
1649621295072062237 144.780455 0.000000
1649621295072286397 72.467878 0.000000
1649621295143073936 72.401234 0.000000
1649621295143559496 72.347813 0.000000
1649621295248843201 72.431530 0.000000
1649621295321331377 72.482405 0.000000
1649621295343056433 72.414739 0.000000
1649621295432483653 144.561655 0.000000
1649621295433549571 72.612749 0.000000
1649621295433844634 144.659098 0.000000
1649621295538637740 72.407285 0.000000
1649621295650761657 144.613203 0.000000
1649621295795878864 72.502062 0.000000
1649621295900883896 72.392287 0.000000
1649621295902177772 72.388830 0.000000
1649621295940241196 72.504407 0.000000
1649621295940286070 72.412604 0.000000
1649621296012581335 72.335911 0.000000
1649621296012994029 72.413487 0.000000
1649621296101544916 144.625364 0.000000
1649621296336901345 72.440827 0.000000
1649621296447004344 144.856980 0.000000
1649621296481146046 144.685056 0.000000
1649621296481801876 72.512873 0.000000
1649621296551313743 72.338176 0.000000
1649621296627016285 72.447340 0.000000
1649621296627033197 72.513635 0.000000
1649621296630792895 72.531157 0.000000
1649621296703157389 72.331703 0.000000
1649621296737342032 72.555623 0.000000
1649621296775693345 72.363052 0.000000
1649621296803384355 72.355859 0.000000
1649621296825684920 72.561704 0.000000
1649621296948066396 72.386165 0.000000
1649621297077645534 72.443212 0.000000
1649621297244662275 72.367460 0.000000
1649621297275986274 72.426500 0.000000
1649621297309864422 72.408596 0.000000
1649621297461677461 144.429728 0.000000
1649621297462529067 72.352051 0.000000
1649621297499753829 72.429947 0.000000
1649621297534791461 72.474972 0.000000
1649621297551227211 72.378100 0.000000
1649621297582338002 72.509026 0.000000
1649621297606483214 72.364494 0.000000
1649621297670372301 144.517242 0.000000
1649621297751041694 144.570993 0.000000
1649621297950956393 72.544973 0.000000
1649621298040602244 144.554703 0.000000
1649621298057505300 144.590490 0.000000
1649621298079343558 72.500920 0.000000
1649621298079415803 72.509495 0.000000
1649621298151876388 72.454935 0.000000
1649621298224281900 72.512462 0.000000
1649621298258694830 72.457729 0.000000
1649621298274694834 72.403127 0.000000
1649621298331146148 72.523403 0.000000
1649621298347132405 72.286549 0.000000
1649621298401868884 72.469891 0.000000
1649621298435870193 72.524745 0.000000
1649621298514263119 72.550573 0.000000
1649621298514354781 72.568718 0.000000
1649621298546395504 144.546317 0.000000
1649621298564439920 72.374433 0.000000
1649621298690906554 72.461206 0.000000
1649621298691452508 72.427142 0.000000
1649621298693716532 72.877696 0.000000
1649621298709424078 72.510419 0.000000
1649621298709456008 72.337034 0.000000
1649621298908146723 144.609004 0.000000
1649621298949347979 72.351470 0.000000
1649621298982604351 72.439715 0.000000
1649621299053281813 72.487024 0.000000
1649621299054589334 144.492515 0.000000
1649621299055011436 72.396785 0.000000
1649621299199050351 144.455506 0.000000
1649621299216575614 144.672663 0.000000
1649621299238949887 72.357361 0.000000
1649621299255114508 72.498595 0.000000
1649621299327587187 72.462319 0.000000
1649621299342932963 72.410841 0.000000
1649621299361309212 144.730532 0.000000
1649621299381156377 72.322045 0.000000
1649621299415077907 144.568288 0.000000
1649621299488961739 72.537839 0.000000
1649621299490172178 72.489749 0.000000
1649621299561412896 72.445055 0.000000
1649621299594322929 144.544945 0.000000
1649621299598678494 72.361579 0.000000
1649621299600480272 72.301717 0.000000
1649621299670888249 72.484630 0.000000
1649621299708928358 72.468118 0.000000
1649621299833943432 72.513774 0.000000
1649621299852382708 72.431931 0.000000
1649621299852946746 72.370987 0.000000
1649621299997526375 144.580471 0.000000
1649621299998986251 72.950664 0.000000
1649621300105680450 72.612911 0.000000
1649621300106032701 72.474120 0.000000
1649621300178144151 144.710555 0.000000
1649621300284378727 72.541956 0.000000
1649621300361486284 72.504267 0.000000
1649621300433261724 72.631174 0.000000
1649621300506132918 72.418296 0.000000
1649621300506734015 72.649188 0.000000
1649621300651260044 72.426982 0.000000
1649621300701427758 72.698781 0.000000
1649621300723025265 72.488727 0.000000
1649621300795668231 144.643760 0.000000
1649621300829921112 72.455966 0.000000
1649621300976399831 72.462388 0.000000
1649621301079618314 72.366368 0.000000
1649621301120208404 72.391565 0.000000
1649621301193626134 72.483889 0.000000
1649621301264142543 72.390412 0.000000
1649621301409576444 144.638359 0.000000
1649621301482273111 72.424347 0.000000
1649621301513616257 72.329178 0.000000
1649621301554656351 72.379914 0.000000
1649621301658349474 72.371197 0.000000
1649621301664929279 72.369364 0.000000
1649621301843874509 144.548161 0.000000
1649621301845150341 144.614144 0.000000
1649621301954617728 72.376877 0.000000
1649621301987439526 72.435577 0.000000
1649621302092479815 72.356059 0.000000
1649621302164939177 72.513483 0.000000
1649621302171740336 72.420770 0.000000
1649621302350528964 72.340870 0.000000
1649621302388653883 144.717307 0.000000
1649621302568951579 72.342924 0.000000
1649621302678509326 72.468769 0.000000
1649621302751272758 72.431991 0.000000
1649621302823340757 72.357442 0.000000
1649621302930008416 72.364875 0.000000
1649621302930766157 144.522683 0.000000
1649621303003641508 72.626856 0.000000
1649621303040654293 72.465193 0.000000
1649621303164503711 72.453521 0.000000
1649621303185337065 72.293431 0.000000
1649621303293045044 144.582264 0.000000
1649621303330209373 144.527952 0.000000
1649621303330855704 72.364304 0.000000
1649621303614597716 144.476003 0.000000
1649621303726522641 72.508043 0.000000
1649621303816074385 72.355107 0.000000
1649621303837186462 144.581924 0.000000
1649621303961037412 72.535134 0.000000
1649621303976326353 72.371667 0.000000
1649621304016956349 72.372089 0.000000
1649621304033616710 72.492065 0.000000
1649621304048658898 72.397677 0.000000
1649621304161551676 72.462468 0.000000
1649621304193419166 144.754146 0.000000
1649621304250788791 72.362251 0.000000
1649621304266016557 72.419879 0.000000
1649621304306576219 72.452660 0.000000
1649621304306622506 72.365525 0.000000
1649621304523977310 72.427753 0.000000
1649621304561249761 144.641806 0.000000
1649621304596075535 144.614885 0.000000
1649621304738590524 72.350659 0.000000
1649621304923633025 144.848013 0.000000
1649621305068638001 72.543430 0.000000
1649621305175620450 72.436670 0.000000
1649621305206803025 72.356409 0.000000
1649621305247824083 72.406723 0.000000
1649621305268558342 72.415250 0.000000
1649621305279397260 72.413406 0.000000
1649621305285841550 144.648167 0.000000
1649621305424195779 72.374003 0.000000
1649621305496706758 72.457058 0.000000
1649621305503385168 144.657806 0.000000
1649621305609164822 72.397556 0.000000
1649621305610067505 72.412925 0.000000
1649621305648305636 72.384182 0.000000
1649621305754045295 72.459462 0.000000
1649621305865743675 72.567435 0.000000
1649621305898892265 72.383000 0.000000
1649621305920570453 72.568947 0.000000
1649621305931561778 72.425619 0.000000
1649621305972261734 72.609644 0.000000
1649621306004220794 72.598132 0.000000
1649621306044501404 72.505228 0.000000
1649621306082906669 144.596120 0.000000
1649621306261905119 72.477556 0.000000
1649621306332146103 144.587193 0.000000
1649621306354875081 72.487115 0.000000
1649621306476871796 72.299904 0.000000
1649621306483580993 72.507282 0.000000
1649621306533783142 72.485892 0.000000
1649621306623521185 72.305354 0.000000
1649621306768526151 72.535525 0.000000
1649621306806092363 72.527731 0.000000
1649621306878039505 144.489129 0.000000
1649621306913246974 72.419086 0.000000
1649621306917976671 72.376097 0.000000
1649621306934533268 72.549762 0.000000
1649621307023054510 144.534394 0.000000
1649621307023279772 72.364184 0.000000
1649621307040745974 72.376557 0.000000
1649621307111933302 72.438704 0.000000
1649621307296470195 72.391685 0.000000
1649621307347408744 72.463279 0.000000
1649621307368367704 72.497985 0.000000
1649621307420165494 72.516028 0.000000
1649621307602387747 144.657223 0.000000
1649621307641850314 72.330961 0.000000
1649621307674700355 72.574018 0.000000
1649621307747256859 72.581622 0.000000
1649621307747426467 72.723488 0.000000
1649621307875931212 72.491222 0.000000
1649621307947924522 72.543571 0.000000
1649621308020274928 72.343814 0.000000
1649621308326694512 72.407624 0.000000
1649621308455336144 72.506720 0.000000
1649621308551121493 72.451318 0.000000
1649621308583394472 72.547046 0.000000
1649621308655831653 72.475573 0.000000
1649621308688653912 72.321544 0.000000
1649621308840594189 72.437712 0.000000
1649621308851277756 72.396936 0.000000
1649621308865262012 72.306045 0.000000
1649621308873337249 72.379963 0.000000
1649621309010257670 72.485992 0.000000
1649621309090589541 72.416062 0.000000
1649621309155032465 72.431199 0.000000
1649621309179441642 72.459251 0.000000
1649621309251807529 72.366498 0.000000
1649621309452865853 72.351520 0.000000
1649621309485044796 72.327996 0.000000
1649621309541422130 72.427652 0.000000
1649621309636744592 144.555153 0.000000
1649621309709553149 72.416391 0.000000
1649621309782209701 72.647345 0.000000
1649621309870764506 72.455966 0.000000
1649621310015536625 144.780504 0.000000
1649621310032238535 72.427563 0.000000
1649621310104795049 72.546435 0.000000
1649621310104862225 72.446488 0.000000
1649621310136600923 72.410321 0.000000
1649621310193414695 72.540274 0.000000
1649621310315335338 144.562597 0.000000
1649621310433813938 144.799851 0.000000
1649621310627844247 72.410390 0.000000
1649621310756213588 72.572674 0.000000
1649621310795809765 72.388930 0.000000
1649621310811637826 144.709863 0.000000
1649621310901335634 72.450586 0.000000
1649621310933417925 72.419387 0.000000
1649621310973801398 72.480431 0.000000
1649621311174689763 72.395522 0.000000
1649621311245803242 72.462919 0.000000
1649621311263146344 72.397686 0.000000
1649621311439945772 72.345479 0.000000
1649621311553086095 72.517521 0.000000
1649621311584595973 144.643489 0.000000
1649621311625509860 72.419887 0.000000
1649621311681920719 72.530246 0.000000
1649621311762749139 72.392927 0.000000
1649621311842857069 72.398618 0.000000
1649621311882985865 72.554050 0.000000
1649621311987702206 72.462017 0.000000
1649621312043939959 72.343144 0.000000
1649621312052278591 72.337094 0.000000
1649621312100016721 72.330591 0.000000
1649621312277613464 72.449414 0.000000
1649621312341888443 72.354015 0.000000
1649621312495116775 72.519835 0.000000
1649621312511024916 72.535615 0.000000
1649621312526216414 72.373290 0.000000
1649621312534831364 72.552707 0.000000
1649621312655883889 72.367530 0.000000
1649621312695915132 72.434827 0.000000
1649621312840910170 72.533251 0.000000
1649621312857300133 72.383069 0.000000
1649621312913391713 72.450214 0.000000
1649621312969136783 72.325722 0.000000
1649621313001842102 72.473238 0.000000
1649621313017939979 72.414138 0.000000
1649621313074688330 72.550253 0.000000
1649621313113876772 72.435637 0.000000
1649621313202883123 72.329448 0.000000
1649621313235411511 72.618049 0.000000
1649621313250158536 144.571914 0.000000
1649621313330966869 72.382659 0.000000
1649621313394765376 144.597893 0.000000
1649621313581265819 72.370736 0.000000
1649621313653372801 72.382618 0.000000
1649621313709184305 144.575270 0.000000
1649621313798378619 144.588134 0.000000
1649621313943422478 145.032327 0.000000
1649621314048157253 72.440888 0.000000
1649621314048369461 72.643928 0.000000
1649621314160946408 144.966844 0.000000
1649621314161206165 72.676860 0.000000
1649621314289630880 72.391114 0.000000
1649621314378961619 72.489590 0.000000
1649621314450963183 144.557328 0.000000
1649621314451106773 144.712919 0.000000
1649621314523792429 72.459172 0.000000
1649621314554864266 72.375154 0.000000
1649621314571820783 72.608903 0.000000
1649621314740286398 72.410550 0.000000
1649621314771920229 144.581562 0.000000
1649621314844415709 144.531529 0.000000
1649621314909500106 72.669165 0.000000
1649621314957900037 72.345248 0.000000
1649621314981701535 72.535044 0.000000
1649621315214210396 72.872998 0.000000
1649621315271407548 72.462238 0.000000
1649621315279222337 72.398478 0.000000
1649621315286390875 72.583235 0.000000
1649621315319428086 72.406684 0.000000
1649621315431231494 72.449534 0.000000
1649621315465107578 72.615165 0.000000
1649621315537228054 72.534873 0.000000
1649621315576003333 72.663796 0.000000
1649621315698853878 72.469261 0.000000
1649621315698863607 72.532710 0.000000
1649621315777974658 144.796005 0.000000
1649621315785872253 72.407896 0.000000
1649621315793342787 72.470623 0.000000
1649621315809523329 72.450736 0.000000
1649621315923188906 72.382789 0.000000
1649621315938528161 72.454823 0.000000
1649621316026483822 144.535766 0.000000
1649621316082966906 72.468579 0.000000
1649621316083249245 72.579627 0.000000
1649621316099319160 72.544042 0.000000
1649621316099338577 72.586071 0.000000
1649621316131178493 72.468699 0.000000
1649621316300453947 72.654377 0.000000
1649621316333885588 72.373672 0.000000
1649621316372594281 72.491924 0.000000
1649621316404988528 144.604566 0.000000
1649621316517345702 72.480111 0.000000
1649621316549711164 144.689113 0.000000
1649621316549733977 144.739618 0.000000
1649621316590148278 72.503185 0.000000
1649621316622246228 72.506240 0.000000
1649621316622315147 72.376486 0.000000
1649621316734554171 72.386856 0.000000
1649621316767116032 72.341822 0.000000
1649621316792845654 72.602791 0.000000
1649621316929220993 72.509646 0.000000
1649621316937407810 72.398237 0.000000
1649621316984957026 72.524083 0.000000
1649621317074428229 72.384402 0.000000
1649621317146891609 72.423545 0.000000
1649621317154536550 72.370546 0.000000
1649621317274354881 72.439475 0.000000
1649621317300071750 72.428595 0.000000
1649621317346884234 144.475544 0.000000
1649621317347014378 72.402847 0.000000
1649621317385961028 72.370156 0.000000
1649621317490776434 144.561093 0.000000
1649621317517047532 72.561403 0.000000
1649621317603723334 72.622157 0.000000
1649621317662661310 72.614073 0.000000
1649621317676062952 72.524776 0.000000
1649621317747939442 72.389661 0.000000
1649621317821070203 72.442260 0.000000
1649621317895915447 72.438823 0.000000
1649621318024963130 72.429516 0.000000
1649621318071450255 72.400091 0.000000
1649621318182883859 72.469733 0.000000
1649621318288303969 144.592533 0.000000
1649621318314534520 72.427492 0.000000
1649621318472394404 144.628090 0.000000
1649621318532466646 72.609383 0.000000
1649621318578393059 72.542618 0.000000
1649621318616972019 144.570011 0.000000
1649621318762341279 72.302098 0.000000
1649621318895108674 72.426441 0.000000
1649621319124128133 72.444745 0.000000
1649621319257708714 72.472197 0.000000
1649621319269109605 72.498907 0.000000
1649621319329080677 72.379964 0.000000
1649621319329646278 72.384762 0.000000
1649621319472867661 72.312848 0.000000
1649621319472946969 72.375314 0.000000
1649621319558520926 144.728438 0.000000
1649621319762738742 72.369263 0.000000
1649621319836794457 72.484068 0.000000
1649621319848627108 72.393760 0.000000
1649621319920796407 72.670698 0.000000
1649621319993001643 144.746872 0.000000
1649621320125390218 144.700376 0.000000
1649621320198028596 72.389481 0.000000
1649621320199017349 72.416252 0.000000
1649621320210703757 72.505057 0.000000
1649621320343539130 72.499428 0.000000
1649621320345090618 72.467718 0.000000
1649621320415719830 144.715544 0.000000
1649621320573252159 72.521629 0.000000
1649621320634275484 72.386726 0.000000
1649621320644917053 72.417174 0.000000
1649621320678952475 144.821802 0.000000
1649621320850758072 72.353353 0.000000
1649621320968804842 72.567465 0.000000
1649621321079882959 144.537589 0.000000
1649621321213094527 72.482306 0.000000
1649621321258532846 72.364093 0.000000
1649621321285246613 72.351439 0.000000
1649621321285682661 72.478438 0.000000
1649621321368951276 72.474500 0.000000
1649621321385691467 72.344477 0.000000
1649621321430741548 72.387317 0.000000
1649621321513722835 72.394130 0.000000
1649621321546558879 72.376166 0.000000
1649621321585647425 144.536178 0.000000
1649621321602754313 72.334588 0.000000
1649621321647931392 72.355848 0.000000
1649621321659146155 72.471985 0.000000
1649621321791939199 72.407355 0.000000
1649621321837765284 72.459993 0.000000
1649621321864633531 72.446908 0.000000
1649621321964887668 145.033630 0.000000
1649621322009119174 72.518473 0.000000
1649621322020637536 72.410660 0.000000
1649621322092984908 72.337143 0.000000
1649621322165382204 72.393017 0.000000
1649621322166201831 72.472327 0.000000
1649621322216594016 72.451867 0.000000
1649621322227035830 72.509546 0.000000
1649621322298618429 72.352011 0.000000
1649621322299157470 144.593726 0.000000
1649621322310212413 72.430268 0.000000
1649621322310983829 72.457189 0.000000
1649621322433642134 72.365836 0.000000
1649621322515887481 72.357110 0.000000
1649621322527442552 72.424638 0.000000
1649621322660656305 72.288412 0.000000
1649621322723188948 72.410781 0.000000
1649621322777126520 144.598855 0.000000
1649621322808139296 73.550057 0.000000
1649621323081658615 81.575371 0.000000
1649621323092435126 72.469981 0.000000
1649621323186095081 72.303060 0.000000
1649621323186389764 144.397368 0.000000
1649621323258667416 72.271851 0.000000
1649621323261507690 72.309822 0.000000
1649621323406934467 145.398364 0.000000
1649621323433238005 74.868698 0.000000
1649621323449482957 76.263913 0.000000
1649621323521825331 72.336342 0.000000
1649621323535740125 72.468889 0.000000
1649621323551529805 144.585700 0.000000
1649621323552111576 72.406594 0.000000
1649621323624597708 72.484159 0.000000
1649621323736946237 144.531349 0.000000
1649621323769398251 72.368091 0.000000
1649621323914137579 72.541026 0.000000
1649621323914533992 72.739928 0.000000
1649621323986705725 72.373170 0.000000
1649621324059635218 72.675106 0.000000
1649621324260815170 72.504367 0.000000
1649621324277435306 72.753152 0.000000
1649621324333471021 72.625323 0.000000
1649621324349898725 72.732104 0.000000
1649621324422371113 72.380625 0.000000
1649621324453697858 144.750259 0.000000
1649621324537141801 72.360927 0.000000
1649621324671459924 72.521459 0.000000
1649621324695565242 72.360477 0.000000
1649621324712852689 72.552807 0.000000
1649621324768064239 72.489579 0.000000
1649621324768212647 72.312928 0.000000
1649621324930199127 72.461597 0.000000
1649621324971542609 72.508835 0.000000
1649621325002576074 72.368321 0.000000
1649621325002771570 72.534673 0.000000
1649621325033773757 72.456947 0.000000
1649621325178759698 72.492124 0.000000
1649621325203377706 72.522180 0.000000
1649621325219923372 72.383579 0.000000
1649621325275528210 72.385745 0.000000
1649621325275577422 72.458511 0.000000
1649621325387497537 72.357421 0.000000
1649621325613279027 144.599286 0.000000
1649621325638144599 72.339477 0.000000
1649621325654551155 72.465214 0.000000
1649621325727121405 72.374964 0.000000
1649621325749061704 144.508815 0.000000
1649621326000472930 72.393299 0.000000
1649621326161566746 72.367300 0.000000
1649621326201834742 144.523393 0.000000
1649621326265480031 72.425840 0.000000
1649621326337703221 144.610477 0.000000
1649621326337894860 72.360086 0.000000
1649621326434645469 144.556986 0.000000
1649621326482408756 144.700195 0.000000
1649621326545210604 72.466415 0.000000
1649621326564011398 72.490210 0.000000
1649621326579618775 72.345048 0.000000
1649621326597061364 72.390504 0.000000
1649621326690002791 72.348274 0.000000
1649621326724637788 72.589797 0.000000
1649621326796825561 144.740962 0.000000
1649621326886757187 72.358063 0.000000
1649621326941935865 145.075659 0.000000
1649621327048080162 72.616166 0.000000
1649621327232540030 72.675869 0.000000
1649621327248961885 72.390794 0.000000
1649621327265204022 72.389451 0.000000
1649621327304995716 72.449564 0.000000
1649621327377896586 72.779512 0.000000
1649621327449995382 144.906381 0.000000
1649621327450299492 72.393098 0.000000
1649621327539058700 72.462779 0.000000
1649621327626923932 72.365606 0.000000
1649621327683335321 72.368162 0.000000
1649621327771586776 72.310373 0.000000
1649621327771841664 72.300965 0.000000
1649621328093887551 144.717687 0.000000
1649621328118555233 72.439775 0.000000
1649621328190957027 72.339888 0.000000
1649621328336048275 72.481774 0.000000
1649621328367982919 144.492284 0.000000
1649621328553688764 72.708600 0.000000
1649621328626321120 72.549841 0.000000
1649621328681203993 144.705064 0.000000
1649621328713296183 72.459612 0.000000
1649621328898593181 144.673154 0.000000
1649621328898825967 72.394801 0.000000
1649621328930694859 144.677212 0.000000
1649621329003383911 72.508564 0.000000
1649621329060876447 72.399340 0.000000
1649621329075811664 72.635162 0.000000
1649621329116102954 72.474811 0.000000
1649621329180859998 72.331844 0.000000
1649621329205671479 144.780655 0.000000
1649621329278243683 144.790484 0.000000
1649621329333497341 72.359305 0.000000
1649621329365865939 144.796927 0.000000
1649621329510427183 144.553370 0.000000
1649621329527127851 72.528372 0.000000
1649621329687859267 144.664628 0.000000
1649621329696032669 72.480392 0.000000
1649621329785310980 72.441097 0.000000
1649621329832554152 144.533723 0.000000
1649621329913296231 72.451608 0.000000
1649621329945362874 72.379133 0.000000
1649621330058175691 72.400842 0.000000
1649621330074253151 72.401704 0.000000
1649621330146647491 144.468360 0.000000
1649621330194743592 72.409579 0.000000
1649621330202833938 72.352762 0.000000
1649621330235276084 72.371136 0.000000
1649621330347555012 144.736703 0.000000
1649621330363529207 144.587093 0.000000
1649621330436216125 72.391985 0.000000
1649621330637216490 144.622610 0.000000
1649621330758426781 72.339678 0.000000
1649621330774410755 72.401794 0.000000
1649621330798811506 144.634391 0.000000
1649621330846794565 72.453531 0.000000
1649621330902641385 144.515569 0.000000
1649621330903263021 72.465774 0.000000
1649621330975335498 72.395262 0.000000
1649621331047848871 72.503605 0.000000
1649621331071986259 72.478819 0.000000
1649621331144178320 72.434535 0.000000
1649621331176214475 144.546797 0.000000
1649621331216598439 72.356881 0.000000
1649621331248827936 72.397175 0.000000
1649621331265104197 144.726685 0.000000
1649621331338003795 72.661080 0.000000
1649621331353868946 72.342994 0.000000
1649621331434044122 72.475202 0.000000
1649621331451176127 72.345119 0.000000
1649621331482862356 72.384311 0.000000
1649621331523602318 72.427803 0.000000
1649621331555328271 72.459342 0.000000
1649621331578864943 72.427162 0.000000
1649621331740858766 72.521949 0.000000
1649621331772392109 144.538031 0.000000
1649621331845031618 144.668916 0.000000
1649621331972777911 144.615285 0.000000
1649621332085711697 72.454423 0.000000
1649621332247847295 72.451096 0.000000
1649621332428069369 72.375025 0.000000
1649621332464911373 144.681228 0.000000
1649621332609769764 72.387678 0.000000
1649621332663400040 72.448091 0.000000
1649621332664719233 144.538672 0.000000
1649621332754376674 144.554752 0.000000
1649621332763799508 144.966363 0.000000
1649621332822615635 72.439565 0.000000
1649621332836373435 72.570099 0.000000
1649621332862256766 72.363914 0.000000
1649621332895135891 144.629052 0.000000
1649621332908112387 72.352592 0.000000
1649621332908805817 72.292249 0.000000
1649621333069628024 72.453581 0.000000
1649621333098003276 72.551685 0.000000
1649621333108473403 144.506672 0.000000
1649621333111812903 144.558359 0.000000
1649621333198814427 72.645522 0.000000
1649621333253731984 72.374142 0.000000
1649621333253834336 72.350237 0.000000
1649621333633056656 72.490300 0.000000
1649621333633487934 72.743605 0.000000
1649621333761093102 72.417794 0.000000
1649621333793756995 144.695206 0.000000
1649621333793802340 72.331683 0.000000
1649621333923125879 72.421691 0.000000
1649621333995376831 72.636324 0.000000
1649621334189897018 72.376598 0.000000
1649621334238069111 72.422303 0.000000
1649621334318671518 72.319850 0.000000
1649621334455384259 72.430959 0.000000
1649621334455426879 72.438393 0.000000
1649621334479507591 72.412495 0.000000
1649621334485496107 72.416211 0.000000
1649621334557980056 144.568518 0.000000
1649621334648143496 144.907163 0.000000
1649621334791408269 72.476294 0.000000
1649621334865612342 72.374683 0.000000
1649621334919949192 144.616377 0.000000
1649621334938114384 72.495429 0.000000
1649621335010382989 72.421011 0.000000
1649621335098607274 72.456767 0.000000
1649621335136996749 144.608102 0.000000
1649621335225891631 72.387277 0.000000
1649621335468977989 72.437490 0.000000
1649621335517214874 144.636004 0.000000
1649621335588127657 72.481714 0.000000
1649621335589739619 72.359064 0.000000
1649621335644168281 72.397095 0.000000
1649621335678468290 72.874260 0.000000
1649621335694147081 72.429476 0.000000
1649621335758533400 72.404550 0.000000
1649621335927582469 72.316785 0.000000
1649621335984177601 72.397717 0.000000
1649621336151487090 72.527310 0.000000
1649621336201416136 72.379713 0.000000
1649621336418756071 72.423706 0.000000
1649621336457584279 72.483768 0.000000
1649621336458866613 72.436840 0.000000
1649621336459185781 72.326413 0.000000
1649621336676444754 72.397756 0.000000
1649621336764090946 144.546737 0.000000
1649621336780684181 72.382197 0.000000
1649621336819585816 72.391014 0.000000
1649621336909417614 72.551013 0.000000
1649621337037120296 72.568687 0.000000
1649621337054176099 144.765017 0.000000
1649621337054303547 72.376507 0.000000
1649621337070784533 72.614012 0.000000
1649621337166442693 72.575860 0.000000
1649621337238972888 72.523062 0.000000
1649621337288097837 72.476404 0.000000
1649621337399431032 72.555693 0.000000
1649621337473193597 72.352772 0.000000
1649621337489163004 72.523272 0.000000
1649621337577814650 72.580550 0.000000
1649621337601312549 72.498817 0.000000
1649621337762924677 72.418185 0.000000
1649621338076829131 72.433644 0.000000
1649621338141546280 72.445987 0.000000
1649621338253547166 72.385434 0.000000
1649621338285902689 72.397866 0.000000
1649621338366361929 72.354636 0.000000
1649621338390068619 144.580010 0.000000
1649621338398452155 72.376908 0.000000
1649621338438591770 72.443101 0.000000
1649621338470847818 72.386466 0.000000
1649621338679898994 72.479600 0.000000
1649621338938074289 72.439445 0.000000
1649621339315728919 72.398527 0.000000
1649621339412048119 144.574289 0.000000
1649621339629438337 72.361098 0.000000
1649621339717895349 144.681420 0.000000
1649621339846679127 72.371567 0.000000
1649621339887423497 72.400703 0.000000
1649621339919096290 72.408106 0.000000
1649621339959730333 72.301697 0.000000
1649621340063970952 72.404669 0.000000
1649621340127961468 72.367900 0.000000
1649621340152165331 72.415630 0.000000
1649621340272607121 72.335771 0.000000
1649621340273560999 72.312337 0.000000
1649621340297045994 144.603333 0.000000
1649621340346162648 72.340910 0.000000
1649621340458222896 72.495831 0.000000
1649621340586662247 72.366058 0.000000
1649621340707932961 144.518273 0.000000
1649621340731521991 72.470062 0.000000
1649621340731598805 72.470924 0.000000
1649621340997419813 72.354907 0.000000
1649621341021139488 144.740121 0.000000
1649621341093945439 72.473117 0.000000
1649621341140856248 72.376628 0.000000
1649621341166415872 72.486483 0.000000
1649621341262596983 72.439365 0.000000
1649621341430845241 72.589366 0.000000
1649621341472279282 72.557667 0.000000
1649621341479947868 72.408216 0.000000
1649621341730046282 72.416131 0.000000
1649621341730156448 72.515136 0.000000
1649621341818403597 72.389923 0.000000
1649621341818737182 72.375255 0.000000
1649621341890920156 72.533221 0.000000
1649621342132192324 72.367620 0.000000
1649621342139771231 72.358152 0.000000
1649621342180390827 72.353143 0.000000
1649621342204645865 72.449363 0.000000
1649621342212136226 72.359214 0.000000
1649621342269383352 72.461676 0.000000
1649621342269458603 72.433273 0.000000
1649621342349617819 72.548770 0.000000
1649621342356817666 72.361749 0.000000
1649621342414271148 72.364675 0.000000
1649621342453829975 72.351780 0.000000
1649621342501490128 72.378571 0.000000
1649621342566909253 72.460003 0.000000
1649621342639649452 72.355307 0.000000
1649621342687689367 72.428695 0.000000
1649621342712064210 72.365947 0.000000
1649621342734657834 72.437942 0.000000
1649621342905160257 72.441969 0.000000
1649621343178290887 72.799580 0.000000
1649621343178309622 72.818857 0.000000
1649621343250667043 72.369052 0.000000
1649621343314596275 72.473899 0.000000
1649621343508863337 72.373642 0.000000
1649621343531874334 72.413687 0.000000
1649621343629982657 72.555682 0.000000
1649621343659942329 72.520457 0.000000
1649621343676662503 72.405180 0.000000
1649621343829720185 72.372950 0.000000
1649621343877159995 72.417584 0.000000
1649621344136988288 72.491433 0.000000
1649621344209347753 72.357711 0.000000
1649621344233126940 72.523623 0.000000
1649621344377727939 72.358875 0.000000
1649621344377778393 72.385404 0.000000
1649621344450248395 72.515728 0.000000
1649621344473645675 72.505288 0.000000
1649621344690038645 72.453823 0.000000
1649621344812550265 72.502223 0.000000
1649621344908167459 72.496031 0.000000
1649621344915237081 72.386666 0.000000
1649621344932066470 72.459102 0.000000
1649621345221853734 72.516689 0.000000
1649621345270304810 72.331923 0.000000
1649621345366597189 72.380465 0.000000
1649621345398673710 72.384131 0.000000
1649621345471067068 72.438583 0.000000
1649621345536616878 72.332554 0.000000
1649621345639627852 72.403176 0.000000
1649621345656258147 72.516109 0.000000
1649621345776781931 72.596880 0.000000
1649621345802488270 72.427402 0.000000
1649621345818473596 72.462658 0.000000
1649621345849366287 72.579637 0.000000
1649621345874729363 72.381637 0.000000
1649621345874905172 72.414398 0.000000
1649621345890889877 72.411011 0.000000
1649621346115910220 72.356650 0.000000
1649621346267586771 72.517510 0.000000
1649621346268085847 72.382688 0.000000
1649621346333046011 72.443072 0.000000
1649621346340153234 144.535226 0.000000
1649621346597184514 72.522170 0.000000
1649621346597239417 72.395502 0.000000
1649621346646169372 144.771018 0.000000
1649621346671515665 144.739248 0.000000
1649621346701956490 72.421751 0.000000
1649621347015542738 72.395583 0.000000
1649621347063738956 72.363432 0.000000
1649621347153290599 72.507061 0.000000
1649621347267046255 72.363091 0.000000
1649621347275117746 72.421510 0.000000
1649621347484333150 72.363492 0.000000
1649621347522076795 144.687331 0.000000
1649621347570788710 72.372600 0.000000
1649621347570829807 72.401213 0.000000
1649621347660104591 72.382077 0.000000
1649621347666883649 72.386044 0.000000
1649621347739355965 72.502323 0.000000
1649621347739394868 72.508925 0.000000
1649621347774024715 72.380094 0.000000
1649621347811825206 72.463500 0.000000
1649621347972915545 72.561212 0.000000
1649621347975206119 72.339086 0.000000
1649621348020980127 144.610136 0.000000
1649621348117711219 72.352972 0.000000
1649621348189857244 72.576141 0.000000
1649621348407526426 72.409469 0.000000
1649621348463641949 72.350468 0.000000
1649621348506364818 72.398709 0.000000
1649621348672621552 72.421982 0.000000
1649621348696778677 144.648918 0.000000
1649621348699116119 72.317015 0.000000
1649621348728812838 72.457308 0.000000
1649621348970966338 72.371978 0.000000
1649621349059543595 72.576652 0.000000
1649621349133273178 144.583215 0.000000
1649621349180581181 144.525287 0.000000
1649621349204329410 144.805162 0.000000
1649621349230755889 72.607049 0.000000
1649621349260681007 72.463480 0.000000
1649621349350835640 72.426400 0.000000
1649621349597689110 72.533550 0.000000
1649621349597744815 72.560381 0.000000
1649621349621812142 72.400642 0.000000
1649621349670179681 72.430859 0.000000
1649621349685982966 72.389260 0.000000
1649621349742345724 144.691549 0.000000
1649621349814567570 144.554681 0.000000
1649621349883131240 72.467698 0.000000
1649621349955658659 72.524373 0.000000
1649621350201296421 72.531949 0.000000
1649621350317970918 144.669948 0.000000
1649621350483070964 72.518492 0.000000
1649621350555238640 144.707068 0.000000
1649621350555537430 72.465023 0.000000
1649621350581617900 72.467327 0.000000
1649621350680234286 144.769093 0.000000
1649621350683506631 72.461987 0.000000
1649621350700220963 72.334618 0.000000
1649621350726569035 72.562064 0.000000
1649621350755834656 144.798089 0.000000
1649621350755865785 144.839035 0.000000
1649621350844667812 72.584527 0.000000
1649621350871505883 72.399410 0.000000
1649621350897837604 72.553148 0.000000
1649621350916859172 144.788941 0.000000
1649621350925686530 72.386135 0.000000
1649621350989245187 72.376447 0.000000
1649621351015996465 144.521129 0.000000
1649621351087298477 72.331111 0.000000
1649621351089082061 72.789070 0.000000
1649621351279776135 72.491272 0.000000
1649621351332817216 72.410420 0.000000
1649621351376875808 72.420299 0.000000
1649621351378112656 72.374593 0.000000
1649621351480239122 144.609153 0.000000
1649621351625295084 144.817555 0.000000
1649621351697801925 144.751531 0.000000
1649621351740030837 72.420850 0.000000
1649621351812382297 72.343956 0.000000
1649621351914948206 72.404519 0.000000
1649621351931058446 72.326152 0.000000
1649621352028392318 72.430137 0.000000
1649621352075689992 144.626225 0.000000
1649621352317871595 144.615115 0.000000
1649621352335396647 144.498866 0.000000
1649621352464098211 72.746810 0.000000
1649621352552295175 72.430057 0.000000
1649621352566555026 72.392867 0.000000
1649621352608888564 72.424236 0.000000
1649621352728239039 145.126785 0.000000
1649621352944439237 144.677252 0.000000
1649621353073286162 72.330620 0.000000
1649621353089970288 144.615956 0.000000
1649621353162365560 72.390393 0.000000
1649621353171131132 72.355046 0.000000
1649621353315900276 72.427493 0.000000
1649621353550764511 72.476925 0.000000
1649621353695429310 72.356239 0.000000
1649621353783414567 144.649550 0.000000
1649621353856012939 144.624002 0.000000
1649621353958738889 72.374032 0.000000
1649621354014863220 72.478117 0.000000
1649621354031029605 72.535495 0.000000
1649621354039709686 144.512633 0.000000
1649621354103595476 72.545364 0.000000
1649621354256829429 144.626998 0.000000
1649621354393298633 72.387277 0.000000
1649621354401721993 72.439114 0.000000
1649621354490837689 72.422803 0.000000
1649621354508037041 72.473319 0.000000
1649621354563157189 72.324649 0.000000
1649621354594337439 72.571722 0.000000
1649621354610470392 72.474510 0.000000
1649621354666912408 72.542609 0.000000
1649621354827886349 72.427732 0.000000
1649621354979971017 72.447179 0.000000
1649621354980020389 72.509897 0.000000
1649621354998120249 72.347281 0.000000
1649621355053336467 72.438633 0.000000
1649621355125743722 72.413917 0.000000
1649621355215628279 72.555943 0.000000
1649621355360356927 144.731183 0.000000
1649621355522708550 72.489999 0.000000
1649621355624661391 72.383209 0.000000
1649621355624710453 72.416311 0.000000
1649621355667615843 72.539532 0.000000
1649621355769513380 72.348093 0.000000
1649621355794777229 144.653056 0.000000
1649621355914310867 72.372750 0.000000
1649621355922311064 72.393729 0.000000
1649621355969569254 72.328336 0.000000
1649621356102525563 72.560542 0.000000
1649621356212159593 72.520247 0.000000
1649621356276577601 72.557867 0.000000
1649621356404007781 72.429567 0.000000
1649621356421260112 144.690166 0.000000
1649621356574721881 72.562265 0.000000
1649621356598847006 72.442220 0.000000
1649621356610346282 72.411102 0.000000
1649621356791989900 144.680036 0.000000
1649621356927147386 72.362300 0.000000
1649621357025375113 144.879280 0.000000
1649621357073294493 72.456016 0.000000
1649621357073382688 72.499898 0.000000
1649621357218137265 72.352933 0.000000
1649621357346158022 72.480782 0.000000
1649621357387179841 144.605727 0.000000
1649621357418614328 72.345368 0.000000
1649621357476091174 72.698750 0.000000
1649621357548489982 72.514746 0.000000
1649621357552055336 144.536527 0.000000
1649621357698042994 72.575259 0.000000
1649621357724502825 144.510208 0.000000
1649621357769511799 72.429877 0.000000
1649621357869799548 72.410080 0.000000
1649621357974277372 72.524043 0.000000
1649621358038795948 144.768212 0.000000
1649621358046616799 72.440236 0.000000
1649621358046645493 72.500850 0.000000
1649621358231472910 72.417984 0.000000
1649621358456450532 72.452359 0.000000
1649621358505036851 72.435497 0.000000
1649621358567158725 72.475252 0.000000
1649621358666172285 72.402114 0.000000
1649621358673608896 144.739819 0.000000
1649621358711798045 72.321263 0.000000
1649621358746205355 72.513483 0.000000
1649621358784213996 144.567065 0.000000
1649621358866917371 144.678874 0.000000
1649621358939327481 72.327415 0.000000
1649621359028536802 72.337153 0.000000
1649621359036300316 72.372640 0.000000
1649621359084061118 72.343024 0.000000
1649621359156585622 72.389511 0.000000
1649621359219027756 144.691969 0.000000
1649621359245102816 72.522660 0.000000
1649621359278238473 72.489239 0.000000
1649621359390535864 72.448421 0.000000
1649621359486672922 72.478297 0.000000
1649621359535448988 72.395182 0.000000
1649621359663512154 72.402956 0.000000
1649621359808344366 72.400031 0.000000
1649621359825353823 72.540755 0.000000
1649621359897534722 72.548198 0.000000
1649621359921044834 72.290535 0.000000
1649621360015780135 144.668565 0.000000
1649621360074881506 144.728758 0.000000
1649621360074974019 72.440036 0.000000
1649621360138232774 72.450555 0.000000
1649621360160669103 144.792988 0.000000
1649621360219613680 72.378310 0.000000
1649621360283086266 72.464342 0.000000
1649621360292051803 72.396495 0.000000
1649621360364577248 72.429766 0.000000
1649621360581641696 144.669427 0.000000
1649621360629362994 72.435156 0.000000
1649621360693234978 72.575851 0.000000
1649621360693940471 144.518413 0.000000
1649621360790020151 72.470332 0.000000
1649621360821858045 72.469271 0.000000
1649621360862134808 144.568839 0.000000
1649621360911062998 144.665570 0.000000
1649621360943909862 72.524283 0.000000
1649621360957304172 144.700045 0.000000
1649621360982983490 72.540063 0.000000
1649621361039532186 72.410480 0.000000
1649621361063828281 72.349155 0.000000
1649621361112015172 72.413556 0.000000
1649621361256607414 144.540445 0.000000
1649621361272949779 72.577803 0.000000
1649621361298927738 72.493115 0.000000
1649621361443689177 72.390162 0.000000
1649621361523474632 72.526729 0.000000
1649621361546480760 72.529123 0.000000
1649621361899488957 72.419598 0.000000
1649621361908490862 72.374112 0.000000
1649621361925878457 145.037727 0.000000
1649621361925896010 145.065760 0.000000
1649621361932736873 72.469942 0.000000
1649621362044213026 144.693261 0.000000
1649621362070966679 72.488277 0.000000
1649621362150308563 72.418466 0.000000
1649621362189060938 72.428354 0.000000
1649621362270206613 144.597972 0.000000
1649621362415016683 144.566493 0.000000
1649621362610401150 72.312096 0.000000
1649621362632412011 72.424156 0.000000
1649621362729765740 72.451056 0.000000
1649621362768974341 144.840548 0.000000
1649621362777064346 72.355417 0.000000
1649621362827706129 72.408516 0.000000
1649621362890602855 72.370346 0.000000
1649621362921958955 72.479910 0.000000
1649621363066844457 72.515968 0.000000
1649621363067060542 72.643417 0.000000
1649621363156755824 72.329008 0.000000
1649621363211802654 72.403967 0.000000
1649621363284348299 72.416292 0.000000
1649621363373725464 72.304591 0.000000
1649621363406707803 72.465213 0.000000
1649621363420488687 144.542249 0.000000
1649621363879245951 72.264817 0.000000
1649621364105448109 72.468089 0.000000
1649621364145047211 144.557076 0.000000
1649621364145271321 72.342745 0.000000
1649621364242072825 72.534282 0.000000
1649621364266574124 72.432130 0.000000
1649621364435157971 72.492043 0.000000
1649621364515113626 72.384192 0.000000
1649621364652194697 144.586351 0.000000
1649621364701160779 72.399620 0.000000
1649621364709114950 144.535847 0.000000
1649621364804825970 72.391145 0.000000
1649621364877177529 72.479941 0.000000
1649621365110178071 144.632778 0.000000
1649621365327225367 144.626777 0.000000
1649621365616620085 72.388179 0.000000
1649621365697459486 72.394991 0.000000
1649621365761557313 72.375614 0.000000
1649621365761637433 72.461144 0.000000
1649621365769825964 72.361829 0.000000
1649621365841970626 144.536788 0.000000
1649621365931865362 72.421200 0.000000
1649621365986504609 144.531298 0.000000
1649621366004314054 72.463310 0.000000
1649621366099519316 72.420670 0.000000
1649621366156394904 72.436038 0.000000
1649621366220731690 72.427512 0.000000
1649621366253539041 72.444655 0.000000
1649621366293675269 144.717556 0.000000
1649621366413331165 72.561723 0.000000
1649621366510805561 144.519736 0.000000
1649621366511141671 72.469701 0.000000
1649621366775227425 144.612710 0.000000
1649621366800463342 72.326894 0.000000
1649621366823448580 72.409529 0.000000
1649621366920308673 72.555101 0.000000
1649621366992377784 144.619943 0.000000
1649621367040841273 72.390312 0.000000
1649621367089960341 144.569208 0.000000
1649621367226069401 72.551665 0.000000
1649621367234925733 72.485952 0.000000
1649621367340135198 72.424697 0.000000
1649621367499713303 72.423044 0.000000
1649621367908871419 72.428675 0.000000
1649621367950278280 72.410521 0.000000
1649621368006600321 72.403547 0.000000
1649621368038734880 72.389100 0.000000
1649621368183613749 72.360556 0.000000
1649621368223594357 72.330651 0.000000
1649621368239888011 72.416492 0.000000
1649621368248214059 72.555122 0.000000
1649621368281706403 72.366968 0.000000
1649621368632748055 144.583155 0.000000
1649621368705206965 72.397956 0.000000
1649621368754880804 72.472888 0.000000
1649621368861290959 72.516089 0.000000
1649621368899689141 72.369113 0.000000
1649621369044283156 144.640412 0.000000
1649621369078685416 144.899678 0.000000
1649621369309394242 72.341321 0.000000
1649621369381764797 144.651424 0.000000
1649621369381795986 144.623261 0.000000
1649621369574934573 72.390092 0.000000
1649621369639800871 144.534905 0.000000
1649621369658387924 144.489690 0.000000
