1641921569721277238 88.519230 0.000000
1641921569723281756 88.690761 0.000000
1641921569726483167 88.551901 0.000000
1641921569814944848 88.455379 0.000000
1641921570017852065 88.467402 0.000000
1641921570025774996 88.455240 0.000000
1641921570239981061 88.487710 0.000000
1641921570289938200 88.473564 0.000000
1641921570322969033 88.447325 0.000000
1641921570396734418 88.844089 0.000000
1641921570434374700 88.736837 0.000000
1641921570494921498 88.729854 0.000000
1641921570540502655 88.541661 0.000000
1641921570665860554 88.482090 0.000000
1641921570724372839 88.496717 0.000000
1641921570739749952 88.530220 0.000000
1641921570767713076 177.526965 0.000000
1641921570828205843 88.452365 0.000000
1641921570834601230 88.850550 0.000000
1641921570902885972 88.690780 0.000000
1641921571041017775 88.421165 0.000000
1641921571116794439 88.610571 0.000000
1641921571128453964 88.417108 0.000000
1641921571233902476 88.420355 0.000000
1641921571294808918 88.817528 0.000000
1641921571393474145 88.464697 0.000000
1641921571408004761 88.766002 0.000000
1641921571451494457 88.723402 0.000000
1641921571476120486 88.588008 0.000000
1641921571492385032 88.578861 0.000000
1641921571744463395 176.791727 0.000000
1641921571846122593 88.621020 0.000000
1641921571986879106 88.572529 0.000000
1641921572044733989 88.619798 0.000000
1641921572104901776 176.987033 0.000000
1641921572273842056 88.770460 0.000000
1641921572365243278 88.464988 0.000000
1641921572483299891 88.490034 0.000000
1641921572490187752 88.536652 0.000000
1641921572571819251 88.513398 0.000000
1641921572651642310 88.550027 0.000000
1641921572687675280 88.547091 0.000000
1641921572784059512 89.418596 0.000000
1641921572868728003 177.003283 0.000000
1641921573023381284 88.466862 0.000000
1641921573319530612 88.681372 0.000000
1641921573325841101 88.490596 0.000000
1641921573602309490 176.960453 0.000000
1641921573767536760 88.624487 0.000000
1641921573905576029 89.046537 0.000000
1641921574095509829 88.651878 0.000000
1641921574136328349 88.372625 0.000000
1641921574143578889 88.529428 0.000000
1641921574184126631 88.608225 0.000000
1641921574216946168 88.614148 0.000000
1641921574413415327 88.725897 0.000000
1641921574437559643 88.442746 0.000000
1641921574520296193 88.685822 0.000000
1641921574588390970 88.475157 0.000000
1641921574597616462 176.861648 0.000000
1641921574728661281 88.558373 0.000000
1641921574745784707 88.604570 0.000000
1641921574813717339 88.505714 0.000000
1641921574951833282 88.444730 0.000000
1641921575027529666 88.405446 0.000000
1641921575183937726 88.586055 0.000000
1641921575316671400 88.574002 0.000000
1641921575331280653 176.691889 0.000000
1641921575374498611 176.807146 0.000000
1641921575403056559 88.448556 0.000000
1641921575490690840 88.585804 0.000000
1641921575535661893 88.387492 0.000000
1641921575551149172 176.960613 0.000000
1641921575608491835 88.596644 0.000000
1641921575631738849 88.718513 0.000000
1641921575750198468 88.493341 0.000000
1641921575766233003 88.547512 0.000000
1641921575845832504 88.515373 0.000000
1641921575860840715 88.400066 0.000000
1641921575904295786 88.377644 0.000000
1641921575967865130 88.467111 0.000000
1641921575974912900 88.506555 0.000000
1641921575992084757 88.366473 0.000000
1641921576009765317 88.661557 0.000000
1641921576199587348 88.914100 0.000000
1641921576221993886 88.418250 0.000000
1641921576532291645 176.747474 0.000000
1641921576627101284 89.211747 0.000000
1641921576649558979 88.509070 0.000000
1641921576705216653 91.831407 0.000000
1641921576779311246 90.096847 0.000000
1641921576846491748 89.333827 0.000000
1641921577093456977 88.736767 0.000000
1641921577244394863 89.059201 0.000000
1641921577358395204 88.430784 0.000000
1641921577383748285 88.521323 0.000000
1641921577391089145 88.715878 0.000000
1641921577431249841 88.799655 0.000000
1641921577542304761 89.237616 0.000000
1641921577774614019 176.786005 0.000000
1641921577833424423 88.522696 0.000000
1641921577866122883 88.662678 0.000000
1641921577970852526 88.470578 0.000000
1641921577971985721 88.616221 0.000000
1641921578339559186 177.080357 0.000000
1641921578355254145 88.704957 0.000000
1641921578413183958 88.412209 0.000000
1641921578487691824 88.536061 0.000000
1641921578698765869 176.630894 0.000000
1641921578718293702 88.503159 0.000000
1641921578760104000 88.629746 0.000000
1641921578850137097 90.028429 0.000000
1641921578878882237 88.491638 0.000000
1641921578923501952 88.444580 0.000000
1641921578933885404 88.618937 0.000000
1641921579086391791 176.837763 0.000000
1641921579146935844 88.450040 0.000000
1641921579250123387 88.646479 0.000000
1641921579283836729 176.868981 0.000000
1641921579289812701 88.618085 0.000000
1641921579291878773 88.455300 0.000000
1641921579295943031 88.505273 0.000000
1641921579396057214 88.657899 0.000000
1641921579560070198 177.033239 0.000000
1641921579570763061 88.523788 0.000000
1641921579619139747 88.759289 0.000000
1641921579731140691 88.606313 0.000000
1641921579771940145 88.643212 0.000000
1641921579821671912 88.436685 0.000000
1641921579890144035 88.474957 0.000000
1641921579937225524 177.697825 0.000000
1641921579940515440 88.328471 0.000000
1641921579980801883 88.506586 0.000000
1641921580024667805 88.626491 0.000000
1641921580087503914 88.517967 0.000000
1641921580212365633 88.551730 0.000000
1641921580240938951 88.485927 0.000000
1641921580259296620 176.802366 0.000000
1641921580314319645 88.350353 0.000000
1641921580454149330 88.433539 0.000000
1641921580542622964 88.467393 0.000000
1641921580675676388 88.527265 0.000000
1641921580764262713 88.582157 0.000000
1641921580868837848 88.490326 0.000000
1641921580953787075 88.546691 0.000000
1641921580967706766 176.878920 0.000000
1641921581171915492 88.887390 0.000000
1641921581320474660 88.498871 0.000000
1641921581632935854 176.814629 0.000000
1641921581667421874 88.620399 0.000000
1641921581897320193 88.650876 0.000000
1641921581973804785 88.475768 0.000000
1641921582056740839 88.661556 0.000000
1641921582111722927 176.662233 0.000000
1641921582113639299 88.470538 0.000000
1641921582564937057 88.439711 0.000000
1641921582595057464 177.853777 0.000000
1641921582676925276 88.706130 0.000000
1641921582941789795 177.435222 0.000000
1641921583060760643 176.734479 0.000000
1641921583231139569 89.151465 0.000000
1641921583287043524 88.494242 0.000000
1641921583491852647 88.461451 0.000000
1641921583512069190 88.512126 0.000000
1641921583651096531 88.453606 0.000000
1641921583651597030 88.477952 0.000000
1641921584016113786 88.467533 0.000000
1641921584030863131 89.427190 0.000000
1641921584102294743 88.496859 0.000000
1641921584119241688 88.372986 0.000000
1641921584207887515 88.640337 0.000000
1641921584230246233 88.744722 0.000000
1641921584237776318 88.801108 0.000000
1641921584458254539 88.531401 0.000000
1641921584686162528 88.666486 0.000000
1641921584822210915 88.434160 0.000000
1641921584931572041 177.162732 0.000000
1641921584967654373 88.395187 0.000000
1641921584975056758 88.439750 0.000000
1641921585034081453 88.485596 0.000000
1641921585051698494 88.464978 0.000000
1641921585053673226 89.255179 0.000000
1641921585117504019 88.538726 0.000000
1641921585196478589 89.264236 0.000000
1641921585212649319 176.734319 0.000000
1641921585221583986 88.426616 0.000000
1641921585388657376 88.443297 0.000000
1641921585479454695 88.628564 0.000000
1641921585571074818 88.511986 0.000000
1641921585851877812 88.910774 0.000000
1641921585857938471 88.333611 0.000000
1641921585940487050 88.604489 0.000000
1641921585997642411 88.621862 0.000000
1641921586014207340 176.625394 0.000000
1641921586224906011 88.426866 0.000000
1641921586591330293 88.529899 0.000000
1641921586711517651 88.391620 0.000000
1641921587112885230 88.472692 0.000000
1641921587158124165 88.510072 0.000000
1641921587171164207 88.629536 0.000000
1641921587234241619 88.519981 0.000000
1641921587303196196 88.604279 0.000000
1641921587308223480 176.575852 0.000000
1641921587322703982 88.453346 0.000000
1641921587434178729 88.578440 0.000000
1641921587469921875 88.586034 0.000000
1641921587482100523 88.739723 0.000000
1641921588050619699 88.416938 0.000000
1641921588058330732 88.433890 0.000000
1641921588115742685 176.847762 0.000000
1641921588195455748 88.554486 0.000000
1641921588249285656 89.435256 0.000000
1641921588392110556 88.502478 0.000000
1641921588469515563 89.455895 0.000000
1641921588861231851 89.498314 0.000000
1641921588924042363 89.594455 0.000000
1641921588927783996 177.734103 0.000000
1641921588978520315 88.497690 0.000000
1641921589109996503 88.537724 0.000000
1641921589132962080 88.870499 0.000000
1641921589152676823 88.439600 0.000000
1641921589199184106 89.177875 0.000000
1641921589292847487 88.545499 0.000000
1641921589344098712 88.433479 0.000000
1641921589346674640 88.819512 0.000000
1641921589401795498 89.527630 0.000000
1641921589693371946 89.144672 0.000000
1641921589784865340 88.961869 0.000000
1641921589927245555 176.751911 0.000000
1641921590022056679 88.586396 0.000000
1641921590069922538 88.428820 0.000000
1641921590146735956 88.592417 0.000000
1641921590150185021 88.392512 0.000000
1641921590205495745 88.502358 0.000000
1641921590291551998 176.835278 0.000000
1641921590353148303 88.499302 0.000000
1641921590504849260 88.464728 0.000000
1641921590674252608 88.442456 0.000000
1641921590733002067 89.002155 0.000000
1641921590874989687 88.530290 0.000000
1641921590881491724 88.338190 0.000000
1641921590931587754 88.711430 0.000000
1641921590939987408 88.433599 0.000000
1641921590957904151 88.423701 0.000000
1641921591157113958 88.567671 0.000000
1641921591176063897 88.486378 0.000000
1641921591182630706 88.536352 0.000000
1641921591313438190 176.824428 0.000000
1641921591366660549 88.727159 0.000000
1641921591476609757 89.335179 0.000000
1641921591516967864 88.558654 0.000000
1641921591551575943 88.590964 0.000000
1641921591616693839 88.396569 0.000000
1641921591622827205 88.657960 0.000000
1641921591682586909 88.625229 0.000000
1641921591698218177 88.633444 0.000000
1641921591730545291 89.459361 0.000000
1641921591766480718 88.657097 0.000000
1641921591956304532 88.553223 0.000000
1641921591972829947 88.543505 0.000000
1641921592005062694 176.741523 0.000000
1641921592035042327 88.390368 0.000000
1641921592065105847 88.567500 0.000000
1641921592098771891 88.597256 0.000000
1641921592199853176 88.541601 0.000000
1641921592285767473 88.445190 0.000000
1641921592383917284 88.584292 0.000000
1641921592414837681 88.442115 0.000000
1641921592486371223 88.597036 0.000000
1641921592686096075 88.603036 0.000000
1641921592797246344 88.645095 0.000000
1641921592885844942 88.587367 0.000000
1641921593109724630 88.638393 0.000000
1641921593233130420 88.624206 0.000000
1641921593412149021 88.574624 0.000000
1641921593524588767 88.612094 0.000000
1641921593597890192 88.440001 0.000000
1641921593763404760 88.416107 0.000000
1641921593854843492 88.763258 0.000000
1641921593890068347 89.438051 0.000000
1641921593964461930 88.366092 0.000000
1641921593979830206 88.422278 0.000000
1641921594112517794 88.584561 0.000000
1641921594146878840 88.524148 0.000000
1641921594255793809 89.495549 0.000000
1641921594489496319 88.699337 0.000000
1641921594542511781 88.450881 0.000000
1641921594577141069 89.599374 0.000000
1641921594607478994 88.423600 0.000000
1641921594666742847 89.597841 0.000000
1641921594776585846 176.732054 0.000000
1641921594819616943 88.632301 0.000000
1641921594889062882 90.319263 0.000000
1641921594914597374 176.928884 0.000000
1641921595003351273 88.744201 0.000000
1641921595048272032 88.652780 0.000000
1641921595116953988 88.577319 0.000000
1641921595136857686 88.579953 0.000000
1641921595224576545 89.090290 0.000000
1641921595298151784 88.479094 0.000000
1641921595334639426 88.573892 0.000000
1641921595448042758 89.467347 0.000000
1641921595770501681 88.447244 0.000000
1641921595773646546 88.498901 0.000000
1641921595776741187 88.476540 0.000000
1641921595830362043 89.287700 0.000000
1641921595953527744 176.761600 0.000000
1641921596038027439 88.648241 0.000000
1641921596039228470 176.775416 0.000000
1641921596112625124 89.761689 0.000000
1641921596196000241 88.626781 0.000000
1641921596217032304 88.510884 0.000000
1641921596256450238 88.633243 0.000000
1641921596344935264 88.479946 0.000000
1641921596439925943 88.656707 0.000000
1641921596457211443 88.515342 0.000000
1641921596507330485 88.566639 0.000000
1641921596508308899 88.532956 0.000000
1641921596655961548 88.659071 0.000000
1641921596674885328 89.194675 0.000000
1641921596712073413 88.569924 0.000000
1641921596714954173 88.396710 0.000000
1641921596721083572 176.694494 0.000000
1641921596800687801 88.608747 0.000000
1641921596803421315 88.463084 0.000000
1641921596839033306 90.333520 0.000000
1641921596908635958 176.873299 0.000000
1641921597019266162 88.617483 0.000000
1641921597314310169 88.851482 0.000000
1641921597371796311 89.011953 0.000000
1641921597410011822 89.075913 0.000000
1641921597455713564 88.666866 0.000000
1641921597499413746 178.461296 0.000000
1641921597528227564 88.727630 0.000000
1641921597530347247 88.508750 0.000000
1641921597563945523 88.452935 0.000000
1641921597565051065 89.537006 0.000000
1641921597676194902 88.553603 0.000000
1641921597710296593 88.678869 0.000000
1641921598112626065 88.581547 0.000000
1641921598113774187 176.650052 0.000000
1641921598118016979 178.760878 0.000000
1641921598247559993 89.803837 0.000000
1641921598297710795 176.800403 0.000000
1641921598318211221 88.933626 0.000000
1641921598463928201 88.449538 0.000000
1641921598470982173 88.495695 0.000000
1641921598522318107 177.269693 0.000000
1641921598618053993 90.086357 0.000000
1641921598835175323 88.452735 0.000000
1641921598868988973 88.535179 0.000000
1641921598886118460 88.526894 0.000000
1641921598909650839 89.524063 0.000000
1641921599020290581 176.898407 0.000000
1641921599129228493 88.579963 0.000000
1641921599152010636 88.679330 0.000000
1641921599171305041 88.480487 0.000000
1641921599201398878 88.470969 0.000000
1641921599248896668 88.589201 0.000000
1641921599249515889 88.488392 0.000000
1641921599277423629 89.096392 0.000000
1641921599321754121 88.485867 0.000000
1641921599435693678 177.051263 0.000000
1641921599451653813 90.185121 0.000000
1641921599454772509 88.715287 0.000000
1641921599523754508 89.622958 0.000000
1641921599656857185 176.700997 0.000000
1641921599761636091 176.884631 0.000000
1641921599768316002 89.217188 0.000000
1641921599788096198 88.560297 0.000000
1641921599850999613 88.646888 0.000000
1641921599945187949 176.866457 0.000000
1641921599946859031 176.938382 0.000000
1641921599998837529 88.458065 0.000000
1641921600270710585 89.391184 0.000000
1641921600374006482 88.551781 0.000000
1641921600420090131 88.481900 0.000000
1641921600445541065 88.372625 0.000000
1641921600593953578 88.585433 0.000000
1641921600597178162 88.631690 0.000000
1641921600669091316 88.746055 0.000000
1641921600690149016 88.566408 0.000000
1641921600816705953 88.448817 0.000000
1641921600922487148 88.698746 0.000000
1641921600926221448 176.974690 0.000000
1641921601038236918 89.729728 0.000000
1641921601301494836 176.588205 0.000000
1641921601314845681 88.499042 0.000000
1641921601326182640 88.746426 0.000000
1641921601378676174 176.774063 0.000000
1641921601389903779 88.398644 0.000000
1641921601399537877 88.524720 0.000000
1641921601414724673 88.533356 0.000000
1641921601434553620 176.800443 0.000000
1641921601465629819 88.579122 0.000000
1641921601797959795 88.662077 0.000000
1641921601820619678 88.439820 0.000000
1641921601869377058 177.015256 0.000000
1641921602055818362 89.128050 0.000000
1641921602212126074 176.712108 0.000000
1641921602216270011 88.495024 0.000000
1641921602257964042 88.465669 0.000000
1641921602262463385 88.504562 0.000000
1641921602272707247 88.730446 0.000000
1641921602335963213 89.416401 0.000000
1641921602446113086 88.604880 0.000000
1641921602464080044 88.588410 0.000000
1641921602519284589 176.968839 0.000000
1641921602538557063 176.625785 0.000000
1641921602562529827 88.703074 0.000000
1641921602663599040 88.464647 0.000000
1641921602715974452 177.413121 0.000000
1641921602742165584 178.916168 0.000000
1641921602868402452 88.396290 0.000000
1641921602927371733 89.101942 0.000000
1641921603043092058 177.491348 0.000000
1641921603159456380 88.394917 0.000000
1641921603246397250 89.261190 0.000000
1641921603319264823 89.533250 0.000000
1641921603366957658 176.750429 0.000000
1641921603452937227 89.327424 0.000000
1641921603603335302 176.901753 0.000000
1641921603610028517 88.413451 0.000000
1641921603657428604 89.561303 0.000000
1641921603755497162 88.595754 0.000000
1641921603773403125 88.596204 0.000000
1641921603847716547 88.693757 0.000000
1641921603903656911 88.801218 0.000000
1641921603974869882 88.579913 0.000000
1641921604063575681 88.699428 0.000000
1641921604160881310 88.485997 0.000000
1641921604349195775 88.617033 0.000000
1641921604482355648 88.545959 0.000000
1641921604567880004 88.658841 0.000000
1641921604649506314 176.905310 0.000000
1641921604771786264 88.518589 0.000000
1641921604821388217 88.656778 0.000000
1641921604929863733 88.458857 0.000000
1641921605135638755 88.562792 0.000000
1641921605138134173 88.501236 0.000000
1641921605168969230 88.571548 0.000000
1641921605219621872 88.426426 0.000000
1641921605279797135 88.526804 0.000000
1641921605441347012 88.512547 0.000000
1641921605569002137 88.506385 0.000000
1641921605619895641 88.482511 0.000000
1641921605643056584 88.720176 0.000000
1641921605654679059 88.469877 0.000000
1641921605726127361 88.460118 0.000000
1641921605946286856 176.808979 0.000000
1641921606148129027 88.522496 0.000000
1641921606152056468 88.401589 0.000000
1641921606274709227 176.940816 0.000000
1641921606327237896 88.526173 0.000000
1641921606362448565 88.412439 0.000000
1641921606369680300 88.531152 0.000000
1641921606480149182 89.143189 0.000000
1641921606595773467 88.455460 0.000000
1641921606652505284 88.415525 0.000000
1641921606960983112 88.658611 0.000000
1641921607294581345 88.578741 0.000000
1641921607318374412 88.449559 0.000000
1641921607440453175 88.577608 0.000000
1641921607488331488 88.510873 0.000000
1641921607503865565 88.425023 0.000000
1641921607624795996 176.839206 0.000000
1641921607833124805 88.470758 0.000000
1641921608123463743 88.599931 0.000000
1641921608192538657 88.552913 0.000000
1641921608237969953 88.649544 0.000000
1641921608271373474 88.763487 0.000000
1641921608414726183 176.752313 0.000000
1641921608555207159 88.609600 0.000000
1641921608558681161 88.560718 0.000000
1641921608567895452 176.893818 0.000000
1641921608582778428 176.712898 0.000000
1641921608693380540 88.475588 0.000000
1641921608696333114 88.447455 0.000000
1641921608838813007 88.365832 0.000000
1641921608988340399 88.525672 0.000000
1641921609009418658 176.926268 0.000000
1641921609048147591 88.497388 0.000000
1641921609490837966 88.470678 0.000000
1641921609500784239 176.838223 0.000000
1641921609534517949 88.542753 0.000000
1641921609737900197 88.479505 0.000000
1641921609847296007 88.685070 0.000000
1641921609851866474 176.685227 0.000000
1641921609908806442 88.464637 0.000000
1641921609930027458 88.583950 0.000000
1641921609950248540 177.612324 0.000000
1641921610075078550 88.624918 0.000000
1641921610181836997 88.560718 0.000000
1641921610215152734 176.835929 0.000000
1641921610244568561 176.808619 0.000000
1641921610246219004 88.486559 0.000000
1641921610332375305 88.490706 0.000000
1641921610399760721 88.552331 0.000000
1641921610488190062 88.423900 0.000000
1641921610593381633 176.656593 0.000000
1641921610638802098 90.329142 0.000000
1641921610644969839 88.410535 0.000000
1641921610690693643 88.497419 0.000000
1641921610839625900 88.493501 0.000000
1641921610857290230 89.276729 0.000000
1641921610869081822 176.751300 0.000000
1641921610972034636 177.240578 0.000000
1641921610997029606 176.777530 0.000000
1641921611024190727 176.953310 0.000000
1641921611054051858 88.472562 0.000000
1641921611057619335 88.686443 0.000000
1641921611112757355 88.560767 0.000000
1641921611148772541 89.097453 0.000000
1641921611166081716 88.424211 0.000000
1641921611200257915 88.556810 0.000000
1641921611222609420 88.438458 0.000000
1641921611240847045 176.833435 0.000000
1641921611347295951 88.511636 0.000000
1641921611435795664 88.491318 0.000000
1641921611457072786 89.397897 0.000000
1641921611462353725 90.159353 0.000000
1641921611666444681 89.550663 0.000000
1641921611858257192 89.562675 0.000000
1641921611882140539 88.580574 0.000000
1641921611974767919 178.378010 0.000000
1641921612016520159 88.399936 0.000000
1641921612058015377 176.745580 0.000000
1641921612058416609 88.996013 0.000000
1641921612090913361 88.912347 0.000000
1641921612202880010 176.914938 0.000000
1641921612258092489 88.983821 0.000000
1641921612266692489 176.660480 0.000000
1641921612347926453 88.494654 0.000000
1641921612355103065 88.405977 0.000000
1641921612437186512 89.038603 0.000000
1641921612439234150 88.460790 0.000000
1641921612531968850 90.787772 0.000000
1641921612548354414 89.574257 0.000000
1641921612613657216 89.237787 0.000000
1641921612685335710 88.439911 0.000000
1641921612690918174 88.517867 0.000000
1641921612980932323 88.659333 0.000000
1641921613053959374 88.431515 0.000000
1641921613215737239 177.192487 0.000000
1641921613339636735 88.454127 0.000000
1641921613378661313 176.858091 0.000000
1641921613401659791 88.541081 0.000000
1641921613467113326 176.701087 0.000000
1641921613485622740 88.420484 0.000000
1641921613711519779 88.545459 0.000000
1641921613910215793 89.173045 0.000000
1641921613923190031 88.678739 0.000000
1641921614077955993 88.648111 0.000000
1641921614127558297 88.413681 0.000000
1641921614137913767 88.400768 0.000000
1641921614192463675 176.908065 0.000000
1641921614280914367 88.444530 0.000000
1641921614305896222 89.379662 0.000000
1641921614321611779 88.575364 0.000000
1641921614346607180 88.564494 0.000000
1641921614432131526 88.425304 0.000000
1641921614513558452 88.592217 0.000000
1641921614522254492 88.451412 0.000000
1641921614556955375 88.629176 0.000000
1641921614599495652 176.648779 0.000000
1641921614637398517 88.959514 0.000000
1641921614729939524 89.484028 0.000000
1641921614902168609 88.625338 0.000000
1641921615016327447 88.950267 0.000000
1641921615029914284 177.136282 0.000000
1641921615147351127 89.481844 0.000000
1641921615216418366 88.489804 0.000000
1641921615232003618 176.934394 0.000000
1641921615234567544 88.538345 0.000000
1641921615303582776 88.582899 0.000000
1641921615304659113 176.717036 0.000000
1641921615308307592 90.102597 0.000000
1641921615375562484 89.167465 0.000000
1641921615665844746 88.652960 0.000000
1641921615687043471 176.732776 0.000000
1641921615750916744 89.414427 0.000000
1641921615789283529 88.409805 0.000000
1641921615877838195 88.549196 0.000000
1641921615886269408 176.553921 0.000000
1641921615974133279 89.200125 0.000000
1641921616007595030 88.689529 0.000000
1641921616183272177 88.658501 0.000000
1641921616411736979 90.988167 0.000000
1641921616631431983 88.604710 0.000000
1641921616645080997 176.639241 0.000000
1641921616654241728 88.922405 0.000000
1641921616762637073 88.487009 0.000000
1641921616804165944 176.808077 0.000000
1641921616816986465 88.516535 0.000000
1641921616913661131 88.388795 0.000000
1641921616921608747 88.639535 0.000000
1641921616984120659 88.858926 0.000000
1641921617010231932 88.613456 0.000000
1641921617062442886 88.440943 0.000000
1641921617084692290 176.784273 0.000000
1641921617252964367 88.546792 0.000000
1641921617285655714 88.498711 0.000000
1641921617307270638 88.723251 0.000000
1641921617352508301 88.750193 0.000000
1641921617353551767 88.674501 0.000000
1641921617401627260 88.537594 0.000000
1641921617422775710 88.581065 0.000000
1641921617529379257 176.861347 0.000000
1641921617571408746 88.409253 0.000000
1641921617597260593 88.476410 0.000000
1641921617636117666 89.306124 0.000000
1641921617690453463 88.600883 0.000000
1641921617723629828 176.787919 0.000000
1641921617773915283 176.648939 0.000000
1641921617781718879 176.739198 0.000000
1641921617796810227 88.470027 0.000000
1641921617816045220 89.279233 0.000000
1641921618102501601 88.487629 0.000000
1641921618121190582 176.903155 0.000000
1641921618218567985 176.672313 0.000000
1641921618416939431 88.527535 0.000000
1641921618449644733 176.661182 0.000000
1641921618537245030 177.111767 0.000000
1641921618537621306 88.395187 0.000000
1641921618610346982 88.564174 0.000000
1641921618666041756 89.396825 0.000000
1641921618798296884 88.580545 0.000000
1641921618800406969 177.279992 0.000000
1641921618811160415 88.411618 0.000000
1641921618886764937 88.478162 0.000000
1641921618976601225 88.695189 0.000000
1641921619236157966 88.504331 0.000000
1641921619323194406 88.660354 0.000000
1641921619409392295 88.712021 0.000000
1641921619470422799 89.111830 0.000000
1641921619498111479 88.712782 0.000000
1641921619511872372 88.500925 0.000000
1641921619675892249 88.465680 0.000000
1641921619717051898 176.678244 0.000000
1641921619745634003 88.614398 0.000000
1641921619778577742 176.819909 0.000000
1641921619802255874 88.493992 0.000000
1641921619827942030 88.404985 0.000000
1641921619835138309 89.498776 0.000000
1641921619977613903 176.724380 0.000000
1641921620167409675 88.452294 0.000000
1641921620201623074 88.951259 0.000000
1641921620256228135 88.394946 0.000000
1641921620433095424 176.863772 0.000000
1641921620441574977 88.463485 0.000000
1641921620559160519 176.716446 0.000000
1641921620620500203 88.510764 0.000000
1641921620625373859 89.056688 0.000000
1641921620626497304 89.031070 0.000000
1641921620735513353 176.872228 0.000000
1641921620833552316 88.484164 0.000000
1641921620844864840 88.404786 0.000000
1641921620979701236 89.422041 0.000000
1641921621072170399 88.981436 0.000000
1641921621209611187 88.444770 0.000000
1641921621305861568 176.665370 0.000000
1641921621320039303 88.620189 0.000000
1641921621393947926 88.518468 0.000000
1641921621508654160 88.802530 0.000000
1641921621532703278 88.533056 0.000000
1641921621572403111 88.541712 0.000000
1641921621662499426 89.492704 0.000000
1641921621715005654 88.546781 0.000000
1641921621835934973 88.665634 0.000000
1641921622081915316 88.419663 0.000000
1641921622153517446 88.470579 0.000000
1641921622220089057 176.780475 0.000000
1641921622224391151 88.781061 0.000000
1641921622278121072 88.564715 0.000000
1641921622302295504 88.708314 0.000000
1641921622308553033 88.455109 0.000000
1641921622336249787 88.588649 0.000000
1641921622389665459 177.089625 0.000000
1641921622460037364 88.992858 0.000000
1641921622762301084 176.656102 0.000000
1641921623117506257 177.131263 0.000000
1641921623332370587 88.480978 0.000000
1641921623623737843 88.815916 0.000000
1641921623638152692 88.446143 0.000000
1641921623695191314 89.093906 0.000000
1641921623745829069 88.486037 0.000000
1641921624049956072 176.740841 0.000000
1641921624062008643 88.429371 0.000000
1641921624236985338 88.561629 0.000000
1641921624542588127 88.487110 0.000000
1641921624543538278 88.442155 0.000000
1641921624584222896 88.514861 0.000000
1641921624715676582 89.532439 0.000000
1641921624799979168 176.720744 0.000000
1641921624804302281 88.616141 0.000000
1641921624812666369 176.918484 0.000000
1641921624892803717 88.495345 0.000000
1641921624925200381 88.537553 0.000000
1641921625114426635 88.715047 0.000000
1641921625217039051 88.390288 0.000000
1641921625305534185 88.490054 0.000000
1641921625307122122 89.460614 0.000000
1641921625373140506 88.570305 0.000000
1641921625441795613 88.509602 0.000000
1641921625715649241 88.380981 0.000000
1641921625718000208 88.413932 0.000000
1641921625739720620 88.585033 0.000000
1641921625814768820 88.620840 0.000000
1641921625832017932 88.634035 0.000000
1641921625884415966 88.526393 0.000000
1641921625892630283 88.780459 0.000000
1641921626067009658 88.390799 0.000000
1641921626097672993 89.133311 0.000000
1641921626100132984 88.454829 0.000000
1641921626154529074 88.629066 0.000000
1641921626186898937 178.345880 0.000000
1641921626330111835 88.581577 0.000000
1641921626624252949 176.878028 0.000000
1641921626680922219 88.613276 0.000000
1641921626898346157 88.392502 0.000000
1641921626905166782 88.506897 0.000000
1641921626995839287 89.144962 0.000000
1641921627106090581 89.352882 0.000000
1641921627375981001 88.539637 0.000000
1641921627407307469 88.571036 0.000000
1641921627464460166 88.468695 0.000000
1641921627489183597 88.490606 0.000000
1641921627520994483 88.544447 0.000000
1641921627552799118 88.458566 0.000000
1641921627682093446 88.476019 0.000000
1641921627766380653 88.549827 0.000000
1641921627912083977 88.390929 0.000000
1641921628119767097 88.434942 0.000000
1641921628264776491 88.450401 0.000000
1641921628352989837 88.412570 0.000000
1641921628502038773 88.530190 0.000000
1641921628703464874 88.544807 0.000000
1641921628873085089 176.745259 0.000000
1641921628996962323 88.437556 0.000000
1641921629074463711 88.365081 0.000000
1641921629146502971 89.089659 0.000000
1641921629243240414 177.288298 0.000000
1641921629294448268 88.504602 0.000000
1641921629443629612 88.479776 0.000000
1641921629515299609 88.407329 0.000000
1641921629535397401 88.676204 0.000000
1641921629540116256 176.893407 0.000000
1641921629592830643 88.467452 0.000000
1641921629623986391 88.581196 0.000000
1641921629802784518 88.668559 0.000000
1641921629807060654 88.444549 0.000000
1641921629860598835 88.494433 0.000000
1641921629964716132 88.545058 0.000000
1641921629969985739 88.608226 0.000000
1641921630021603270 88.453537 0.000000
1641921630188919617 176.816724 0.000000
1641921630259911002 88.615019 0.000000
1641921630292253705 88.757867 0.000000
1641921630316322960 88.514021 0.000000
1641921630394616132 88.569554 0.000000
1641921630436960432 88.479666 0.000000
1641921630483099224 88.472662 0.000000
1641921630509528503 88.536141 0.000000
1641921630544930600 88.592347 0.000000
1641921630608570897 88.370190 0.000000
1641921630767475968 88.648042 0.000000
1641921630824511875 88.710148 0.000000
1641921630894208053 88.557652 0.000000
1641921631265672662 89.011452 0.000000
1641921631397235933 88.510633 0.000000
1641921631419958694 176.713741 0.000000
1641921631501046475 176.794342 0.000000
1641921631572957524 176.964410 0.000000
1641921631585881509 88.643172 0.000000
1641921631599716030 88.572450 0.000000
1641921631627969067 88.402110 0.000000
1641921631763389718 88.994950 0.000000
1641921631777808355 176.903176 0.000000
1641921632051741533 88.746927 0.000000
1641921632147463583 88.533777 0.000000
1641921632157018893 177.957493 0.000000
1641921632218829951 176.755127 0.000000
1641921632287601576 88.529179 0.000000
1641921632343189640 88.398453 0.000000
1641921632406096131 88.462914 0.000000
1641921632502224203 88.474466 0.000000
1641921632520295295 177.102108 0.000000
1641921632617016929 89.344346 0.000000
1641921632631986358 176.910099 0.000000
1641921632721183438 89.191771 0.000000
1641921632788066263 88.434211 0.000000
1641921632801760721 88.693777 0.000000
1641921632822911957 177.478544 0.000000
1641921632887855617 176.829057 0.000000
1641921633008474995 88.464166 0.000000
1641921633064636413 176.770196 0.000000
1641921633234615430 89.129373 0.000000
1641921633301989766 176.747604 0.000000
1641921633302174032 88.430403 0.000000
1641921633479357322 177.174213 0.000000
1641921633516968110 88.493542 0.000000
1641921633527892947 89.378800 0.000000
1641921633618235915 88.405616 0.000000
1641921633678145128 88.573621 0.000000
1641921633684679657 176.928944 0.000000
1641921633732725232 88.485105 0.000000
1641921633818242946 88.716789 0.000000
1641921633865283679 176.703221 0.000000
1641921633968315561 91.147276 0.000000
1641921634056859066 88.537514 0.000000
1641921634183124207 88.410857 0.000000
1641921634212296937 88.638694 0.000000
1641921634231025833 89.569007 0.000000
1641921634276730431 176.790244 0.000000
1641921634320988408 88.402721 0.000000
1641921634481719521 176.594608 0.000000
1641921634531182714 88.646999 0.000000
1641921634549750537 88.585594 0.000000
1641921634567876463 176.781638 0.000000
1641921634621084014 88.407921 0.000000
1641921634894815594 88.579753 0.000000
1641921634953787711 88.500925 0.000000
1641921634989977936 176.758605 0.000000
1641921635073039836 88.584322 0.000000
1641921635274928845 88.560417 0.000000
1641921635316477062 178.031370 0.000000
1641921635405056725 88.575585 0.000000
1641921635463387300 88.562591 0.000000
1641921635625923426 176.722297 0.000000
1641921635714180534 88.486337 0.000000
1641921635724111249 176.638791 0.000000
1641921635861952697 88.642040 0.000000
1641921635916011815 176.666793 0.000000
1641921636006466763 89.198132 0.000000
1641921636011150322 88.563573 0.000000
1641921636020663463 177.932355 0.000000
1641921636149494362 88.508370 0.000000
1641921636302619800 88.408402 0.000000
1641921636386868504 176.692119 0.000000
1641921636459849048 176.898707 0.000000
1641921636519383479 88.600863 0.000000
1641921636636421915 176.568789 0.000000
1641921636711793080 88.683387 0.000000
1641921636815294302 88.549436 0.000000
1641921636862014794 88.618495 0.000000
1641921636950837924 88.817730 0.000000
1641921636986274415 89.688431 0.000000
1641921637033826487 89.443863 0.000000
1641921637091249700 88.611402 0.000000
1641921637236318586 88.665073 0.000000
1641921637535462448 88.330997 0.000000
1641921637921613627 176.852040 0.000000
1641921637968646164 88.375129 0.000000
1641921637972276689 88.568121 0.000000
1641921638080631859 88.570776 0.000000
1641921638102443853 89.503013 0.000000
1641921638113504615 88.946059 0.000000
1641921638123849125 88.551350 0.000000
1641921638177261050 88.604560 0.000000
1641921638188098353 88.717441 0.000000
1641921638212283546 88.610120 0.000000
1641921638331273779 177.509362 0.000000
1641921638502266277 88.413251 0.000000
1641921638567043434 177.273690 0.000000
1641921638652654283 88.529810 0.000000
1641921638950682354 88.425605 0.000000
1641921639095811963 88.550107 0.000000
1641921639098338669 88.935219 0.000000
1641921639135343200 88.650315 0.000000
1641921639169552231 88.571498 0.000000
1641921639209947447 176.633741 0.000000
1641921639376577197 176.757583 0.000000
1641921639499224606 88.617854 0.000000
1641921639533569191 88.460359 0.000000
1641921639692197463 88.524580 0.000000
1641921639712032411 89.405290 0.000000
1641921639806441040 176.927341 0.000000
1641921639828314800 88.421446 0.000000
1641921639829679157 88.457223 0.000000
1641921639904683585 88.562932 0.000000
1641921639981863660 88.629266 0.000000
1641921640029714441 88.642580 0.000000
1641921640085269874 89.426470 0.000000
1641921640118339630 88.621612 0.000000
1641921640120314852 88.976697 0.000000
1641921640372250348 89.214653 0.000000
1641921640409725190 177.148195 0.000000
1641921640516990237 88.503430 0.000000
1641921640668561872 88.524340 0.000000
1641921640754619878 88.587868 0.000000
1641921640780715060 88.621041 0.000000
1641921640794440357 176.789773 0.000000
1641921640869428714 88.704367 0.000000
1641921640873052126 88.470097 0.000000
1641921641122527350 89.478788 0.000000
1641921641192285174 89.017003 0.000000
1641921641396907807 88.536572 0.000000
1641921641412488331 88.439801 0.000000
1641921641447023312 88.642169 0.000000
1641921641535603967 88.576618 0.000000
1641921641610857832 176.865625 0.000000
1641921641624102929 88.492219 0.000000
1641921641707642295 88.615892 0.000000
1641921641740821084 88.686724 0.000000
1641921641889118091 88.528156 0.000000
1641921641968428740 88.371583 0.000000
1641921642015098978 88.586766 0.000000
1641921642057053227 88.620559 0.000000
1641921642131262374 176.845086 0.000000
1641921642343735462 88.530070 0.000000
1641921642760255052 88.436955 0.000000
1641921643005899566 89.455184 0.000000
1641921643013506354 88.881428 0.000000
1641921643064349755 88.594901 0.000000
1641921643117722336 176.672473 0.000000
1641921643125881419 88.490385 0.000000
1641921643174866716 88.530561 0.000000
1641921643185080611 88.710407 0.000000
1641921643217900488 88.494073 0.000000
1641921643263363414 88.487089 0.000000
1641921643287232143 88.530100 0.000000
1641921643302663147 176.777610 0.000000
1641921643368420812 88.610650 0.000000
1641921643371983350 88.714254 0.000000
1641921643476528198 89.253475 0.000000
1641921643501373538 89.709049 0.000000
1641921643564990391 88.456342 0.000000
1641921643834223018 88.651838 0.000000
1641921644010515048 88.510092 0.000000
1641921644077893853 90.284108 0.000000
1641921644084067064 88.440953 0.000000
1641921644162250410 88.613837 0.000000
1641921644165949964 88.368978 0.000000
1641921644168196275 90.297222 0.000000
1641921644238292372 88.472482 0.000000
1641921644529278053 177.627874 0.000000
1641921645010481307 176.722107 0.000000
1641921645029612576 88.633905 0.000000
1641921645140160396 88.405506 0.000000
1641921645167317319 89.305063 0.000000
1641921645182168435 88.643252 0.000000
1641921645187135876 176.645382 0.000000
1641921645313863223 88.497369 0.000000
1641921645365588857 89.227277 0.000000
1641921645564829642 179.524219 0.000000
1641921645576423233 89.119254 0.000000
1641921645688324319 88.563413 0.000000
1641921645817982399 88.527655 0.000000
1641921645818021092 88.492520 0.000000
1641921645984415380 88.449860 0.000000
1641921646014627569 88.483893 0.000000
1641921646099611713 176.706758 0.000000
1641921646410166393 88.411117 0.000000
1641921646490223933 88.346516 0.000000
1641921646549294775 88.312512 0.000000
1641921646552107457 91.127619 0.000000
1641921646631839205 89.349325 0.000000
1641921646787268871 88.251407 0.000000
1641921646797988213 178.408046 0.000000
1641921646843752464 88.288207 0.000000
1641921646875599968 88.321199 0.000000
1641921647020928771 178.877245 0.000000
1641921647107483368 89.486162 0.000000
1641921647180119277 88.461411 0.000000
1641921647239346531 176.668415 0.000000
1641921647324757826 88.964004 0.000000
1641921647439376416 89.251762 0.000000
1641921647497203677 89.214573 0.000000
1641921647544985950 88.463315 0.000000
1641921647588672876 88.515503 0.000000
1641921647633026833 88.531513 0.000000
1641921647648329556 176.662886 0.000000
1641921647738689155 88.605231 0.000000
1641921647768614527 88.627893 0.000000
1641921647797106582 176.675970 0.000000
1641921647798737389 176.775446 0.000000
1641921647919711281 88.515722 0.000000
1641921647936433826 89.003849 0.000000
1641921647964702142 177.264293 0.000000
1641921648041594458 88.424251 0.000000
1641921648064945036 88.835433 0.000000
1641921648154941485 89.989425 0.000000
1641921648177334147 176.902355 0.000000
1641921648187088932 89.053391 0.000000
1641921648204804638 88.466200 0.000000
1641921648289109057 88.996273 0.000000
1641921648380694655 176.790625 0.000000
1641921648508377953 88.458316 0.000000
1641921648515451932 88.558703 0.000000
1641921648596468750 88.607556 0.000000
1641921648727420775 88.488512 0.000000
1641921648783014009 88.672277 0.000000
1641921648806086857 88.541282 0.000000
1641921648912697827 88.876439 0.000000
1641921648942421981 88.597978 0.000000
1641921648952366020 88.487479 0.000000
1641921648961880534 177.644506 0.000000
1641921649012031096 88.541351 0.000000
1641921649063117802 88.522817 0.000000
1641921649167371495 176.821362 0.000000
1641921649292900906 88.479725 0.000000
1641921649315336099 88.530181 0.000000
1641921649380696650 88.530080 0.000000
1641921649441365647 88.633804 0.000000
1641921649500231134 88.475477 0.000000
1641921649740020083 88.693397 0.000000
1641921649819169640 176.834207 0.000000
1641921649870201223 88.406318 0.000000
1641921649884870028 88.535530 0.000000
1641921649895890284 88.431405 0.000000
1641921649907788296 88.612364 0.000000
1641921649944973616 88.448688 0.000000
1641921650000240317 88.514140 0.000000
1641921650020655413 176.683554 0.000000
1641921650077477860 88.372715 0.000000
1641921650153539349 89.284053 0.000000
1641921650378852243 88.713354 0.000000
1641921650451459418 88.400617 0.000000
1641921650515811449 89.485250 0.000000
1641921650531086891 176.987644 0.000000
1641921650604432569 88.616462 0.000000
1641921650606515233 88.540389 0.000000
1641921650616899007 88.674852 0.000000
1641921650692945958 88.507958 0.000000
1641921650816689011 88.645286 0.000000
1641921650835048675 177.123539 0.000000
1641921650877929971 88.497259 0.000000
1641921650896173807 177.569254 0.000000
1641921651048154548 88.557531 0.000000
1641921651054502988 176.806715 0.000000
1641921651074569901 178.391505 0.000000
1641921651137094637 88.757096 0.000000
1641921651216082140 176.973557 0.000000
1641921651256880452 176.769695 0.000000
1641921651410698868 88.330947 0.000000
1641921651472584266 88.608467 0.000000
1641921651491473842 88.759079 0.000000
1641921651545159330 88.418351 0.000000
1641921651702090450 88.463435 0.000000
1641921651754844502 88.498981 0.000000
1641921651769492117 88.376402 0.000000
1641921651777245109 88.714155 0.000000
1641921651837919557 88.511615 0.000000
1641921651858176036 88.680252 0.000000
1641921652069079421 88.506115 0.000000
1641921652138819030 88.422177 0.000000
1641921652140118416 88.437597 0.000000
1641921652218283017 88.538887 0.000000
1641921652425172850 176.764356 0.000000
1641921652564636138 88.349311 0.000000
1641921652693787669 89.799480 0.000000
1641921652798554883 90.589068 0.000000
1641921652939603705 88.473966 0.000000
1641921653076401437 176.782159 0.000000
1641921653079371825 88.552753 0.000000
1641921653424697740 88.562742 0.000000
1641921653453539401 88.494804 0.000000
1641921653486406968 88.492049 0.000000
1641921653631716965 89.446538 0.000000
1641921653670930608 88.518920 0.000000
1641921653741471639 90.025363 0.000000
1641921653886211478 88.470749 0.000000
1641921653949022931 176.782640 0.000000
1641921653962832636 88.576787 0.000000
1641921654049968352 176.689264 0.000000
1641921654125150513 88.445862 0.000000
1641921654250104466 88.704327 0.000000
1641921654304047516 88.557852 0.000000
1641921654587259717 88.426506 0.000000
1641921654763096343 88.510914 0.000000
1641921654805710650 89.275047 0.000000
1641921654822222469 88.434622 0.000000
1641921654830682897 88.523768 0.000000
1641921654967390721 88.627923 0.000000
1641921654998514369 88.668419 0.000000
1641921655121571877 88.604480 0.000000
1641921655162309425 88.538996 0.000000
1641921655210392151 176.701909 0.000000
1641921655216817124 88.560688 0.000000
1641921655250746541 88.428159 0.000000
1641921655385680520 88.502809 0.000000
1641921655442568460 177.662649 0.000000
1641921655466154890 176.689756 0.000000
1641921655630814066 88.557341 0.000000
1641921655648275405 88.682256 0.000000
1641921655684140871 88.607415 0.000000
1641921655795531241 88.587158 0.000000
1641921655815026723 88.853116 0.000000
1641921655821644888 88.521404 0.000000
1641921655854906333 88.519701 0.000000
1641921655966726337 88.600101 0.000000
1641921656055233183 88.497299 0.000000
1641921656256668953 88.501065 0.000000
1641921656284319601 88.641479 0.000000
1641921656548874561 88.581677 0.000000
1641921656556323213 176.725944 0.000000
1641921656644755219 88.426395 0.000000
1641921656699509510 88.356855 0.000000
1641921656911277596 88.947552 0.000000
1641921656980353692 88.529379 0.000000
1641921657010915917 88.453887 0.000000
1641921657013435651 88.611383 0.000000
1641921657101955441 88.510212 0.000000
1641921657129562648 88.570456 0.000000
1641921657156112983 88.670272 0.000000
1641921657197978165 88.507668 0.000000
1641921657199380123 89.296917 0.000000
1641921657349459421 91.999764 0.000000
1641921657493047300 88.547011 0.000000
1641921657494889193 89.302598 0.000000
1641921657545900598 88.358880 0.000000
1641921657581383928 88.709266 0.000000
1641921657582061387 89.009539 0.000000
1641921657782893095 88.474355 0.000000
1641921657824903579 176.745791 0.000000
1641921657882429135 88.394777 0.000000
1641921657954396079 88.657970 0.000000
1641921657994760417 88.642952 0.000000
1641921658001559862 176.648198 0.000000
1641921658027046554 88.722140 0.000000
1641921658244789299 88.505845 0.000000
1641921658260992561 177.473315 0.000000
1641921658427463843 89.536065 0.000000
1641921658436243149 88.577690 0.000000
1641921658591625196 176.478149 0.000000
1641921658596292163 88.575726 0.000000
1641921658753856491 88.898281 0.000000
1641921658779490729 88.963001 0.000000
1641921658793868749 88.459548 0.000000
1641921658948760106 88.455620 0.000000
1641921659089217589 88.414874 0.000000
1641921659155768862 88.613477 0.000000
1641921659308769244 88.479575 0.000000
1641921659599322074 88.526733 0.000000
1641921659600289848 88.436434 0.000000
1641921659828726177 176.691348 0.000000
1641921660007344708 88.528196 0.000000
1641921660104925122 88.584020 0.000000
1641921660147942053 176.876506 0.000000
1641921660354177329 88.487971 0.000000
1641921660397942732 88.396600 0.000000
1641921660398998351 88.571237 0.000000
1641921660410596450 88.490415 0.000000
1641921660422618945 88.447705 0.000000
1641921660443912688 88.675162 0.000000
1641921660475784167 88.515773 0.000000
1641921660807933776 88.722991 0.000000
1641921660817701635 88.455510 0.000000
1641921660844207257 176.769074 0.000000
1641921660889203688 88.471781 0.000000
1641921661125259238 88.571649 0.000000
1641921661126354341 88.461271 0.000000
1641921661127083107 89.193083 0.000000
1641921661185760812 176.738056 0.000000
1641921661191084290 176.737856 0.000000
1641921661240257791 176.899759 0.000000
1641921661298483579 88.550579 0.000000
1641921661414691488 88.515713 0.000000
1641921661532303689 176.852741 0.000000
1641921661588690610 88.639164 0.000000
1641921661649375097 177.622434 0.000000
1641921661656719232 176.671160 0.000000
1641921661697350161 88.435683 0.000000
1641921661715573689 88.430574 0.000000
1641921661851035547 89.299483 0.000000
1641921661928097021 88.669001 0.000000
1641921661939579203 88.534759 0.000000
1641921661980545790 89.218480 0.000000
1641921662155362385 176.708651 0.000000
1641921662308694560 176.610808 0.000000
1641921662369754750 88.507418 0.000000
1641921662386059482 88.623375 0.000000
1641921662477157736 177.719056 0.000000
1641921662548360267 88.430183 0.000000
1641921662691607028 176.817706 0.000000
1641921662722594441 88.500064 0.000000
1641921662868518379 176.900130 0.000000
1641921662957049000 88.523628 0.000000
1641921662965928835 88.379499 0.000000
1641921662986118678 177.060330 0.000000
1641921662993195262 88.532444 0.000000
1641921663036662326 176.711136 0.000000
1641921663045209848 176.690076 0.000000
1641921663045432826 88.378677 0.000000
1641921663089276326 88.525652 0.000000
1641921663177747846 88.467553 0.000000
1641921663221952734 176.739179 0.000000
1641921663253083925 89.453751 0.000000
1641921663275213815 89.318668 0.000000
1641921663469710799 88.436204 0.000000
1641921663535566959 89.440245 0.000000
1641921663618539182 88.399255 0.000000
1641921663691703681 88.436645 0.000000
1641921663694356473 176.736033 0.000000
1641921663723771939 88.454738 0.000000
1641921663960526249 88.511926 0.000000
1641921664200251509 89.349506 0.000000
1641921664231545837 88.476169 0.000000
1641921664270325444 88.542524 0.000000
1641921664276934523 89.324519 0.000000
1641921664329285729 177.652200 0.000000
1641921664363981453 176.703702 0.000000
1641921664457575645 88.586516 0.000000
1641921664493536209 88.511755 0.000000
1641921664557648521 88.502899 0.000000
1641921664613570029 88.487259 0.000000
1641921664655694567 88.660304 0.000000
1641921664667640428 88.438859 0.000000
1641921664702933451 88.647019 0.000000
1641921664780725815 89.599445 0.000000
1641921664929740787 89.205496 0.000000
1641921664930622169 89.029126 0.000000
1641921664993219982 89.544531 0.000000
1641921665019838335 89.168858 0.000000
1641921665249325915 88.401339 0.000000
1641921665262508314 88.508359 0.000000
1641921665281861039 88.535691 0.000000
1641921665350977900 88.465719 0.000000
1641921665374991702 88.590714 0.000000
1641921665583298962 88.511395 0.000000
1641921665690193043 176.809520 0.000000
1641921665704613332 176.730131 0.000000
1641921665717824375 88.423961 0.000000
1641921665771081560 88.485677 0.000000
1641921665794871100 89.088326 0.000000
1641921665844357187 88.594330 0.000000
1641921665846214638 88.454808 0.000000
1641921665873623543 88.659743 0.000000
1641921666052475112 176.975051 0.000000
1641921666079685634 88.460901 0.000000
1641921666212807898 176.734329 0.000000
1641921666359386043 88.429291 0.000000
1641921666399110101 88.568342 0.000000
1641921666665375918 88.668019 0.000000
1641921666675381452 176.644892 0.000000
1641921666995825139 176.989127 0.000000
1641921667107569472 88.840041 0.000000
1641921667140454752 88.366604 0.000000
1641921667183692807 88.390098 0.000000
1641921667317484705 177.023241 0.000000
1641921667430820802 88.508910 0.000000
1641921667487643319 88.699096 0.000000
1641921667689786174 176.557037 0.000000
1641921667813330625 88.502670 0.000000
1641921668104220346 88.486689 0.000000
1641921668385482071 88.465048 0.000000
1641921668490217747 176.690728 0.000000
1641921668534312738 176.680448 0.000000
1641921668636761828 88.686323 0.000000
1641921668711611426 88.602416 0.000000
1641921668896700976 88.482110 0.000000
1641921668938705068 88.408172 0.000000
1641921668995332169 88.544476 0.000000
1641921669243693636 88.486228 0.000000
1641921669317443392 88.552101 0.000000
1641921669371567672 88.530230 0.000000
1641921669484260623 88.621902 0.000000
1641921669562167631 176.603715 0.000000
1641921669628355794 88.439581 0.000000
1641921669737939897 88.542553 0.000000
1641921669828530008 176.718781 0.000000
1641921669893175580 176.838124 0.000000
1641921669893496451 177.111025 0.000000
1641921669923592904 88.635448 0.000000
1641921670004693067 88.541832 0.000000
1641921670156244784 88.516074 0.000000
1641921670398191418 88.599641 0.000000
1641921670400560949 177.067965 0.000000
1641921670445035462 176.726185 0.000000
1641921670497097205 88.519020 0.000000
1641921670565949772 176.808509 0.000000
1641921670578121767 176.645213 0.000000
1641921670612892331 88.575435 0.000000
1641921670691872822 176.740311 0.000000
1641921670931906910 88.557852 0.000000
1641921670969167000 89.086583 0.000000
1641921671073900682 88.612365 0.000000
1641921671087583138 88.423380 0.000000
1641921671093949721 88.456251 0.000000
1641921671161234269 176.837182 0.000000
1641921671163649707 176.784785 0.000000
1641921671338633625 88.574453 0.000000
1641921671370943617 88.456813 0.000000
1641921671461412831 176.728177 0.000000
1641921671529035082 88.476480 0.000000
1641921671599622681 88.543355 0.000000
1641921671643902408 176.861318 0.000000
1641921671675240769 88.431064 0.000000
1641921671711819471 88.534108 0.000000
1641921671741708395 88.546741 0.000000
1641921671789663101 176.722978 0.000000
1641921671872236546 88.546882 0.000000
1641921671962530121 88.414674 0.000000
1641921671966601403 176.934585 0.000000
1641921671968162670 176.668026 0.000000
1641921671984095133 88.559084 0.000000
1641921672107813870 88.467714 0.000000
1641921672245123783 176.718049 0.000000
1641921672338217868 88.484545 0.000000
1641921672398367792 88.526192 0.000000
1641921672431794036 88.639234 0.000000
1641921672650122620 88.426095 0.000000
1641921672746688662 88.524319 0.000000
1641921672994595487 176.771359 0.000000
1641921672999845988 176.763293 0.000000
1641921673014061344 88.636199 0.000000
1641921673152774486 88.471781 0.000000
1641921673203765143 88.500304 0.000000
1641921673274940303 88.601935 0.000000
1641921673300221049 176.744228 0.000000
1641921673427034247 88.485026 0.000000
1641921673492041175 88.554817 0.000000
1641921673573734661 88.524139 0.000000
1641921673611176111 177.902749 0.000000
1641921673649380190 89.324370 0.000000
1641921673755178919 176.810212 0.000000
1641921673774208668 177.422990 0.000000
1641921673783532474 88.530861 0.000000
1641921673806998278 88.596855 0.000000
1641921673865988700 88.444901 0.000000
1641921674001989058 89.577153 0.000000
1641921674244122100 176.834467 0.000000
1641921674276877696 88.513489 0.000000
1641921674392178946 176.791797 0.000000
1641921674566729012 88.488001 0.000000
1641921674662153435 88.541462 0.000000
1641921674669711402 88.415997 0.000000
1641921674689060659 88.534740 0.000000
1641921674760737610 176.786708 0.000000
1641921674982644851 88.604289 0.000000
1641921675012653650 176.691750 0.000000
1641921675033214208 176.709192 0.000000
1641921675209858539 176.634652 0.000000
1641921675251392079 88.459107 0.000000
1641921675275428272 88.537004 0.000000
1641921675454683376 88.498591 0.000000
1641921675744813434 88.429882 0.000000
1641921675795104028 176.917873 0.000000
1641921675831046128 176.592774 0.000000
1641921675860592780 88.664051 0.000000
1641921676075876797 88.562681 0.000000
1641921676357505329 88.791259 0.000000
1641921676369105352 90.049959 0.000000
1641921676487361651 177.035845 0.000000
1641921676492986484 88.382634 0.000000
1641921676545456043 88.620289 0.000000
1641921676546299293 88.609659 0.000000
1641921676646210115 88.479405 0.000000
1641921676748081833 177.619629 0.000000
1641921676819305073 88.682916 0.000000
1641921676902470137 88.592547 0.000000
1641921676908382379 88.965727 0.000000
1641921676941452645 88.518087 0.000000
1641921676950322912 88.499523 0.000000
1641921676996533849 88.464267 0.000000
1641921677010061346 89.183596 0.000000
1641921677029911101 88.453037 0.000000
1641921677046979784 88.570245 0.000000
1641921677086376580 88.492399 0.000000
1641921677155220250 88.513690 0.000000
1641921677161864253 176.831673 0.000000
1641921677173197346 176.658477 0.000000
1641921677300196172 88.464928 0.000000
1641921677303891198 88.530782 0.000000
1641921677358964677 176.984438 0.000000
1641921677383667550 88.848246 0.000000
1641921677633114651 88.509611 0.000000
1641921677669340603 88.910954 0.000000
1641921677706527446 88.514341 0.000000
1641921677923634931 88.690000 0.000000
1641921677949633311 88.572770 0.000000
1641921677985947258 88.527276 0.000000
1641921678057777696 177.267679 0.000000
1641921678117590740 89.235092 0.000000
1641921678249169159 177.539027 0.000000
1641921678389025786 89.112362 0.000000
1641921678458720190 88.474557 0.000000
1641921678562186286 89.492434 0.000000
1641921678683270175 88.536462 0.000000
1641921678697993292 88.965727 0.000000
1641921678714830611 88.487230 0.000000
1641921678929038732 88.708925 0.000000
1641921678933305139 88.494173 0.000000
1641921678979352810 88.424743 0.000000
1641921679073646904 88.453847 0.000000
1641921679287299312 88.514341 0.000000
1641921679306726737 176.613362 0.000000
1641921679351267824 88.881218 0.000000
1641921679362874390 88.490526 0.000000
1641921679375462175 89.123423 0.000000
1641921679422076839 88.462734 0.000000
1641921679583527170 88.656287 0.000000
1641921679809693675 88.636360 0.000000
1641921679930216111 88.437727 0.000000
1641921680010078635 88.464197 0.000000
1641921680018680268 88.458286 0.000000
1641921680026394417 177.161320 0.000000
1641921680156362208 88.436054 0.000000
1641921680157526871 88.413973 0.000000
1641921680263083204 176.748567 0.000000
1641921680522571418 88.418271 0.000000
1641921680627392253 88.645306 0.000000
1641921681276293478 88.835261 0.000000
1641921681340694641 177.596726 0.000000
1641921681424933237 88.525552 0.000000
1641921681608603448 88.484285 0.000000
1641921681657697970 89.189386 0.000000
1641921681940040341 88.415997 0.000000
1641921681968622294 88.399886 0.000000
1641921681986683779 176.707309 0.000000
1641921682018856653 88.503821 0.000000
1641921682035394572 88.493942 0.000000
1641921682069252314 88.980575 0.000000
1641921682071530385 88.971858 0.000000
1641921682077005467 88.677416 0.000000
1641921682121007624 88.462704 0.000000
1641921682183451729 89.476263 0.000000
1641921682213237920 88.482851 0.000000
1641921682231745480 176.866588 0.000000
1641921682286746965 88.613887 0.000000
1641921682362717574 88.629467 0.000000
1641921682402319343 88.871590 0.000000
1641921682548020564 88.441955 0.000000
1641921682803943785 88.505675 0.000000
1641921682872746708 176.697630 0.000000
1641921683052750105 88.525391 0.000000
1641921683134132268 88.565817 0.000000
1641921683208799684 176.745169 0.000000
1641921683216216766 88.420454 0.000000
1641921683230327495 89.441770 0.000000
1641921683456150186 88.592107 0.000000
1641921683463818449 176.944724 0.000000
1641921683586143855 88.485106 0.000000
1641921683723005166 88.444389 0.000000
1641921683806562476 88.348981 0.000000
1641921683819533829 88.557742 0.000000
1641921683876263393 88.457875 0.000000
1641921683901355996 177.198359 0.000000
1641921683943779815 88.468525 0.000000
1641921683962378617 88.554877 0.000000
1641921684100778612 88.510463 0.000000
1641921684208252280 88.446624 0.000000
1641921684237603917 88.514552 0.000000
1641921684709405769 176.688083 0.000000
1641921684832384058 88.466561 0.000000
1641921684857921956 88.627713 0.000000
1641921684858044316 88.732069 0.000000
1641921684905186949 88.541181 0.000000
1641921684912442660 88.524420 0.000000
1641921684993740524 88.542734 0.000000
1641921685098768627 88.588499 0.000000
1641921685129279397 88.518068 0.000000
1641921685189316891 89.001354 0.000000
1641921685205657750 176.785275 0.000000
1641921685282987566 88.462223 0.000000
1641921685482298924 88.494604 0.000000
1641921685565480148 88.486698 0.000000
1641921685609397687 88.554556 0.000000
1641921685638837037 89.284625 0.000000
1641921685650390644 176.854495 0.000000
1641921685676500805 88.505294 0.000000
1641921685697914973 88.513148 0.000000
1641921685853178007 176.667665 0.000000
1641921685906200051 176.847361 0.000000
1641921685944555143 177.108681 0.000000
1641921686018464108 88.555348 0.000000
1641921686122128135 88.486258 0.000000
1641921686344955441 88.600703 0.000000
1641921686497132911 88.667188 0.000000
1641921686555177429 89.293981 0.000000
1641921686565234921 88.524309 0.000000
1641921686716284026 176.763575 0.000000
1641921686717872444 88.590594 0.000000
1641921686815483315 88.533467 0.000000
1641921686890421889 88.520653 0.000000
1641921686933475439 88.446945 0.000000
1641921686950061678 88.632362 0.000000
1641921686974231191 176.648669 0.000000
1641921687232484960 88.476019 0.000000
1641921687304762126 176.829829 0.000000
1641921687416438260 176.893597 0.000000
1641921687589401982 88.606473 0.000000
1641921687593363097 176.920599 0.000000
1641921687624104469 88.468455 0.000000
1641921687628065363 88.454518 0.000000
1641921687769528540 88.523548 0.000000
1641921687807258621 88.705900 0.000000
1641921687906846138 89.193013 0.000000
1641921687979821773 88.506076 0.000000
1641921688111511341 88.438529 0.000000
1641921688195799850 176.775296 0.000000
1641921688404829564 88.449980 0.000000
1641921688495218669 88.655015 0.000000
1641921688540844289 179.478613 0.000000
1641921688632067778 88.946241 0.000000
1641921688648302618 88.747959 0.000000
1641921688668632725 88.458737 0.000000
1641921688823173696 88.411719 0.000000
1641921688998983141 177.742619 0.000000
1641921689010920817 176.742524 0.000000
1641921689048927346 88.537884 0.000000
1641921689060622517 88.374309 0.000000
1641921689103934281 88.527826 0.000000
1641921689229202092 88.611022 0.000000
1641921689250303815 88.479706 0.000000
1641921689272578416 88.915672 0.000000
1641921689342562784 88.565276 0.000000
1641921689418718060 176.650663 0.000000
1641921689464340754 88.607546 0.000000
1641921689529185819 88.522655 0.000000
1641921689560870008 89.077276 0.000000
1641921689869134908 88.520693 0.000000
1641921690181730374 88.462273 0.000000
1641921690707873182 88.607135 0.000000
1641921690724772368 88.590052 0.000000
1641921690768963690 88.410376 0.000000
1641921690811854995 176.846509 0.000000
1641921690856930515 88.744522 0.000000
1641921690941754959 88.426757 0.000000
1641921691009898457 176.742876 0.000000
1641921691066535917 88.423229 0.000000
1641921691080046091 88.459698 0.000000
1641921691140004857 88.510834 0.000000
1641921691142857824 176.627619 0.000000
1641921691173742554 176.778923 0.000000
1641921691213445674 88.484504 0.000000
1641921691214648999 88.499763 0.000000
1641921691381335215 88.537985 0.000000
1641921691583486696 88.528447 0.000000
1641921691589305353 88.358869 0.000000
1641921691594324401 88.809815 0.000000
1641921691813714734 177.468475 0.000000
1641921691817979568 88.526744 0.000000
1641921691978893414 89.591119 0.000000
1641921691993490585 176.598415 0.000000
1641921692033008296 88.456583 0.000000
1641921692179724360 88.598208 0.000000
1641921692249888234 176.909829 0.000000
1641921692263912903 176.800133 0.000000
1641921692389484473 176.571785 0.000000
1641921692451028751 88.447876 0.000000
1641921692560597807 177.779509 0.000000
1641921692616386817 89.176471 0.000000
1641921692649192297 88.591385 0.000000
1641921692679182861 89.226386 0.000000
1641921692697538127 176.906503 0.000000
1641921692754201997 88.671926 0.000000
1641921692816261591 88.490897 0.000000
1641921692827738232 88.595433 0.000000
1641921692829802161 88.494914 0.000000
1641921692844267695 176.664769 0.000000
1641921692916775994 176.678053 0.000000
1641921693131417016 176.775016 0.000000
1641921693188140959 88.605361 0.000000
1641921693253918973 88.406489 0.000000
1641921693338059585 88.659141 0.000000
1641921693413266693 88.375009 0.000000
1641921693426625913 88.557662 0.000000
1641921693478067034 88.505363 0.000000
1641921693517001893 88.645266 0.000000
1641921693705302964 88.575936 0.000000
1641921693762037617 88.521304 0.000000
1641921693771174814 88.504914 0.000000
1641921693845969889 88.486067 0.000000
1641921694052796213 88.371022 0.000000
1641921694126367755 88.529289 0.000000
1641921694144721447 88.468335 0.000000
1641921694215646318 89.273724 0.000000
1641921694290625980 88.559937 0.000000
1641921694379191436 88.559265 0.000000
1641921694784310558 88.382824 0.000000
1641921694800155157 88.544788 0.000000
1641921694807709527 88.629847 0.000000
1641921694927210008 88.555328 0.000000
1641921694935963114 88.420965 0.000000
1641921695254276539 176.847923 0.000000
1641921695309865214 88.585674 0.000000
1641921695506762147 88.504583 0.000000
1641921695671240353 88.509852 0.000000
1641921695882229279 176.666081 0.000000
1641921696039656570 88.534999 0.000000
1641921696247677783 88.483042 0.000000
1641921696297432664 88.576588 0.000000
1641921696333923381 88.365853 0.000000
1641921696498870958 88.640316 0.000000
1641921696764259671 88.947482 0.000000
1641921696775981031 89.132088 0.000000
1641921696941655110 88.485306 0.000000
1641921697038648053 88.595573 0.000000
1641921697223851577 88.534539 0.000000
1641921697264022684 88.694489 0.000000
1641921697346024436 88.500194 0.000000
1641921697434219569 88.509361 0.000000
1641921697457718696 88.654984 0.000000
1641921697503045045 88.494784 0.000000
1641921697594832911 88.512667 0.000000
1641921697596483906 89.225012 0.000000
1641921697683580650 88.744813 0.000000
1641921697712565910 89.553148 0.000000
1641921697850652809 89.448171 0.000000
1641921697866165285 88.557311 0.000000
1641921697912044882 88.459939 0.000000
1641921697917492633 88.420455 0.000000
1641921697986960733 88.437216 0.000000
1641921698016329422 90.345643 0.000000
1641921698102773262 176.818057 0.000000
1641921698106358792 89.881022 0.000000
1641921698132467180 88.693988 0.000000
1641921698158150340 88.443668 0.000000
1641921698159388881 88.666596 0.000000
1641921698194941562 88.577109 0.000000
1641921698233655606 88.462944 0.000000
1641921698279661350 176.876857 0.000000
1641921698400349857 89.371227 0.000000
1641921698424836415 89.154972 0.000000
1641921698429731870 88.565526 0.000000
1641921698454145932 88.859607 0.000000
1641921698584929963 176.738287 0.000000
1641921698598700073 88.530160 0.000000
1641921698727943586 90.251016 0.000000
1641921698828222929 88.534137 0.000000
1641921698976060155 89.057109 0.000000
1641921699126877014 88.619468 0.000000
1641921699127827616 88.585174 0.000000
1641921699161666444 88.638283 0.000000
1641921699216491608 88.653963 0.000000
1641921699230544438 89.580318 0.000000
1641921699291250275 88.719585 0.000000
1641921699590932007 88.502720 0.000000
1641921699679487574 88.549957 0.000000
1641921699699699549 89.063249 0.000000
1641921699770922479 89.043894 0.000000
1641921699798623371 88.972870 0.000000
1641921699883009514 90.376962 0.000000
1641921699904713586 88.450290 0.000000
1641921699926218525 90.116804 0.000000
1641921699994361652 89.641443 0.000000
1641921700119140296 176.578387 0.000000
1641921700268493473 88.414314 0.000000
1641921700406857211 176.854024 0.000000
1641921700461286904 88.465580 0.000000
1641921700538300417 88.507167 0.000000
1641921700575029221 88.468345 0.000000
1641921700582319777 89.067187 0.000000
1641921700626862537 88.555017 0.000000
1641921700669561372 179.294899 0.000000
1641921700725993618 89.240562 0.000000
1641921700799862858 88.473494 0.000000
1641921700885950941 176.858442 0.000000
1641921700942315240 88.432788 0.000000
1641921700971885275 88.632232 0.000000
1641921701018568799 88.406709 0.000000
1641921701165603640 88.863255 0.000000
1641921701177988825 88.464778 0.000000
1641921701267266536 88.658400 0.000000
1641921701297747360 88.582379 0.000000
1641921701310448166 88.572771 0.000000
1641921701591607990 88.818080 0.000000
1641921701642684848 89.172114 0.000000
1641921701695374098 90.380979 0.000000
1641921701769843944 88.688798 0.000000
1641921701820837316 88.648813 0.000000
1641921701985878598 88.539668 0.000000
1641921701999506412 176.637318 0.000000
1641921702003894317 179.280432 0.000000
1641921702039361015 88.515733 0.000000
1641921702100076149 88.586696 0.000000
1641921702177475506 89.667933 0.000000
1641921702184671564 176.653248 0.000000
1641921702245219585 88.668800 0.000000
1641921702277313041 89.034776 0.000000
1641921702278431587 89.909766 0.000000
1641921702280674091 89.090391 0.000000
1641921702372267833 177.496238 0.000000
1641921702503170065 89.716524 0.000000
1641921702721308633 89.346530 0.000000
1641921702760006308 88.565086 0.000000
1641921702785913438 88.486669 0.000000
1641921703003270711 176.729611 0.000000
1641921703085264469 88.951781 0.000000
1641921703195491698 88.612815 0.000000
1641921703204037878 176.595300 0.000000
1641921703225048901 88.607976 0.000000
1641921703282331491 176.615437 0.000000
1641921703309149528 88.568762 0.000000
1641921703398821459 89.665890 0.000000
1641921703437361348 88.567420 0.000000
1641921703521418564 90.884363 0.000000
1641921703542595297 88.535700 0.000000
1641921703651793878 176.619594 0.000000
1641921703660108393 88.773937 0.000000
1641921703698234336 88.393694 0.000000
1641921703841922524 88.539809 0.000000
1641921704228837205 177.540040 0.000000
1641921704257596942 88.434160 0.000000
1641921704295822942 88.630218 0.000000
1641921704355565453 176.775456 0.000000
1641921704403325484 88.498141 0.000000
1641921704557929764 89.536046 0.000000
