1649621220528975134 72.395122 0.000000
1649621220647318160 72.435689 0.000000
1649621220658374898 72.459083 0.000000
1649621220719794665 72.446659 0.000000
1649621220835297207 144.699625 0.000000
1649621221035711876 144.658207 0.000000
1649621221125356434 72.670398 0.000000
1649621221147479877 144.796937 0.000000
1649621221154516658 72.439575 0.000000
1649621221180848289 72.432301 0.000000
1649621221197768008 72.404831 0.000000
1649621221237653137 72.429988 0.000000
1649621221252822613 144.506823 0.000000
1649621221325414825 72.387297 0.000000
1649621221397402784 144.575011 0.000000
1649621221471104115 72.454795 0.000000
1649621221487078000 144.502515 0.000000
1649621221599848400 72.432141 0.000000
1649621221687024111 72.287621 0.000000
1649621221703919723 144.433576 0.000000
1649621221760700014 72.420690 0.000000
1649621221878561448 72.824187 0.000000
1649621221962064022 72.478780 0.000000
1649621221976540881 72.392678 0.000000
1649621222021936399 72.410240 0.000000
1649621222160944094 144.581814 0.000000
1649621222283084740 72.392067 0.000000
1649621222340752554 72.343717 0.000000
1649621222355790414 72.552668 0.000000
1649621222451506104 72.608293 0.000000
1649621222600823555 144.593125 0.000000
1649621222602459853 144.636837 0.000000
1649621222831658180 72.395213 0.000000
1649621222862160810 72.355338 0.000000
1649621222892262569 144.555314 0.000000
1649621223036478006 144.535698 0.000000
1649621223062808726 72.389712 0.000000
1649621223110386746 72.433845 0.000000
1649621223248190043 144.787379 0.000000
1649621223393006016 144.812446 0.000000
1649621223393086968 144.775768 0.000000
1649621223398589282 72.369073 0.000000
1649621223682730105 72.459804 0.000000
1649621223730575626 72.557386 0.000000
1649621223760256737 144.483801 0.000000
1649621223786523527 72.371188 0.000000
1649621223833542408 72.366158 0.000000
1649621223934151341 72.617880 0.000000
1649621224044770848 144.651554 0.000000
1649621224047918249 144.555314 0.000000
1649621224048248929 72.424698 0.000000
1649621224189793018 72.502244 0.000000
1649621224340560398 144.594558 0.000000
1649621224441549382 144.639403 0.000000
1649621224484386996 72.322085 0.000000
1649621224498087148 72.409569 0.000000
1649621224715725154 72.439736 0.000000
1649621224788235162 72.440447 0.000000
1649621224844805138 144.577305 0.000000
1649621224914003108 144.752023 0.000000
1649621224933080189 72.460254 0.000000
1649621225021999748 144.658888 0.000000
1649621225033972763 144.709393 0.000000
1649621225064493568 72.352593 0.000000
1649621225136640504 144.527142 0.000000
1649621225353813919 144.543162 0.000000
1649621225384156500 144.735692 0.000000
1649621225424233919 144.559251 0.000000
1649621225425436694 72.459373 0.000000
1649621225498049835 72.611317 0.000000
1649621225540961828 72.481914 0.000000
1649621225571483394 72.441860 0.000000
1649621225673488173 72.382058 0.000000
1649621225673819715 144.673546 0.000000
1649621225716338150 72.466346 0.000000
1649621225860357289 72.285237 0.000000
1649621225975668703 72.542609 0.000000
1649621226077418463 144.718991 0.000000
1649621226077463928 72.433454 0.000000
1649621226164048641 144.531399 0.000000
1649621226397345050 144.581263 0.000000
1649621226438309152 72.430730 0.000000
1649621226542046037 144.695948 0.000000
1649621226543512777 72.456898 0.000000
1649621226598852116 72.378832 0.000000
1649621226944981954 72.477217 0.000000
1649621226945644506 72.640453 0.000000
1649621226977713472 144.730233 0.000000
1649621227163462849 72.370095 0.000000
1649621227206457778 72.356400 0.000000
1649621227236822399 144.584109 0.000000
1649621227266372124 72.560773 0.000000
1649621227308103754 72.323027 0.000000
1649621227339991431 72.504798 0.000000
1649621227380402306 72.296027 0.000000
1649621227451767006 72.296156 0.000000
1649621227540713125 72.489940 0.000000
1649621227568272287 72.402115 0.000000
1649621227685451552 72.400703 0.000000
1649621227701289493 72.510209 0.000000
1649621227773807065 72.511771 0.000000
1649621227991405175 72.480562 0.000000
1649621228103509177 144.582035 0.000000
1649621228176197407 72.315642 0.000000
1649621228320623710 144.657877 0.000000
1649621228320659307 72.412736 0.000000
1649621228353976834 144.526742 0.000000
1649621228365685864 72.428936 0.000000
1649621228410043297 144.630856 0.000000
1649621228438017357 72.352652 0.000000
1649621228482815186 72.580150 0.000000
1649621228498607840 72.489168 0.000000
1649621228571171749 72.555584 0.000000
1649621228642893439 144.799763 0.000000
1649621228643980998 72.702619 0.000000
1649621228771822029 72.503996 0.000000
1649621228844176796 144.935036 0.000000
1649621228933735173 72.431090 0.000000
1649621228989436451 72.458471 0.000000
1649621229044963633 72.479601 0.000000
1649621229078800223 72.596331 0.000000
1649621229150301940 72.413045 0.000000
1649621229206392458 144.661253 0.000000
1649621229334595168 72.348255 0.000000
1649621229423509507 144.678846 0.000000
1649621229495899039 72.383872 0.000000
1649621229524777405 72.617850 0.000000
1649621229569051661 72.416392 0.000000
1649621229597473400 72.582984 0.000000
1649621229658202043 72.359505 0.000000
1649621229786077289 72.445567 0.000000
1649621229875897386 72.471566 0.000000
1649621229948362900 72.461546 0.000000
1649621230020109206 72.410761 0.000000
1649621230020845897 72.481754 0.000000
1649621230091642394 144.705908 0.000000
1649621230236494424 72.468761 0.000000
1649621230237820800 72.298211 0.000000
1649621230308873977 72.347272 0.000000
1649621230381307961 72.474591 0.000000
1649621230381794103 72.328116 0.000000
1649621230394315445 144.626107 0.000000
1649621230527629407 72.376438 0.000000
1649621230672239945 72.493286 0.000000
1649621230683693456 144.709954 0.000000
1649621230683721699 72.321445 0.000000
1649621230816537966 72.599606 0.000000
1649621230928109049 72.489640 0.000000
1649621231106739381 72.327617 0.000000
1649621231217959634 72.527591 0.000000
1649621231217989330 72.578306 0.000000
1649621231324557964 72.438424 0.000000
1649621231579944784 72.418065 0.000000
1649621231613685474 72.663516 0.000000
1649621231670042792 144.629253 0.000000
1649621231770085543 72.395323 0.000000
1649621231830556662 144.775808 0.000000
1649621231904131987 72.394561 0.000000
1649621232047540281 144.626357 0.000000
1649621232048380596 72.406975 0.000000
1649621232104432792 144.642938 0.000000
1649621232192429462 144.673497 0.000000
1649621232193215124 144.593877 0.000000
1649621232337580572 144.735542 0.000000
1649621232410791153 144.600850 0.000000
1649621232466245348 144.695416 0.000000
1649621232483344302 72.403678 0.000000
1649621232483451714 72.446139 0.000000
1649621232627451496 72.436520 0.000000
1649621232700398082 144.986483 0.000000
1649621232773341602 72.465914 0.000000
1649621232844471623 144.537772 0.000000
1649621232883733444 144.702400 0.000000
1649621232973004021 72.431641 0.000000
1649621233062539214 72.355508 0.000000
1649621233134536541 72.568898 0.000000
1649621233134936601 72.413978 0.000000
1649621233206629737 144.633831 0.000000
1649621233207691337 144.665430 0.000000
1649621233262435180 144.623802 0.000000
1649621233390843515 72.418557 0.000000
1649621233423823580 144.805733 0.000000
1649621233424344506 72.512082 0.000000
1649621233641640220 144.745921 0.000000
1649621233642293866 72.467929 0.000000
1649621233859570133 72.486644 0.000000
1649621233970754851 72.361019 0.000000
1649621234148641258 72.455866 0.000000
1649621234149650019 72.554672 0.000000
1649621234221397817 72.493245 0.000000
1649621234305302866 72.689424 0.000000
1649621234583167672 72.568526 0.000000
1649621234694717245 72.469352 0.000000
1649621234767100815 72.380033 0.000000
1649621234782760270 144.556035 0.000000
1649621235018542690 72.383742 0.000000
1649621235235376537 72.562536 0.000000
1649621235235591641 72.674526 0.000000
1649621235452637767 72.453352 0.000000
1649621235563400463 72.446880 0.000000
1649621235598075576 72.502695 0.000000
1649621235669940073 72.715843 0.000000
1649621235742546682 72.619824 0.000000
1649621235814901138 72.566103 0.000000
1649621236032779253 144.703953 0.000000
1649621236104628943 72.390643 0.000000
1649621236176865048 144.622490 0.000000
1649621236177077676 72.444115 0.000000
1649621236177856025 72.424878 0.000000
1649621236250374518 72.515578 0.000000
1649621236321828487 72.512523 0.000000
1649621236394503534 144.644792 0.000000
1649621236432598197 72.378893 0.000000
1649621236467213627 144.903517 0.000000
1649621236520071905 72.427814 0.000000
1649621236901832956 72.394170 0.000000
1649621236973991375 144.600268 0.000000
1649621237120070536 72.549562 0.000000
1649621237131106103 144.917142 0.000000
1649621237156518100 72.521379 0.000000
1649621237192648481 72.575080 0.000000
1649621237264768297 144.901072 0.000000
1649621237388521615 72.477967 0.000000
1649621237552955765 72.544803 0.000000
1649621237590948426 72.369894 0.000000
1649621237627367297 72.510158 0.000000
1649621237770388565 72.406754 0.000000
1649621237771906240 144.668335 0.000000
1649621237843060135 72.668304 0.000000
1649621237916561332 144.651925 0.000000
1649621237987913809 72.463410 0.000000
1649621238277782529 72.398348 0.000000
1649621238277986491 72.482035 0.000000
1649621238459785031 72.363263 0.000000
1649621238473886456 72.359986 0.000000
1649621238507476424 144.623682 0.000000
1649621238641373729 72.469262 0.000000
1649621238785799460 144.467218 0.000000
1649621238821975316 72.452610 0.000000
1649621238857698853 144.685067 0.000000
1649621238967034494 72.750748 0.000000
1649621239052783761 72.395073 0.000000
1649621239219469551 72.494900 0.000000
1649621239293606478 72.423656 0.000000
1649621239364505716 72.372390 0.000000
1649621239365996220 72.477246 0.000000
1649621239436485009 144.703893 0.000000
1649621239436609241 72.367932 0.000000
1649621239436931425 72.417894 0.000000
1649621239437492327 144.558661 0.000000
1649621239486928220 72.374533 0.000000
1649621239594376593 72.552146 0.000000
1649621239655424905 72.348705 0.000000
1649621239726081087 72.363783 0.000000
1649621239727767749 72.338576 0.000000
1649621239763287524 144.627569 0.000000
1649621239944018113 72.561694 0.000000
1649621240016475993 72.509767 0.000000
1649621240088942008 72.412376 0.000000
1649621240090359075 72.432483 0.000000
1649621240125473400 72.427964 0.000000
1649621240162506713 144.680279 0.000000
1649621240342828054 72.472056 0.000000
1649621240379587874 144.703812 0.000000
1649621240524689363 72.441660 0.000000
1649621240597127865 72.433343 0.000000
1649621240669845342 72.446418 0.000000
1649621240789546856 72.374915 0.000000
1649621240849413803 72.382799 0.000000
1649621240861899919 72.349907 0.000000
1649621240886924380 144.648599 0.000000
1649621241031682624 72.464903 0.000000
1649621241031909370 72.433574 0.000000
1649621241103099483 72.372450 0.000000
1649621241176740080 72.448662 0.000000
1649621241247765434 72.410320 0.000000
1649621241320365351 72.590749 0.000000
1649621241441311658 144.569572 0.000000
1649621241465231468 72.471044 0.000000
1649621241513771221 144.592575 0.000000
1649621241586213431 144.766991 0.000000
1649621241658237317 72.480734 0.000000
1649621241730654922 72.500680 0.000000
1649621241730885334 144.736193 0.000000
1649621241827028494 144.538152 0.000000
1649621241875414419 72.505840 0.000000
1649621241875464983 72.502033 0.000000
1649621241899986502 72.494940 0.000000
1649621241947805894 72.382428 0.000000
1649621242093062272 72.414168 0.000000
1649621242093119109 72.491132 0.000000
1649621242130132585 144.587705 0.000000
1649621242189577591 72.375797 0.000000
1649621242237474749 72.447832 0.000000
1649621242238165694 72.542559 0.000000
1649621242274831307 144.692841 0.000000
1649621242275149845 144.619254 0.000000
1649621242310338890 144.792089 0.000000
1649621242382896928 144.749478 0.000000
1649621242407830629 72.450416 0.000000
1649621242407978476 72.378571 0.000000
1649621242480282027 72.447872 0.000000
1649621242480426568 72.443934 0.000000
1649621242599181306 144.861177 0.000000
1649621242624802806 72.351089 0.000000
1649621242696480032 144.696127 0.000000
1649621242809172466 72.440729 0.000000
1649621242816302081 144.643800 0.000000
1649621242816806176 144.696529 0.000000
1649621242816986204 144.712047 0.000000
1649621242913954802 72.488638 0.000000
1649621242914669061 72.423626 0.000000
1649621242961990790 72.456517 0.000000
1649621243058725780 72.388790 0.000000
1649621243132387747 72.497494 0.000000
1649621243155119590 72.553188 0.000000
1649621243170848636 144.721747 0.000000
1649621243276929446 72.304843 0.000000
1649621243299155852 72.513044 0.000000
1649621243314141153 72.488246 0.000000
1649621243315775307 72.439456 0.000000
1649621243331796460 72.363313 0.000000
1649621243396721789 72.426091 0.000000
1649621243404170462 72.370045 0.000000
1649621243444152653 72.591239 0.000000
1649621243493877037 72.428144 0.000000
1649621243533245968 72.621096 0.000000
1649621243614019827 72.408958 0.000000
1649621243677920255 72.423094 0.000000
1649621243711220039 72.445526 0.000000
1649621243750333822 72.404911 0.000000
1649621243856317880 145.001239 0.000000
1649621243928234996 144.515398 0.000000
1649621244023504189 72.464963 0.000000
1649621244070495038 144.600228 0.000000
1649621244095920531 72.407615 0.000000
1649621244216861096 72.671891 0.000000
1649621244320733556 72.404610 0.000000
1649621244434024412 72.390884 0.000000
1649621244577781099 144.740872 0.000000
1649621244619781393 72.522482 0.000000
1649621244651199489 72.421691 0.000000
1649621244653671884 144.693744 0.000000
1649621244683242577 72.592743 0.000000
1649621244723798163 72.560502 0.000000
1649621244827926793 144.671812 0.000000
1649621244909426312 144.586503 0.000000
1649621244966111545 72.586872 0.000000
1649621244972744770 144.520810 0.000000
1649621245038572220 144.748686 0.000000
1649621245117958107 72.424146 0.000000
1649621245183491587 72.360347 0.000000
1649621245262708778 72.361058 0.000000
1649621245271344917 144.760659 0.000000
1649621245488903233 72.519216 0.000000
1649621245505012010 144.636005 0.000000
1649621245552275050 72.361299 0.000000
1649621245762922961 144.729742 0.000000
1649621245940214212 72.443933 0.000000
1649621245986875825 72.411693 0.000000
1649621245996087643 144.510309 0.000000
1649621246012008689 144.598074 0.000000
1649621246012409270 72.426461 0.000000
1649621246012634873 72.411914 0.000000
1649621246141142163 144.619925 0.000000
1649621246213774570 72.583495 0.000000
1649621246358437175 144.657616 0.000000
1649621246519612135 144.718400 0.000000
1649621246866215629 72.531097 0.000000
1649621246896972656 72.409649 0.000000
1649621246994227220 72.409499 0.000000
1649621247011298292 72.408478 0.000000
1649621247026617720 144.764967 0.000000
1649621247026940986 72.577795 0.000000
1649621247083735242 144.685097 0.000000
1649621247083915260 72.368122 0.000000
1649621247156044654 72.448463 0.000000
1649621247156305784 72.566715 0.000000
1649621247348053995 72.395813 0.000000
1649621247419989616 144.723519 0.000000
1649621247663474665 72.658677 0.000000
1649621247679075300 72.547448 0.000000
1649621247735880006 72.518253 0.000000
1649621247896516246 72.549692 0.000000
1649621247969119358 72.596991 0.000000
1649621248025796705 144.816273 0.000000
1649621248170678521 72.469722 0.000000
1649621248170980537 72.701085 0.000000
1649621248186680829 72.659127 0.000000
1649621248243129658 72.385484 0.000000
1649621248332035823 72.621147 0.000000
1649621248587484057 72.301858 0.000000
1649621248723609608 72.505279 0.000000
1649621248824048662 144.837373 0.000000
1649621248911508104 144.719142 0.000000
1649621248911664657 72.616156 0.000000
1649621248940955396 72.586791 0.000000
1649621249022446830 144.586102 0.000000
1649621249056376575 72.376086 0.000000
1649621249185199437 72.445808 0.000000
1649621249186094164 144.581383 0.000000
1649621249230844202 72.559771 0.000000
1649621249258723986 72.357782 0.000000
1649621249311091875 144.595750 0.000000
1649621249330207920 72.500690 0.000000
1649621249620690130 72.382248 0.000000
1649621249636120826 72.316775 0.000000
1649621249838164659 72.490832 0.000000
1649621249955177080 144.710334 0.000000
1649621249955608569 144.886925 0.000000
1649621249962893415 72.338856 0.000000
1649621249982080964 144.624533 0.000000
1649621249982157798 144.664638 0.000000
1649621250028277054 144.998685 0.000000
1649621250272550300 72.392337 0.000000
1649621250287388846 72.352642 0.000000
1649621250489943195 144.622790 0.000000
1649621250562390145 72.570782 0.000000
1649621250562569792 72.399782 0.000000
1649621250779758665 72.495931 0.000000
1649621250824790702 72.461436 0.000000
1649621250825590181 144.689195 0.000000
1649621250866591502 72.469031 0.000000
1649621250969758429 72.573697 0.000000
1649621250970768342 144.779784 0.000000
1649621250997437506 72.574018 0.000000
1649621251142282072 144.990480 0.000000
1649621251215306694 72.635782 0.000000
1649621251577286374 144.631066 0.000000
1649621251628708159 72.384081 0.000000
1649621251650317177 72.467437 0.000000
1649621251694867572 72.812956 0.000000
1649621251912024224 144.769536 0.000000
1649621252025385412 72.434907 0.000000
1649621252085331868 72.570331 0.000000
1649621252157468265 144.748907 0.000000
1649621252302431744 144.900681 0.000000
1649621252447125547 144.686288 0.000000
1649621252460089951 72.538832 0.000000
1649621252604714354 144.618702 0.000000
1649621252637504533 72.477727 0.000000
1649621252714210085 72.375736 0.000000
1649621252786634843 72.415009 0.000000
1649621252955533852 72.520147 0.000000
1649621253000071192 72.472708 0.000000
1649621253038951868 144.686069 0.000000
1649621253072185347 144.628281 0.000000
1649621253145292745 72.657715 0.000000
1649621253317965408 72.463801 0.000000
1649621253390409261 144.907395 0.000000
1649621253546102264 72.426130 0.000000
1649621253607946427 144.764907 0.000000
1649621253608280574 72.557717 0.000000
1649621253690866259 72.362190 0.000000
1649621253727202255 72.364725 0.000000
1649621253799561219 72.351350 0.000000
1649621253822602552 72.502223 0.000000
1649621253825216773 144.611339 0.000000
1649621253865080893 144.551928 0.000000
1649621254015320533 72.530416 0.000000
1649621254082543018 72.413226 0.000000
1649621254232741641 72.361579 0.000000
1649621254477573524 144.721004 0.000000
1649621254522602856 72.449103 0.000000
1649621254667681330 144.905581 0.000000
1649621254668023442 72.607310 0.000000
1649621254692087332 144.682382 0.000000
1649621254694929280 72.452039 0.000000
1649621254734767250 72.444134 0.000000
1649621254740083987 72.392948 0.000000
1649621254982468572 72.514345 0.000000
1649621255024303285 72.445706 0.000000
1649621255030183489 72.435057 0.000000
1649621255054556809 144.625255 0.000000
1649621255210902215 72.377249 0.000000
1649621255386121121 144.663637 0.000000
1649621255392593123 144.622129 0.000000
1649621255419315497 72.433874 0.000000
1649621255464881125 72.511881 0.000000
1649621255531380765 144.856559 0.000000
1649621255531439515 144.853493 0.000000
1649621255564328499 72.411493 0.000000
1649621255604140882 72.432383 0.000000
1649621255709074671 144.742215 0.000000
1649621255780088574 72.501101 0.000000
1649621255894371308 72.491211 0.000000
1649621255972193174 145.036957 0.000000
1649621255972619824 72.460475 0.000000
1649621256007327106 144.632338 0.000000
1649621256214749210 72.504418 0.000000
1649621256287125527 144.830199 0.000000
1649621256361058942 72.540834 0.000000
1649621256504682861 72.568447 0.000000
1649621256546206301 72.429527 0.000000
1649621256577153575 72.490421 0.000000
1649621256577910334 144.458323 0.000000
1649621256586295102 72.365948 0.000000
1649621256723393877 72.559992 0.000000
1649621256803745886 72.336322 0.000000
1649621256939568810 72.558098 0.000000
1649621257052884251 72.410230 0.000000
1649621257084186491 144.656243 0.000000
1649621257125264196 72.377680 0.000000
1649621257130455537 72.307969 0.000000
1649621257157936914 72.436490 0.000000
1649621257374156780 72.436048 0.000000
1649621257375074801 72.535635 0.000000
1649621257421049305 144.715374 0.000000
1649621257447293743 144.483128 0.000000
1649621257591636659 72.545043 0.000000
1649621257664427633 144.713039 0.000000
1649621257783060563 72.353755 0.000000
1649621257809056785 144.799742 0.000000
1649621257849367151 72.476234 0.000000
1649621257890109547 144.694274 0.000000
1649621257954045923 72.538311 0.000000
1649621258138838595 144.619244 0.000000
1649621258211057377 144.518725 0.000000
1649621258243329895 144.563359 0.000000
1649621258651684889 72.472257 0.000000
1649621258723457955 72.484620 0.000000
1649621258790849848 72.544983 0.000000
1649621258975611282 144.624114 0.000000
1649621259013382719 72.514978 0.000000
1649621259013856087 72.574048 0.000000
1649621259039750468 72.487626 0.000000
1649621259113242226 72.391365 0.000000
1649621259231471449 72.545554 0.000000
1649621259265319210 72.461556 0.000000
1649621259298109158 72.600758 0.000000
1649621259402477227 144.562837 0.000000
1649621259618786221 72.436390 0.000000
1649621259691208414 72.375395 0.000000
1649621259805277458 72.791756 0.000000
1649621259837160125 72.449694 0.000000
1649621259837198357 72.428094 0.000000
1649621259908757402 72.359886 0.000000
1649621259981221583 72.437050 0.000000
1649621259982566815 72.334408 0.000000
1649621259983152743 144.542810 0.000000
1649621260022625479 72.610756 0.000000
1649621260126051582 72.413777 0.000000
1649621260126112046 72.420921 0.000000
1649621260128009071 72.435208 0.000000
1649621260245520028 72.671319 0.000000
1649621260317648250 144.850266 0.000000
1649621260317773655 72.348084 0.000000
1649621260343354929 144.751782 0.000000
1649621260344161862 72.517401 0.000000
1649621260417585463 72.451989 0.000000
1649621260417600030 72.483969 0.000000
1649621260488248598 72.374273 0.000000
1649621260488751891 72.339247 0.000000
1649621260489976327 72.387698 0.000000
1649621260850734094 144.915779 0.000000
1649621260923950436 144.561144 0.000000
1649621260963805899 72.422062 0.000000
1649621260970518473 144.719281 0.000000
1649621260995923517 72.438213 0.000000
1649621261036294316 72.497103 0.000000
1649621261180791791 144.580141 0.000000
1649621261260323903 144.742084 0.000000
1649621261332754141 72.425880 0.000000
1649621261357589157 144.655441 0.000000
1649621261741470883 72.567084 0.000000
1649621261781336906 144.651144 0.000000
1649621261814004965 72.527700 0.000000
1649621261865590828 72.530446 0.000000
1649621261937936317 144.803509 0.000000
1649621262030963537 72.501712 0.000000
1649621262103778486 144.569210 0.000000
1649621262248731936 72.503665 0.000000
1649621262304389602 72.459713 0.000000
1649621262392237362 144.832764 0.000000
1649621262449118441 72.554511 0.000000
1649621262464461554 144.675289 0.000000
1649621262677143448 72.406083 0.000000
1649621262677191848 72.432522 0.000000
1649621262682786266 72.543601 0.000000
1649621262747122220 72.511901 0.000000
1649621262827788147 72.517341 0.000000
1649621262844206224 144.710594 0.000000
1649621262907619990 72.406703 0.000000
1649621262907656929 72.419257 0.000000
1649621262924469205 72.414679 0.000000
1649621262997083108 72.498296 0.000000
1649621263012579467 72.303450 0.000000
1649621263045216889 72.424266 0.000000
1649621263052807328 72.423966 0.000000
1649621263111881459 72.577644 0.000000
1649621263117302021 72.476144 0.000000
1649621263117803020 72.596981 0.000000
1649621263172815567 72.468631 0.000000
1649621263261982649 144.671161 0.000000
1649621263401497635 72.351361 0.000000
1649621263407018003 144.950164 0.000000
1649621263447360970 72.481083 0.000000
1649621263478543956 144.635214 0.000000
1649621263479485691 144.869723 0.000000
1649621263535765644 72.424237 0.000000
1649621263536028196 72.488387 0.000000
1649621263552142744 72.750268 0.000000
1649621263793480206 72.450526 0.000000
1649621264057588575 72.368923 0.000000
1649621264058628404 144.645092 0.000000
1649621264098870572 72.517131 0.000000
1649621264131048513 72.458831 0.000000
1649621264155395283 72.519164 0.000000
1649621264275590792 72.445637 0.000000
1649621264300388929 72.456407 0.000000
1649621264405046330 72.407175 0.000000
1649621264445075329 144.559412 0.000000
1649621264517254716 72.438232 0.000000
1649621264565248636 72.457930 0.000000
1649621264605667846 72.550133 0.000000
1649621264662827056 72.453161 0.000000
1649621264694654320 72.496302 0.000000
1649621264709958419 72.448703 0.000000
1649621264782545692 72.605106 0.000000
1649621264854251983 72.469732 0.000000
1649621264927408291 72.469532 0.000000
1649621265097511347 72.442410 0.000000
1649621265097645920 72.467327 0.000000
1649621265345529162 144.789724 0.000000
1649621265433903279 72.343165 0.000000
1649621265491330342 72.407215 0.000000
1649621265563695798 72.357632 0.000000
1649621265604888858 72.513795 0.000000
1649621265604963839 72.510688 0.000000
1649621265605226952 72.468168 0.000000
1649621265635599579 144.538272 0.000000
1649621265677283991 72.389943 0.000000
1649621265724156708 72.622649 0.000000
1649621265724197325 72.619593 0.000000
1649621265796377253 144.805021 0.000000
1649621265822078423 72.353123 0.000000
1649621265860579237 144.531579 0.000000
1649621266039718321 72.508454 0.000000
1649621266077526126 144.543822 0.000000
1649621266150506596 72.331674 0.000000
1649621266154710646 72.398588 0.000000
1649621266342303679 72.433875 0.000000
1649621266402054879 144.810322 0.000000
1649621266444547936 72.494890 0.000000
1649621266516940944 72.382208 0.000000
1649621266546341318 72.394691 0.000000
1649621266593227221 72.541526 0.000000
1649621266737942184 72.550042 0.000000
1649621266763910875 144.556656 0.000000
1649621266776717863 144.777381 0.000000
1649621266802162632 72.514426 0.000000
1649621266810529076 72.255962 0.000000
1649621266837413794 72.374514 0.000000
1649621266874571800 72.436880 0.000000
1649621267027842502 72.382168 0.000000
1649621267126053338 144.607561 0.000000
1649621267236692803 72.490291 0.000000
1649621267244756369 144.507625 0.000000
1649621267389477374 72.333397 0.000000
1649621267526256119 72.428314 0.000000
1649621267562357485 72.583396 0.000000
1649621267562357525 145.095307 0.000000
1649621267562526572 144.950455 0.000000
1649621267598593403 72.391235 0.000000
1649621267780209211 72.841349 0.000000
1649621267807789412 72.532900 0.000000
1649621267852711444 72.497304 0.000000
1649621268152409869 144.521279 0.000000
1649621268187020119 72.376177 0.000000
1649621268187220916 72.498165 0.000000
1649621268215381496 72.431560 0.000000
1649621268241972514 144.731003 0.000000
1649621268370798291 72.525337 0.000000
1649621268370798301 72.607230 0.000000
1649621268432797184 72.388630 0.000000
1649621268504777979 72.475192 0.000000
1649621268505171898 72.468870 0.000000
1649621268577620410 72.442771 0.000000
1649621268694613956 72.622217 0.000000
1649621268733346024 72.472547 0.000000
1649621268767168457 72.549342 0.000000
1649621268767214544 72.521209 0.000000
1649621268795219963 72.607871 0.000000
1649621268867823916 72.513564 0.000000
1649621268912155570 72.391245 0.000000
1649621268950467931 72.384953 0.000000
1649621269095802566 72.565892 0.000000
1649621269201723496 72.359105 0.000000
1649621269303072855 73.046162 0.000000
1649621269337196082 144.567227 0.000000
1649621269375624511 72.548580 0.000000
1649621269689984190 144.800082 0.000000
1649621269747610687 72.458481 0.000000
1649621269853223779 144.628411 0.000000
1649621269868761016 72.505269 0.000000
1649621269893123957 72.449785 0.000000
1649621269926058034 72.425769 0.000000
1649621269979926286 72.458951 0.000000
1649621270037772174 72.429346 0.000000
1649621270182044869 144.597083 0.000000
1649621270245045530 72.403137 0.000000
1649621270358007258 72.367971 0.000000
1649621270375330612 72.428594 0.000000
1649621270559701956 72.583957 0.000000
1649621270606906786 144.914076 0.000000
1649621270606969834 72.458090 0.000000
1649621270616302810 144.586673 0.000000
1649621270616911511 72.509537 0.000000
1649621270680187238 72.742934 0.000000
1649621270776651309 144.859643 0.000000
1649621270776680213 144.896182 0.000000
1649621270896340609 72.528212 0.000000
1649621270907546045 72.471756 0.000000
1649621270944397758 144.846791 0.000000
1649621270970281339 144.623231 0.000000
1649621271041530512 72.451196 0.000000
1649621271210666736 144.573788 0.000000
1649621271258672327 72.533793 0.000000
1649621271331143863 144.563159 0.000000
1649621271342655673 72.418045 0.000000
1649621271404425467 72.833404 0.000000
1649621271413309440 144.670911 0.000000
1649621271415056385 72.391325 0.000000
1649621271428304470 72.462178 0.000000
1649621271549563312 72.431059 0.000000
1649621271708968353 72.419408 0.000000
1649621271777016707 72.446628 0.000000
1649621271781373505 72.400753 0.000000
1649621271926177985 72.376758 0.000000
1649621271984466834 72.613753 0.000000
1649621272056923902 72.559931 0.000000
1649621272202302679 72.728316 0.000000
1649621272215588525 72.369634 0.000000
1649621272274196582 72.309542 0.000000
1649621272274534515 72.552498 0.000000
1649621272492057945 144.796736 0.000000
1649621272643874410 72.418676 0.000000
1649621272659418550 72.410501 0.000000
1649621272709459957 72.483938 0.000000
1649621272722040331 144.577977 0.000000
1649621272788712745 72.431931 0.000000
1649621272891817576 144.517023 0.000000
1649621272925190386 72.528874 0.000000
1649621272926891125 72.512884 0.000000
1649621272999445866 72.547518 0.000000
1649621273078540216 72.537839 0.000000
1649621273143825931 144.514387 0.000000
1649621273252815393 144.498006 0.000000
1649621273253584865 144.592984 0.000000
1649621273287308764 144.567637 0.000000
1649621273296019714 72.512582 0.000000
1649621273296032327 72.548649 0.000000
1649621273397747243 72.577224 0.000000
1649621273397747233 72.638549 0.000000
1649621273440880961 72.491463 0.000000
1649621273615580002 72.405261 0.000000
1649621273722378467 72.498776 0.000000
1649621273730762213 72.473198 0.000000
1649621273760572174 72.619922 0.000000
1649621273795792359 72.468470 0.000000
1649621273868349665 72.374984 0.000000
1649621273947977666 72.401875 0.000000
1649621273953444444 72.470593 0.000000
1649621274012027494 144.750410 0.000000
1649621274122288579 72.391977 0.000000
1649621274122384199 72.330251 0.000000
1649621274158500953 72.524374 0.000000
1649621274230394385 144.861828 0.000000
1649621274237627835 72.404279 0.000000
1649621274310115140 72.564019 0.000000
1649621274460667225 72.464522 0.000000
1649621274518998262 144.626677 0.000000
1649621274591489054 72.338546 0.000000
1649621274665246470 144.601150 0.000000
1649621274673050489 144.466557 0.000000
1649621274736202263 72.352101 0.000000
1649621274744492314 72.379773 0.000000
1649621274745429731 72.376398 0.000000
1649621274774546424 72.468620 0.000000
1649621274808489122 72.327915 0.000000
1649621274919368678 72.418406 0.000000
1649621274991576549 72.479240 0.000000
1649621275251212243 72.359997 0.000000
1649621275281317067 72.390565 0.000000
1649621275316817526 72.357341 0.000000
1649621275460033249 144.680588 0.000000
1649621275606413914 72.343295 0.000000
1649621275685186992 144.605978 0.000000
1649621275685618611 72.525325 0.000000
1649621275933169030 72.416943 0.000000
1649621276185642106 72.487354 0.000000
1649621276257200069 72.473439 0.000000
1649621276512659364 72.518684 0.000000
1649621276555017428 72.634941 0.000000
1649621276627485638 72.532861 0.000000
1649621276772150366 144.677993 0.000000
1649621276772718010 72.521268 0.000000
1649621276772858494 72.611858 0.000000
1649621276989965914 72.361519 0.000000
1649621277062555711 144.834156 0.000000
1649621277066577741 72.462369 0.000000
1649621277127289942 72.946355 0.000000
1649621277279283189 72.391836 0.000000
1649621277309427065 72.400401 0.000000
1649621277381504362 144.624815 0.000000
1649621277423435417 72.364855 0.000000
1649621277428622240 72.429766 0.000000
1649621277634239270 144.623171 0.000000
1649621277634274496 144.592323 0.000000
1649621277640552755 72.370054 0.000000
1649621277714147817 72.404069 0.000000
1649621277816244588 72.446969 0.000000
1649621277924633794 72.451698 0.000000
1649621278214197200 144.960474 0.000000
1649621278221465204 72.315722 0.000000
1649621278439041023 72.442971 0.000000
1649621278511017410 72.527861 0.000000
1649621278540596930 72.533932 0.000000
1649621278721862471 72.490721 0.000000
1649621278799174169 72.346330 0.000000
1649621278866643738 72.578446 0.000000
1649621278946200585 72.665039 0.000000
1649621279266296979 144.784364 0.000000
1649621279301160103 144.511461 0.000000
1649621279525658478 72.444103 0.000000
1649621279525723661 72.488417 0.000000
1649621279917204140 144.600277 0.000000
1649621279953301368 144.795844 0.000000
1649621280171071912 72.373793 0.000000
1649621280178124032 72.369304 0.000000
1649621280279686811 72.411493 0.000000
1649621280321194241 72.521659 0.000000
1649621280322679575 72.425749 0.000000
1649621280465918130 144.869582 0.000000
1649621280467915535 72.544131 0.000000
1649621280533092726 144.624272 0.000000
1649621280569604191 72.423315 0.000000
1649621280605862972 72.655971 0.000000
1649621280612639395 72.714090 0.000000
1649621280757166906 144.582364 0.000000
1649621280757212922 144.595548 0.000000
1649621280757681371 72.541727 0.000000
1649621280830120465 72.432211 0.000000
1649621280895433501 72.515608 0.000000
1649621280974665830 72.354335 0.000000
1649621281004137498 144.688263 0.000000
1649621281044860307 144.618212 0.000000
1649621281047166701 72.371638 0.000000
1649621281262770472 72.420259 0.000000
1649621281367204724 72.530847 0.000000
1649621281439447992 144.747854 0.000000
1649621281439682882 72.471204 0.000000
1649621281479657949 144.628170 0.000000
1649621281512232353 144.997712 0.000000
1649621281584358471 72.450716 0.000000
1649621281584731731 72.531769 0.000000
1649621281626188095 144.702600 0.000000
1649621281765582804 72.594375 0.000000
1649621281946679398 72.517792 0.000000
1649621281982741861 144.698822 0.000000
1649621282205354621 72.442560 0.000000
1649621282308902503 72.380435 0.000000
1649621282344903940 72.337843 0.000000
1649621282489849436 72.328878 0.000000
1649621282526118556 72.361118 0.000000
1649621282526567488 72.387929 0.000000
1649621282566072404 72.490701 0.000000
1649621282638507461 72.425409 0.000000
1649621282856921099 144.635384 0.000000
1649621282928034899 144.558840 0.000000
1649621282929744604 72.819006 0.000000
1649621283001027992 72.381617 0.000000
1649621283033346216 144.668776 0.000000
1649621283141812137 144.619154 0.000000
1649621283290141375 72.373221 0.000000
1649621283323160653 144.602202 0.000000
1649621283362686147 72.377849 0.000000
1649621283435204821 72.394401 0.000000
1649621283649343766 144.643459 0.000000
1649621283685490157 72.494179 0.000000
1649621283721835459 72.409729 0.000000
1649621283867037004 145.285252 0.000000
1649621283869606471 72.369143 0.000000
1649621284231310942 72.353034 0.000000
1649621284231463699 72.344778 0.000000
1649621284448408274 72.401474 0.000000
1649621284519139886 72.436107 0.000000
1649621284594113403 144.652236 0.000000
1649621284626524921 72.473760 0.000000
1649621284810601121 72.436730 0.000000
1649621284844135144 144.605558 0.000000
1649621284844245180 72.433203 0.000000
1649621285027779444 72.441349 0.000000
1649621285028636350 72.361509 0.000000
1649621285061550412 72.393120 0.000000
1649621285098565880 72.468219 0.000000
1649621285133821380 72.326232 0.000000
1649621285133862668 72.382568 0.000000
1649621285172438722 72.378872 0.000000
1649621285173440901 72.356129 0.000000
1649621285388412386 72.446279 0.000000
1649621285423349478 72.476563 0.000000
1649621285463090839 72.362972 0.000000
1649621285568306897 72.418495 0.000000
1649621285606771533 72.374343 0.000000
1649621285896916559 72.460684 0.000000
1649621285968043955 72.453322 0.000000
1649621285969719626 72.468119 0.000000
1649621286040472680 72.424918 0.000000
1649621286075654642 72.481845 0.000000
1649621286112883592 72.375386 0.000000
1649621286148230503 72.571823 0.000000
1649621286259122952 72.393239 0.000000
1649621286292882106 144.617589 0.000000
1649621286403622491 144.800112 0.000000
1649621286620643549 144.578256 0.000000
1649621286694074313 145.061132 0.000000
1649621286800553088 72.392778 0.000000
1649621286837626947 144.512744 0.000000
1649621286872904918 72.443442 0.000000
1649621286982250237 72.408979 0.000000
1649621287090276774 72.503004 0.000000
1649621287162426957 144.697690 0.000000
1649621287200768402 144.709903 0.000000
1649621287452404028 144.707879 0.000000
1649621287524941457 144.672865 0.000000
1649621287561639482 72.426251 0.000000
1649621287742722009 72.458721 0.000000
1649621287851532935 72.383450 0.000000
1649621287852782297 72.375915 0.000000
1649621287996598516 72.443543 0.000000
1649621288068913458 144.919807 0.000000
1649621288176029758 72.415430 0.000000
1649621288214878444 72.346471 0.000000
1649621288286019425 144.655061 0.000000
1649621288467631866 72.607290 0.000000
1649621288504825418 72.585147 0.000000
1649621288649641011 72.442251 0.000000
1649621288720614737 144.700285 0.000000
1649621288867003327 72.475031 0.000000
1649621288938739795 72.406324 0.000000
1649621289011058614 144.612311 0.000000
1649621289011697682 72.417624 0.000000
1649621289083662467 72.474210 0.000000
1649621289155708444 72.415861 0.000000
1649621289374142813 72.506992 0.000000
1649621289663454426 72.653636 0.000000
1649621289842284842 144.735962 0.000000
1649621290026604027 72.502133 0.000000
1649621290097874591 144.513626 0.000000
1649621290242958144 72.411552 0.000000
1649621290243616097 72.376175 0.000000
1649621290316003074 72.383531 0.000000
1649621290424983329 144.878510 0.000000
1649621290461163252 72.677481 0.000000
1649621290532839056 72.683513 0.000000
1649621290533800508 72.461767 0.000000
1649621290711527024 144.673946 0.000000
1649621290822804826 72.422173 0.000000
1649621290822905394 72.538400 0.000000
1649621290823380334 72.291659 0.000000
1649621291040543278 72.665288 0.000000
1649621291330496034 72.425249 0.000000
1649621291692485800 72.627247 0.000000
1649621291692690424 72.500469 0.000000
1649621291730304295 72.503545 0.000000
1649621291837360382 144.713790 0.000000
1649621291943096255 72.482817 0.000000
1649621292053945413 72.425740 0.000000
1649621292054604599 72.407776 0.000000
1649621292127101612 72.491924 0.000000
1649621292127215966 72.537990 0.000000
1649621292160147990 144.628460 0.000000
1649621292237540721 144.670119 0.000000
1649621292377429536 144.741302 0.000000
1649621292449937059 144.580310 0.000000
1649621292450402061 72.464963 0.000000
1649621292489664352 72.453281 0.000000
1649621292779242345 72.440537 0.000000
1649621292851758224 72.401084 0.000000
1649621292923911713 72.660840 0.000000
1649621292924302806 72.549812 0.000000
1649621292996060542 72.427803 0.000000
1649621292996477284 72.561133 0.000000
1649621292996886962 72.509476 0.000000
1649621293101271291 144.616338 0.000000
1649621293318756840 72.661732 0.000000
1649621293463401972 72.353064 0.000000
1649621293464736684 72.444185 0.000000
1649621293647935127 72.395091 0.000000
1649621293648903082 72.493666 0.000000
1649621293680834351 72.509907 0.000000
1649621293792821050 72.312338 0.000000
1649621293903659448 144.574629 0.000000
1649621294116862339 72.418025 0.000000
1649621294154886659 72.428746 0.000000
1649621294155578917 144.634402 0.000000
1649621294155741682 72.519255 0.000000
1649621294226762287 72.355547 0.000000
1649621294228273770 72.528792 0.000000
1649621294228317392 72.478367 0.000000
1649621294334160285 72.476314 0.000000
1649621294555865354 144.693893 0.000000
1649621294663060612 72.351520 0.000000
1649621294700712103 72.478568 0.000000
1649621294767809063 72.623809 0.000000
1649621294767819813 72.586019 0.000000
1649621294806839420 72.439114 0.000000
1649621294841292115 144.783831 0.000000
1649621294918146918 72.445557 0.000000
1649621295135498645 72.418335 0.000000
1649621295169891508 72.531899 0.000000
1649621295202730768 144.625614 0.000000
1649621295275294807 72.477877 0.000000
1649621295275697932 72.417283 0.000000
1649621295314711788 72.408006 0.000000
1649621295458156970 72.362980 0.000000
1649621295459377799 72.395803 0.000000
1649621295603331956 144.620757 0.000000
1649621295676531164 72.452949 0.000000
1649621295820633489 72.463931 0.000000
1649621295965892602 72.353374 0.000000
1649621296000104355 72.354236 0.000000
1649621296038392220 72.369364 0.000000
1649621296217385150 144.754247 0.000000
1649621296289928190 144.733688 0.000000
1649621296327334321 72.329488 0.000000
1649621296366243741 72.565662 0.000000
1649621296400383238 72.404269 0.000000
1649621296471973221 144.648989 0.000000
1649621296507576413 72.507793 0.000000
1649621296616893759 72.428454 0.000000
1649621296728400560 72.379713 0.000000
1649621296908060621 72.639660 0.000000
1649621297017959287 72.360176 0.000000
1649621297231743797 144.635884 0.000000
1649621297304477063 144.768883 0.000000
1649621297304664865 72.546757 0.000000
1649621297342750310 144.507543 0.000000
1649621297343430175 72.424608 0.000000
1649621297380320760 72.426310 0.000000
1649621297449296722 72.450706 0.000000
1649621297632316431 72.388299 0.000000
1649621297705133804 144.598124 0.000000
1649621297705669589 72.506100 0.000000
1649621297850514385 72.357361 0.000000
1649621297884601234 72.560261 0.000000
1649621297887514536 72.408798 0.000000
1649621297959956906 72.432311 0.000000
1649621297960158875 72.588044 0.000000
1649621298104874970 144.833886 0.000000
1649621298105134296 72.454384 0.000000
1649621298140649453 72.540806 0.000000
1649621298285431341 72.530506 0.000000
1649621298319380903 72.553920 0.000000
1649621298322702149 72.453192 0.000000
1649621298395123911 72.417825 0.000000
1649621298430098273 144.660490 0.000000
1649621298464429020 72.466065 0.000000
1649621298502589145 72.483989 0.000000
1649621298575302564 72.456217 0.000000
1649621298575531723 72.582633 0.000000
1649621298609114778 72.462639 0.000000
1649621298720458773 72.450105 0.000000
1649621298829684057 72.332865 0.000000
1649621298864403312 72.529494 0.000000
1649621298865303649 72.364214 0.000000
1649621299082594643 144.556556 0.000000
1649621299299928247 72.431881 0.000000
1649621299443886600 72.580629 0.000000
1649621299443897951 72.546294 0.000000
1649621299444593385 144.655981 0.000000
1649621299478943369 72.470223 0.000000
1649621299481044548 72.340800 0.000000
1649621299589035788 144.804292 0.000000
1649621299806596447 144.697419 0.000000
1649621299915364584 72.536898 0.000000
1649621299987820801 72.454243 0.000000
1649621300060254585 72.427933 0.000000
1649621300096723189 72.667973 0.000000
1649621300314167911 144.686439 0.000000
1649621300348344228 72.420832 0.000000
1649621300386943366 72.492064 0.000000
1649621300421105035 72.462879 0.000000
1649621300459414190 144.903106 0.000000
1649621300532398807 72.646543 0.000000
1649621300639530105 72.454733 0.000000
1649621300675869306 72.520015 0.000000
1649621300821466973 144.653216 0.000000
1649621300821803244 72.475241 0.000000
1649621300855610158 72.533551 0.000000
1649621300928219783 72.627778 0.000000
1649621301039077497 72.472097 0.000000
1649621301145800449 72.680397 0.000000
1649621301256363571 144.644861 0.000000
1649621301290696652 72.655480 0.000000
1649621301328115076 72.447580 0.000000
1649621301328966031 72.401503 0.000000
1649621301363232578 72.557657 0.000000
1649621301363732374 72.531969 0.000000
1649621301436010287 72.373021 0.000000
1649621301473769159 72.458151 0.000000
1649621301581067070 72.521779 0.000000
1649621301690159355 72.364926 0.000000
1649621301691242525 72.577704 0.000000
1649621301726140104 72.482637 0.000000
1649621301798129205 144.654980 0.000000
1649621301908751217 72.539283 0.000000
1649621301944054386 72.626597 0.000000
1649621301980952636 144.710635 0.000000
1649621301981088631 144.892696 0.000000
1649621302053601754 72.436479 0.000000
1649621302124677302 144.629583 0.000000
1649621302269534451 72.461527 0.000000
1649621302379011868 72.520487 0.000000
1649621302487970311 72.543501 0.000000
1649621302631874184 72.470102 0.000000
1649621302668310487 72.408657 0.000000
1649621302668467031 144.902415 0.000000
1649621302921694020 144.586231 0.000000
1649621302921972773 72.359857 0.000000
1649621302922471868 72.364895 0.000000
1649621302957667155 144.675548 0.000000
1649621302957828087 72.445406 0.000000
1649621303066848717 72.394661 0.000000
1649621303067378570 72.449554 0.000000
1649621303139106511 144.805632 0.000000
1649621303139386896 72.509346 0.000000
1649621303320995711 72.420560 0.000000
1649621303356872946 72.343575 0.000000
1649621303465783881 72.452660 0.000000
1649621303574441820 72.581712 0.000000
1649621303610171419 72.437811 0.000000
1649621303755790387 72.668795 0.000000
1649621303791917751 72.573347 0.000000
1649621303791921438 72.600757 0.000000
1649621303864456031 145.018252 0.000000
1649621303899370522 72.437773 0.000000
1649621303900569219 72.333276 0.000000
1649621303937112363 72.637516 0.000000
1649621303973350325 72.778260 0.000000
1649621304082164147 72.606639 0.000000
1649621304154693230 72.424347 0.000000
1649621304372069333 72.489408 0.000000
1649621304408298549 72.438955 0.000000
1649621304444406706 144.841410 0.000000
1649621304551169214 72.442321 0.000000
1649621304661794191 144.775767 0.000000
1649621304696267596 72.530977 0.000000
1649621304697182431 72.563208 0.000000
1649621304768665472 72.391414 0.000000
1649621304770304254 144.678133 0.000000
1649621304841203943 72.529293 0.000000
1649621304879428298 72.512972 0.000000
1649621304986654795 144.622891 0.000000
1649621305024515088 144.873770 0.000000
1649621305169802434 72.650862 0.000000
1649621305205066861 144.625405 0.000000
1649621305242566647 72.639179 0.000000
1649621305243008976 72.869782 0.000000
1649621305349403384 72.465985 0.000000
1649621305493949500 144.657094 0.000000
1649621305566110502 72.440637 0.000000
1649621305677648502 144.681970 0.000000
1649621305711205708 72.495039 0.000000
1649621305750456488 72.542218 0.000000
1649621305822550074 72.385824 0.000000
1649621305856307466 72.445566 0.000000
1649621305967548749 72.464803 0.000000
1649621306001578230 72.903074 0.000000
1649621306039887365 72.330371 0.000000
1649621306040686393 72.823325 0.000000
1649621306074080824 72.499708 0.000000
1649621306146535908 72.443612 0.000000
1649621306185740080 72.504407 0.000000
1649621306258035235 144.696238 0.000000
1649621306474580060 72.488748 0.000000
1649621306619192330 144.603764 0.000000
1649621306619970208 144.661983 0.000000
1649621306798687962 72.379072 0.000000
1649621306837551546 72.373842 0.000000
1649621306910151873 72.346692 0.000000
1649621306943492673 72.497353 0.000000
1649621306981746443 72.537038 0.000000
1649621307182868447 144.890833 0.000000
1649621307200417304 72.480302 0.000000
1649621307416977758 72.444033 0.000000
1649621307489273744 72.473208 0.000000
1649621307634022430 72.427723 0.000000
1649621307706633136 72.428174 0.000000
1649621307779120080 72.567615 0.000000
1649621307884375281 72.452530 0.000000
1649621307885208093 72.582043 0.000000
1649621307996537260 72.582894 0.000000
1649621308029889232 72.577334 0.000000
1649621308069296144 72.321764 0.000000
1649621308141331441 72.544382 0.000000
1649621308285986722 144.713040 0.000000
1649621308391724197 72.367069 0.000000
1649621308648792086 72.429627 0.000000
1649621308681386478 72.453631 0.000000
1649621308720628592 72.442151 0.000000
1649621308920923945 144.595198 0.000000
1649621308938223164 72.377990 0.000000
1649621309010285973 72.521148 0.000000
1649621309010429833 144.655841 0.000000
1649621309115463118 72.446178 0.000000
1649621309283081306 144.700626 0.000000
1649621309333418056 72.507552 0.000000
1649621309405500602 144.599356 0.000000
1649621309477523867 72.320963 0.000000
1649621309500303169 72.415610 0.000000
1649621309550011001 144.504589 0.000000
1649621309572832283 144.746663 0.000000
1649621309694682904 72.443613 0.000000
1649621309879744149 72.354516 0.000000
1649621309912504932 72.393118 0.000000
1649621310024046969 72.412885 0.000000
1649621310097167511 72.474030 0.000000
1649621310129211780 72.508775 0.000000
1649621310169174375 144.657465 0.000000
1649621310491714478 72.479118 0.000000
1649621310564100273 72.560903 0.000000
1649621310587273383 72.468589 0.000000
1649621310709054754 72.531166 0.000000
1649621310748989967 72.383971 0.000000
1649621310749219097 72.569770 0.000000
1649621310893375181 72.293201 0.000000
1649621311239110717 72.455826 0.000000
1649621311383691398 144.622239 0.000000
1649621311400050615 72.382138 0.000000
1649621311545358579 72.408837 0.000000
1649621311601001006 72.456276 0.000000
1649621311690618053 72.483077 0.000000
1649621311762739932 72.416251 0.000000
1649621311907182934 144.955284 0.000000
1649621311940678976 72.346531 0.000000
1649621311979801605 72.551795 0.000000
1649621312035468759 72.361879 0.000000
1649621312085863449 72.733927 0.000000
1649621312125017067 144.614515 0.000000
1649621312197678026 72.361860 0.000000
1649621312303085354 72.330782 0.000000
1649621312447821144 72.578155 0.000000
1649621312448017603 72.515748 0.000000
1649621312486768085 72.628950 0.000000
1649621312542514767 144.647947 0.000000
1649621312592961405 72.448693 0.000000
1649621312615140251 72.614713 0.000000
1649621312631462799 72.417203 0.000000
1649621312631516710 72.383480 0.000000
1649621312632198508 72.413918 0.000000
1649621312687707856 72.560551 0.000000
1649621312687937437 72.725722 0.000000
1649621312777006385 72.409869 0.000000
1649621312832587016 72.519315 0.000000
1649621312921564153 72.355057 0.000000
1649621312977174039 144.570862 0.000000
1649621312994013757 144.547930 0.000000
1649621313049547551 72.367170 0.000000
1649621313066330723 72.395934 0.000000
1649621313122120386 144.569330 0.000000
1649621313122499015 72.423945 0.000000
1649621313122611596 72.583024 0.000000
1649621313244008367 72.349116 0.000000
1649621313267149678 144.677403 0.000000
1649621313317019844 72.432892 0.000000
1649621313485265307 72.702668 0.000000
1649621313606167249 72.401384 0.000000
1649621313629982794 72.350128 0.000000
1649621313645139687 72.423424 0.000000
1649621313679110439 72.894508 0.000000
1649621313751552699 72.438663 0.000000
1649621313896479418 72.442280 0.000000
1649621313920039404 72.430088 0.000000
1649621313969149155 72.541085 0.000000
1649621314041662098 72.672101 0.000000
1649621314185973133 72.404229 0.000000
1649621314258782331 72.367561 0.000000
1649621314354734353 144.709372 0.000000
1649621314475962307 72.385454 0.000000
1649621314499536819 144.643789 0.000000
1649621314499854715 72.462227 0.000000
1649621314659712434 72.439386 0.000000
1649621314838450597 72.520868 0.000000
1649621314876833309 72.552888 0.000000
1649621314876910915 72.464753 0.000000
1649621315006727739 144.621979 0.000000
1649621315006750853 144.577756 0.000000
1649621315151472027 144.737886 0.000000
1649621315166636083 72.447260 0.000000
1649621315272896098 72.417454 0.000000
1649621315490203091 72.314790 0.000000
1649621315561833380 72.524144 0.000000
1649621315658637879 144.570954 0.000000
1649621315707301815 72.288142 0.000000
1649621315852175685 72.358934 0.000000
1649621315891149565 72.389491 0.000000
1649621315923665921 72.361088 0.000000
1649621315963513158 144.690997 0.000000
1649621315963561579 72.408467 0.000000
1649621316213194881 72.413706 0.000000
1649621316214808446 72.767449 0.000000
1649621316383170848 72.366508 0.000000
1649621316398147594 72.351431 0.000000
1649621316431684391 144.647466 0.000000
1649621316528161398 72.453372 0.000000
1649621316542396432 72.542227 0.000000
1649621316687461190 72.397175 0.000000
1649621316818091901 72.664798 0.000000
1649621316904637178 72.385484 0.000000
1649621317397834535 72.575239 0.000000
1649621317483920933 72.479891 0.000000
1649621317542963754 72.533350 0.000000
1649621317556441230 72.451918 0.000000
1649621317589550025 72.513133 0.000000
1649621317687900122 72.529383 0.000000
1649621317734233679 144.718629 0.000000
1649621317806836811 72.444224 0.000000
1649621317832933712 72.464322 0.000000
1649621317918783366 72.566293 0.000000
1649621317990884707 144.696849 0.000000
1649621318135907527 72.409399 0.000000
1649621318412875340 144.749217 0.000000
1649621318458805070 72.414078 0.000000
1649621318458913764 72.545444 0.000000
1649621318497768651 72.308208 0.000000
1649621318570544546 72.391015 0.000000
1649621318714373137 72.368432 0.000000
1649621318715396485 72.421581 0.000000
1649621318920499561 144.963458 0.000000
1649621319110507120 72.436630 0.000000
1649621319137935788 72.400683 0.000000
1649621319138053158 72.448282 0.000000
1649621319138112179 72.505449 0.000000
1649621319283408640 72.590918 0.000000
1649621319366970185 72.516570 0.000000
1649621319500145666 72.329459 0.000000
1649621319545340518 72.551465 0.000000
1649621319645005098 72.512581 0.000000
1649621320091120917 72.442801 0.000000
1649621320297655406 144.603844 0.000000
1649621320380659957 72.445757 0.000000
1649621320453017819 72.347713 0.000000
1649621320487187764 72.474932 0.000000
1649621320587951495 72.501791 0.000000
1649621320731322097 144.650652 0.000000
1649621320732895086 72.514056 0.000000
1649621320805070707 144.644511 0.000000
1649621321022617068 72.404770 0.000000
1649621321032104284 72.383391 0.000000
1649621321033189648 72.504287 0.000000
1649621321211409679 144.803348 0.000000
1649621321211452409 144.722126 0.000000
1649621321249439149 72.500329 0.000000
1649621321250436999 72.392797 0.000000
1649621321429173298 72.489538 0.000000
1649621321501583118 72.403849 0.000000
1649621322107619182 72.447650 0.000000
1649621322180115203 72.376076 0.000000
1649621322253499269 144.579058 0.000000
1649621322325977105 72.380114 0.000000
1649621322335982301 144.548731 0.000000
1649621322408384957 72.529383 0.000000
1649621322615666226 72.417363 0.000000
1649621322805143851 144.676921 0.000000
1649621322831958898 145.056152 0.000000
1649621322844374512 73.987908 0.000000
1649621322880151730 74.903985 0.000000
1649621322976866141 72.500679 0.000000
1649621323056041053 79.189048 0.000000
1649621323056089073 77.906484 0.000000
1649621323117834581 81.360870 0.000000
1649621323130054077 74.006532 0.000000
1649621323222408535 72.437982 0.000000
1649621323264865615 72.464903 0.000000
1649621323282306269 152.165059 0.000000
1649621323337293147 72.424947 0.000000
1649621323370977812 148.226695 0.000000
1649621323485780461 72.410270 0.000000
1649621323487641690 72.276599 0.000000
1649621323515476099 144.494309 0.000000
1649621323515704707 72.358673 0.000000
1649621323632597955 72.729919 0.000000
1649621323660276742 72.321043 0.000000
1649621323789349641 156.737128 0.000000
1649621323791875166 72.337173 0.000000
1649621323951115378 144.517213 0.000000
1649621324006090644 144.525698 0.000000
1649621324006599718 72.366559 0.000000
1649621324151009919 72.498826 0.000000
1649621324167263468 72.572855 0.000000
1649621324168630250 72.379663 0.000000
1649621324239816686 72.603593 0.000000
1649621324298728262 72.553469 0.000000
1649621324368926375 72.496632 0.000000
1649621324384690817 72.465153 0.000000
1649621324443185631 144.579750 0.000000
1649621324457015266 72.363532 0.000000
1649621324586080602 72.492254 0.000000
1649621324587479985 144.611379 0.000000
1649621324602957760 144.504818 0.000000
1649621324731069418 72.644629 0.000000
1649621324732829287 72.434656 0.000000
1649621324964252292 72.563679 0.000000
1649621324964252302 72.527260 0.000000
1649621325254933182 72.399330 0.000000
1649621325255187288 72.453551 0.000000
1649621325312192550 72.392617 0.000000
1649621325400204487 72.534353 0.000000
1649621325456940835 72.372960 0.000000
1649621325473032210 72.441749 0.000000
1649621325528275529 72.396865 0.000000
1649621325601958084 72.606387 0.000000
1649621325689802978 72.402125 0.000000
1649621325762773088 72.398278 0.000000
1649621325817982924 72.447390 0.000000
1649621325962850703 72.396354 0.000000
1649621325962923870 72.482495 0.000000
1649621326050827705 72.366228 0.000000
1649621326324981933 72.514857 0.000000
1649621326340621491 144.656674 0.000000
1649621326413251243 72.550062 0.000000
1649621326558793807 144.572255 0.000000
1649621326614794716 72.442861 0.000000
1649621326775791290 72.696897 0.000000
1649621326776026852 144.665199 0.000000
1649621326829219657 144.959241 0.000000
1649621326831868272 144.664137 0.000000
1649621326848217159 72.415489 0.000000
1649621326973504283 72.432302 0.000000
1649621327049065930 144.672292 0.000000
1649621327051209929 72.416932 0.000000
1649621327118897646 72.330912 0.000000
1649621327268168199 72.355317 0.000000
1649621327284587578 72.521940 0.000000
1649621327427590902 72.357521 0.000000
1649621327631136549 144.692320 0.000000
1649621327631416073 72.539011 0.000000
1649621327644752744 72.525196 0.000000
1649621327644888819 72.355858 0.000000
1649621327700412964 72.363222 0.000000
1649621327789602118 144.943300 0.000000
1649621327862518257 72.434306 0.000000
1649621327919614840 144.642847 0.000000
1649621327934512166 72.491251 0.000000
1649621327993668741 144.710343 0.000000
1649621328009134473 72.434024 0.000000
1649621328066206260 72.399009 0.000000
1649621328325895243 72.427874 0.000000
1649621328325934506 72.487415 0.000000
1649621328342796104 72.476193 0.000000
1649621328354110204 72.362841 0.000000
1649621328443820094 72.445276 0.000000
1649621328496604764 72.447551 0.000000
1649621328501246866 72.458551 0.000000
1649621328641349151 144.689505 0.000000
1649621328712482939 144.716926 0.000000
1649621328861296394 72.428895 0.000000
1649621328877136668 144.796845 0.000000
1649621328950064589 72.591320 0.000000
1649621329050575226 72.448241 0.000000
1649621329078561338 72.409118 0.000000
1649621329167176466 144.799711 0.000000
1649621329292928230 144.725792 0.000000
1649621329370375793 72.567504 0.000000
1649621329456830882 72.372900 0.000000
1649621329485072544 72.533191 0.000000
1649621329675017845 72.616016 0.000000
1649621329675017404 72.681559 0.000000
1649621329819955765 72.395312 0.000000
1649621329847390845 72.460284 0.000000
1649621329919701448 72.424366 0.000000
1649621330036772990 72.638939 0.000000
1649621330081214711 72.498235 0.000000
1649621330109570206 144.650371 0.000000
1649621330136769814 144.633800 0.000000
1649621330153686566 72.439245 0.000000
1649621330209444079 72.459252 0.000000
1649621330281628746 144.648147 0.000000
1649621330326708653 144.882737 0.000000
1649621330327927087 72.434175 0.000000
1649621330545067098 72.486043 0.000000
1649621330545105059 72.509256 0.000000
1649621330545417234 72.693632 0.000000
1649621330599116568 144.480112 0.000000
1649621330616553706 72.362320 0.000000
1649621330690491309 72.653065 0.000000
1649621330906968627 144.636735 0.000000
1649621330907333351 144.531769 0.000000
1649621330907493912 72.357381 0.000000
1649621330978513625 72.336852 0.000000
1649621331051274873 72.381035 0.000000
1649621331095407615 72.475452 0.000000
1649621331326966515 72.504186 0.000000
1649621331457344511 72.488347 0.000000
1649621331685617671 72.407665 0.000000
1649621331702326283 72.424347 0.000000
1649621331729391910 144.527731 0.000000
1649621331747041446 72.419968 0.000000
1649621331774783541 72.452559 0.000000
1649621331874334650 72.499788 0.000000
1649621331919700162 72.378731 0.000000
1649621331992933094 144.583786 0.000000
1649621332308557723 72.407344 0.000000
1649621332572674536 72.508013 0.000000
1649621332847849749 144.557227 0.000000
1649621332861514906 72.519976 0.000000
1649621332934551851 72.596069 0.000000
1649621332934665143 72.680677 0.000000
1649621333032312012 72.455966 0.000000
1649621333062104500 72.695264 0.000000
1649621333138182436 72.460645 0.000000
1649621333223752616 72.505389 0.000000
1649621333368876835 144.744267 0.000000
1649621333368912983 72.660759 0.000000
1649621333441703476 72.483407 0.000000
1649621333538812506 144.708600 0.000000
1649621333539072834 72.443001 0.000000
1649621333572960911 144.973286 0.000000
1649621333586140026 144.687841 0.000000
1649621333630309867 72.562515 0.000000
1649621333645428699 72.457288 0.000000
1649621333702964916 72.483407 0.000000
1649621333803587984 144.676521 0.000000
1649621333847316748 144.703621 0.000000
1649621333919599008 144.636035 0.000000
1649621334152170746 144.671160 0.000000
1649621334311225400 72.434356 0.000000
1649621334426230778 144.522250 0.000000
1649621334571042372 72.411603 0.000000
1649621334696980595 144.641634 0.000000
1649621334745406625 72.505108 0.000000
1649621334889921552 144.566173 0.000000
1649621335034872767 72.472527 0.000000
1649621335035222923 72.385263 0.000000
1649621335106993775 144.628841 0.000000
1649621335107363869 144.547128 0.000000
1649621335178623472 72.506771 0.000000
1649621335323517840 72.412585 0.000000
1649621335379390078 72.333886 0.000000
1649621335469628739 72.474259 0.000000
1649621335493079521 72.366860 0.000000
1649621335524034098 144.520688 0.000000
1649621335876419088 72.533832 0.000000
1649621335891475463 144.633179 0.000000
1649621336031469475 72.543510 0.000000
1649621336048881055 144.601209 0.000000
1649621336072325383 72.491101 0.000000
1649621336321344935 72.375555 0.000000
1649621336410884315 72.595327 0.000000
1649621336466423609 72.460555 0.000000
1649621336466461029 72.499999 0.000000
1649621336601476418 72.512732 0.000000
1649621336616742346 144.735962 0.000000
1649621336628167043 72.454113 0.000000
1649621336724329679 144.858331 0.000000
1649621336845240017 144.582323 0.000000
1649621336891278280 72.370555 0.000000
1649621336918075836 144.598314 0.000000
1649621336918495602 144.686629 0.000000
1649621336972674746 72.435036 0.000000
1649621336990971155 72.401073 0.000000
1649621337046196840 72.583294 0.000000
1649621337246557937 72.518022 0.000000
1649621337279687712 144.652746 0.000000
1649621337280799987 72.440096 0.000000
1649621337398678462 72.539773 0.000000
1649621337424603912 144.654810 0.000000
1649621337425566977 72.465293 0.000000
1649621337480468806 144.541537 0.000000
1649621337616048883 72.429817 0.000000
1649621337640486003 144.710455 0.000000
1649621337688566735 72.539242 0.000000
1649621337712890623 72.420369 0.000000
1649621337785506248 72.605235 0.000000
1649621337979173546 72.677231 0.000000
1649621338059196407 72.495811 0.000000
1649621338147828737 72.376507 0.000000
1649621338149178858 72.337223 0.000000
1649621338204007990 72.544421 0.000000
1649621338292682599 72.429286 0.000000
1649621338293815413 72.470162 0.000000
1649621338294029725 72.417133 0.000000
1649621338510247466 72.414198 0.000000
1649621338511161439 72.565080 0.000000
1649621338583607557 72.441609 0.000000
1649621338655956502 144.776548 0.000000
1649621338703140082 144.579058 0.000000
1649621338728597394 144.726134 0.000000
1649621338729029745 72.527129 0.000000
1649621339016649536 72.453060 0.000000
1649621339018841515 72.434165 0.000000
1649621339283090656 72.537388 0.000000
1649621339355541341 72.441549 0.000000
1649621339435064235 144.700075 0.000000
1649621339619980889 144.764756 0.000000
1649621339740975565 144.606349 0.000000
1649621339789626717 144.596951 0.000000
1649621339797063818 144.710644 0.000000
1649621339909725303 144.527601 0.000000
1649621339934643675 72.533281 0.000000
1649621340054624812 144.746372 0.000000
1649621340199486749 72.797305 0.000000
1649621340224040918 72.344577 0.000000
1649621340232294110 72.425630 0.000000
1649621340248181072 144.593415 0.000000
1649621340328117180 144.678273 0.000000
1649621340359844495 72.433624 0.000000
1649621340416524678 144.621857 0.000000
1649621340472915839 144.686289 0.000000
1649621340610199681 144.508826 0.000000
1649621340753833847 72.471936 0.000000
1649621340755063632 72.382117 0.000000
1649621340834911565 72.392116 0.000000
1649621341238537541 72.456086 0.000000
1649621341285803265 72.407795 0.000000
1649621341390361861 144.721545 0.000000
1649621341390538552 72.429997 0.000000
1649621341430823761 72.526609 0.000000
1649621341528663621 72.735710 0.000000
1649621341535270095 72.521949 0.000000
1649621341720761326 72.459523 0.000000
1649621341736880934 72.412333 0.000000
1649621342010662574 72.468849 0.000000
1649621342026554986 144.676339 0.000000
1649621342210990228 72.417423 0.000000
1649621342227825408 72.410190 0.000000
1649621342445031271 72.398688 0.000000
1649621342590020578 72.549131 0.000000
1649621342807194781 72.396434 0.000000
1649621342839325764 144.678153 0.000000
1649621342839746242 72.500829 0.000000
1649621342896334051 72.511279 0.000000
1649621343041128923 144.813818 0.000000
1649621343079947934 144.737304 0.000000
1649621343152311667 72.355728 0.000000
1649621343314814013 72.548890 0.000000
1649621343361791477 144.700705 0.000000
1649621343459215588 144.575731 0.000000
1649621343604642605 72.685757 0.000000
1649621343709161235 72.563508 0.000000
1649621343894643069 72.832381 0.000000
1649621343992625526 72.356098 0.000000
1649621344013476514 144.782519 0.000000
1649621344021938116 72.527850 0.000000
1649621344137185548 144.554852 0.000000
1649621344209377398 72.411823 0.000000
1649621344282242151 72.385364 0.000000
1649621344303522112 72.514525 0.000000
1649621344344588625 72.416462 0.000000
1649621344691325999 144.819940 0.000000
1649621344723021654 72.386464 0.000000
1649621344818872726 72.449374 0.000000
1649621344963824493 72.526097 0.000000
1649621344963855561 72.582894 0.000000
1649621345036207573 72.349687 0.000000
1649621345270963805 72.499047 0.000000
1649621345398502869 72.456516 0.000000
1649621345431293178 144.514918 0.000000
1649621345560118594 144.578326 0.000000
1649621345760610205 72.544672 0.000000
1649621345777457337 144.501542 0.000000
1649621345865027395 144.600077 0.000000
1649621345898196073 72.472466 0.000000
1649621345994348641 72.652895 0.000000
1649621346009485817 72.477877 0.000000
1649621346082668244 72.362670 0.000000
1649621346283808912 144.575951 0.000000
1649621346387568299 72.485391 0.000000
1649621346428691278 145.030434 0.000000
1649621346501283269 72.597181 0.000000
1649621346532110898 144.557627 0.000000
1649621346556970109 72.328747 0.000000
1649621346678275267 72.525065 0.000000
1649621346716365581 144.765066 0.000000
1649621346734530643 144.639891 0.000000
1649621346772939885 72.371759 0.000000
1649621346788522756 144.517342 0.000000
1649621346790855128 144.682661 0.000000
1649621346982834914 144.574930 0.000000
1649621347008284461 72.342443 0.000000
1649621347038843357 144.591581 0.000000
1649621347169146833 144.691007 0.000000
1649621347251003572 72.526959 0.000000
1649621347279451209 144.509597 0.000000
1649621347314150226 72.382568 0.000000
1649621347323088692 144.624603 0.000000
1649621347329895252 144.780465 0.000000
1649621347370794151 72.695535 0.000000
1649621347474990126 72.545253 0.000000
1649621347531139614 144.523944 0.000000
1649621347531378051 72.333817 0.000000
1649621347562304726 72.397266 0.000000
1649621347837248194 72.482926 0.000000
1649621347875318360 144.888467 0.000000
1649621347924291795 72.580510 0.000000
1649621348075841360 144.750248 0.000000
1649621348148362227 72.338114 0.000000
1649621348311938527 144.847240 0.000000
1649621348384327747 144.830208 0.000000
1649621348408287743 144.488939 0.000000
1649621348486402527 72.373221 0.000000
1649621348553097312 144.803978 0.000000
1649621348626005626 72.670308 0.000000
1649621348648364800 144.571784 0.000000
1649621348674114370 72.469390 0.000000
1649621348728494371 72.389050 0.000000
1649621348793276912 72.360487 0.000000
1649621348800166577 72.402456 0.000000
1649621348818735577 72.345418 0.000000
1649621348945048683 72.484779 0.000000
1649621348961159254 144.718669 0.000000
1649621348993084140 72.632426 0.000000
1649621349033721088 144.690546 0.000000
1649621349210167103 144.782709 0.000000
1649621349372682885 72.483848 0.000000
1649621349397753923 72.462287 0.000000
1649621349427384047 72.364895 0.000000
1649621349468541000 72.471394 0.000000
1649621349524805203 72.376016 0.000000
1649621349589561284 144.572094 0.000000
1649621349596857772 144.685887 0.000000
1649621349759616609 72.426089 0.000000
1649621349857417928 72.591350 0.000000
1649621349857606070 144.885513 0.000000
1649621349886559206 144.530176 0.000000
1649621349904783298 144.531217 0.000000
1649621350095455832 144.866577 0.000000
1649621350167857075 144.705345 0.000000
1649621350337500418 144.733486 0.000000
1649621350364637379 144.556084 0.000000
1649621350385358833 72.603723 0.000000
1649621350411433914 144.912894 0.000000
1649621350513381805 72.557556 0.000000
1649621350530070840 72.469231 0.000000
1649621350675028377 72.457629 0.000000
1649621350771832656 72.517080 0.000000
1649621350789203138 144.583115 0.000000
1649621351237394516 144.627027 0.000000
1649621351398218136 144.629622 0.000000
1649621351615802790 72.396214 0.000000
1649621351672387944 72.459121 0.000000
1649621351688678953 72.384121 0.000000
1649621351688749946 72.453391 0.000000
1649621351714494116 144.546627 0.000000
1649621351744865640 72.472466 0.000000
1649621351760402636 144.595188 0.000000
1649621351785915102 72.483067 0.000000
1649621351803303948 144.584919 0.000000
1649621352004158800 72.385634 0.000000
1649621352092939117 144.533271 0.000000
1649621352251334134 72.418415 0.000000
1649621352267696958 144.592393 0.000000
1649621352268077432 72.344177 0.000000
1649621352324168239 72.453211 0.000000
1649621352382592932 72.455896 0.000000
1649621352396516462 72.344597 0.000000
1649621352493915777 144.528342 0.000000
1649621352557447032 144.618622 0.000000
1649621352613956635 72.415740 0.000000
1649621352654555100 72.504958 0.000000
1649621352774980430 72.334879 0.000000
1649621352887495931 144.651824 0.000000
1649621352900134804 144.650021 0.000000
1649621352992526040 72.479290 0.000000
1649621353090173650 144.627899 0.000000
1649621353190025391 72.419296 0.000000
1649621353249566988 144.597292 0.000000
1649621353337836398 72.487625 0.000000
1649621353410302182 72.471916 0.000000
1649621353479779393 72.397586 0.000000
1649621353482806247 72.606728 0.000000
1649621353500118921 72.714840 0.000000
1649621353572661530 72.441670 0.000000
1649621353580171107 144.551486 0.000000
1649621353667648191 72.523632 0.000000
1649621353741668490 72.335320 0.000000
1649621353758004473 72.386024 0.000000
1649621353934994207 72.494658 0.000000
1649621354062144172 72.491021 0.000000
1649621354078125320 144.681539 0.000000
1649621354102236720 144.652175 0.000000
1649621354134544203 72.394129 0.000000
1649621354134613994 72.442641 0.000000
1649621354423933672 144.633410 0.000000
1649621354440504405 72.430368 0.000000
1649621354593896874 72.494117 0.000000
1649621354610743214 72.361098 0.000000
1649621354610776446 72.407494 0.000000
1649621354682904968 72.452269 0.000000
1649621354772130670 72.530565 0.000000
1649621354802888278 72.912020 0.000000
1649621354827811309 72.417033 0.000000
1649621354875100297 144.994657 0.000000
1649621354882887925 144.515738 0.000000
1649621355019791725 144.688663 0.000000
1649621355092721919 72.401002 0.000000
1649621355099882523 144.701308 0.000000
1649621355196314123 144.597723 0.000000
1649621355407345200 144.789552 0.000000
1649621355454398346 72.510277 0.000000
1649621355534688949 72.408296 0.000000
1649621355582476171 72.431740 0.000000
1649621355727455068 72.493456 0.000000
1649621355897016697 72.499036 0.000000
1649621355914385487 144.911641 0.000000
1649621355961560150 144.636355 0.000000
1649621356004031336 144.659137 0.000000
1649621356014837483 72.389260 0.000000
1649621356076731380 144.546978 0.000000
1649621356331455164 72.472527 0.000000
1649621356421418699 72.372209 0.000000
1649621356468392226 144.748314 0.000000
1649621356566191760 72.423325 0.000000
1649621356638641033 72.446148 0.000000
1649621356666579467 144.752313 0.000000
1649621356685612496 144.722005 0.000000
1649621356728590943 144.644901 0.000000
1649621356766235872 72.523683 0.000000
1649621356800849158 144.515247 0.000000
1649621356830458253 144.825329 0.000000
1649621356838580309 72.511941 0.000000
1649621356911616141 72.429466 0.000000
1649621357048103871 72.438032 0.000000
1649621357337532533 72.472678 0.000000
1649621357418549647 72.628649 0.000000
1649621357562778558 144.669357 0.000000
1649621357563504870 144.884180 0.000000
1649621357672206641 144.830399 0.000000
1649621357682517530 144.636535 0.000000
1649621357699225491 72.388830 0.000000
1649621357708361166 72.359275 0.000000
1649621357724183256 72.328126 0.000000
1649621357740494584 72.484530 0.000000
1649621357915444123 72.341781 0.000000
1649621357997175496 144.704623 0.000000
1649621358060046324 144.599125 0.000000
1649621358359463249 72.548680 0.000000
1649621358359483417 72.584145 0.000000
1649621358576540973 72.345128 0.000000
1649621358624618569 144.732936 0.000000
1649621358939179644 72.411132 0.000000
1649621359001868530 72.455605 0.000000
1649621359074012611 144.626636 0.000000
1649621359147469914 144.733477 0.000000
1649621359266421169 72.539752 0.000000
1649621359373364365 72.323598 0.000000
1649621359551244939 144.690226 0.000000
1649621359623681498 72.298610 0.000000
1649621359735610068 144.514847 0.000000
1649621359735767464 144.578436 0.000000
1649621360015883007 72.403488 0.000000
1649621360025402603 72.405582 0.000000
1649621360170263178 72.403006 0.000000
1649621360314678668 144.552717 0.000000
1649621360387030589 72.346641 0.000000
1649621360387432212 72.341241 0.000000
1649621360532509243 72.500219 0.000000
1649621360532611665 72.497574 0.000000
1649621360595177971 72.362881 0.000000
1649621360605142621 72.395292 0.000000
1649621360638069125 144.698241 0.000000
1649621360739965519 72.360596 0.000000
1649621360838889482 72.594355 0.000000
1649621360885976471 144.533312 0.000000
1649621360895439230 72.411573 0.000000
1649621360983812354 72.562946 0.000000
1649621361040030180 72.498817 0.000000
1649621361144931637 144.579137 0.000000
1649621361174748141 72.515728 0.000000
1649621361185152666 144.814198 0.000000
1649621361295445350 72.624151 0.000000
1649621361362337656 144.622699 0.000000
1649621361434674648 144.553460 0.000000
1649621361434797018 72.271210 0.000000
1649621361440315362 72.434485 0.000000
1649621361472736860 72.448412 0.000000
1649621361474313405 144.637757 0.000000
1649621361724392422 72.365085 0.000000
1649621361754532463 144.849655 0.000000
1649621361764538219 72.437130 0.000000
1649621361909210552 72.346541 0.000000
1649621361947682681 72.465043 0.000000
1649621361998364609 72.487154 0.000000
1649621362044817620 144.712818 0.000000
1649621362045103145 72.537238 0.000000
1649621362052257787 72.571211 0.000000
1649621362262020998 144.749717 0.000000
1649621362624120789 72.405782 0.000000
1649621362632841446 144.562887 0.000000
1649621362672653728 72.529684 0.000000
1649621362794647628 144.771718 0.000000
1649621362817449722 144.789571 0.000000
1649621363164311077 144.565422 0.000000
1649621363259613551 72.342794 0.000000
1649621363276038551 72.484128 0.000000
1649621363429029818 144.502764 0.000000
1649621363501922672 72.372990 0.000000
1649621363621380357 72.363642 0.000000
1649621363638311246 144.580540 0.000000
1649621363646751428 72.403317 0.000000
1649621363710693744 72.376967 0.000000
1649621363855639348 144.552497 0.000000
1649621363855844333 72.428634 0.000000
1649621363904178599 144.523213 0.000000
1649621363911343802 72.494628 0.000000
1649621363969515290 72.396535 0.000000
1649621364072656908 144.648437 0.000000
1649621364097364054 144.576392 0.000000
1649621364105713667 72.559260 0.000000
1649621364259009154 72.430268 0.000000
1649621364322648391 72.367850 0.000000
1649621364338821399 144.867187 0.000000
1649621364395238578 72.381786 0.000000
1649621364483709676 72.466655 0.000000
1649621364507284289 72.506470 0.000000
1649621364628202972 144.483498 0.000000
1649621364660115596 72.422653 0.000000
1649621364684882905 72.493376 0.000000
1649621364693470212 72.579026 0.000000
1649621364724331185 144.630695 0.000000
1649621364756845716 72.369243 0.000000
1649621364797441396 72.516859 0.000000
1649621364869958436 72.511309 0.000000
1649621364901958524 72.409950 0.000000
1649621364901986797 72.356219 0.000000
1649621364910577911 72.338155 0.000000
1649621364910715008 72.378761 0.000000
1649621365094368604 144.586070 0.000000
1649621365157028466 144.514136 0.000000
1649621365239368691 72.412404 0.000000
1649621365304104484 72.369122 0.000000
1649621365456354812 72.476614 0.000000
1649621365553799291 72.419437 0.000000
1649621365562062712 72.438664 0.000000
1649621365576072434 72.521118 0.000000
1649621365746098104 72.475733 0.000000
1649621365770730800 144.543450 0.000000
1649621365779083418 144.593555 0.000000
1649621365818864591 72.533150 0.000000
1649621365964028585 72.572144 0.000000
1649621366036837072 72.619522 0.000000
1649621366101111941 72.373441 0.000000
1649621366181185296 144.667543 0.000000
1649621366517745019 144.708650 0.000000
1649621366567201701 72.375425 0.000000
1649621366576352405 72.403458 0.000000
1649621366639538934 72.332424 0.000000
1649621366735007078 144.606519 0.000000
1649621366784228568 72.390242 0.000000
1649621367010855482 72.433834 0.000000
1649621367072603505 72.414168 0.000000
1649621367123157212 72.562715 0.000000
1649621367195394267 72.397757 0.000000
1649621367242204468 72.452159 0.000000
1649621367412775119 144.598454 0.000000
1649621367435192161 72.490480 0.000000
1649621367579054515 72.512422 0.000000
1649621367676678260 144.667433 0.000000
1649621367860797519 144.630573 0.000000
1649621367909930173 144.653438 0.000000
1649621367966798689 72.675016 0.000000
1649621368053705083 72.537258 0.000000
1649621368064351060 144.610055 0.000000
1649621368158361872 72.554851 0.000000
1649621368230750732 72.386155 0.000000
1649621368246564326 72.392145 0.000000
1649621368272085448 144.587583 0.000000
1649621368367673767 72.447460 0.000000
1649621368439908518 144.973587 0.000000
1649621368473657724 72.461676 0.000000
1649621368512510548 72.468470 0.000000
1649621368520190364 72.430528 0.000000
1649621368729395278 144.713129 0.000000
1649621368737215869 144.620665 0.000000
1649621368874345452 144.947017 0.000000
1649621368946837555 72.481024 0.000000
1649621368946946860 72.490661 0.000000
1649621368947224771 144.704673 0.000000
1649621369180477225 72.436199 0.000000
1649621369197881070 144.731473 0.000000
1649621369236451323 72.483977 0.000000
1649621369236602216 72.632977 0.000000
1649621369259355830 144.577394 0.000000
1649621369300348525 144.610786 0.000000
1649621369381002629 144.796105 0.000000
1649621369397576307 144.581001 0.000000
1649621369415476112 72.486103 0.000000
1649621369428952786 72.372008 0.000000
1649621369444924487 144.537129 0.000000
1649621369525927824 72.450675 0.000000
1649621369549651046 72.523443 0.000000
1649621369662163772 144.735951 0.000000
