1648923522053693366 144.843430 0.000000
1648923522198702276 72.494392 0.000000
1648923522270972237 72.502056 0.000000
1648923522343680039 72.557099 0.000000
1648923522353945644 144.608419 0.000000
1648923522401746530 72.409132 0.000000
1648923522416148812 72.460658 0.000000
1648923522424208756 72.390335 0.000000
1648923522425870045 72.268687 0.000000
1648923522426541636 72.327377 0.000000
1648923522488379999 144.701282 0.000000
1648923522570939871 72.356052 0.000000
1648923522643998933 72.406417 0.000000
1648923522788421232 72.371602 0.000000
1648923522861214215 72.506474 0.000000
1648923522861298793 72.336435 0.000000
1648923523038470927 72.379507 0.000000
1648923523068011094 72.518196 0.000000
1648923523078674326 72.497507 0.000000
1648923523212827463 72.427286 0.000000
1648923523255752232 72.475006 0.000000
1648923523284742146 144.704529 0.000000
1648923523583238047 72.406666 0.000000
1648923523777870305 72.403772 0.000000
1648923523792420967 72.357835 0.000000
1648923523874355404 72.371170 0.000000
1648923523875024500 72.428758 0.000000
1648923524051628998 72.398882 0.000000
1648923524092147378 144.558885 0.000000
1648923524139737918 72.368496 0.000000
1648923524162520266 144.581688 0.000000
1648923524226510690 72.442224 0.000000
1648923524299573389 72.490133 0.000000
1648923524307198506 144.464018 0.000000
1648923524453187357 144.620782 0.000000
1648923524524512223 72.435962 0.000000
1648923524669499022 72.564322 0.000000
1648923524687128594 144.763189 0.000000
1648923524734448577 72.507687 0.000000
1648923524831157075 72.334251 0.000000
1648923524992834574 72.460798 0.000000
1648923525023389146 72.647399 0.000000
1648923525024122132 72.428929 0.000000
1648923525369093159 72.477610 0.000000
1648923525427240761 72.378544 0.000000
1648923525530288152 72.292042 0.000000
1648923525603447081 144.704890 0.000000
1648923525603473330 72.432544 0.000000
1648923525611534086 72.467070 0.000000
1648923525716327225 72.380829 0.000000
1648923525788721538 72.391618 0.000000
1648923525845450107 72.662007 0.000000
1648923525861215839 72.412918 0.000000
1648923525901048202 72.338689 0.000000
1648923525965396939 144.596327 0.000000
1648923526078580552 72.401527 0.000000
1648923526093611696 72.720226 0.000000
1648923526165979669 72.388833 0.000000
1648923526223339513 72.372884 0.000000
1648923526255025259 72.615559 0.000000
1648923526279656338 72.449146 0.000000
1648923526543700991 72.424701 0.000000
1648923526568758330 144.559097 0.000000
1648923526616293446 72.583408 0.000000
1648923526931140079 72.477090 0.000000
1648923526979267987 72.484743 0.000000
1648923527003355186 144.856596 0.000000
1648923527035735536 72.721618 0.000000
1648923527268602706 72.398621 0.000000
1648923527397299639 72.540569 0.000000
1648923527414071451 72.444428 0.000000
1648923527485882028 72.461109 0.000000
1648923527631185081 72.332888 0.000000
1648923527639199861 144.568534 0.000000
1648923527758362079 72.385236 0.000000
1648923527831769465 72.707232 0.000000
1648923527848202321 144.527036 0.000000
1648923527960371269 72.370399 0.000000
1648923527991427252 72.361973 0.000000
1648923527992696696 144.490778 0.000000
1648923528000754776 144.593010 0.000000
1648923528137873081 144.673531 0.000000
1648923528209071248 72.349830 0.000000
1648923528307364892 72.315695 0.000000
1648923528322832546 72.501194 0.000000
1648923528482507334 72.601462 0.000000
1648923528540151361 72.396597 0.000000
1648923528685107253 72.402018 0.000000
1648923528869604280 72.385167 0.000000
1648923528918252195 72.387823 0.000000
1648923528942048166 72.442493 0.000000
1648923529159352054 72.389654 0.000000
1648923529207288393 72.332708 0.000000
1648923529207963771 144.955831 0.000000
1648923529280246867 72.329432 0.000000
1648923529351607799 72.387681 0.000000
1648923529425170788 72.460488 0.000000
1648923529449288162 72.681763 0.000000
1648923529513372913 144.808876 0.000000
1648923529714344554 144.472344 0.000000
1648923529714576009 144.444401 0.000000
1648923529787247293 72.355852 0.000000
1648923529803220856 72.334111 0.000000
1648923530003412803 144.483154 0.000000
1648923530004275202 72.351223 0.000000
1648923530060948286 72.435531 0.000000
1648923530309616977 72.354338 0.000000
1648923530437929608 144.778639 0.000000
1648923530510707701 72.759268 0.000000
1648923530534831007 72.355600 0.000000
1648923530534946263 72.395124 0.000000
1648923530655797905 144.586247 0.000000
1648923530728106147 144.646460 0.000000
1648923530873296839 72.575855 0.000000
1648923530929838957 72.509269 0.000000
1648923530945397561 144.640679 0.000000
1648923531048559496 72.344028 0.000000
1648923531065888445 72.387581 0.000000
1648923531065960630 72.337327 0.000000
1648923531138388276 72.420863 0.000000
1648923531219124523 144.713918 0.000000
1648923531235196571 72.431873 0.000000
1648923531363608568 144.478925 0.000000
1648923531380347900 72.381149 0.000000
1648923531500513422 72.405685 0.000000
1648923531555476105 72.377151 0.000000
1648923531613413232 72.468913 0.000000
1648923531670056089 72.550848 0.000000
1648923531742514714 72.471979 0.000000
1648923531772809027 72.469555 0.000000
1648923531902737021 72.537944 0.000000
1648923531960137991 72.690570 0.000000
1648923531975257491 72.510441 0.000000
1648923532055858313 72.344659 0.000000
1648923532104667211 144.511035 0.000000
1648923532120155072 72.303573 0.000000
1648923532160225712 72.416625 0.000000
1648923532322028717 72.345612 0.000000
1648923532394863087 72.831064 0.000000
1648923532394878225 144.968555 0.000000
1648923532521909269 72.377983 0.000000
1648923532731392402 72.388052 0.000000
1648923532900152009 72.468563 0.000000
1648923532974157518 72.373034 0.000000
1648923533206558763 144.528007 0.000000
1648923533245789496 72.381259 0.000000
1648923533263383001 72.328580 0.000000
1648923533381934193 72.442354 0.000000
1648923533431617742 144.700261 0.000000
1648923533455261779 72.436143 0.000000
1648923533463079598 72.539165 0.000000
1648923533504230837 72.314795 0.000000
1648923533553374703 72.334060 0.000000
1648923533568479044 72.306248 0.000000
1648923533843071522 72.396237 0.000000
1648923533871824360 72.367934 0.000000
1648923533914803742 72.373324 0.000000
1648923533969918820 72.474764 0.000000
1648923534003009955 72.528887 0.000000
1648923534003041034 144.641772 0.000000
1648923534010659198 144.507008 0.000000
1648923534131994437 72.386208 0.000000
1648923534204398619 72.370869 0.000000
1648923534292819235 144.661088 0.000000
1648923534305959889 144.574675 0.000000
1648923534347895931 72.420252 0.000000
1648923534404691125 72.445910 0.000000
1648923534420080060 144.631131 0.000000
1648923534492450298 72.365649 0.000000
1648923534510019318 72.372873 0.000000
1648923534639302049 72.650394 0.000000
1648923534654969448 144.946042 0.000000
1648923534727382396 72.403861 0.000000
1648923534740505467 72.385046 0.000000
1648923534756487155 72.375117 0.000000
1648923534766652453 144.593080 0.000000
1648923534784035993 72.541769 0.000000
1648923534944574824 144.501828 0.000000
1648923535024218850 72.375017 0.000000
1648923535313622679 144.612847 0.000000
1648923535530782415 72.384836 0.000000
1648923535641246021 72.486807 0.000000
1648923535668705080 72.483351 0.000000
1648923535726016543 144.509492 0.000000
1648923535853235009 72.501735 0.000000
1648923535885623244 144.537005 0.000000
1648923535915333149 72.295989 0.000000
1648923535958764099 72.386198 0.000000
1648923536038065802 72.348007 0.000000
1648923536103462818 72.362265 0.000000
1648923536132609767 72.407709 0.000000
1648923536160585347 72.631149 0.000000
1648923536175451120 72.521172 0.000000
1648923536254706588 144.574297 0.000000
1648923536260993152 72.382763 0.000000
1648923536360335286 144.551052 0.000000
1648923536465811377 72.887409 0.000000
1648923536522404963 144.603431 0.000000
1648923536544450868 72.512276 0.000000
1648923536544737486 72.502388 0.000000
1648923536617285760 72.568843 0.000000
1648923536689597660 144.863429 0.000000
1648923536689645159 72.413380 0.000000
1648923536755905486 72.674080 0.000000
1648923536762328426 72.481368 0.000000
1648923536784883387 72.578830 0.000000
1648923536811934481 144.549590 0.000000
1648923536834568300 72.523778 0.000000
1648923536907433638 72.560395 0.000000
1648923537118268298 72.575708 0.000000
1648923537292724732 72.505176 0.000000
1648923537391380373 144.523999 0.000000
1648923537414664965 72.520296 0.000000
1648923537437594591 72.468176 0.000000
1648923537487116220 72.445744 0.000000
1648923537510465665 72.861176 0.000000
1648923537655367663 72.474329 0.000000
1648923537655680370 72.437229 0.000000
1648923537800615541 72.386302 0.000000
1648923537848571991 72.474909 0.000000
1648923537898505984 144.510494 0.000000
1648923538188734188 72.414836 0.000000
1648923538261189780 72.403896 0.000000
1648923538276676480 72.361957 0.000000
1648923538356666101 72.421329 0.000000
1648923538427625674 144.604219 0.000000
1648923538451547724 72.387886 0.000000
1648923538574224058 72.342010 0.000000
1648923538622740329 72.464490 0.000000
1648923538695139787 72.392304 0.000000
1648923538767194657 144.568983 0.000000
1648923538863104031 144.589693 0.000000
1648923539008499425 72.433320 0.000000
1648923539080577259 144.531072 0.000000
1648923539097179614 72.551052 0.000000
1648923539113134152 72.363870 0.000000
1648923539130151166 72.338865 0.000000
1648923539313822233 144.631240 0.000000
1648923539370501222 144.548826 0.000000
1648923539402786305 72.340427 0.000000
1648923539419021951 72.272299 0.000000
1648923539588182921 72.472995 0.000000
1648923539636204855 72.465011 0.000000
1648923539709196504 72.363620 0.000000
1648923539748564618 72.367158 0.000000
1648923539948079194 72.363119 0.000000
1648923540070478779 72.341859 0.000000
1648923540070745480 72.385822 0.000000
1648923540086847525 144.702894 0.000000
1648923540143193368 144.523938 0.000000
1648923540214983982 144.498560 0.000000
1648923540215671553 72.508732 0.000000
1648923540303798262 72.344884 0.000000
1648923540376218178 72.408995 0.000000
1648923540472137991 72.372417 0.000000
1648923540504429576 72.397243 0.000000
1648923540649185230 72.413954 0.000000
1648923540650065272 72.426388 0.000000
1648923540665861695 72.445165 0.000000
1648923540866329641 72.400469 0.000000
1648923540938723748 72.385330 0.000000
1648923541084414358 72.340237 0.000000
1648923541084831210 144.496487 0.000000
1648923541196067734 72.450494 0.000000
1648923541229393221 144.557803 0.000000
1648923541318036640 72.492192 0.000000
1648923541429730291 72.381854 0.000000
1648923541462207806 72.333042 0.000000
1648923541736049049 144.591876 0.000000
1648923541751739552 144.765221 0.000000
1648923541896725578 72.566230 0.000000
1648923541920300336 72.445544 0.000000
1648923541936202777 72.336811 0.000000
1648923541977629675 72.396582 0.000000
1648923542025814163 72.326370 0.000000
1648923542170054229 72.378528 0.000000
1648923542171587859 144.927547 0.000000
1648923542186550695 72.386003 0.000000
1648923542194827226 72.491480 0.000000
1648923542315030136 72.368259 0.000000
1648923542459222913 72.537066 0.000000
1648923542533349914 144.553895 0.000000
1648923542587852376 72.385672 0.000000
1648923542693625109 72.502070 0.000000
1648923542805294446 72.395811 0.000000
1648923542821515023 144.927396 0.000000
1648923542821911848 72.468648 0.000000
1648923542966729729 72.453168 0.000000
1648923542983106380 144.615079 0.000000
1648923542983450767 72.354734 0.000000
1648923543095364633 72.412834 0.000000
1648923543152026528 72.378728 0.000000
1648923543183705854 144.673088 0.000000
1648923543328435418 144.587567 0.000000
1648923543345324412 72.492653 0.000000
1648923543385485434 72.466654 0.000000
1648923543401006108 144.564405 0.000000
1648923543498946835 72.384820 0.000000
1648923543545745260 72.392916 0.000000
1648923543562810905 72.418824 0.000000
1648923543634528522 72.354252 0.000000
1648923543635413254 72.596288 0.000000
1648923543659175092 72.482002 0.000000
1648923543675483645 72.375292 0.000000
1648923543731620125 72.467916 0.000000
1648923543820373621 72.428773 0.000000
1648923543907840821 72.284190 0.000000
1648923543932241900 72.310901 0.000000
1648923543948686940 72.369731 0.000000
1648923543980405059 144.451253 0.000000
1648923544182196240 72.539400 0.000000
1648923544269805357 144.597697 0.000000
1648923544503971580 144.713513 0.000000
1648923544504175163 72.436136 0.000000
1648923544631108410 144.534487 0.000000
1648923544657233426 72.474699 0.000000
1648923544720442026 72.402182 0.000000
1648923544818040681 72.618409 0.000000
1648923544874052557 72.385441 0.000000
1648923545091016258 72.614441 0.000000
1648923545138978408 72.365433 0.000000
1648923545196451870 72.354755 0.000000
1648923545210907293 144.662579 0.000000
1648923545283595422 144.615591 0.000000
1648923545308401681 72.537277 0.000000
1648923545372476147 72.410829 0.000000
1648923545413417384 72.635772 0.000000
1648923545517392522 144.618045 0.000000
1648923545589689397 144.595323 0.000000
1648923545887675668 72.437529 0.000000
1648923545934869054 72.402454 0.000000
1648923545959818012 72.390901 0.000000
1648923546032288753 144.628965 0.000000
1648923546168846623 72.400860 0.000000
1648923546177109539 72.432850 0.000000
1648923546321886993 72.434693 0.000000
1648923546322099202 144.613457 0.000000
1648923546586362359 72.376593 0.000000
1648923546716777725 72.374149 0.000000
1648923546861584786 72.411459 0.000000
1648923546949264495 72.392283 0.000000
1648923547021762357 72.492733 0.000000
1648923547328074562 144.473553 0.000000
1648923547336381500 72.391843 0.000000
1648923547383712195 72.366996 0.000000
1648923547400883188 72.419375 0.000000
1648923547400990930 144.560487 0.000000
1648923547455126763 72.378989 0.000000
1648923547472624920 144.543595 0.000000
1648923547744464855 144.550178 0.000000
1648923547836258309 72.462676 0.000000
1648923547875333833 72.414286 0.000000
1648923547875375781 72.449882 0.000000
1648923547961679116 144.711420 0.000000
1648923548092683688 72.332792 0.000000
1648923548180057123 144.607565 0.000000
1648923548324712498 144.677696 0.000000
1648923548341715676 72.481642 0.000000
1648923548397222353 72.489867 0.000000
1648923548527010080 72.395529 0.000000
1648923548541782900 144.665434 0.000000
1648923548633375457 72.383958 0.000000
1648923548639792426 72.318335 0.000000
1648923548777497681 144.566328 0.000000
1648923548904850556 72.386533 0.000000
1648923548994877413 144.500764 0.000000
1648923549106645815 72.371124 0.000000
1648923549137558892 144.511645 0.000000
1648923549146743719 72.472074 0.000000
1648923549251916666 72.525895 0.000000
1648923549411035260 72.455373 0.000000
1648923549411305167 72.475701 0.000000
1648923549509214363 144.764700 0.000000
1648923549509420420 72.607217 0.000000
1648923549628179149 144.621773 0.000000
1648923549700773512 72.382365 0.000000
1648923549726763965 72.287667 0.000000
1648923549758929935 72.374531 0.000000
1648923549844999100 144.497288 0.000000
1648923549845532982 72.594353 0.000000
1648923550006723947 72.509664 0.000000
1648923550080833716 72.384159 0.000000
1648923550207539306 144.599400 0.000000
1648923550298353071 72.487653 0.000000
1648923550441278747 72.459480 0.000000
1648923550496920327 144.543405 0.000000
1648923550595717343 72.516958 0.000000
1648923550642210145 72.522489 0.000000
1648923550660672001 72.396272 0.000000
1648923550845436009 144.623576 0.000000
1648923550859378159 144.487019 0.000000
1648923550931724887 72.459530 0.000000
1648923550957392935 144.679210 0.000000
1648923551102192611 144.525071 0.000000
1648923551149400014 72.456985 0.000000
1648923551173548939 72.337180 0.000000
1648923551245930643 72.377656 0.000000
1648923551318335160 72.398485 0.000000
1648923551385311694 72.802374 0.000000
1648923551385442039 72.876804 0.000000
1648923551455324069 72.572222 0.000000
1648923551457606966 145.020651 0.000000
1648923551535586601 72.454490 0.000000
1648923551609393000 144.712201 0.000000
1648923551674680724 144.626421 0.000000
1648923551747079910 72.393656 0.000000
1648923551819434353 72.350956 0.000000
1648923551964494468 72.382746 0.000000
1648923551971273918 144.576777 0.000000
1648923552148407218 144.575053 0.000000
1648923552188340142 72.364462 0.000000
1648923552220967578 72.386574 0.000000
1648923552253935993 144.699648 0.000000
1648923552471035099 72.327052 0.000000
1648923552524897598 72.456404 0.000000
1648923552615906620 72.446095 0.000000
1648923552623338765 72.329887 0.000000
1648923552695722924 72.380993 0.000000
1648923552711200907 144.604128 0.000000
1648923552840441698 144.535681 0.000000
1648923553056054401 72.742240 0.000000
1648923553077758957 72.422831 0.000000
1648923553145403997 144.523017 0.000000
1648923553150013492 144.651888 0.000000
1648923553222531292 72.472935 0.000000
1648923553401922171 144.647050 0.000000
1648923553465897790 72.392614 0.000000
1648923553538131586 144.555958 0.000000
1648923553546596010 144.667968 0.000000
1648923553546965444 72.404978 0.000000
1648923553628651279 72.384470 0.000000
1648923553656527042 144.634345 0.000000
1648923553657136065 72.438170 0.000000
1648923553763111089 72.310791 0.000000
1648923553851538282 72.300161 0.000000
1648923553874824207 72.940544 0.000000
1648923553922991562 72.413033 0.000000
1648923553963601267 72.376304 0.000000
1648923554018664261 144.612625 0.000000
1648923554052536133 72.348682 0.000000
1648923554084351844 72.431136 0.000000
1648923554197611156 72.491400 0.000000
1648923554213589308 72.371103 0.000000
1648923554302634191 72.565609 0.000000
1648923554380510202 72.518792 0.000000
1648923554575125118 72.406941 0.000000
1648923554720407720 144.900465 0.000000
1648923554736996821 72.446005 0.000000
1648923554809201953 144.685652 0.000000
1648923554881640593 72.325047 0.000000
1648923554887469249 72.593292 0.000000
1648923554937251957 144.642150 0.000000
1648923554959861201 144.591255 0.000000
1648923554960042302 72.564547 0.000000
1648923554994291282 72.382926 0.000000
1648923555080696468 72.473826 0.000000
1648923555098708901 72.438862 0.000000
1648923555171381581 144.852405 0.000000
1648923555226824628 72.317704 0.000000
1648923555371571615 72.391963 0.000000
1648923555371720525 72.246700 0.000000
1648923555388083641 72.361917 0.000000
1648923555572565930 72.419976 0.000000
1648923555587788714 72.551442 0.000000
1648923555684390467 144.704116 0.000000
1648923556119041157 72.372958 0.000000
1648923556385103151 72.575928 0.000000
1648923556473884259 144.610752 0.000000
1648923556481087644 144.791009 0.000000
1648923556481118282 144.664171 0.000000
1648923556481454984 72.373478 0.000000
1648923556601581029 72.444642 0.000000
1648923556693147657 144.570655 0.000000
1648923556771019170 72.592550 0.000000
1648923556860258718 72.556191 0.000000
1648923556890803794 144.760953 0.000000
1648923556988895214 72.669364 0.000000
1648923557052333474 72.315760 0.000000
1648923557108767031 72.413204 0.000000
1648923557180582201 72.422922 0.000000
1648923557180666420 72.513001 0.000000
1648923557180995217 144.660955 0.000000
1648923557253539225 72.493734 0.000000
1648923557278886561 72.326309 0.000000
1648923557294679135 72.332571 0.000000
1648923557398351745 72.322913 0.000000
1648923557568356579 72.356887 0.000000
1648923557568436029 72.398055 0.000000
1648923557615423549 72.454150 0.000000
1648923557687772150 144.625358 0.000000
1648923557687929496 72.527528 0.000000
1648923557858072269 144.629757 0.000000
1648923557890275248 72.534410 0.000000
1648923557905019854 72.355795 0.000000
1648923557929381679 72.265255 0.000000
1648923557930391405 72.316501 0.000000
1648923558002445764 144.538795 0.000000
1648923558194261193 144.773386 0.000000
1648923558292417926 72.599112 0.000000
1648923558339407821 72.344114 0.000000
1648923558397014632 72.341309 0.000000
1648923558500077516 72.505286 0.000000
1648923558555950150 144.551860 0.000000
1648923558582190312 72.839874 0.000000
1648923558773742927 144.666185 0.000000
1648923558773835421 72.405148 0.000000
1648923558822476947 72.374120 0.000000
1648923558831503957 144.555978 0.000000
1648923558862238428 72.386301 0.000000
1648923558918788174 72.365594 0.000000
1648923559063494174 72.407362 0.000000
1648923559135619626 72.424754 0.000000
1648923559135944546 72.440414 0.000000
1648923559177303498 72.393095 0.000000
1648923559208353070 72.399247 0.000000
1648923559233769456 144.590052 0.000000
1648923559280495334 72.385019 0.000000
1648923559378352534 72.525965 0.000000
1648923559424089847 144.636759 0.000000
1648923559450729680 72.454330 0.000000
1648923559859701301 72.428342 0.000000
1648923559993705745 72.379659 0.000000
1648923560004791621 72.453307 0.000000
1648923560030847908 144.705318 0.000000
1648923560076616670 72.619099 0.000000
1648923560222160503 72.338212 0.000000
1648923560238267739 72.493764 0.000000
1648923560294581711 72.417752 0.000000
1648923560310915462 72.404607 0.000000
1648923560382782248 72.355223 0.000000
1648923560409086651 72.495136 0.000000
1648923560425400404 72.433200 0.000000
1648923560465863723 144.671324 0.000000
1648923560465910180 72.730678 0.000000
1648923560497785383 72.378107 0.000000
1648923560537611717 72.406070 0.000000
1648923560610944186 72.546413 0.000000
1648923560682386125 72.451234 0.000000
1648923560683244507 144.708965 0.000000
1648923560715195032 72.595746 0.000000
1648923560771246301 72.578703 0.000000
1648923560900271206 72.314307 0.000000
1648923560932384677 72.419465 0.000000
1648923561019088263 72.431367 0.000000
1648923561046098851 72.760745 0.000000
1648923561046257429 72.683019 0.000000
1648923561118422897 72.353661 0.000000
1648923561479732420 72.409595 0.000000
1648923561480661745 72.456694 0.000000
1648923561511578569 72.415266 0.000000
1648923561686760013 72.294049 0.000000
1648923561696718173 72.332111 0.000000
1648923561758238281 72.416359 0.000000
1648923561831607699 72.475009 0.000000
1648923561841594161 72.610744 0.000000
1648923561873385517 144.661687 0.000000
1648923561914029035 72.433381 0.000000
1648923561914921250 72.325519 0.000000
1648923561961437675 72.383617 0.000000
1648923562048709879 72.313134 0.000000
1648923562120180382 72.436177 0.000000
1648923562162414677 144.605782 0.000000
1648923562179070532 72.723456 0.000000
1648923562203523008 144.569994 0.000000
1648923562395285427 144.522996 0.000000
1648923562494081129 72.361135 0.000000
1648923562540066758 72.409186 0.000000
1648923562555993443 72.496439 0.000000
1648923562612743265 72.380762 0.000000
1648923562700828255 72.349984 0.000000
1648923562709223820 144.660805 0.000000
1648923562709891123 72.366225 0.000000
1648923562830054979 72.394318 0.000000
1648923562958806941 72.391743 0.000000
1648923562999650624 144.616180 0.000000
1648923563071953781 72.441106 0.000000
1648923563191814006 72.339906 0.000000
1648923563352560075 72.527948 0.000000
1648923563409508288 72.606046 0.000000
1648923563424993495 72.430304 0.000000
1648923563481879362 72.411129 0.000000
1648923563554121263 72.498242 0.000000
1648923563650312335 72.416710 0.000000
1648923563787589254 72.419354 0.000000
1648923563827902892 72.353129 0.000000
1648923563916063715 72.360725 0.000000
1648923563940300074 72.265835 0.000000
1648923563940689946 72.351837 0.000000
1648923564004769360 72.385802 0.000000
1648923564133201692 144.676835 0.000000
1648923564157052860 72.656320 0.000000
1648923564222679509 72.398014 0.000000
1648923564375264582 72.489907 0.000000
1648923564446884055 144.609628 0.000000
1648923564537576020 72.472485 0.000000
1648923564551772557 144.577669 0.000000
1648923564584803551 72.539670 0.000000
1648923564657103571 72.430767 0.000000
1648923564664748146 72.437639 0.000000
1648923564696822322 72.487421 0.000000
1648923564809540368 72.576470 0.000000
1648923564874076880 72.378088 0.000000
1648923564882336439 144.814563 0.000000
1648923564913885069 72.309849 0.000000
1648923564954779368 72.466083 0.000000
1648923565018912742 72.366425 0.000000
1648923565026740271 144.825704 0.000000
1648923565058428564 144.538696 0.000000
1648923565099498601 72.338211 0.000000
1648923565171253939 144.505643 0.000000
1648923565172216817 72.340807 0.000000
1648923565188495965 144.526993 0.000000
1648923565219382742 144.558392 0.000000
1648923565244085358 72.356277 0.000000
1648923565244204552 144.600362 0.000000
1648923565244804308 72.359613 0.000000
1648923565380748243 72.332531 0.000000
1648923565388565613 144.981526 0.000000
1648923565461131562 72.358119 0.000000
1648923565606431587 72.316822 0.000000
1648923565654944131 72.421488 0.000000
1648923565655194701 72.637635 0.000000
1648923565678419070 72.548146 0.000000
1648923565679081394 72.671237 0.000000
1648923565679225725 72.470190 0.000000
1648923565750925899 72.436857 0.000000
1648923565800079186 72.353941 0.000000
1648923565855210387 72.386201 0.000000
1648923565927691147 144.644934 0.000000
1648923565968139168 72.512369 0.000000
1648923565968565528 72.428963 0.000000
1648923565969089021 72.430114 0.000000
1648923566000398272 72.610563 0.000000
1648923566090179447 72.778218 0.000000
1648923566090416532 73.003290 0.000000
1648923566177155154 72.300170 0.000000
1648923566177577006 72.362638 0.000000
1648923566186191622 144.574122 0.000000
1648923566362897829 72.500496 0.000000
1648923566403030268 72.485318 0.000000
1648923566548357854 72.431558 0.000000
1648923566580190737 72.467715 0.000000
1648923566619922363 72.433931 0.000000
1648923566620836369 72.418463 0.000000
1648923566669895159 72.399898 0.000000
1648923566693305748 72.463137 0.000000
1648923566902200105 72.450953 0.000000
1648923566910642088 72.523680 0.000000
1648923566959597192 72.390010 0.000000
1648923567119244358 144.626341 0.000000
1648923567200248080 72.710009 0.000000
1648923567263742456 72.576289 0.000000
1648923567336466372 72.400429 0.000000
1648923567345251248 72.429393 0.000000
1648923567417054114 72.390660 0.000000
1648923567417937192 72.456914 0.000000
1648923567562207193 144.691682 0.000000
1648923567594653609 72.447838 0.000000
1648923567626362991 72.382976 0.000000
1648923567634198313 72.358009 0.000000
1648923567635280886 72.424023 0.000000
1648923567843637726 72.409096 0.000000
1648923567870609220 72.416860 0.000000
1648923567996829448 72.328043 0.000000
1648923568068428081 72.355544 0.000000
1648923568117247521 72.353230 0.000000
1648923568173969350 144.500865 0.000000
1648923568205578132 144.570214 0.000000
1648923568213967545 72.431457 0.000000
1648923568232906758 72.451815 0.000000
1648923568358140864 72.442808 0.000000
1648923568390650248 144.621581 0.000000
1648923568664827510 72.453058 0.000000
1648923568712605284 72.372466 0.000000
1648923568929853349 72.410669 0.000000
1648923568957453704 72.463597 0.000000
1648923568969707043 72.447648 0.000000
1648923568989221505 72.435324 0.000000
1648923569155076767 72.477323 0.000000
1648923569227162064 72.442769 0.000000
1648923569247024862 144.594671 0.000000
1648923569300002379 72.488754 0.000000
1648923569493040073 72.331149 0.000000
1648923569533937407 72.387294 0.000000
1648923569565923398 72.437458 0.000000
1648923569566034056 72.461694 0.000000
1648923569609038646 144.548364 0.000000
1648923569726895220 72.397974 0.000000
1648923569734094178 72.590446 0.000000
1648923569855087931 72.518159 0.000000
1648923569927423759 72.349493 0.000000
1648923569983123699 72.298257 0.000000
1648923569999946187 72.345145 0.000000
1648923570096607350 72.456453 0.000000
1648923570127913114 72.397523 0.000000
1648923570144832475 72.383788 0.000000
1648923570168299770 72.619671 0.000000
1648923570168520114 72.452407 0.000000
1648923570188389553 144.555547 0.000000
1648923570200280251 72.364271 0.000000
1648923570241190670 145.136528 0.000000
1648923570241256333 72.347850 0.000000
1648923570361102352 72.388417 0.000000
1648923570361721334 72.334185 0.000000
1648923570402246379 144.801408 0.000000
1648923570450855745 72.409907 0.000000
1648923570506705836 144.888131 0.000000
1648923570530680343 72.561330 0.000000
1648923570763669966 72.304869 0.000000
1648923570795380750 72.311300 0.000000
1648923570796106944 145.001885 0.000000
1648923570908553719 72.494195 0.000000
1648923570939881655 144.726408 0.000000
1648923570940446175 72.425076 0.000000
1648923570940697276 72.407582 0.000000
1648923570980904695 72.391292 0.000000
1648923571013358785 72.452607 0.000000
1648923571109664190 72.567121 0.000000
1648923571125748082 72.396381 0.000000
1648923571158072809 72.328594 0.000000
1648923571181908917 72.588954 0.000000
1648923571230495079 72.499786 0.000000
1648923571254318212 72.654345 0.000000
1648923571326995932 72.626413 0.000000
1648923571373663130 144.475205 0.000000
1648923571374635576 72.447676 0.000000
1648923571399301712 72.268731 0.000000
1648923571448058334 72.328603 0.000000
1648923571721284420 72.398666 0.000000
1648923571721468115 72.519833 0.000000
1648923571736413729 72.360634 0.000000
1648923571737728888 72.426888 0.000000
1648923571809631051 144.645586 0.000000
1648923571866106927 72.435976 0.000000
1648923571866244095 72.346577 0.000000
1648923571938609007 72.495427 0.000000
1648923571954690474 72.502139 0.000000
1648923571954836107 72.461282 0.000000
1648923572027167346 72.468847 0.000000
1648923572099303077 72.451645 0.000000
1648923572188214660 72.401380 0.000000
1648923572284157595 72.346877 0.000000
1648923572284395101 72.548596 0.000000
1648923572486297580 72.714198 0.000000
1648923572533719716 144.828590 0.000000
1648923572533914492 72.431598 0.000000
1648923572775714157 72.424996 0.000000
1648923572912399054 72.470049 0.000000
1648923572968708488 144.533324 0.000000
1648923573065193070 72.385420 0.000000
1648923573137701452 72.354663 0.000000
1648923573299320799 72.619129 0.000000
1648923573499737979 72.381413 0.000000
1648923573548389023 144.766272 0.000000
1648923573621318494 72.449450 0.000000
1648923573644268679 144.522134 0.000000
1648923573660906039 72.337640 0.000000
1648923573766381575 72.519553 0.000000
1648923573789039199 72.384348 0.000000
1648923573837787375 144.579772 0.000000
1648923573911158126 72.424824 0.000000
1648923573983403493 72.343391 0.000000
1648923574151646388 72.334295 0.000000
1648923574183993848 72.368950 0.000000
1648923574288395096 72.511367 0.000000
1648923574441743683 72.414395 0.000000
1648923574562805755 144.570494 0.000000
1648923574618613447 72.462725 0.000000
1648923574635053928 72.399848 0.000000
1648923574658355402 72.478435 0.000000
1648923574795187837 72.438591 0.000000
1648923574802949431 72.354132 0.000000
1648923574949074794 72.757920 0.000000
1648923574964321374 72.344664 0.000000
1648923575125311740 72.522708 0.000000
1648923575165746035 72.314196 0.000000
1648923575238536576 72.376834 0.000000
1648923575287636914 72.456865 0.000000
1648923575326515747 72.492612 0.000000
1648923575359677887 72.372125 0.000000
1648923575374391926 72.375271 0.000000
1648923575382899150 72.394418 0.000000
1648923575383103384 72.330367 0.000000
1648923575503529342 72.550621 0.000000
1648923575577322976 72.382534 0.000000
1648923575616071616 144.794625 0.000000
1648923575631955111 72.497020 0.000000
1648923575672403271 72.802575 0.000000
1648923575688727924 72.648013 0.000000
1648923575795536182 72.741359 0.000000
1648923575865546793 72.406660 0.000000
1648923575938043162 72.782416 0.000000
1648923576012992386 72.442497 0.000000
1648923576066392768 72.369420 0.000000
1648923576082837757 72.371064 0.000000
1648923576155090989 72.335136 0.000000
1648923576227541542 144.747888 0.000000
1648923576230577332 72.782245 0.000000
1648923576251291328 72.376233 0.000000
1648923576396851590 72.524842 0.000000
1648923576448289287 72.392233 0.000000
1648923576501111633 72.376644 0.000000
1648923576520589618 144.692584 0.000000
1648923576520927121 72.434983 0.000000
1648923576540966890 72.463757 0.000000
1648923576557589574 72.325418 0.000000
1648923576593379948 72.447927 0.000000
1648923576605521977 144.669681 0.000000
1648923576685840213 72.478314 0.000000
1648923576734929590 72.482051 0.000000
1648923576734958775 72.530122 0.000000
1648923576750293960 72.466462 0.000000
1648923576774972760 72.387865 0.000000
1648923576807251581 72.312673 0.000000
1648923576863591382 72.576811 0.000000
1648923577008156156 72.261908 0.000000
1648923577008401516 72.346638 0.000000
1648923577024509153 72.568033 0.000000
1648923577080520466 72.361486 0.000000
1648923577120841028 144.716278 0.000000
1648923577241764750 72.388937 0.000000
1648923577318043341 144.641568 0.000000
1648923577329427867 72.373147 0.000000
1648923577402148027 72.394919 0.000000
1648923577409607864 72.395017 0.000000
1648923577457492419 72.420717 0.000000
1648923577607965486 72.574916 0.000000
1648923577644028813 72.432258 0.000000
1648923577825232325 144.570043 0.000000
1648923578043290820 72.542595 0.000000
1648923578078569323 72.659124 0.000000
1648923578134625192 72.623688 0.000000
1648923578332909696 72.443459 0.000000
1648923578399771084 72.367967 0.000000
1648923578440836033 72.467985 0.000000
1648923578549337770 144.560375 0.000000
1648923578550408280 72.385610 0.000000
1648923578712410908 72.357248 0.000000
1648923578761539308 144.588619 0.000000
1648923578819174771 72.421778 0.000000
1648923578834282489 72.468966 0.000000
1648923578839265646 72.501808 0.000000
1648923578891586722 72.348181 0.000000
1648923579108656590 72.382784 0.000000
1648923579365256014 72.357868 0.000000
1648923579454862711 72.490388 0.000000
1648923579527046723 144.660413 0.000000
1648923579599796498 72.328754 0.000000
1648923579743347288 72.291444 0.000000
1648923579848043860 144.731316 0.000000
1648923580065568633 72.428151 0.000000
1648923580233652419 72.400008 0.000000
1648923580306443991 72.582620 0.000000
1648923580355160307 72.390350 0.000000
1648923580378112295 144.629204 0.000000
1648923580523555067 72.332200 0.000000
1648923580667606978 144.468864 0.000000
1648923580700461940 144.578870 0.000000
1648923580716599593 72.425145 0.000000
1648923580724169567 72.448849 0.000000
1648923580756811710 72.354172 0.000000
1648923580789294564 72.526826 0.000000
1648923580813078524 72.355184 0.000000
1648923580917428034 144.648340 0.000000
1648923580957649089 72.421418 0.000000
1648923581158107906 144.511853 0.000000
1648923581174321260 72.477483 0.000000
1648923581174342941 72.403294 0.000000
1648923581279652163 72.439822 0.000000
1648923581455837431 72.398705 0.000000
1648923581737538209 72.435765 0.000000
1648923581786185356 72.347139 0.000000
1648923581810605680 72.317733 0.000000
1648923581898788444 72.410557 0.000000
1648923581930522222 144.560506 0.000000
1648923581971102500 72.673682 0.000000
1648923582075071185 144.540818 0.000000
1648923582132540066 144.610229 0.000000
1648923582148036644 72.474417 0.000000
1648923582188546080 72.500276 0.000000
1648923582220351131 72.356876 0.000000
1648923582292731833 72.378247 0.000000
1648923582309148128 72.336768 0.000000
1648923582381506468 72.354102 0.000000
1648923582639166644 144.827016 0.000000
1648923582655078211 144.817638 0.000000
1648923582695602355 72.400659 0.000000
1648923582824829628 72.556120 0.000000
1648923583002089735 72.420226 0.000000
1648923583017051800 72.436456 0.000000
1648923583057866940 72.484076 0.000000
1648923583162404172 145.424298 0.000000
1648923583307617784 72.616464 0.000000
1648923583403693317 72.492151 0.000000
1648923583476111930 72.462455 0.000000
1648923583508445253 72.394327 0.000000
1648923583597105142 72.419885 0.000000
1648923583653387656 72.481050 0.000000
1648923583709898408 144.537883 0.000000
1648923583741964158 72.375020 0.000000
1648923583766153319 144.484542 0.000000
1648923583854792470 144.513518 0.000000
1648923583927627033 72.446826 0.000000
1648923583927658803 72.454760 0.000000
1648923583983324428 72.548537 0.000000
1648923584119230843 72.398774 0.000000
1648923584176699354 72.301683 0.000000
1648923584232718081 144.755913 0.000000
1648923584263930219 72.350765 0.000000
1648923584273110557 144.681052 0.000000
1648923584393549500 72.404136 0.000000
1648923584466293924 72.322211 0.000000
1648923584490471352 72.402752 0.000000
1648923584611174560 72.424444 0.000000
1648923584667444349 72.469569 0.000000
1648923584683941246 72.498722 0.000000
1648923584684074236 72.571980 0.000000
1648923584739909089 72.462635 0.000000
1648923584941204077 144.826727 0.000000
1648923585046080916 72.342760 0.000000
1648923585069885044 72.417911 0.000000
1648923585102069107 72.427048 0.000000
1648923585262890265 72.438460 0.000000
1648923585263150364 144.511374 0.000000
1648923585303508286 72.653003 0.000000
1648923585303583246 72.653434 0.000000
1648923585407982329 72.392774 0.000000
1648923585480567694 72.773899 0.000000
1648923585553010653 72.436687 0.000000
1648923585593103085 72.396831 0.000000
1648923585593232658 72.495687 0.000000
1648923585625414427 72.350244 0.000000
1648923585722227827 72.428100 0.000000
1648923585898206677 72.429874 0.000000
1648923586043597662 144.564503 0.000000
1648923586228091191 72.310099 0.000000
1648923586260357248 72.371995 0.000000
1648923586260570328 72.649116 0.000000
1648923586349942374 145.040527 0.000000
1648923586533689822 144.557480 0.000000
1648923586567087984 144.660612 0.000000
1648923586751264158 72.386102 0.000000
1648923586807693997 72.393646 0.000000
1648923586912247259 72.324646 0.000000
1648923586968410980 72.509163 0.000000
1648923587026184132 72.476411 0.000000
1648923587073018705 72.592519 0.000000
1648923587434913384 72.463867 0.000000
1648923587507980184 72.405888 0.000000
1648923587508112192 72.445042 0.000000
1648923587524301902 144.452262 0.000000
1648923587580319046 144.650294 0.000000
1648923587619991200 72.373567 0.000000
1648923587620294620 72.461072 0.000000
1648923587741222350 144.594770 0.000000
1648923587821898377 72.420626 0.000000
1648923588054396154 72.472422 0.000000
1648923588086591529 144.507225 0.000000
1648923588086826600 72.292647 0.000000
1648923588086950764 72.379119 0.000000
1648923588199826383 72.333252 0.000000
1648923588247771210 144.515460 0.000000
1648923588320390910 72.425446 0.000000
1648923588416654757 72.377285 0.000000
1648923588609687420 72.335005 0.000000
1648923588609938692 72.345144 0.000000
1648923588619968906 144.760691 0.000000
1648923588665589900 72.328834 0.000000
1648923588721812772 72.418653 0.000000
1648923588779264350 72.332972 0.000000
1648923588810573890 72.339023 0.000000
1648923588882721043 72.433481 0.000000
1648923588882900340 72.628937 0.000000
1648923588924334562 72.388837 0.000000
1648923588955515471 72.367977 0.000000
1648923589043869365 72.301934 0.000000
1648923589043932704 72.370331 0.000000
1648923589116169215 72.626423 0.000000
1648923589140039227 72.404867 0.000000
1648923589317502915 72.458007 0.000000
1648923589502611278 72.429633 0.000000
1648923589679509224 72.483274 0.000000
1648923589719616104 144.633963 0.000000
1648923589896447244 72.422900 0.000000
1648923589936948535 72.479527 0.000000
1648923590057223118 144.559594 0.000000
1648923590154942989 72.599943 0.000000
1648923590154967455 72.659665 0.000000
1648923590201949905 72.395549 0.000000
1648923590213738711 144.568450 0.000000
1648923590243048588 72.444682 0.000000
1648923590258844127 72.506717 0.000000
1648923590299497072 144.538213 0.000000
1648923590315382651 72.451724 0.000000
1648923590476677949 72.363087 0.000000
1648923590532666200 72.389718 0.000000
1648923590573202226 72.398966 0.000000
1648923590573389057 72.342280 0.000000
1648923590605145316 144.766602 0.000000
1648923590645647768 72.440342 0.000000
1648923590677323046 72.280684 0.000000
1648923590708475392 144.500853 0.000000
1648923590750023428 72.390841 0.000000
1648923590853337653 72.410697 0.000000
1648923590894730579 72.494646 0.000000
1648923590910553559 144.680241 0.000000
1648923590935116391 144.503177 0.000000
1648923590967176892 72.441324 0.000000
1648923591023761363 72.560529 0.000000
1648923591156022273 72.402693 0.000000
1648923591184484947 72.373588 0.000000
1648923591256694086 72.365824 0.000000
1648923591373155008 72.373667 0.000000
1648923591373197047 144.560775 0.000000
1648923591662663707 72.401240 0.000000
1648923591675309733 144.544305 0.000000
1648923591779625759 144.503266 0.000000
1648923591996615697 72.400067 0.000000
1648923592069110563 72.491990 0.000000
1648923592093719382 72.795771 0.000000
1648923592096847415 72.447827 0.000000
1648923592166060899 72.362567 0.000000
1648923592254964616 72.388546 0.000000
1648923592271728444 72.374940 0.000000
1648923592302516175 72.399056 0.000000
1648923592528786318 72.344733 0.000000
1648923592604254437 72.542174 0.000000
1648923592616850128 72.341758 0.000000
1648923592676674582 72.508391 0.000000
1648923592705945575 72.424704 0.000000
1648923592736996250 72.440504 0.000000
1648923592821314847 144.473522 0.000000
1648923592821511626 72.374549 0.000000
1648923592834204860 72.435804 0.000000
1648923592923143603 72.540771 0.000000
1648923593227526832 72.312303 0.000000
1648923593256430966 72.288628 0.000000
1648923593444587924 72.365063 0.000000
1648923593557902958 72.394237 0.000000
1648923593588459404 72.413152 0.000000
1648923593630251148 72.341888 0.000000
1648923593678062945 72.606395 0.000000
1648923593751217960 72.389327 0.000000
1648923593759629385 72.548506 0.000000
1648923593832172661 72.537535 0.000000
1648923593907343261 144.532973 0.000000
1648923593908368676 72.529792 0.000000
1648923593992282704 72.377255 0.000000
1648923594196696256 144.594078 0.000000
1648923594210040644 72.583703 0.000000
1648923594338618929 144.601713 0.000000
1648923594343175535 72.419224 0.000000
1648923594415472749 72.291914 0.000000
1648923594426872324 72.460432 0.000000
1648923594474287507 72.422911 0.000000
1648923594499234190 72.355874 0.000000
1648923594675331462 72.462655 0.000000
1648923594700847635 72.344624 0.000000
1648923594763926840 72.493733 0.000000
1648923594764839564 72.357848 0.000000
1648923594847752732 144.511472 0.000000
1648923594921764837 72.345064 0.000000
1648923594994576557 72.331248 0.000000
1648923595150518544 72.596717 0.000000
1648923595211246945 72.433760 0.000000
1648923595270513130 144.584179 0.000000
1648923595280227180 72.459349 0.000000
1648923595352247445 144.587636 0.000000
1648923595367783056 72.410907 0.000000
1648923595487643682 72.455432 0.000000
1648923595528794011 72.410798 0.000000
1648923595777345312 144.476256 0.000000
1648923595859058327 72.358540 0.000000
1648923595994471756 72.445513 0.000000
1648923595995077995 72.321711 0.000000
1648923596091497083 72.343031 0.000000
1648923596139506211 72.493012 0.000000
1648923596220669093 144.535178 0.000000
1648923596324817665 144.513787 0.000000
1648923596356911228 72.411860 0.000000
1648923596582397199 72.351527 0.000000
1648923596585901319 144.435240 0.000000
1648923596614389581 72.516255 0.000000
1648923596799619873 72.407802 0.000000
1648923596803328577 72.709047 0.000000
1648923596863816296 72.421216 0.000000
1648923596904001283 72.394728 0.000000
1648923597007781964 72.369279 0.000000
1648923597048666063 72.358949 0.000000
1648923597105303903 72.373377 0.000000
1648923597193532794 72.463166 0.000000
1648923597224879473 72.385971 0.000000
1648923597224879463 72.431016 0.000000
1648923597370815622 72.388075 0.000000
1648923597515545775 144.627390 0.000000
1648923597599442610 144.576955 0.000000
1648923597756915552 72.476422 0.000000
1648923597804007958 72.375672 0.000000
1648923597829263120 72.344152 0.000000
1648923597901629184 72.308055 0.000000
1648923597960851166 72.351816 0.000000
1648923598062069597 72.356536 0.000000
1648923598078395182 72.444862 0.000000
1648923598295740877 72.428440 0.000000
1648923598336105952 72.326821 0.000000
1648923598393482308 72.585385 0.000000
1648923598408448440 72.339734 0.000000
1648923598466211674 72.661890 0.000000
1648923598538026533 72.494996 0.000000
1648923598657363124 72.353139 0.000000
1648923598973056239 72.506277 0.000000
1648923599034436134 72.433381 0.000000
1648923599046492953 72.422039 0.000000
1648923599046856525 72.392583 0.000000
1648923599059156942 72.342890 0.000000
1648923599204316913 72.363118 0.000000
1648923599204377296 72.411037 0.000000
1648923599292846537 72.450202 0.000000
1648923599408060898 144.604878 0.000000
1648923599408631549 144.658549 0.000000
1648923599468786814 144.545286 0.000000
1648923599613563124 72.329063 0.000000
1648923599697489145 144.696460 0.000000
1648923599698122003 144.435090 0.000000
1648923599710788046 72.358659 0.000000
1648923599743345991 72.343141 0.000000
1648923599770734950 144.544304 0.000000
1648923599782844207 144.778363 0.000000
1648923599872212166 72.526304 0.000000
1648923599915020749 144.498660 0.000000
1648923599987469027 72.457344 0.000000
1648923599988413050 72.806981 0.000000
1648923600000208077 72.387583 0.000000
1648923600032939919 72.509744 0.000000
1648923600217433106 144.488470 0.000000
1648923600234232641 72.376925 0.000000
1648923600290046393 72.361636 0.000000
1648923600350682301 72.573703 0.000000
1648923600422314847 72.493153 0.000000
1648923600555524799 144.470236 0.000000
1648923600567139237 144.636067 0.000000
1648923600579430988 72.384598 0.000000
1648923600667875042 72.368259 0.000000
1648923600845127152 72.603320 0.000000
1648923600885365639 72.401630 0.000000
1648923601002135130 72.425705 0.000000
1648923601075390944 144.893730 0.000000
1648923601280001506 72.419014 0.000000
1648923601509674769 72.403844 0.000000
1648923601576532300 72.524642 0.000000
1648923601648699569 72.449119 0.000000
1648923601665822311 72.320598 0.000000
1648923601681801716 144.476937 0.000000
1648923601698137230 72.366084 0.000000
1648923601866050504 144.612072 0.000000
1648923601891099049 72.434471 0.000000
1648923601938155157 72.777275 0.000000
1648923602027187735 144.559513 0.000000
1648923602180237331 72.289159 0.000000
1648923602252412305 72.375601 0.000000
1648923602428346000 72.511557 0.000000
1648923602461044649 72.590194 0.000000
1648923602461105794 72.575436 0.000000
1648923602461495345 72.367796 0.000000
1648923602469476562 72.365001 0.000000
1648923602500656820 72.308034 0.000000
1648923602542483218 72.521986 0.000000
1648923602661921471 144.583128 0.000000
1648923602686805977 72.463847 0.000000
1648923602750922310 72.421738 0.000000
1648923602806963379 144.495142 0.000000
1648923602823075163 72.483855 0.000000
1648923602904225280 144.576134 0.000000
1648923602976361912 72.423791 0.000000
1648923603040437068 72.351947 0.000000
1648923603151938828 72.466403 0.000000
1648923603184922011 72.527436 0.000000
1648923603241374273 72.345275 0.000000
1648923603296834101 72.429493 0.000000
1648923603410485186 72.375451 0.000000
1648923603441615841 72.409165 0.000000
1648923603482832394 72.345074 0.000000
1648923603571546655 72.440954 0.000000
1648923603659227836 72.480157 0.000000
1648923603748394216 72.409706 0.000000
1648923603820840991 72.444581 0.000000
1648923603876305518 72.591707 0.000000
1648923603932888855 72.440533 0.000000
1648923604278793800 72.439993 0.000000
1648923604367546122 72.337771 0.000000
1648923604416458987 72.489756 0.000000
1648923604439678136 144.512224 0.000000
1648923604584420472 144.735864 0.000000
1648923604672701239 72.327651 0.000000
1648923604706586466 72.525123 0.000000
1648923604761148779 144.692703 0.000000
1648923604801910758 72.541773 0.000000
1648923604850117097 72.400969 0.000000
1648923604873924450 144.569160 0.000000
1648923604922704125 72.441325 0.000000
1648923605002830740 72.536142 0.000000
1648923605139553989 144.712881 0.000000
1648923605292940657 72.404435 0.000000
1648923605293010989 72.427799 0.000000
1648923605397782901 72.572802 0.000000
1648923605437776328 72.429643 0.000000
1648923605542676902 72.358639 0.000000
1648923605558637041 72.584413 0.000000
1648923605687729701 72.483894 0.000000
1648923605961053818 144.636557 0.000000
1648923606193296105 144.674458 0.000000
1648923606428584130 72.433781 0.000000
1648923606452117139 144.526431 0.000000
1648923606452330078 72.717914 0.000000
1648923606468284636 72.525202 0.000000
1648923606501013763 144.831753 0.000000
1648923606524450601 72.404886 0.000000
1648923606661607103 144.605730 0.000000
1648923606789112713 72.420966 0.000000
1648923606805579192 144.525428 0.000000
1648923606806551368 72.457074 0.000000
1648923606862469477 72.413753 0.000000
1648923606862694529 72.619709 0.000000
1648923606950917297 72.407030 0.000000
1648923606990431153 72.477903 0.000000
1648923607102870523 72.420566 0.000000
1648923607411157220 72.719416 0.000000
1648923607457545134 72.750566 0.000000
1648923607537439713 72.578983 0.000000
1648923607602251271 72.524611 0.000000
1648923607628288332 144.542952 0.000000
1648923607773475262 72.419964 0.000000
1648923607819620381 72.290773 0.000000
1648923607891907906 72.670525 0.000000
1648923608037152516 72.596156 0.000000
1648923608109522547 72.365483 0.000000
1648923608117647393 72.421057 0.000000
1648923608135599351 72.411609 0.000000
1648923608262102468 72.686174 0.000000
1648923608366339207 72.384308 0.000000
1648923608367054119 72.459068 0.000000
1648923608399255354 144.614376 0.000000
1648923608399473052 72.393375 0.000000
1648923608583524640 72.365652 0.000000
1648923608761512873 72.413773 0.000000
1648923608834014000 72.494495 0.000000
1648923608978800759 144.529276 0.000000
1648923609058792502 72.335637 0.000000
1648923609123509822 144.627560 0.000000
1648923609162441175 144.494490 0.000000
1648923609412658403 72.338271 0.000000
1648923609485636526 72.407431 0.000000
1648923609492924300 72.423362 0.000000
1648923609670015117 144.681692 0.000000
1648923609887078121 72.386762 0.000000
1648923609903817213 72.390560 0.000000
1648923610048752321 72.535201 0.000000
1648923610104300675 72.444320 0.000000
1648923610249081593 144.726416 0.000000
1648923610353253459 72.352639 0.000000
1648923610353612523 72.338582 0.000000
1648923610434406061 72.466191 0.000000
1648923610506934078 72.419604 0.000000
1648923610715479388 72.410516 0.000000
1648923610796089652 72.374980 0.000000
1648923611006864318 72.474738 0.000000
1648923611150120554 72.340576 0.000000
1648923611157610027 72.349442 0.000000
1648923611189952086 72.457555 0.000000
1648923611222408791 144.690719 0.000000
1648923611230247890 72.403704 0.000000
1648923611479518731 72.485036 0.000000
1648923611590759130 72.445282 0.000000
1648923611809407681 72.412952 0.000000
1648923611876966327 72.308475 0.000000
1648923611930490501 72.412791 0.000000
1648923612043194507 144.845640 0.000000
1648923612171794031 72.392434 0.000000
1648923612187930641 72.584152 0.000000
1648923612204030001 72.448688 0.000000
1648923612236213544 72.331529 0.000000
1648923612239227894 72.709769 0.000000
1648923612332992316 72.404455 0.000000
1648923612526519156 72.431436 0.000000
1648923612533527135 72.355053 0.000000
1648923612550736530 72.575006 0.000000
1648923612598852117 72.386622 0.000000
1648923612605732988 144.543934 0.000000
1648923612605870897 72.340155 0.000000
1648923612746263705 72.445282 0.000000
1648923612783754332 72.444640 0.000000
1648923612822992921 72.466181 0.000000
1648923612968480456 72.658201 0.000000
1648923613040764977 72.528860 0.000000
1648923613040833526 72.532687 0.000000
1648923613058050975 72.320749 0.000000
1648923613108216030 72.541472 0.000000
1648923613113390276 72.783286 0.000000
1648923613202613914 144.561196 0.000000
1648923613253169844 72.572391 0.000000
1648923613253202635 72.510234 0.000000
1648923613258064374 144.662596 0.000000
1648923613258290248 72.482562 0.000000
1648923613325542048 72.330036 0.000000
1648923613346804744 72.420395 0.000000
1648923613398428699 72.430965 0.000000
1648923613403566116 72.457385 0.000000
1648923613564757858 72.423761 0.000000
1648923613564890808 72.529399 0.000000
1648923613614882078 72.352528 0.000000
1648923613765383086 72.378577 0.000000
1648923613870119934 72.406249 0.000000
1648923613902809926 72.432027 0.000000
1648923613927131415 72.345134 0.000000
1648923613977816698 72.366244 0.000000
1648923614122387802 72.286764 0.000000
1648923614264596510 72.400958 0.000000
1648923614361393057 72.409465 0.000000
1648923614411819855 72.354893 0.000000
1648923614484106740 72.346597 0.000000
1648923614628881746 72.323033 0.000000
1648923614629012662 72.385049 0.000000
1648923614706103337 72.333443 0.000000
1648923614723228052 72.377665 0.000000
1648923614771209047 72.382094 0.000000
1648923614811035721 72.350274 0.000000
1648923614845289920 72.337420 0.000000
1648923614901094355 72.400818 0.000000
1648923614938753328 72.370511 0.000000
1648923614956146197 72.358419 0.000000
1648923614990010585 72.340525 0.000000
1648923615213184333 72.628196 0.000000
1648923615279529360 72.400468 0.000000
1648923615351942642 72.408443 0.000000
1648923615352820731 72.403223 0.000000
1648923615372996445 72.375590 0.000000
1648923615430842424 72.650207 0.000000
1648923615446756867 72.370001 0.000000
1648923615639758219 72.430444 0.000000
1648923615953650040 72.510304 0.000000
1648923616004434299 72.399065 0.000000
1648923616076792357 72.353179 0.000000
1648923616081996038 72.284129 0.000000
1648923616154902526 72.429753 0.000000
1648923616169111256 72.425674 0.000000
1648923616259250061 72.480397 0.000000
1648923616313825469 72.403183 0.000000
1648923616516919502 72.364521 0.000000
1648923616517077369 72.479847 0.000000
1648923616661564946 144.549383 0.000000
1648923616661635819 72.408072 0.000000
1648923616693756884 72.398123 0.000000
1648923616766344984 72.454810 0.000000
1648923616782017182 144.534626 0.000000
1648923616838926682 72.591767 0.000000
1648923616872093470 72.348430 0.000000
1648923616878727567 72.424733 0.000000
1648923616951150968 72.412080 0.000000
1648923616951285119 72.376513 0.000000
1648923617016912209 72.318464 0.000000
1648923617089248136 72.451494 0.000000
1648923617304751641 72.411639 0.000000
1648923617312680819 144.563510 0.000000
1648923617327745927 72.403524 0.000000
1648923617385436785 72.426897 0.000000
1648923617418132869 72.443739 0.000000
1648923617457575531 72.421808 0.000000
1648923617523429416 72.350584 0.000000
1648923617524708949 72.386552 0.000000
1648923617651703299 72.424483 0.000000
1648923617669866714 72.849531 0.000000
1648923617747297447 144.585021 0.000000
1648923617747428313 72.551270 0.000000
1648923617886944866 72.387904 0.000000
1648923618031824390 72.367436 0.000000
1648923618032079098 72.413142 0.000000
1648923618104192016 72.364971 0.000000
1648923618142396062 72.422879 0.000000
1648923618174530041 72.392182 0.000000
1648923618180899391 72.369009 0.000000
1648923618181622970 72.334184 0.000000
1648923618181761640 72.434301 0.000000
1648923618245777183 72.388675 0.000000
1648923618270220130 72.332370 0.000000
1648923618303398038 144.633251 0.000000
1648923618319348209 72.339403 0.000000
1648923618394275531 73.016183 0.000000
1648923618398594270 72.376412 0.000000
1648923618447560105 72.334835 0.000000
1648923618828345543 144.609757 0.000000
1648923618901238515 72.390649 0.000000
1648923618901276076 72.448648 0.000000
1648923619066978218 72.397271 0.000000
1648923619156301743 72.395699 0.000000
1648923619300968786 72.296342 0.000000
1648923619411604510 72.337269 0.000000
1648923619552767083 72.427087 0.000000
1648923619752453098 144.477538 0.000000
1648923619845913280 144.588176 0.000000
1648923619915185263 72.426126 0.000000
1648923619915343901 72.366775 0.000000
1648923620096498117 72.470599 0.000000
1648923620201207262 144.499890 0.000000
1648923620207695124 72.352897 0.000000
1648923620207793449 72.350022 0.000000
1648923620241184197 72.369689 0.000000
1648923620280483180 72.419293 0.000000
1648923620331710891 144.649581 0.000000
1648923620530690028 72.453016 0.000000
1648923620715102793 72.383456 0.000000
1648923620780406685 72.411068 0.000000
1648923620784088829 72.442076 0.000000
1648923620787488122 72.361524 0.000000
1648923621073708554 72.423140 0.000000
1648923621146112017 72.397473 0.000000
1648923621273818735 72.474317 0.000000
1648923621439435546 72.579524 0.000000
1648923621648735112 72.405848 0.000000
1648923621729161520 144.711026 0.000000
1648923621729236551 72.325186 0.000000
1648923621801441572 72.274251 0.000000
1648923621817147453 144.551126 0.000000
1648923621888634966 72.359229 0.000000
1648923622082889011 72.360974 0.000000
1648923622090979162 72.481310 0.000000
1648923622227674277 72.441214 0.000000
1648923622233029693 72.429613 0.000000
1648923622283419130 72.304859 0.000000
1648923622394889300 72.346987 0.000000
1648923622412517881 72.453126 0.000000
1648923622468331514 72.394156 0.000000
1648923622505384819 144.584820 0.000000
1648923622595107573 72.430594 0.000000
1648923622670671761 72.417189 0.000000
1648923622722655703 72.478224 0.000000
1648923622829126014 72.368187 0.000000
1648923623120080675 72.577801 0.000000
1648923623157245880 72.409805 0.000000
1648923623280667011 72.375400 0.000000
1648923623302365735 72.701943 0.000000
1648923623319417342 144.651415 0.000000
1648923623375068690 72.392041 0.000000
1648923623425746459 72.626983 0.000000
1648923623592570598 72.332260 0.000000
1648923623674751410 144.547990 0.000000
1648923623683433102 72.377835 0.000000
1648923623756673477 72.416899 0.000000
1648923623771708128 144.685870 0.000000
1648923623916554748 144.474351 0.000000
1648923623932394862 144.634343 0.000000
1648923623938854561 72.463385 0.000000
1648923624043091179 72.352488 0.000000
1648923624154713353 144.647868 0.000000
1648923624189612083 72.418071 0.000000
1648923624332158806 72.639557 0.000000
1648923624336455644 72.471661 0.000000
1648923624479299684 72.372023 0.000000
1648923624500280160 72.522717 0.000000
1648923624551261178 73.435341 0.000000
1648923624644750665 72.306350 0.000000
1648923624865234842 81.022738 0.000000
1648923625016092360 75.901992 0.000000
1648923625023232657 72.288026 0.000000
1648923625178441927 81.169503 0.000000
1648923625178546463 162.275518 0.000000
1648923625178581539 155.357919 0.000000
1648923625252120484 154.737332 0.000000
1648923625252568215 73.684208 0.000000
1648923625334045958 155.291274 0.000000
1648923625334137680 152.784737 0.000000
1648923625420832749 86.439489 0.000000
1648923625493134691 151.561459 0.000000
1648923625563980300 146.044240 0.000000
1648923625564357578 72.425195 0.000000
1648923625566397017 72.354281 0.000000
1648923625670782743 72.344512 0.000000
1648923625709919001 72.459158 0.000000
1648923625743280284 72.295581 0.000000
1648923625854635838 72.366123 0.000000
1648923625926943311 144.622560 0.000000
1648923625927108521 72.509392 0.000000
1648923625960442062 72.387543 0.000000
1648923626000583055 72.349241 0.000000
1648923626072488784 72.480017 0.000000
1648923626072752690 72.409114 0.000000
1648923626136937751 72.366674 0.000000
1648923626145611699 144.572617 0.000000
1648923626216628497 72.429051 0.000000
1648923626361560168 72.419563 0.000000
1648923626363105230 144.541579 0.000000
1648923626363413038 72.494454 0.000000
1648923626507997647 144.671643 0.000000
1648923626651509912 72.648764 0.000000
1648923627013957557 72.464959 0.000000
1648923627014395499 144.853984 0.000000
1648923627223444394 72.387374 0.000000
1648923627231494369 144.620917 0.000000
1648923627248538713 72.356605 0.000000
1648923627304275031 72.583281 0.000000
1648923627320865604 72.321480 0.000000
1648923627367843094 72.339484 0.000000
1648923627376995800 72.456983 0.000000
1648923627521489448 72.414064 0.000000
1648923627593974724 72.480567 0.000000
1648923627596068706 144.666703 0.000000
1648923627626547408 72.335757 0.000000
1648923627666281407 72.341398 0.000000
1648923627667481490 72.376714 0.000000
1648923627858562486 72.373307 0.000000
1648923627957616691 144.549222 0.000000
1648923628091638326 72.490316 0.000000
1648923628117023743 72.316369 0.000000
1648923628172961267 144.487676 0.000000
1648923628189354449 72.326769 0.000000
1648923628245839692 72.316640 0.000000
1648923628318923954 72.545250 0.000000
1648923628463741701 72.746979 0.000000
1648923628526068503 72.408843 0.000000
1648923628582275022 72.446212 0.000000
1648923628606330783 72.357096 0.000000
1648923628695932380 72.363439 0.000000
1648923628753535792 72.319255 0.000000
1648923628754669841 144.527241 0.000000
1648923628799484130 72.395107 0.000000
1648923628898658792 72.367516 0.000000
1648923628971057827 72.510405 0.000000
1648923628971368650 72.593680 0.000000
1648923629115729048 144.585060 0.000000
1648923629202318449 72.371794 0.000000
1648923629331554758 72.381061 0.000000
1648923629402052673 72.469727 0.000000
1648923629404623460 72.324374 0.000000
1648923629466965982 72.479096 0.000000
1648923629475546815 72.379630 0.000000
1648923629595575464 144.723690 0.000000
1648923629622427675 72.459258 0.000000
1648923629909617596 144.547699 0.000000
1648923629910938116 72.368638 0.000000
1648923630201806023 72.347388 0.000000
1648923630272835637 72.311832 0.000000
1648923630344849328 72.349892 0.000000
1648923630420192170 144.582965 0.000000
1648923630480296579 72.405847 0.000000
1648923630625198985 72.449249 0.000000
1648923630779352652 72.385640 0.000000
1648923630936090722 72.282267 0.000000
1648923631140970678 72.308024 0.000000
1648923631204759805 72.494213 0.000000
1648923631349578695 72.406309 0.000000
1648923631431624172 144.726975 0.000000
1648923631501859194 72.383626 0.000000
1648923631572549921 72.317852 0.000000
1648923631682851126 72.477192 0.000000
1648923631795216426 144.552879 0.000000
1648923631941086578 72.384407 0.000000
1648923632044678625 72.420155 0.000000
1648923632084200846 72.349982 0.000000
1648923632228166984 72.394526 0.000000
1648923632445459988 144.554193 0.000000
1648923632447170480 72.298246 0.000000
1648923632586006334 72.491700 0.000000
1648923632586033706 72.471561 0.000000
1648923632638066609 72.358769 0.000000
1648923632659642071 72.348721 0.000000
1648923632732145051 72.370180 0.000000
1648923632839462763 72.443678 0.000000
1648923632875600921 72.412380 0.000000
1648923632875633652 72.403894 0.000000
1648923632882746538 72.288718 0.000000
1648923632984278507 72.438249 0.000000
1648923633020176352 144.535185 0.000000
1648923633032783535 72.295721 0.000000
1648923633100098203 144.523224 0.000000
1648923633166247713 144.586993 0.000000
1648923633170619341 72.381872 0.000000
1648923633265792870 144.488157 0.000000
1648923633316111043 72.371072 0.000000
1648923633455915687 72.465099 0.000000
1648923633600723845 72.415787 0.000000
1648923633627982629 72.334985 0.000000
1648923633819894295 72.349752 0.000000
1648923633894337368 72.344422 0.000000
1648923633964620159 72.400408 0.000000
1648923634035824851 72.411439 0.000000
1648923634067075872 72.354532 0.000000
1648923634111467607 72.365472 0.000000
1648923634398683066 72.370241 0.000000
1648923634473866499 72.423571 0.000000
1648923634473956487 72.460691 0.000000
1648923634480089974 72.327399 0.000000
1648923634545791894 72.386932 0.000000
1648923634552417305 72.324535 0.000000
1648923634573847695 72.341257 0.000000
1648923634687244001 72.456032 0.000000
1648923634976870367 72.360042 0.000000
1648923635055726807 72.385159 0.000000
1648923635184600645 72.346906 0.000000
1648923635220450030 72.443959 0.000000
1648923635266595038 72.453889 0.000000
1648923635266951527 72.431807 0.000000
1648923635270411865 144.538813 0.000000
1648923635297812695 72.402062 0.000000
1648923635339334491 72.593409 0.000000
1648923635484327537 72.609100 0.000000
1648923635515484681 72.746146 0.000000
1648923635560592621 72.405287 0.000000
1648923635629298531 72.421006 0.000000
1648923635629354957 144.687482 0.000000
1648923635701960239 72.455230 0.000000
1648923635850574314 72.407240 0.000000
1648923635922953641 72.372785 0.000000
1648923635943030991 72.604811 0.000000
1648923635944407155 72.419103 0.000000
1648923635991486286 72.484465 0.000000
1648923636064008682 72.551892 0.000000
1648923636323889605 144.490111 0.000000
1648923636433532543 72.429502 0.000000
1648923636498977771 72.601165 0.000000
1648923636647252658 72.475248 0.000000
1648923636650597980 72.305238 0.000000
1648923636722011365 72.483875 0.000000
1648923636788795897 72.383635 0.000000
1648923636861062903 144.600228 0.000000
1648923636933478198 144.679445 0.000000
1648923636933854755 72.527315 0.000000
1648923637285997850 72.387684 0.000000
1648923637317878082 72.408413 0.000000
1648923637367850956 144.573537 0.000000
1648923637512619580 144.578798 0.000000
1648923637736489565 72.503802 0.000000
1648923637809127087 72.466922 0.000000
1648923637874756901 72.495476 0.000000
1648923637881287614 144.680559 0.000000
1648923637937633275 72.412430 0.000000
1648923638041730800 72.392963 0.000000
1648923638164465601 144.713761 0.000000
1648923638243376323 72.315728 0.000000
1648923638381726366 72.369170 0.000000
1648923638412458111 72.381242 0.000000
1648923638599257336 72.364861 0.000000
1648923638602711222 144.514257 0.000000
1648923638744265690 72.368839 0.000000
1648923638749601680 72.406198 0.000000
1648923638919417165 72.616403 0.000000
1648923638934840936 144.593205 0.000000
1648923639033514247 72.379368 0.000000
1648923639128193016 72.405587 0.000000
1648923639182162265 72.420475 0.000000
1648923639251105741 72.426496 0.000000
1648923639399467883 72.441484 0.000000
1648923639426390806 72.416988 0.000000
1648923639458985971 72.464097 0.000000
1648923639471734589 72.344602 0.000000
1648923639474266713 72.327660 0.000000
1648923639757394096 144.588706 0.000000
1648923639761509393 144.726895 0.000000
1648923639763787480 144.605057 0.000000
1648923639902011115 144.611449 0.000000
1648923639902624647 144.966756 0.000000
1648923639902815325 72.334132 0.000000
1648923640005288420 72.365222 0.000000
1648923640050984284 144.537239 0.000000
1648923640051176655 144.613693 0.000000
1648923640196456830 72.445041 0.000000
1648923640197686088 144.440077 0.000000
1648923640268857067 72.395108 0.000000
1648923640340499331 144.571154 0.000000
1648923640358764267 72.462233 0.000000
1648923640367346442 72.411979 0.000000
1648923640406844918 72.414484 0.000000
1648923640414592166 144.555263 0.000000
1648923640503377870 144.529555 0.000000
1648923640535907151 72.470779 0.000000
1648923640702766906 72.395638 0.000000
1648923640797723327 144.618091 0.000000
1648923640833814465 144.702168 0.000000
1648923641031457442 72.381511 0.000000
1648923641083745063 72.345975 0.000000
1648923641159192332 72.261777 0.000000
1648923641209646790 72.466572 0.000000
1648923641210223503 144.456017 0.000000
1648923641248657802 144.552528 0.000000
1648923641322104183 72.492090 0.000000
1648923641373087485 72.369699 0.000000
1648923641571902603 144.571563 0.000000
1648923641590108228 72.295309 0.000000
1648923641643964064 72.558153 0.000000
1648923641700123415 72.406829 0.000000
1648923641810828427 72.428379 0.000000
1648923641900832579 144.625656 0.000000
1648923642024511423 72.341046 0.000000
1648923642100224140 72.314726 0.000000
1648923642207284789 144.483288 0.000000
1648923642239648088 72.455640 0.000000
1648923642241539980 72.286583 0.000000
1648923642385735138 72.378276 0.000000
1648923642424387055 72.376502 0.000000
1648923642458629182 72.455160 0.000000
1648923642462266922 72.586737 0.000000
1648923642602935698 72.312161 0.000000
1648923642603150451 72.490035 0.000000
1648923642820195720 72.354781 0.000000
1648923642840861745 72.346957 0.000000
1648923642971007471 72.422488 0.000000
1648923643037297505 144.664147 0.000000
1648923643075464291 144.500641 0.000000
1648923643130572298 72.349752 0.000000
1648923643182650967 144.632468 0.000000
1648923643255147845 72.768167 0.000000
1648923643291495316 72.347829 0.000000
1648923643405382623 72.373787 0.000000
1648923643508799931 72.508460 0.000000
1648923643545150257 72.410616 0.000000
1648923643689793706 72.399035 0.000000
1648923643689879868 72.303356 0.000000
1648923643800524406 72.373506 0.000000
1648923643839799543 72.450361 0.000000
1648923643945573186 72.715449 0.000000
1648923643961704145 72.541263 0.000000
1648923643984676611 72.516005 0.000000
1648923644088498308 72.450431 0.000000
1648923644124512703 72.383696 0.000000
1648923644201901377 72.316771 0.000000
1648923644305863247 72.396640 0.000000
1648923644307990732 144.582334 0.000000
1648923644341310457 72.374519 0.000000
1648923644341723493 72.415676 0.000000
1648923644378534403 72.362276 0.000000
1648923644597586510 72.370852 0.000000
1648923644614360777 72.551060 0.000000
1648923644759186388 72.653382 0.000000
1648923644776746401 72.490126 0.000000
1648923644776783009 72.547715 0.000000
1648923644814529827 144.532320 0.000000
1648923644957897600 72.418532 0.000000
1648923644976407057 72.309377 0.000000
1648923645066486650 72.432827 0.000000
1648923645175088072 72.363007 0.000000
1648923645216969233 72.405236 0.000000
1648923645266368430 72.408191 0.000000
1648923645338747347 72.416007 0.000000
1648923645356138282 72.358719 0.000000
1648923645428577963 72.306792 0.000000
1648923645447592587 72.387463 0.000000
1648923645645948683 72.359250 0.000000
1648923645772990952 72.451703 0.000000
1648923645794474341 72.366783 0.000000
1648923645796451504 72.386902 0.000000
1648923645809302655 72.404315 0.000000
1648923645845504842 72.507368 0.000000
1648923645898913317 72.405847 0.000000
1648923645900546344 72.477722 0.000000
1648923645917830238 72.322240 0.000000
1648923646006117827 144.522622 0.000000
1648923646062560680 72.406057 0.000000
1648923646207375260 72.428830 0.000000
1648923646262354135 72.308575 0.000000
1648923646297682301 72.340595 0.000000
1648923646369435974 72.433990 0.000000
1648923646641642148 72.384637 0.000000
1648923646662588429 72.366604 0.000000
1648923646663003839 72.472823 0.000000
1648923646694776810 72.359821 0.000000
1648923646731022730 72.380831 0.000000
1648923646804444845 72.334102 0.000000
1648923646952601991 72.369609 0.000000
1648923647097381786 72.411477 0.000000
1648923647129155338 72.488312 0.000000
1648923647131554563 72.416407 0.000000
1648923647311091242 72.338361 0.000000
1648923647348065589 72.460550 0.000000
1648923647603319071 72.375621 0.000000
1648923647635634029 72.384427 0.000000
1648923647743654651 144.469132 0.000000
1648923648017318643 72.324915 0.000000
1648923648033336209 72.539398 0.000000
1648923648140734101 72.371993 0.000000
1648923648144313522 72.456412 0.000000
1648923648182124761 72.379918 0.000000
1648923648287038209 72.349221 0.000000
1648923648306826185 72.330566 0.000000
1648923648324074903 144.456929 0.000000
1648923648413979428 144.571614 0.000000
1648923648502909292 72.506766 0.000000
1648923648579153607 72.388074 0.000000
1648923648651567670 72.410917 0.000000
1648923648651598057 72.445132 0.000000
1648923648703197997 144.551947 0.000000
1648923648766018225 144.743246 0.000000
1648923648833738494 72.445702 0.000000
1648923648902134081 72.455270 0.000000
1648923648993033584 72.516875 0.000000
1648923649013703136 72.535571 0.000000
1648923649046848764 72.311600 0.000000
1648923649247553660 72.364781 0.000000
1648923649336264473 144.581473 0.000000
1648923649375407632 144.578908 0.000000
1648923649443336233 72.381421 0.000000
1648923649489810598 144.552568 0.000000
1648923649499503508 72.334042 0.000000
1648923649608468033 72.526064 0.000000
1648923649734174764 72.362807 0.000000
1648923649779302841 144.658857 0.000000
1648923649810106922 72.477421 0.000000
1648923649842340768 72.362396 0.000000
1648923649879028797 72.383485 0.000000
1648923649882573864 144.917082 0.000000
1648923649955407405 72.830986 0.000000
1648923650022217906 72.368237 0.000000
1648923650023742929 72.333792 0.000000
1648923650115738109 72.356234 0.000000
1648923650150672045 72.373667 0.000000
1648923650276788205 72.616925 0.000000
1648923650316976507 144.522371 0.000000
1648923650423737523 72.758159 0.000000
1648923650622499451 72.412660 0.000000
1648923650648119338 144.623542 0.000000
1648923650729614823 72.333692 0.000000
1648923650752377965 72.628796 0.000000
1648923650766735044 72.436986 0.000000
1648923650824884111 72.520052 0.000000
1648923650891251930 72.547143 0.000000
1648923650897523507 72.633936 0.000000
1648923651042209355 144.684666 0.000000
1648923651074050544 72.398745 0.000000
1648923651091469982 72.340785 0.000000
1648923651128792012 72.415214 0.000000
1648923651129155294 72.397271 0.000000
1648923651331705194 144.620746 0.000000
1648923651512556681 72.321981 0.000000
1648923651541586832 72.327981 0.000000
1648923651581442860 72.329404 0.000000
1648923651686326571 144.649740 0.000000
1648923651689031510 72.395277 0.000000
1648923651758760992 72.346696 0.000000
1648923651766085806 72.470128 0.000000
1648923651831163352 72.397361 0.000000
1648923651833911963 72.376733 0.000000
1648923651887182921 72.341697 0.000000
1648923651887295823 72.407761 0.000000
1648923651906474115 72.481630 0.000000
1648923651978960603 72.453576 0.000000
1648923652123621434 72.409393 0.000000
1648923652176505916 144.564620 0.000000
1648923652196022823 72.393223 0.000000
1648923652344959032 144.620195 0.000000
1648923652457430511 144.518986 0.000000
1648923652519796296 72.431294 0.000000
1648923652630416509 72.401930 0.000000
1648923652809464830 72.438068 0.000000
1648923652811785156 72.368267 0.000000
1648923652814858437 72.313594 0.000000
1648923652884254874 72.459859 0.000000
1648923652916373614 72.467293 0.000000
1648923653028982811 72.391029 0.000000
1648923653036183091 144.473028 0.000000
1648923653137503481 72.424432 0.000000
1648923653171618409 72.422639 0.000000
1648923653173740885 72.407600 0.000000
1648923653174003829 72.481850 0.000000
1648923653318493328 72.427147 0.000000
1648923653535758329 72.385128 0.000000
1648923653542900921 72.446614 0.000000
1648923653605779468 72.377964 0.000000
1648923653615013617 144.648417 0.000000
1648923653615291549 72.525462 0.000000
1648923653648248443 72.407050 0.000000
1648923653678375212 72.375821 0.000000
1648923654154988113 144.581071 0.000000
1648923654185148486 72.346306 0.000000
1648923654241783510 72.477231 0.000000
1648923654266917845 144.541778 0.000000
1648923654339481749 72.413572 0.000000
1648923654404116834 72.334624 0.000000
1648923654547375543 72.422729 0.000000
1648923654585499398 72.386370 0.000000
1648923654730393388 72.424473 0.000000
1648923654766259494 72.445152 0.000000
1648923654806367415 144.504849 0.000000
1648923654855439498 72.422098 0.000000
1648923654874935746 144.549112 0.000000
1648923654983627678 72.536793 0.000000
1648923654999347115 144.476916 0.000000
1648923655019770845 72.389266 0.000000
1648923655110197319 72.393634 0.000000
1648923655135498868 72.387442 0.000000
1648923655135579279 72.423711 0.000000
1648923655305147559 72.389947 0.000000
1648923655381925596 72.476279 0.000000
1648923655418132642 72.441764 0.000000
1648923655594709412 72.452805 0.000000
1648923655778032280 72.471060 0.000000
1648923655795316575 144.841281 0.000000
1648923655796463949 72.394075 0.000000
1648923655889009743 72.624308 0.000000
1648923655891885794 144.534895 0.000000
1648923656036469510 144.573868 0.000000
1648923656140403939 72.377775 0.000000
1648923656269200772 72.376883 0.000000
1648923656287231799 72.327300 0.000000
1648923656287331997 72.397512 0.000000
1648923656391922327 72.607105 0.000000
1648923656503221635 72.360392 0.000000
1648923656614465929 72.431355 0.000000
1648923656703501081 72.408361 0.000000
1648923656720512374 72.485016 0.000000
1648923656761344985 72.441084 0.000000
1648923656833769247 72.415114 0.000000
1648923656882269927 72.386761 0.000000
1648923656937986357 72.712693 0.000000
1648923657010587741 72.594892 0.000000
1648923657050849130 72.340244 0.000000
1648923657065376268 72.381512 0.000000
1648923657122123312 72.654274 0.000000
1648923657156268727 72.424341 0.000000
1648923657195393793 144.539263 0.000000
1648923657339677706 72.407159 0.000000
1648923657373576979 72.498841 0.000000
1648923657373608478 72.519220 0.000000
1648923657387505483 144.522832 0.000000
1648923657389445055 72.485346 0.000000
1648923657484469253 72.385098 0.000000
1648923657518422517 72.354611 0.000000
1648923657604588902 72.375510 0.000000
1648923657735643926 72.400137 0.000000
1648923657808105748 72.450090 0.000000
1648923657919602627 72.429863 0.000000
1648923657933834570 72.393484 0.000000
1648923657952719480 144.610487 0.000000
1648923658023134328 72.459097 0.000000
1648923658063948165 72.450470 0.000000
1648923658064269769 72.410525 0.000000
1648923658242665664 72.483363 0.000000
1648923658247981807 72.502489 0.000000
1648923658347032786 72.497169 0.000000
1648923658602372249 72.438478 0.000000
1648923658604997438 72.423580 0.000000
1648923658617387243 144.543040 0.000000
1648923658643804436 72.348841 0.000000
1648923658674727952 72.347317 0.000000
1648923658749538645 72.571268 0.000000
1648923658754644251 72.386892 0.000000
1648923658834298880 72.354220 0.000000
1648923659039341380 144.572725 0.000000
1648923659039727114 72.509111 0.000000
1648923659078839696 72.641399 0.000000
1648923659112037833 72.686254 0.000000
1648923659151175472 72.778397 0.000000
1648923659189747439 144.598464 0.000000
1648923659223891101 72.632914 0.000000
1648923659236737943 72.408792 0.000000
1648923659403177669 72.509742 0.000000
1648923659502294271 72.363177 0.000000
1648923659550482795 72.382263 0.000000
1648923659620719579 72.631340 0.000000
1648923659658419859 144.750480 0.000000
1648923659719306567 144.426050 0.000000
1648923659791904976 72.352768 0.000000
1648923659841219314 144.519035 0.000000
1648923659864265969 72.355773 0.000000
1648923659982623439 72.349382 0.000000
1648923660020551648 72.392933 0.000000
1648923660055233380 72.406579 0.000000
1648923660058136231 144.559321 0.000000
1648923660104898066 72.324475 0.000000
1648923660265884582 72.326538 0.000000
1648923660273850629 72.321359 0.000000
1648923660490038918 72.433679 0.000000
1648923660563511207 72.362365 0.000000
1648923660635835591 72.342919 0.000000
1648923660652435952 72.370120 0.000000
1648923660669607144 72.457484 0.000000
1648923660709467000 144.496262 0.000000
1648923660828481154 72.330205 0.000000
1648923660851188221 72.355042 0.000000
1648923660869403474 144.478619 0.000000
1648923660888051780 72.633544 0.000000
1648923660890822342 72.618857 0.000000
1648923660963630405 72.802031 0.000000
1648923660997612042 72.368176 0.000000
1648923661086450495 72.322310 0.000000
1648923661108868419 72.540079 0.000000
1648923661118360082 72.289989 0.000000
1648923661143707647 144.583897 0.000000
1648923661253402683 72.389617 0.000000
1648923661285586805 72.461020 0.000000
1648923661325924127 72.340003 0.000000
1648923661335510157 72.464798 0.000000
1648923661358821238 72.334904 0.000000
1648923661360644382 144.563779 0.000000
1648923661431609023 72.467333 0.000000
1648923661448497955 144.531538 0.000000
1648923661529041432 72.422137 0.000000
1648923661648835520 72.287996 0.000000
1648923661650395109 72.319856 0.000000
1648923661866337345 72.397421 0.000000
1648923661939853808 144.541227 0.000000
1648923661963551014 72.667688 0.000000
1648923661977714369 72.408342 0.000000
1648923662050099627 72.381702 0.000000
1648923662083651548 72.477702 0.000000
1648923662155288522 72.408322 0.000000
1648923662155931599 72.437997 0.000000
1648923662155988466 72.494804 0.000000
1648923662193114748 144.544903 0.000000
1648923662229303540 72.398854 0.000000
1648923662244953897 72.329413 0.000000
1648923662412014518 72.402571 0.000000
1648923662518790863 72.335666 0.000000
1648923662556843314 72.419793 0.000000
1648923662717715515 72.440552 0.000000
1648923662790047935 72.426847 0.000000
1648923662806642885 72.388935 0.000000
1648923662879537340 72.298215 0.000000
1648923662918856450 72.668571 0.000000
1648923662951748010 72.413833 0.000000
1648923662976601167 72.414413 0.000000
1648923663097328738 72.389176 0.000000
1648923663185233958 144.504398 0.000000
1648923663242470422 72.359630 0.000000
1648923663314440330 72.387814 0.000000
1648923663387196686 72.354371 0.000000
1648923663474658433 144.532420 0.000000
1648923663496495838 144.607381 0.000000
1648923663555300936 72.346715 0.000000
1648923663604397815 72.411948 0.000000
1648923663763799044 144.537630 0.000000
1648923663844695945 72.338340 0.000000
1648923663917047400 72.348009 0.000000
1648923663931887526 72.372074 0.000000
1648923664003588459 72.403081 0.000000
1648923664061796056 72.402641 0.000000
1648923664198102119 72.362335 0.000000
1648923664366358255 72.515382 0.000000
1648923664470744913 72.439340 0.000000
1648923664527539617 72.394336 0.000000
1648923664617999213 72.339914 0.000000
1648923664618280061 144.686099 0.000000
1648923664618351395 144.712769 0.000000
1648923664632212261 144.505319 0.000000
1648923664744819225 72.435664 0.000000
1648923664817220412 72.469646 0.000000
1648923664817275566 72.453396 0.000000
1648923664908199424 72.358639 0.000000
1648923664946154283 72.675073 0.000000
1648923664982703642 72.338631 0.000000
1648923665050759330 72.441014 0.000000
1648923665199906556 144.551987 0.000000
1648923665200008918 72.345564 0.000000
1648923665235697249 72.379067 0.000000
1648923665267951744 72.356794 0.000000
1648923665417435912 72.320357 0.000000
1648923665452991485 144.544633 0.000000
1648923665562169449 72.377964 0.000000
1648923665742517099 144.723478 0.000000
1648923665780113063 72.360041 0.000000
1648923665790513973 144.459633 0.000000
1648923665815373462 72.468675 0.000000
1648923665847030355 72.432177 0.000000
1648923666088891960 72.368467 0.000000
1648923666142445107 72.390639 0.000000
1648923666214987641 72.430474 0.000000
1648923666410703077 72.305077 0.000000
1648923666467350364 144.563958 0.000000
1648923666498490135 72.361443 0.000000
1648923666514384300 72.340555 0.000000
1648923666540192290 72.648363 0.000000
1648923666628277107 72.802572 0.000000
1648923666721958032 72.319534 0.000000
1648923666757625035 72.472642 0.000000
1648923666812730887 72.436084 0.000000
1648923666830035951 72.406238 0.000000
1648923666974432085 144.612691 0.000000
1648923666974723713 72.292605 0.000000
1648923667005382842 144.680198 0.000000
1648923667174543676 72.443799 0.000000
1648923667174573432 72.464758 0.000000
1648923667223514910 72.567401 0.000000
1648923667223529417 145.260066 0.000000
1648923667246971845 72.396359 0.000000
1648923667336852825 72.375079 0.000000
1648923667382850696 72.353950 0.000000
1648923667441140276 72.691414 0.000000
1648923667513600235 72.486698 0.000000
1648923667514842407 72.397801 0.000000
1648923667570424654 72.376863 0.000000
1648923667744903796 144.615937 0.000000
1648923667771967282 144.662643 0.000000
1648923667825750962 72.301991 0.000000
1648923667860105600 72.337559 0.000000
1648923667932424644 72.334593 0.000000
1648923668383318271 72.322781 0.000000
1648923668388794804 72.381892 0.000000
1648923668456204480 72.439029 0.000000
1648923668468956083 72.323192 0.000000
1648923668583953695 72.422458 0.000000
1648923668600311270 72.446163 0.000000
1648923668613278949 72.338691 0.000000
1648923668817413344 72.398904 0.000000
1648923668823405425 144.929625 0.000000
1648923668903593475 72.604801 0.000000
1648923669072620237 144.538420 0.000000
1648923669107664309 72.660964 0.000000
1648923669381090694 72.461041 0.000000
1648923669403001597 144.683874 0.000000
1648923669853737827 72.561959 0.000000
1648923669918890264 72.459077 0.000000
1648923669959384200 72.357045 0.000000
1648923669976955424 72.386381 0.000000
1648923669990908283 144.603443 0.000000
1648923670194479590 72.519640 0.000000
1648923670207649860 72.414773 0.000000
1648923670266629386 72.438709 0.000000
1648923670281476826 72.508029 0.000000
1648923670379776544 72.393013 0.000000
1648923670393705227 72.480507 0.000000
1648923670425982044 144.543640 0.000000
1648923670452158826 72.379286 0.000000
1648923670467071107 72.406819 0.000000
1648923670499011251 72.321149 0.000000
1648923670628258229 72.368887 0.000000
1648923670628629266 72.459658 0.000000
1648923670643354856 72.294407 0.000000
1648923670669415270 72.344181 0.000000
1648923670684126704 72.401068 0.000000
1648923670858808104 144.445015 0.000000
1648923670860753797 72.378615 0.000000
1648923670932659946 144.574448 0.000000
1648923670932790261 72.391921 0.000000
1648923670940090879 72.386060 0.000000
1648923671075645732 144.534103 0.000000
