1648923521933046609 88.721581 0.000000
1648923522015784314 88.369279 0.000000
1648923522015995700 88.423361 0.000000
1648923522093543381 176.728290 0.000000
1648923522151222504 176.537481 0.000000
1648923522222720575 88.505495 0.000000
1648923522249052178 176.562880 0.000000
1648923522249090730 176.577827 0.000000
1648923522337560558 88.502099 0.000000
1648923522439874472 88.430254 0.000000
1648923522595492764 88.384248 0.000000
1648923522611373783 176.520159 0.000000
1648923522665929031 88.811740 0.000000
1648923522874684358 88.474377 0.000000
1648923522900185921 88.368479 0.000000
1648923523060698834 176.517695 0.000000
1648923523325099395 88.435815 0.000000
1648923523462216868 88.470068 0.000000
1648923523681584932 88.380491 0.000000
1648923523681796930 88.298637 0.000000
1648923523754218385 88.366375 0.000000
1648923523826610434 88.360233 0.000000
1648923524003293158 88.378247 0.000000
1648923524018848436 88.310289 0.000000
1648923524130011255 176.521893 0.000000
1648923524178605719 88.382655 0.000000
1648923524204053473 88.601195 0.000000
1648923524524497265 88.423191 0.000000
1648923524541272684 88.408233 0.000000
1648923524580834819 88.420747 0.000000
1648923524669987750 88.429943 0.000000
1648923524725516044 88.357628 0.000000
1648923524742089995 88.397272 0.000000
1648923524813904189 88.378868 0.000000
1648923524959526261 88.398343 0.000000
1648923525073444204 88.433721 0.000000
1648923525176754698 88.419684 0.000000
1648923525248885847 88.452947 0.000000
1648923525435131237 88.408403 0.000000
1648923525449336501 88.443690 0.000000
1648923525498615802 176.554394 0.000000
1648923525611083079 88.355323 0.000000
1648923525779960889 88.377115 0.000000
1648923525828860036 88.456344 0.000000
1648923525925175716 88.482873 0.000000
1648923525973926455 88.974306 0.000000
1648923526086165384 88.358139 0.000000
1648923526174362029 88.434381 0.000000
1648923526279632213 88.368177 0.000000
1648923526448189681 88.435363 0.000000
1648923526480760077 88.443871 0.000000
1648923526496884955 88.631242 0.000000
1648923526665860928 88.771886 0.000000
1648923526810235778 88.393695 0.000000
1648923526882408957 88.410858 0.000000
1648923526914960839 88.360203 0.000000
1648923526986044852 88.367076 0.000000
1648923527043367917 88.489976 0.000000
1648923527204353076 88.508641 0.000000
1648923527317083998 88.399505 0.000000
1648923527332313485 88.305069 0.000000
1648923527549497177 88.411860 0.000000
1648923527549564493 88.400308 0.000000
1648923527583041352 88.395398 0.000000
1648923527638261138 88.462475 0.000000
1648923527839668767 88.513360 0.000000
1648923527928125521 88.536724 0.000000
1648923528000219641 88.448147 0.000000
1648923528040870150 176.721236 0.000000
1648923528056887936 88.451814 0.000000
1648923528072768044 176.652859 0.000000
1648923528128955306 88.424453 0.000000
1648923528194312886 88.488943 0.000000
1648923528314477478 88.393345 0.000000
1648923528395516784 88.427068 0.000000
1648923528540256609 88.401349 0.000000
1648923528564117192 88.537195 0.000000
1648923528595680017 88.685593 0.000000
1648923528621255019 88.470290 0.000000
1648923528797167235 88.635127 0.000000
1648923528902320140 88.342129 0.000000
1648923528925939951 88.395359 0.000000
1648923529054913282 88.661919 0.000000
1648923529086637309 88.498803 0.000000
1648923529288309084 88.534359 0.000000
1648923529392505994 88.397282 0.000000
1648923529408691495 88.657862 0.000000
1648923529408720018 88.656939 0.000000
1648923529521637422 88.548697 0.000000
1648923529682164811 88.450241 0.000000
1648923529770180957 88.396850 0.000000
1648923529835081069 88.429452 0.000000
1648923529915906493 88.410256 0.000000
1648923529931326167 88.359411 0.000000
1648923530019666672 88.337109 0.000000
1648923530099861713 88.342168 0.000000
1648923530116541713 88.390379 0.000000
1648923530116561049 88.395198 0.000000
1648923530116727732 88.338672 0.000000
1648923530173192244 88.358008 0.000000
1648923530188348624 88.481050 0.000000
1648923530389689738 88.462564 0.000000
1648923530406251716 88.378658 0.000000
1648923530462661697 88.413313 0.000000
1648923530486594435 88.406349 0.000000
1648923530567103846 176.536370 0.000000
1648923530582969476 88.417429 0.000000
1648923530696120498 88.462675 0.000000
1648923530856428946 176.619175 0.000000
1648923531025933111 88.378698 0.000000
1648923531210952088 88.418171 0.000000
1648923531289936115 88.596766 0.000000
1648923531507282031 88.624188 0.000000
1648923531709774709 88.369650 0.000000
1648923531766362934 88.477092 0.000000
1648923531814178917 88.465230 0.000000
1648923531862602841 88.326299 0.000000
1648923531966593863 88.465159 0.000000
1648923531967221532 88.575997 0.000000
1648923532248671626 88.500426 0.000000
1648923532320406781 88.477853 0.000000
1648923532328607380 88.397813 0.000000
1648923532434750202 88.376244 0.000000
1648923532465872580 88.365983 0.000000
1648923532610612275 88.341748 0.000000
1648923532652140713 176.880255 0.000000
1648923532780699214 88.328021 0.000000
1648923532819627019 176.562168 0.000000
1648923532925624147 88.443208 0.000000
1648923532941270356 176.467069 0.000000
1648923532996594247 176.961357 0.000000
1648923533093586868 88.390619 0.000000
1648923533333733156 88.484756 0.000000
1648923533414306978 88.395909 0.000000
1648923533471574939 176.566416 0.000000
1648923533471672683 176.670992 0.000000
1648923533606105765 88.351867 0.000000
1648923533664845770 88.393665 0.000000
1648923533704264647 88.344092 0.000000
1648923533849073050 88.398614 0.000000
1648923533866429300 88.382114 0.000000
1648923534025921816 88.399377 0.000000
1648923534115179754 88.409205 0.000000
1648923534211242099 88.442797 0.000000
1648923534244690734 176.510960 0.000000
1648923534518234092 88.485157 0.000000
1648923534589113972 88.420275 0.000000
1648923534590673450 88.496278 0.000000
1648923534619460643 88.427990 0.000000
1648923534661622811 88.402071 0.000000
1648923534925245079 88.409395 0.000000
1648923534935395389 88.429293 0.000000
1648923534941320333 88.310128 0.000000
1648923534984413649 176.571014 0.000000
1648923535029715481 88.390579 0.000000
1648923535070076557 88.409575 0.000000
1648923535097793380 88.352628 0.000000
1648923535097880373 88.457294 0.000000
1648923535113619507 176.565684 0.000000
1648923535113827167 88.407612 0.000000
1648923535170728278 88.389467 0.000000
1648923535297733203 88.471370 0.000000
1648923535403923615 176.650273 0.000000
1648923535491541573 176.559762 0.000000
1648923535693002162 88.360915 0.000000
1648923535693554119 176.782651 0.000000
1648923535715307505 176.613834 0.000000
1648923535765089810 88.464448 0.000000
1648923535766126747 88.378998 0.000000
1648923535838432474 176.593065 0.000000
1648923535995604303 88.426577 0.000000
1648923535998633451 176.622922 0.000000
1648923536039666298 88.471322 0.000000
1648923536099575750 88.390551 0.000000
1648923536127402970 88.341167 0.000000
1648923536272777478 88.346617 0.000000
1648923536344238692 88.441637 0.000000
1648923536389843924 88.452547 0.000000
1648923536432496062 176.540639 0.000000
1648923536432691369 88.443600 0.000000
1648923536504718102 176.569162 0.000000
1648923536641317514 88.400599 0.000000
1648923536681228625 176.507067 0.000000
1648923536713764007 88.503322 0.000000
1648923536730056970 88.733795 0.000000
1648923536736091501 88.383918 0.000000
1648923536808706960 88.430585 0.000000
1648923536858325850 88.391141 0.000000
1648923536930894641 88.384758 0.000000
1648923536931168325 88.396330 0.000000
1648923536996744247 176.610821 0.000000
1648923537025970076 88.362430 0.000000
1648923537187041346 88.388831 0.000000
1648923537198613616 88.520689 0.000000
1648923537235665350 176.547831 0.000000
1648923537270798401 88.442262 0.000000
1648923537359397887 88.372960 0.000000
1648923537381699564 176.507706 0.000000
1648923537619963212 88.403900 0.000000
1648923537793881606 88.504700 0.000000
1648923537793915771 176.660474 0.000000
1648923537800768538 88.380065 0.000000
1648923538202390551 176.604107 0.000000
1648923538308309229 88.483359 0.000000
1648923538345052753 88.425661 0.000000
1648923538380685773 88.428646 0.000000
1648923538662437170 176.666955 0.000000
1648923538686325396 88.553280 0.000000
1648923538797180123 88.434487 0.000000
1648923538807713802 88.385435 0.000000
1648923538903996856 88.658397 0.000000
1648923538976105208 88.385035 0.000000
1648923538995214901 88.355629 0.000000
1648923539008633227 88.359827 0.000000
1648923539009418742 88.390134 0.000000
1648923539231641018 88.399983 0.000000
1648923539394752950 88.292030 0.000000
1648923539483285441 88.554983 0.000000
1648923539555040939 88.490373 0.000000
1648923539610223829 88.437072 0.000000
1648923539684671913 88.379895 0.000000
1648923539732792621 88.564872 0.000000
1648923539821049334 88.378573 0.000000
1648923539845104884 88.397147 0.000000
1648923539861234973 88.359216 0.000000
1648923539917033438 88.439527 0.000000
1648923539917775842 176.579962 0.000000
1648923539950181983 88.449035 0.000000
1648923540263475758 88.323038 0.000000
1648923540271215561 176.682374 0.000000
1648923540400393192 88.387419 0.000000
1648923540423966337 88.610287 0.000000
1648923540617568552 88.347353 0.000000
1648923540657307141 88.449866 0.000000
1648923540801717927 176.750151 0.000000
1648923540819043289 88.458292 0.000000
1648923540890291566 88.381749 0.000000
1648923540964066064 88.448744 0.000000
1648923541059881060 88.358864 0.000000
1648923541196747511 88.423707 0.000000
1648923541269149653 88.383631 0.000000
1648923541277487089 88.463271 0.000000
1648923541308754751 88.362772 0.000000
1648923541357667206 176.539154 0.000000
1648923541438901253 88.397818 0.000000
1648923541615447721 176.542330 0.000000
1648923541639392443 88.327105 0.000000
1648923541687365354 88.708722 0.000000
1648923541687409677 88.436451 0.000000
1648923541775764404 88.342654 0.000000
1648923541904430155 88.315653 0.000000
1648923541904599674 88.494379 0.000000
1648923541920817377 88.382871 0.000000
1648923542032862027 88.496624 0.000000
1648923542065504161 88.414941 0.000000
1648923542097210277 88.370327 0.000000
1648923542355547046 88.444856 0.000000
1648923542394914568 176.852753 0.000000
1648923542500111842 88.413758 0.000000
1648923542524401171 88.436651 0.000000
1648923542669206467 88.469531 0.000000
1648923542684243263 88.577686 0.000000
1648923542773497119 88.370788 0.000000
1648923542789852850 88.403669 0.000000
1648923542974291778 88.626446 0.000000
1648923543087875750 88.494440 0.000000
1648923543135604502 88.614134 0.000000
1648923543151353424 176.792841 0.000000
1648923543207981016 88.443053 0.000000
1648923543207995333 88.430028 0.000000
1648923543497631975 88.430870 0.000000
1648923543570558103 176.766512 0.000000
1648923543611306097 88.351051 0.000000
1648923543739980083 88.360208 0.000000
1648923543787882381 176.786529 0.000000
1648923543883768841 88.315303 0.000000
1648923543900331100 88.386576 0.000000
1648923544206025365 88.389102 0.000000
1648923544334979377 88.496313 0.000000
1648923544382207028 88.483438 0.000000
1648923544439177424 176.641987 0.000000
1648923544583858587 88.759467 0.000000
1648923544615957161 176.776731 0.000000
1648923544728452017 88.479992 0.000000
1648923544945609252 88.481846 0.000000
1648923545042332603 88.433325 0.000000
1648923545404639912 88.339318 0.000000
1648923545436937629 88.429929 0.000000
1648923545452361110 88.398880 0.000000
1648923545452606180 88.430930 0.000000
1648923545782928199 88.318919 0.000000
1648923545814173350 88.454164 0.000000
1648923545839042517 88.408639 0.000000
1648923546031751184 88.550495 0.000000
1648923546047863268 88.428747 0.000000
1648923546072449886 88.369986 0.000000
1648923546120126460 88.364295 0.000000
1648923546144763993 88.328969 0.000000
1648923546248311238 88.339269 0.000000
1648923546273245898 88.483047 0.000000
1648923546418105046 88.456158 0.000000
1648923546490372325 88.396946 0.000000
1648923546506527831 88.413978 0.000000
1648923546611032894 88.365567 0.000000
1648923546627610723 88.380265 0.000000
1648923546715993262 88.373351 0.000000
1648923546925531982 88.451188 0.000000
1648923546988684356 176.666865 0.000000
1648923547005518085 176.495122 0.000000
1648923547070585955 88.620085 0.000000
1648923547143090450 88.446639 0.000000
1648923547175105607 88.412817 0.000000
1648923547287534077 88.406003 0.000000
1648923547352878628 88.470184 0.000000
1648923547368448353 88.460215 0.000000
1648923547423520485 176.586344 0.000000
1648923547448724211 176.506774 0.000000
1648923547665715213 176.594679 0.000000
1648923547713210407 176.639373 0.000000
1648923547722059052 88.437382 0.000000
1648923547768765646 88.348276 0.000000
1648923547842076834 88.422555 0.000000
1648923547857159034 176.731355 0.000000
1648923547898831505 176.506122 0.000000
1648923547955810717 88.467579 0.000000
1648923548085159680 88.484301 0.000000
1648923548090928473 176.623533 0.000000
1648923548100610373 88.402887 0.000000
1648923548130537719 88.445307 0.000000
1648923548165532770 176.561256 0.000000
1648923548204393651 88.387859 0.000000
1648923548261524948 88.466386 0.000000
1648923548367070405 88.400362 0.000000
1648923548382141034 177.126839 0.000000
1648923548406265314 88.376348 0.000000
1648923548509116501 176.584340 0.000000
1648923548512189181 88.375797 0.000000
1648923548566079513 88.315935 0.000000
1648923548695798792 88.324561 0.000000
1648923548801597314 88.327206 0.000000
1648923548953728586 88.406635 0.000000
1648923549025544348 88.357683 0.000000
1648923549041377578 176.640795 0.000000
1648923549042280243 88.363694 0.000000
1648923549073496239 88.321194 0.000000
1648923549170854452 88.366178 0.000000
1648923549306912223 88.464462 0.000000
1648923549316061744 88.572897 0.000000
1648923549331680952 88.321044 0.000000
1648923549564961302 176.588286 0.000000
1648923549638099597 88.536458 0.000000
1648923549652534151 88.545866 0.000000
1648923549684480749 176.631989 0.000000
1648923549693929561 176.663468 0.000000
1648923549740414698 176.594008 0.000000
1648923549869373810 88.363024 0.000000
1648923549869578334 88.525008 0.000000
1648923549870491659 176.556287 0.000000
1648923549942054154 88.379704 0.000000
1648923549957807494 88.428384 0.000000
1648923550014615255 88.431922 0.000000
1648923550030633603 88.360608 0.000000
1648923550046175427 88.358445 0.000000
1648923550175746567 88.601921 0.000000
1648923550184726219 88.557047 0.000000
1648923550362230725 88.355168 0.000000
1648923550464489030 176.578989 0.000000
1648923550539583298 88.413498 0.000000
1648923550634755978 176.576145 0.000000
1648923550899498554 176.551147 0.000000
1648923551198966146 88.590179 0.000000
1648923551261929304 88.638520 0.000000
1648923551303033056 88.374475 0.000000
1648923551336551475 88.369364 0.000000
1648923551343278788 88.321225 0.000000
1648923551416115676 88.330842 0.000000
1648923551535809209 88.569170 0.000000
1648923551658388291 88.464063 0.000000
1648923551776655044 88.284284 0.000000
1648923551787349256 176.623473 0.000000
1648923551875732376 88.380345 0.000000
1648923551897404931 88.393329 0.000000
1648923551943539269 88.377158 0.000000
1648923551985932112 176.936580 0.000000
1648923551988547052 88.395152 0.000000
1648923552089189703 88.399100 0.000000
1648923552133278049 88.522292 0.000000
1648923552410786848 88.398880 0.000000
1648923552429539901 88.391125 0.000000
1648923552483534309 88.502484 0.000000
1648923552572036152 176.983729 0.000000
1648923552574754336 88.371007 0.000000
1648923552644099608 88.502485 0.000000
1648923552668716583 88.342094 0.000000
1648923552773235672 88.419117 0.000000
1648923552845794469 88.475394 0.000000
1648923552878855368 176.648970 0.000000
1648923553264729048 88.376267 0.000000
1648923553352673465 88.359296 0.000000
1648923553447435973 88.386736 0.000000
1648923553481835337 88.396877 0.000000
1648923553592822191 88.414419 0.000000
1648923553609267841 88.432704 0.000000
1648923553641560739 88.496463 0.000000
1648923553729780873 176.565724 0.000000
1648923553737579437 88.482527 0.000000
1648923553770757667 88.436401 0.000000
1648923553882522181 88.855697 0.000000
1648923554043138667 176.655452 0.000000
1648923554115250795 176.638561 0.000000
1648923554148956085 88.378973 0.000000
1648923554326196054 176.585390 0.000000
1648923554414630832 88.431662 0.000000
1648923554455391139 88.373142 0.000000
1648923554509495072 88.445427 0.000000
1648923554511147785 88.448273 0.000000
1648923554744493327 176.534726 0.000000
1648923554750523510 88.547679 0.000000
1648923554799382665 88.412906 0.000000
1648923554848451673 176.485884 0.000000
1648923554929183116 88.622760 0.000000
1648923554944699922 176.622590 0.000000
1648923554945151330 88.410091 0.000000
1648923554945310248 88.473730 0.000000
1648923554959542082 176.530759 0.000000
1648923554967947996 88.566184 0.000000
1648923555033618137 88.302639 0.000000
1648923555034306510 88.340701 0.000000
1648923555040468471 88.350019 0.000000
1648923555121950001 88.328167 0.000000
1648923555162322721 88.343987 0.000000
1648923555217670450 88.679868 0.000000
1648923555219524882 88.362372 0.000000
1648923555249580568 177.005329 0.000000
1648923555274138321 88.676962 0.000000
1648923555307376453 88.437351 0.000000
1648923555395289511 176.638391 0.000000
1648923555539615097 177.054662 0.000000
1648923555540884982 88.329951 0.000000
1648923555627981716 88.356790 0.000000
1648923555668869652 176.723490 0.000000
1648923555668987925 88.357432 0.000000
1648923555702079743 177.075300 0.000000
1648923555836998515 88.491143 0.000000
1648923555925690124 176.727658 0.000000
1648923555957537836 88.437092 0.000000
1648923556048598754 88.312808 0.000000
1648923556103606534 88.524205 0.000000
1648923556192043596 88.356180 0.000000
1648923556555888911 88.349607 0.000000
1648923556610592570 88.817736 0.000000
1648923556769662552 176.670991 0.000000
1648923556779160677 88.470705 0.000000
1648923556794841241 88.406814 0.000000
1648923556893509755 88.412545 0.000000
1648923557085637931 88.600007 0.000000
1648923557132765254 88.410311 0.000000
1648923557132880591 88.502014 0.000000
1648923557188939604 88.447601 0.000000
1648923557204659623 88.341483 0.000000
1648923557261186625 88.422283 0.000000
1648923557463581770 176.645234 0.000000
1648923557503323535 88.492165 0.000000
1648923557576850749 88.667654 0.000000
1648923557648011270 88.380275 0.000000
1648923557721245795 88.352242 0.000000
1648923557783764298 176.592454 0.000000
1648923557793657645 88.434807 0.000000
1648923557912749478 88.473980 0.000000
1648923558057618314 88.476546 0.000000
1648923558057635396 88.510419 0.000000
1648923558089862791 88.372100 0.000000
1648923558363392708 88.330352 0.000000
1648923558372388249 88.357432 0.000000
1648923558492284482 88.639590 0.000000
1648923558516655144 88.351411 0.000000
1648923558798198509 88.597483 0.000000
1648923558880497604 88.687210 0.000000
1648923559071214150 88.744649 0.000000
1648923559258092407 176.530799 0.000000
1648923559288114531 88.407926 0.000000
1648923559691848567 176.543953 0.000000
1648923559811727228 88.517402 0.000000
1648923559940572174 88.509367 0.000000
1648923560013101616 88.562807 0.000000
1648923560085389824 88.612160 0.000000
1648923560249431611 88.341722 0.000000
1648923560318227262 176.600059 0.000000
1648923560401290172 88.449284 0.000000
1648923560417086863 176.574599 0.000000
1648923560433000324 88.399180 0.000000
1648923560448872097 176.682794 0.000000
1648923560536233519 88.447081 0.000000
1648923560546103472 88.330692 0.000000
1648923560825875029 88.411134 0.000000
1648923560867535837 88.393310 0.000000
1648923560908733105 88.439967 0.000000
1648923560996652474 88.304703 0.000000
1648923560997377455 88.372571 0.000000
1648923561058630112 176.499249 0.000000
1648923561068151962 176.525689 0.000000
1648923561124581791 88.357932 0.000000
1648923561126376091 88.421031 0.000000
1648923561198937542 88.504298 0.000000
1648923561414707040 88.649981 0.000000
1648923561415785285 88.473860 0.000000
1648923561430229327 176.592454 0.000000
1648923561554241458 88.476064 0.000000
1648923561720735901 88.357501 0.000000
1648923561775913740 88.470845 0.000000
1648923561775971669 88.536738 0.000000
1648923561798418809 88.493507 0.000000
1648923561808564490 88.440207 0.000000
1648923561921539146 88.334999 0.000000
1648923561937605515 88.390054 0.000000
1648923561953388391 88.479190 0.000000
1648923562098294015 88.395844 0.000000
1648923562186439339 176.734430 0.000000
1648923562186736677 88.436079 0.000000
1648923562209937963 88.406784 0.000000
1648923562258697882 88.425611 0.000000
1648923562347074279 88.366769 0.000000
1648923562351025498 88.373341 0.000000
1648923562355140796 88.481385 0.000000
1648923562450535211 176.690288 0.000000
1648923562499993921 88.515728 0.000000
1648923562500012636 88.601819 0.000000
1648923562500154232 88.415319 0.000000
1648923562572120636 88.512143 0.000000
1648923562717773484 88.547509 0.000000
1648923562791809002 88.399130 0.000000
1648923562935189163 88.556545 0.000000
1648923563007567179 88.353523 0.000000
1648923563071403668 88.417535 0.000000
1648923563152275814 88.411413 0.000000
1648923563216070263 176.598756 0.000000
1648923563366119786 88.348014 0.000000
1648923563441850198 88.442642 0.000000
1648923563459245332 88.278184 0.000000
1648923563514322932 88.593194 0.000000
1648923563514328142 88.551396 0.000000
1648923563590188578 89.255208 0.000000
1648923563619676198 88.356630 0.000000
1648923563634959766 88.520178 0.000000
1648923563730246921 88.384614 0.000000
1648923563804034694 88.830931 0.000000
1648923563876044670 88.376618 0.000000
1648923563964870130 88.393569 0.000000
1648923564012473126 176.495161 0.000000
1648923564109058348 176.643179 0.000000
1648923564181840524 88.364686 0.000000
1648923564254143769 88.336441 0.000000
1648923564285738316 176.670780 0.000000
1648923564342291088 176.580862 0.000000
1648923564471697327 88.382208 0.000000
1648923564530831776 88.381337 0.000000
1648923564664527571 88.537099 0.000000
1648923564676025652 88.534154 0.000000
1648923564777071900 88.459343 0.000000
1648923565106847491 88.348516 0.000000
1648923565212485321 176.613383 0.000000
1648923565227221963 88.437332 0.000000
1648923565469061843 88.525798 0.000000
1648923565517689513 88.594877 0.000000
1648923565549122526 176.753096 0.000000
1648923565549125221 176.728128 0.000000
1648923565573964122 176.480133 0.000000
1648923565630788392 88.303821 0.000000
1648923565705529026 176.524637 0.000000
1648923565778348461 176.645694 0.000000
1648923565920822409 88.509356 0.000000
1648923565954974318 176.620737 0.000000
1648923565992189738 88.401735 0.000000
1648923566193852307 88.460506 0.000000
1648923566194059426 88.509708 0.000000
1648923566282388163 88.532070 0.000000
1648923566427634648 88.643168 0.000000
1648923566427669854 88.460525 0.000000
1648923566574691812 176.514247 0.000000
1648923566621477052 88.369185 0.000000
1648923566644884406 88.336743 0.000000
1648923566692436877 176.660953 0.000000
1648923566703664399 88.325472 0.000000
1648923566717619743 88.626527 0.000000
1648923567022035074 176.550965 0.000000
1648923567110520385 88.475103 0.000000
1648923567137877916 88.369674 0.000000
1648923567271291160 176.675400 0.000000
1648923567369231156 88.433354 0.000000
1648923567572716096 88.377840 0.000000
1648923567645396972 88.410311 0.000000
1648923567690910364 88.338517 0.000000
1648923567733757880 88.351090 0.000000
1648923567805702563 176.559943 0.000000
1648923567860156082 88.416403 0.000000
1648923568004565584 88.366058 0.000000
1648923568092829600 176.595429 0.000000
1648923568093471836 88.340050 0.000000
1648923568294179182 88.452120 0.000000
1648923568294317371 88.341162 0.000000
1648923568342565218 88.336703 0.000000
1648923568383350592 88.418456 0.000000
1648923568487329737 88.360758 0.000000
1648923568575722565 88.384032 0.000000
1648923568671990320 176.677493 0.000000
1648923568800719018 88.353715 0.000000
1648923568800941005 88.407155 0.000000
1648923568817230162 88.519215 0.000000
1648923568836361375 88.413297 0.000000
1648923569034623528 88.517883 0.000000
1648923569050912425 88.385525 0.000000
1648923569107006665 88.434466 0.000000
1648923569195463673 88.445858 0.000000
1648923569235452922 88.505530 0.000000
1648923569284211638 88.355467 0.000000
1648923569323892970 88.431301 0.000000
1648923569429216098 88.451588 0.000000
1648923569561256364 88.363463 0.000000
1648923569572992191 88.315151 0.000000
1648923569574036833 88.553910 0.000000
1648923569814286307 88.366188 0.000000
1648923569863016189 88.363674 0.000000
1648923569935376783 88.405943 0.000000
1648923570047782701 176.581443 0.000000
1648923570104020520 88.407455 0.000000
1648923570192427886 88.397898 0.000000
1648923570296173794 88.350690 0.000000
1648923570465900474 88.609275 0.000000
1648923570466059713 88.555753 0.000000
1648923570715261549 88.364776 0.000000
1648923570803898274 88.633690 0.000000
1648923570804037615 88.583865 0.000000
1648923571036625583 176.621928 0.000000
1648923571045274774 88.458711 0.000000
1648923571334861301 88.395002 0.000000
1648923571480040378 88.603724 0.000000
1648923571625290980 88.357792 0.000000
1648923571688685558 88.330792 0.000000
1648923571769611545 88.333406 0.000000
1648923571816658978 88.329540 0.000000
1648923571915108489 88.407455 0.000000
1648923571978814442 88.418065 0.000000
1648923572276880611 88.429708 0.000000
1648923572614217790 88.384903 0.000000
1648923572614255230 88.271089 0.000000
1648923572646259515 176.666642 0.000000
1648923572783576520 88.405021 0.000000
1648923572928305482 88.369955 0.000000
1648923573209948051 88.348536 0.000000
1648923573218073408 88.646735 0.000000
1648923573339136683 88.789713 0.000000
1648923573395573867 88.369726 0.000000
1648923573451847855 88.648218 0.000000
1648923573483431229 88.375806 0.000000
1648923573580570611 88.428475 0.000000
1648923573716512454 88.426581 0.000000
1648923573741243992 88.333616 0.000000
1648923573773412507 88.425309 0.000000
1648923573886170966 88.347754 0.000000
1648923573974423040 176.543000 0.000000
1648923573974646269 88.465314 0.000000
1648923574047149532 88.548941 0.000000
1648923574079053238 88.368773 0.000000
1648923574207845865 88.349877 0.000000
1648923574313009425 176.483449 0.000000
1648923574352739698 88.339679 0.000000
1648923574384608208 176.657175 0.000000
1648923574561256366 176.638139 0.000000
1648923574586675716 88.370166 0.000000
1648923574681962260 88.556035 0.000000
1648923574972851862 88.596311 0.000000
1648923575077109770 88.588455 0.000000
1648923575093343573 88.377439 0.000000
1648923575108773746 88.378470 0.000000
1648923575197149031 88.369695 0.000000
1648923575238349685 88.426641 0.000000
1648923575262378134 88.307167 0.000000
1648923575294491945 88.797909 0.000000
1648923575334541898 88.381055 0.000000
1648923575383876145 88.343506 0.000000
1648923575456436093 88.363244 0.000000
1648923575550439477 88.559271 0.000000
1648923575696787990 88.429447 0.000000
1648923575841131678 88.440838 0.000000
1648923575914120421 88.621336 0.000000
1648923575961817523 88.384813 0.000000
1648923576001574927 176.566864 0.000000
1648923576050192638 88.374153 0.000000
1648923576052353636 176.541558 0.000000
1648923576115107902 88.389622 0.000000
1648923576187409935 88.390694 0.000000
1648923576197369176 176.534384 0.000000
1648923576324002790 88.396966 0.000000
1648923576420073004 88.412184 0.000000
1648923576436888579 88.446528 0.000000
1648923576509105233 88.349166 0.000000
1648923576581729171 88.450306 0.000000
1648923576598314654 88.925998 0.000000
1648923576686416004 88.352001 0.000000
1648923576689450402 88.366137 0.000000
1648923576855196118 88.461356 0.000000
1648923577196892543 88.398479 0.000000
1648923577414859215 88.390764 0.000000
1648923577481325971 176.544392 0.000000
1648923577482890198 88.310362 0.000000
1648923577491055301 88.378903 0.000000
1648923577537957029 88.479009 0.000000
1648923577538915298 176.569189 0.000000
1648923577636062445 88.405592 0.000000
1648923577704410674 88.411712 0.000000
1648923577844122535 88.457629 0.000000
1648923578071368011 88.479741 0.000000
1648923578212006052 88.380154 0.000000
1648923578230752593 88.371798 0.000000
1648923578300402327 176.733759 0.000000
1648923578356387581 88.517992 0.000000
1648923578433193242 88.355328 0.000000
1648923578553728965 88.686499 0.000000
1648923578641008352 88.433995 0.000000
1648923578734120131 176.550755 0.000000
1648923578807513885 176.585100 0.000000
1648923578858177297 88.400932 0.000000
1648923578863190290 88.425118 0.000000
1648923578951589169 88.395513 0.000000
1648923578955013549 88.430589 0.000000
1648923578971203520 88.354776 0.000000
1648923578984146193 176.622649 0.000000
1648923579003322721 88.398740 0.000000
1648923579027413878 88.415570 0.000000
1648923579243390193 88.381005 0.000000
1648923579261633079 88.403959 0.000000
1648923579460736120 88.407164 0.000000
1648923579566679012 88.490541 0.000000
1648923579606596276 88.432462 0.000000
1648923579694894326 88.295425 0.000000
1648923579888043558 88.414468 0.000000
1648923579966025998 176.508404 0.000000
1648923579967998231 88.317276 0.000000
1648923580000424670 88.404650 0.000000
1648923580022951860 88.561826 0.000000
1648923580185162388 88.380475 0.000000
1648923580185593517 88.394080 0.000000
1648923580418775761 88.351711 0.000000
1648923580555717069 176.540675 0.000000
1648923580580154416 88.520178 0.000000
1648923580652357714 88.579819 0.000000
1648923580668306862 88.471515 0.000000
1648923580683535848 88.377037 0.000000
1648923580957562686 88.399892 0.000000
1648923580981226190 88.460375 0.000000
1648923581030343790 88.388189 0.000000
1648923581037836639 88.358913 0.000000
1648923581086123559 88.408788 0.000000
1648923581102898357 88.391504 0.000000
1648923581133358573 176.555122 0.000000
1648923581198787302 88.355780 0.000000
1648923581262567353 88.462659 0.000000
1648923581287273174 88.387027 0.000000
1648923581487869068 88.376166 0.000000
1648923581504333053 88.381938 0.000000
1648923581520471116 88.476745 0.000000
1648923581520742926 88.465084 0.000000
1648923581559936251 176.542630 0.000000
1648923581696896646 88.379373 0.000000
1648923581705565323 176.612220 0.000000
1648923581737920387 88.419718 0.000000
1648923581777976412 88.311806 0.000000
1648923581810320354 88.508335 0.000000
1648923581833893469 88.416022 0.000000
1648923581849789427 88.390584 0.000000
1648923581866401360 88.421391 0.000000
1648923581922822153 176.533372 0.000000
1648923582124272933 88.372219 0.000000
1648923582196756137 88.417294 0.000000
1648923582228065658 176.571945 0.000000
1648923582341075640 88.434697 0.000000
1648923582341575919 88.351200 0.000000
1648923582405458793 88.438583 0.000000
1648923582590683336 88.509568 0.000000
1648923582630994128 88.435358 0.000000
1648923582662989487 176.862851 0.000000
1648923582703687627 88.333416 0.000000
1648923582863913056 176.909327 0.000000
1648923583258969385 88.551556 0.000000
1648923583299235435 176.624544 0.000000
1648923583532352685 176.493476 0.000000
1648923583644766608 88.351961 0.000000
1648923583645625441 88.459574 0.000000
1648923583708877831 176.558829 0.000000
1648923583734045910 88.415129 0.000000
1648923583838532508 88.442852 0.000000
1648923583983256841 88.342703 0.000000
1648923584079717317 88.464693 0.000000
1648923584152051161 88.438483 0.000000
1648923584184266262 88.336883 0.000000
1648923584257003092 176.607320 0.000000
1648923584297086628 88.486583 0.000000
1648923584369744780 88.489900 0.000000
1648923584433315789 176.652865 0.000000
1648923584514350992 88.279104 0.000000
1648923584635531987 88.537819 0.000000
1648923584659418459 88.412995 0.000000
1648923584723525385 176.632367 0.000000
1648923584868361127 176.596360 0.000000
1648923584892789025 88.434085 0.000000
1648923584908588814 176.611900 0.000000
1648923584997889746 88.548640 0.000000
1648923585012907667 176.580932 0.000000
1648923585110111398 176.666141 0.000000
1648923585110208230 176.729150 0.000000
1648923585215121558 88.428625 0.000000
1648923585415810578 88.487525 0.000000
1648923585600741709 88.465104 0.000000
1648923585617410267 176.864885 0.000000
1648923585963273014 88.453551 0.000000
1648923586051982366 88.422593 0.000000
1648923586156211670 88.327364 0.000000
1648923586196650764 88.384031 0.000000
1648923586340897280 88.632878 0.000000
1648923586372628402 88.417976 0.000000
1648923586389696131 88.426571 0.000000
1648923586469378382 88.481423 0.000000
1648923586614441151 88.440377 0.000000
1648923586807300418 88.475663 0.000000
1648923587025370564 88.377129 0.000000
1648923587113813486 88.438313 0.000000
1648923587138107645 88.446869 0.000000
1648923587209653819 88.446780 0.000000
1648923587298508624 88.383049 0.000000
1648923587339307943 88.399018 0.000000
1648923587386512070 88.416471 0.000000
1648923587427036554 88.366138 0.000000
1648923587428369817 88.753365 0.000000
1648923587459593287 88.418886 0.000000
1648923587475724477 176.595288 0.000000
1648923587499041269 88.419908 0.000000
1648923587716960332 176.546176 0.000000
1648923587732716858 88.484720 0.000000
1648923587919595676 88.369644 0.000000
1648923587933669954 88.386977 0.000000
1648923587949889900 88.425549 0.000000
1648923587966154781 88.384452 0.000000
1648923588005929026 88.345048 0.000000
1648923588182799221 176.629432 0.000000
1648923588255663650 88.445216 0.000000
1648923588296060785 88.286007 0.000000
1648923588384202871 88.452750 0.000000
1648923588528769158 88.424848 0.000000
1648923588561007332 176.801977 0.000000
1648923588577257726 176.542979 0.000000
1648923588649397675 88.383640 0.000000
1648923588820444975 176.589978 0.000000
1648923588908871767 88.416823 0.000000
1648923588923290081 88.368192 0.000000
1648923588997301724 88.424136 0.000000
1648923589019441497 88.441769 0.000000
1648923589051666356 88.427122 0.000000
1648923589140070836 88.402787 0.000000
1648923589228536069 88.356239 0.000000
1648923589253271316 88.869213 0.000000
1648923589397538209 88.442240 0.000000
1648923589413747876 88.477577 0.000000
1648923589445950264 176.823807 0.000000
1648923589527073111 88.378421 0.000000
1648923589542040045 176.655221 0.000000
1648923589687166923 88.343344 0.000000
1648923589791941762 88.442441 0.000000
1648923589888393231 88.430819 0.000000
1648923589904328553 88.387908 0.000000
1648923590020773596 88.387057 0.000000
1648923590093142805 88.417604 0.000000
1648923590105956456 88.490230 0.000000
1648923590121879194 88.782008 0.000000
1648923590282476111 88.317947 0.000000
1648923590323816047 88.396364 0.000000
1648923590386680659 176.659418 0.000000
1648923590428329594 88.443272 0.000000
1648923590484305912 88.491834 0.000000
1648923590573105454 88.377770 0.000000
1648923590588541809 176.620755 0.000000
1648923590685764006 88.369003 0.000000
1648923590817304243 88.332906 0.000000
1648923590830421824 88.382298 0.000000
1648923590846411478 176.669667 0.000000
1648923590902646753 88.414639 0.000000
1648923590962700587 88.416522 0.000000
1648923590978441214 88.412865 0.000000
1648923591063718882 88.726574 0.000000
1648923591079349532 88.356840 0.000000
1648923591166993423 88.413797 0.000000
1648923591224285763 88.425389 0.000000
1648923591248468581 88.366487 0.000000
1648923591264986919 88.383290 0.000000
1648923591384283355 88.352032 0.000000
1648923591385229221 176.590779 0.000000
1648923591554687036 88.401864 0.000000
1648923591659049120 88.332545 0.000000
1648923591787983843 88.750820 0.000000
1648923591876463244 88.500330 0.000000
1648923591932200143 176.569559 0.000000
1648923591948247956 88.365667 0.000000
1648923591948620135 88.367821 0.000000
1648923591989010396 88.287359 0.000000
1648923592189889363 88.566264 0.000000
1648923592423786467 88.441538 0.000000
1648923592625248558 88.428805 0.000000
1648923592905771624 88.402857 0.000000
1648923592933897566 88.439025 0.000000
1648923592946999097 88.395813 0.000000
1648923593003118474 88.534144 0.000000
1648923593106061904 88.354235 0.000000
1648923593135767082 88.409488 0.000000
1648923593194489527 88.419758 0.000000
1648923593251043439 88.627058 0.000000
1648923593352800572 88.394752 0.000000
1648923593421435569 88.381797 0.000000
1648923593566360509 88.512673 0.000000
1648923593630251168 88.417514 0.000000
1648923593670213195 88.345528 0.000000
1648923593775243694 88.494287 0.000000
1648923593848092845 88.424477 0.000000
1648923593920297325 88.414037 0.000000
1648923593975430961 88.432361 0.000000
1648923594004521435 88.433464 0.000000
1648923594020338124 176.601749 0.000000
1648923594047392886 88.349957 0.000000
1648923594148428062 88.436920 0.000000
1648923594522940735 88.401504 0.000000
1648923594626608815 88.341542 0.000000
1648923594643014179 88.389892 0.000000
1648923594901061171 88.369724 0.000000
1648923594945950290 88.438633 0.000000
1648923595089172893 88.371909 0.000000
1648923595133495479 88.476936 0.000000
1648923595162846993 88.448081 0.000000
1648923595175029188 88.359425 0.000000
1648923595178733213 176.706386 0.000000
1648923595383753274 176.586251 0.000000
1648923595392403687 88.429868 0.000000
1648923595407776583 88.339467 0.000000
1648923595528470083 176.551075 0.000000
1648923595583813863 88.328156 0.000000
1648923595612700144 176.530586 0.000000
1648923595672593006 176.773652 0.000000
1648923595713029254 88.376367 0.000000
1648923595729137271 88.408327 0.000000
1648923595785866612 176.647595 0.000000
1648923596031225299 88.500018 0.000000
1648923596163479906 88.490380 0.000000
1648923596364867517 88.369363 0.000000
1648923596421402365 88.490932 0.000000
1648923596469355738 88.432072 0.000000
1648923596525658319 88.604495 0.000000
1648923596525922535 88.477757 0.000000
1648923596537628756 88.385544 0.000000
1648923596597638367 88.410451 0.000000
1648923596614176611 88.515107 0.000000
1648923596622502655 88.341520 0.000000
1648923596742711855 176.576042 0.000000
1648923596751106448 88.324579 0.000000
1648923596903285519 176.535014 0.000000
1648923597088538342 176.530476 0.000000
1648923597129378700 88.471185 0.000000
1648923597185841812 88.466316 0.000000
1648923597265280927 176.735741 0.000000
1648923597334147519 88.338795 0.000000
1648923597362427210 88.346600 0.000000
1648923597837997150 88.414007 0.000000
1648923597838012138 88.403778 0.000000
1648923597901616440 88.680037 0.000000
1648923597957490576 176.603873 0.000000
1648923597973097422 88.417755 0.000000
1648923598061480381 88.379733 0.000000
1648923598102587838 88.443112 0.000000
1648923598262748586 88.356098 0.000000
1648923598391853570 88.399239 0.000000
1648923598504378761 88.383068 0.000000
1648923598552054974 88.403006 0.000000
1648923598552228660 88.455003 0.000000
1648923598562360135 88.388550 0.000000
1648923598634658441 88.330641 0.000000
1648923598707404037 88.291688 0.000000
1648923598708954819 88.361969 0.000000
1648923598738072825 88.442060 0.000000
1648923598769539951 176.561223 0.000000
1648923599146822194 88.460615 0.000000
1648923599215493619 88.358373 0.000000
1648923599275840234 88.330881 0.000000
1648923599373138092 88.419688 0.000000
1648923599376068815 176.549340 0.000000
1648923599412042354 88.420219 0.000000
1648923599461523616 88.382468 0.000000
1648923599464478424 88.407105 0.000000
1648923599493020439 88.381376 0.000000
1648923599650092056 88.608883 0.000000
1648923599710511347 88.429286 0.000000
1648923599722306334 88.381425 0.000000
1648923599795049436 88.679275 0.000000
1648923599822553340 176.560993 0.000000
1648923599827239439 88.437261 0.000000
1648923599866645634 88.388740 0.000000
1648923599883483791 88.426009 0.000000
1648923599938978185 88.619012 0.000000
1648923599967896114 176.780164 0.000000
1648923600024146296 88.391604 0.000000
1648923600089408251 88.360547 0.000000
1648923600156527422 88.472567 0.000000
1648923600244936841 88.403578 0.000000
1648923600579588654 88.377218 0.000000
1648923600679992004 176.688693 0.000000
1648923600736691129 88.345798 0.000000
1648923600764450143 88.482325 0.000000
1648923600836641409 176.708790 0.000000
1648923600881214665 88.554010 0.000000
1648923600881282252 88.369273 0.000000
1648923600881848365 88.508906 0.000000
1648923600909286075 88.365146 0.000000
1648923600997798166 88.401002 0.000000
1648923601026878842 88.594136 0.000000
1648923601029581217 176.724661 0.000000
1648923601166787040 88.848754 0.000000
1648923601231673921 88.467959 0.000000
1648923601238892024 88.394330 0.000000
1648923601271733091 88.520617 0.000000
1648923601319964766 88.501250 0.000000
1648923601343547268 176.782018 0.000000
1648923601753583894 88.454754 0.000000
1648923601753873688 88.735081 0.000000
1648923601784987861 88.526488 0.000000
1648923601802016206 88.915910 0.000000
1648923601826565834 88.355367 0.000000
1648923601890701973 88.704133 0.000000
1648923601890773969 88.331373 0.000000
1648923602067329250 176.549420 0.000000
1648923602107478419 88.427923 0.000000
1648923602203734111 88.382087 0.000000
1648923602252935147 88.359345 0.000000
1648923602267881021 176.526878 0.000000
1648923602324303667 88.428995 0.000000
1648923602333050282 88.327365 0.000000
1648923602380586211 88.392858 0.000000
1648923602405220918 88.474962 0.000000
1648923602477597030 88.421661 0.000000
1648923602525313729 88.434125 0.000000
1648923602613729639 88.405491 0.000000
1648923602622705493 88.283211 0.000000
1648923602694880278 88.451127 0.000000
1648923602695101694 88.382278 0.000000
1648923602702130121 88.390433 0.000000
1648923602758565551 88.380905 0.000000
1648923602839456081 88.412544 0.000000
1648923603072369478 176.495459 0.000000
1648923603088877045 88.439905 0.000000
1648923603160140658 88.356870 0.000000
1648923603265243743 88.326042 0.000000
1648923603321892944 176.614413 0.000000
1648923603337706147 176.643828 0.000000
1648923603345447012 88.475241 0.000000
1648923603378469530 176.619132 0.000000
1648923603417570991 88.332233 0.000000
1648923603490131059 88.442601 0.000000
1648923603537813774 88.327204 0.000000
1648923603635507355 88.324829 0.000000
1648923603698591821 176.571332 0.000000
1648923603779701452 88.461395 0.000000
1648923603796264784 88.359785 0.000000
1648923603868902717 88.535415 0.000000
1648923603884623436 88.349235 0.000000
1648923603900200757 88.338045 0.000000
1648923603900912052 176.667252 0.000000
1648923604030196713 176.472947 0.000000
1648923604045291647 88.391895 0.000000
1648923604143256909 88.377258 0.000000
1648923604189704204 176.503014 0.000000
1648923604189957419 88.297749 0.000000
1648923604303840921 176.589516 0.000000
1648923604303969162 88.312186 0.000000
1648923604391571144 88.458451 0.000000
1648923604680722841 88.386876 0.000000
1648923604754434030 176.596900 0.000000
1648923604769470284 88.662424 0.000000
1648923604825850291 88.576483 0.000000
1648923605010347234 88.395632 0.000000
1648923605115459336 88.621226 0.000000
1648923605164975735 88.427273 0.000000
1648923605244559961 88.570531 0.000000
1648923605244892936 88.880713 0.000000
1648923605276771546 88.543961 0.000000
1648923605364971811 88.350257 0.000000
1648923605405706229 88.493426 0.000000
1648923605421480869 88.574819 0.000000
1648923605421787856 88.588274 0.000000
1648923605444895296 88.387087 0.000000
1648923605478271617 88.519114 0.000000
1648923605494224131 88.424617 0.000000
1648923605607086586 176.600117 0.000000
1648923605664113256 88.396434 0.000000
1648923605943704491 176.652274 0.000000
1648923605969703870 88.378500 0.000000
1648923606041476691 88.393600 0.000000
1648923606096369293 88.433393 0.000000
1648923606363189618 88.688533 0.000000
1648923606484086749 176.510868 0.000000
1648923606492245689 88.394110 0.000000
1648923606603217573 88.391395 0.000000
1648923607030208674 88.402515 0.000000
1648923607055672298 88.404940 0.000000
1648923607110685498 88.437442 0.000000
1648923607128000029 88.492625 0.000000
1648923607175487568 176.863370 0.000000
1648923607272000943 176.674836 0.000000
1648923607304265627 88.399540 0.000000
1648923607320611660 88.519524 0.000000
1648923607449886733 88.450586 0.000000
1648923607465823628 88.357721 0.000000
1648923607473276763 88.371397 0.000000
1648923607481282285 88.474650 0.000000
1648923607545784302 88.948841 0.000000
1648923607668357431 88.398829 0.000000
1648923607725039043 88.475072 0.000000
1648923607763386619 88.698912 0.000000
1648923607851929798 88.388800 0.000000
1648923608125276889 88.415430 0.000000
1648923608134837260 177.018241 0.000000
1648923608149092638 176.513173 0.000000
1648923608157252109 176.770706 0.000000
1648923608157283708 176.622267 0.000000
1648923608191102271 88.363082 0.000000
1648923608285476489 176.691247 0.000000
1648923608350958014 88.370636 0.000000
1648923608462901794 176.632496 0.000000
1648923608713460724 88.678012 0.000000
1648923608784875903 176.584708 0.000000
1648923608824740747 88.463991 0.000000
1648923608873970157 88.333265 0.000000
1648923608883997325 88.489529 0.000000
1648923608930680322 88.434335 0.000000
1648923608930724415 88.453711 0.000000
1648923608946448120 176.606178 0.000000
1648923609010490375 88.390895 0.000000
1648923609117034634 176.559941 0.000000
1648923609117092382 176.633739 0.000000
1648923609372529231 88.354294 0.000000
1648923609565601067 88.388509 0.000000
1648923609654259944 88.527430 0.000000
1648923609766286318 88.469060 0.000000
1648923609944222282 88.365115 0.000000
1648923610022982733 176.654017 0.000000
1648923610056134873 88.606719 0.000000
1648923610088929382 88.376647 0.000000
1648923610097010506 88.772490 0.000000
1648923610145101417 88.384901 0.000000
1648923610313588609 88.467157 0.000000
1648923610417921367 88.345208 0.000000
1648923610440969956 88.522510 0.000000
1648923610490289905 88.402736 0.000000
1648923610876133392 88.484649 0.000000
1648923610876174489 88.317065 0.000000
1648923610964630084 88.487525 0.000000
1648923611036776926 176.520927 0.000000
1648923611093285783 88.451537 0.000000
1648923611180497322 176.630413 0.000000
1648923611451091192 88.835749 0.000000
1648923611455683175 88.549271 0.000000
1648923611816054061 88.310833 0.000000
1648923611817471773 88.374934 0.000000
1648923611828914479 176.539241 0.000000
1648923611833443233 88.518683 0.000000
1648923611953921267 176.528130 0.000000
1648923611978250210 88.467438 0.000000
1648923612005448541 176.530245 0.000000
1648923612195792524 88.415059 0.000000
1648923612228330903 88.686128 0.000000
1648923612393984493 88.888127 0.000000
1648923612468223033 88.593194 0.000000
1648923612629388346 176.519365 0.000000
1648923612792115502 88.418746 0.000000
1648923612830880523 88.582795 0.000000
1648923612864771610 88.406493 0.000000
1648923613041356778 176.579407 0.000000
1648923613058644159 176.635362 0.000000
1648923613080286577 176.706055 0.000000
1648923613137062888 88.415029 0.000000
1648923613137347783 88.396454 0.000000
1648923613260823034 88.462818 0.000000
1648923613365860715 88.370795 0.000000
1648923613460242449 88.580270 0.000000
1648923613499297924 88.331222 0.000000
1648923613516391230 88.371738 0.000000
1648923613588758766 88.466064 0.000000
1648923613700480688 88.615795 0.000000
1648923613733043863 176.573356 0.000000
1648923613733943592 88.304811 0.000000
1648923613789346203 88.373762 0.000000
1648923613806140728 88.308809 0.000000
1648923613821679285 88.361808 0.000000
1648923613856966255 88.311205 0.000000
1648923613877907807 88.421431 0.000000
1648923614071619714 88.417093 0.000000
1648923614168297597 88.363001 0.000000
1648923614367943197 88.342834 0.000000
1648923614385314756 88.353073 0.000000
1648923614530231529 88.308860 0.000000
1648923614530419391 88.451487 0.000000
1648923614652895207 88.422083 0.000000
1648923614657447104 88.375916 0.000000
1648923614741380958 88.481583 0.000000
1648923614763131690 176.495369 0.000000
1648923614780128687 88.398239 0.000000
1648923614796102451 176.690717 0.000000
1648923614942462894 88.412804 0.000000
1648923615019944873 88.348523 0.000000
1648923615030666575 176.598402 0.000000
1648923615108250898 176.687290 0.000000
1648923615232034759 88.389802 0.000000
1648923615309263984 88.347382 0.000000
1648923615342163370 176.772540 0.000000
1648923615454748222 88.647094 0.000000
1648923615599376083 88.260038 0.000000
1648923615615432723 176.852860 0.000000
1648923615615463601 176.738315 0.000000
1648923615810225289 88.368071 0.000000
1648923615864937222 88.435086 0.000000
1648923616025656789 88.399570 0.000000
1648923616028268793 88.326081 0.000000
1648923616041569248 176.641112 0.000000
1648923616106635535 88.281168 0.000000
1648923616116692459 88.419728 0.000000
1648923616395433987 88.394460 0.000000
1648923616395522523 88.406052 0.000000
1648923616604848248 88.354134 0.000000
1648923616685750390 88.367490 0.000000
1648923616685816053 88.399540 0.000000
1648923616773816273 176.630523 0.000000
1648923616917149032 88.534863 0.000000
1648923616989649337 88.872207 0.000000
1648923617039102125 176.619531 0.000000
1648923617046946194 88.389250 0.000000
1648923617114221278 88.350748 0.000000
1648923617120121096 88.348884 0.000000
1648923617136265842 88.341401 0.000000
1648923617208657834 88.381556 0.000000
1648923617240914563 88.426500 0.000000
1648923617330400722 88.425518 0.000000
1648923617344591229 176.632126 0.000000
1648923617476803446 88.419587 0.000000
1648923617481430585 88.367250 0.000000
1648923617512756656 88.441248 0.000000
1648923617530867683 88.378780 0.000000
1648923617635970697 88.506240 0.000000
1648923617658756743 176.565650 0.000000
1648923617724331865 88.353753 0.000000
1648923617748125683 88.470352 0.000000
1648923617771295439 88.473309 0.000000
1648923617787932800 88.382287 0.000000
1648923617925044156 176.503464 0.000000
1648923617931416932 88.445356 0.000000
1648923617981011417 176.604995 0.000000
1648923618021351334 88.348694 0.000000
1648923618110076856 88.420870 0.000000
1648923618166387541 88.429255 0.000000
1648923618200824434 88.448581 0.000000
1648923618222189392 88.383870 0.000000
1648923618345636291 88.458070 0.000000
1648923618655966473 176.666401 0.000000
1648923618744561420 176.664727 0.000000
1648923618849294990 176.667282 0.000000
1648923618929384907 88.584608 0.000000
1648923619211681761 88.387076 0.000000
1648923619375126724 176.618248 0.000000
1648923619380099912 88.419998 0.000000
1648923619413784663 88.327764 0.000000
1648923619468489133 88.379091 0.000000
1648923619867224816 88.362059 0.000000
1648923619955618906 88.385503 0.000000
1648923619991723331 176.625003 0.000000
1648923620087259119 88.311093 0.000000
1648923620156173832 88.309912 0.000000
1648923620297046942 176.500989 0.000000
1648923620682995665 88.438132 0.000000
1648923620790274745 88.405992 0.000000
1648923620808010037 88.399389 0.000000
1648923621021451590 88.366357 0.000000
1648923621028571609 88.400831 0.000000
1648923621080346027 88.505909 0.000000
1648923621186104552 88.371737 0.000000
1648923621238546894 88.384822 0.000000
1648923621261101435 88.341581 0.000000
1648923621333462749 88.440397 0.000000
1648923621439447879 88.656653 0.000000
1648923621527872656 88.420919 0.000000
1648923621696345741 88.419717 0.000000
1648923621822453687 88.372709 0.000000
1648923621849367072 176.561053 0.000000
1648923621913746990 88.449533 0.000000
1648923621985687153 88.321754 0.000000
1648923622034594086 88.412273 0.000000
1648923622039950434 88.439584 0.000000
1648923622123009856 88.413555 0.000000
1648923622201867248 88.323246 0.000000
1648923622234986658 88.401954 0.000000
1648923622256855100 88.504767 0.000000
1648923622346731382 88.386395 0.000000
1648923622491716424 88.376066 0.000000
1648923622492610873 176.554239 0.000000
1648923622546853736 88.513033 0.000000
1648923622652367060 176.613801 0.000000
1648923622685896349 88.341110 0.000000
1648923622903217667 88.406091 0.000000
1648923622958980404 88.373902 0.000000
1648923622996701805 176.593985 0.000000
1648923623053401029 88.361608 0.000000
1648923623143602622 88.344796 0.000000
1648923623143882227 88.495539 0.000000
1648923623191876126 176.536986 0.000000
1648923623310566173 88.685225 0.000000
1648923623392917996 176.637264 0.000000
1648923623562911366 88.443733 0.000000
1648923623563439107 88.324018 0.000000
1648923623724636670 89.252671 0.000000
1648923623762373189 88.750247 0.000000
1648923623763742761 89.655828 0.000000
1648923623796665520 176.561422 0.000000
1648923623868566781 88.403888 0.000000
1648923624102054855 100.255792 0.000000
1648923624125236534 88.315221 0.000000
1648923624142256663 88.331331 0.000000
1648923624214931656 88.348703 0.000000
1648923624362898065 88.330429 0.000000
1648923624486135120 106.229199 0.000000
1648923624504987800 88.263965 0.000000
1648923624596946102 88.396835 0.000000
1648923624725045967 176.549731 0.000000
1648923624727471492 88.342192 0.000000
1648923624757841508 88.421010 0.000000
1648923624872244063 88.508103 0.000000
1648923625110076897 88.459544 0.000000
1648923625262170435 88.473297 0.000000
1648923625584836902 88.381336 0.000000
1648923625585832722 88.463670 0.000000
1648923626040690807 88.360797 0.000000
1648923626056645225 176.561252 0.000000
1648923626164986960 88.429576 0.000000
1648923626233063860 176.517050 0.000000
1648923626237527571 88.287099 0.000000
1648923626257466932 176.526548 0.000000
1648923626329912093 88.297537 0.000000
1648923626450494632 176.837981 0.000000
1648923626455481376 88.593393 0.000000
1648923626543385295 176.536075 0.000000
1648923626631821363 88.429626 0.000000
1648923626635827525 88.360175 0.000000
1648923626745151685 88.451297 0.000000
1648923626833323677 176.863309 0.000000
1648923626833369082 176.572243 0.000000
1648923626962617063 88.633388 0.000000
1648923626966365622 88.788579 0.000000
1648923627034612631 88.383880 0.000000
1648923627123066522 176.633858 0.000000
1648923627397238580 88.485781 0.000000
1648923627417903172 176.522469 0.000000
1648923627562077481 88.381806 0.000000
1648923627614299860 88.372950 0.000000
1648923627650459377 88.376657 0.000000
1648923627697194923 176.522349 0.000000
1648923627779248907 88.449202 0.000000
1648923627830475066 88.406423 0.000000
1648923627975172276 88.346971 0.000000
1648923627976663035 88.390202 0.000000
1648923628048788577 88.438854 0.000000
1648923628141142250 88.422371 0.000000
1648923628192071050 88.331421 0.000000
1648923628193550208 88.389631 0.000000
1648923628266348072 88.494518 0.000000
1648923628337174984 88.405440 0.000000
1648923628368691493 176.615493 0.000000
1648923628462878099 176.558196 0.000000
1648923628483670100 88.375625 0.000000
1648923628627899443 88.717166 0.000000
1648923628694739570 88.398678 0.000000
1648923628772129736 88.375674 0.000000
1648923628777648829 88.422191 0.000000
1648923628881151949 88.358172 0.000000
1648923628923445024 88.378120 0.000000
1648923628988974809 88.292849 0.000000
1648923628990332890 88.286597 0.000000
1648923628995174261 88.369263 0.000000
1648923629153855829 88.280775 0.000000
1648923629206626568 88.398327 0.000000
1648923629222902259 176.691917 0.000000
1648923629229108533 176.499456 0.000000
1648923629279217233 88.433274 0.000000
1648923629315182866 88.348724 0.000000
1648923629315266744 88.392757 0.000000
1648923629317507602 88.393769 0.000000
1648923629405880911 88.367659 0.000000
1648923629640611629 88.322425 0.000000
1648923629655726109 176.538117 0.000000
1648923629714073029 88.309410 0.000000
1648923629714657586 88.429896 0.000000
1648923629723643479 176.544230 0.000000
1648923629859445167 88.347862 0.000000
1648923629868520788 176.504485 0.000000
1648923629997428761 88.326943 0.000000
1648923630003594207 88.443863 0.000000
1648923630082347514 88.328115 0.000000
1648923630148691208 88.291986 0.000000
1648923630236616106 176.627626 0.000000
1648923630236667703 176.606767 0.000000
1648923630287020873 88.398167 0.000000
1648923630370033176 88.426840 0.000000
1648923630453897489 176.667661 0.000000
1648923630661325280 88.370745 0.000000
1648923630727671970 88.306174 0.000000
1648923630802929863 88.362740 0.000000
1648923630815571030 88.405020 0.000000
1648923630815640450 88.439905 0.000000
1648923631083552634 88.358433 0.000000
1648923631092592999 88.296486 0.000000
1648923631252206016 176.563676 0.000000
1648923631308731104 88.361187 0.000000
1648923631312587054 88.406962 0.000000
1648923631343338798 176.566232 0.000000
1648923631381234425 88.310031 0.000000
1648923631461517764 176.472645 0.000000
1648923631466435418 88.328385 0.000000
1648923631638089066 176.567875 0.000000
1648923631962403555 88.406072 0.000000
1648923632028221022 176.523281 0.000000
1648923632050734145 176.513071 0.000000
1648923632175538944 88.311886 0.000000
1648923632249690479 88.442780 0.000000
1648923632333892116 88.375224 0.000000
1648923632374505025 88.366768 0.000000
1648923632410237089 176.692258 0.000000
1648923632462881000 88.372168 0.000000
1648923632486288733 88.365716 0.000000
1648923632573823709 88.439174 0.000000
1648923632689422711 88.351459 0.000000
1648923632718672524 88.425999 0.000000
1648923632754883658 88.501460 0.000000
1648923632846948660 88.316874 0.000000
1648923632905229665 88.398998 0.000000
1648923632905422046 88.450776 0.000000
1648923633008125484 88.332503 0.000000
1648923633050400965 88.399459 0.000000
1648923633138903688 88.500329 0.000000
1648923633262567835 88.313568 0.000000
1648923633294586717 176.546854 0.000000
1648923633554527101 88.349104 0.000000
1648923633626756948 88.348143 0.000000
1648923633628971316 88.323156 0.000000
1648923633635451634 88.356508 0.000000
1648923633704854954 176.546895 0.000000
1648923633723834813 88.378620 0.000000
1648923633761611827 88.426570 0.000000
1648923633869084801 88.412574 0.000000
1648923633914656883 88.415470 0.000000
1648923634106989398 88.358222 0.000000
1648923634366306061 176.602098 0.000000
1648923634515616664 176.639559 0.000000
1648923634586115190 88.406292 0.000000
1648923634629910114 88.361297 0.000000
1648923634644587564 88.317595 0.000000
1648923634710980120 88.409598 0.000000
1648923634712167961 88.436218 0.000000
1648923634715113281 88.389219 0.000000
1648923634753501895 176.604193 0.000000
1648923634783771652 88.435357 0.000000
1648923634847288689 88.372788 0.000000
1648923634928518846 88.417563 0.000000
1648923634929368852 88.477074 0.000000
1648923635099432714 88.338765 0.000000
1648923635225216129 176.476703 0.000000
1648923635389112510 88.330579 0.000000
1648923635527515070 176.618208 0.000000
1648923635694697071 176.646011 0.000000
1648923635823727373 88.549070 0.000000
1648923635870419568 88.367319 0.000000
1648923635876413532 88.413706 0.000000
1648923635928865362 176.523952 0.000000
1648923636087772996 88.404268 0.000000
1648923636113227943 88.444975 0.000000
1648923636240403973 88.374823 0.000000
1648923636254192444 176.520385 0.000000
1648923636430978567 88.374331 0.000000
1648923636642471240 88.452488 0.000000
1648923636763110838 88.333977 0.000000
1648923636885041158 88.343013 0.000000
1648923636976699856 176.534600 0.000000
1648923637102355682 88.456195 0.000000
1648923637102725757 88.541014 0.000000
1648923637124775020 88.318808 0.000000
1648923637178267673 88.383008 0.000000
1648923637180635880 88.375624 0.000000
1648923637263079396 176.604353 0.000000
1648923637325931293 176.655378 0.000000
1648923637366405492 88.376405 0.000000
1648923637398039933 88.533230 0.000000
1648923637398050673 88.508624 0.000000
1648923637414362131 88.425999 0.000000
1648923637439640547 176.557865 0.000000
1648923637486416188 88.359754 0.000000
1648923637543318555 88.402445 0.000000
1648923637609035422 88.360526 0.000000
1648923637631709407 88.381344 0.000000
1648923637720101332 88.389641 0.000000
1648923637816611932 88.370284 0.000000
1648923637977636199 88.323045 0.000000
1648923637993263673 88.410590 0.000000
1648923637993317093 88.441448 0.000000
1648923638081698438 88.378680 0.000000
1648923638234954960 88.404419 0.000000
1648923638337544754 88.462436 0.000000
1648923638355387789 176.584136 0.000000
1648923638452150802 88.420117 0.000000
1648923638494078520 176.663473 0.000000
1648923638669398040 176.586479 0.000000
1648923638789767309 176.923321 0.000000
1648923638903223999 88.371627 0.000000
1648923638918664742 88.707287 0.000000
1648923638919067438 88.334657 0.000000
1648923639006431282 176.523652 0.000000
1648923639079745776 88.391193 0.000000
1648923639119634145 176.664526 0.000000
1648923639135339876 88.398347 0.000000
1648923639136253441 88.305552 0.000000
1648923639176090845 88.371577 0.000000
1648923639344719131 176.589495 0.000000
1648923639457751062 176.592601 0.000000
1648923639496867752 88.369773 0.000000
1648923639498348933 88.408035 0.000000
1648923639585268273 88.392266 0.000000
1648923639626864729 176.539931 0.000000
1648923639675014491 176.524373 0.000000
1648923639715161916 88.294271 0.000000
1648923639755430198 88.388788 0.000000
1648923639781863272 88.534092 0.000000
1648923639933110481 176.487273 0.000000
1648923640075596649 88.417813 0.000000
1648923640351022230 88.422403 0.000000
1648923640382706003 88.406271 0.000000
1648923640391273129 88.334947 0.000000
1648923640503216848 88.425178 0.000000
1648923640597316139 176.498594 0.000000
1648923640673249731 176.578344 0.000000
1648923640798927558 88.442339 0.000000
1648923640871833233 88.422713 0.000000
1648923640913057160 176.886091 0.000000
1648923640945134863 88.351719 0.000000
1648923640967145643 88.339577 0.000000
1648923641033262151 176.485069 0.000000
1648923641082283318 88.356948 0.000000
1648923641088677325 88.411311 0.000000
1648923641170507979 176.585306 0.000000
1648923641183294999 176.628829 0.000000
1648923641185100991 88.404128 0.000000
1648923641419340205 176.493706 0.000000
1648923641449979768 176.553818 0.000000
1648923641450736078 88.361468 0.000000
1648923641453541085 88.333286 0.000000
1648923641545012301 88.316853 0.000000
1648923641691856633 88.399920 0.000000
1648923641709195731 176.641382 0.000000
1648923641758750139 176.739285 0.000000
1648923641834551353 176.645330 0.000000
1648923641956768230 88.407343 0.000000
1648923641963425150 88.400520 0.000000
1648923642014362136 88.418816 0.000000
1648923642029084029 88.396984 0.000000
1648923642030232716 88.328786 0.000000
1648923642104700375 88.338655 0.000000
1648923642134447181 176.501910 0.000000
1648923642157983015 88.351760 0.000000
1648923642249210574 88.488085 0.000000
1648923642325396919 88.575659 0.000000
1648923642337342119 88.315701 0.000000
1648923642373520432 176.614842 0.000000
1648923642429563996 88.364994 0.000000
1648923642463664647 88.483837 0.000000
1648923642465919831 88.581530 0.000000
1648923642518163761 88.590187 0.000000
1648923642681287259 176.518871 0.000000
1648923642795161112 176.552114 0.000000
1648923642849579514 88.324668 0.000000
1648923643067345246 88.365455 0.000000
1648923643100054986 88.659137 0.000000
1648923643131958170 176.590066 0.000000
1648923643206337443 88.322844 0.000000
1648923643276648387 176.626333 0.000000
1648923643278863216 88.374372 0.000000
1648923643284530077 88.307717 0.000000
1648923643302145714 176.966843 0.000000
1648923643367225876 88.359844 0.000000
1648923643424210737 88.501550 0.000000
1648923643478625312 88.470803 0.000000
1648923643496290372 176.671128 0.000000
1648923643512552077 176.779401 0.000000
1648923643516755379 88.367238 0.000000
1648923643532779929 88.475111 0.000000
1648923643550891307 88.313367 0.000000
1648923643752305375 88.444603 0.000000
1648923643765764277 176.611386 0.000000
1648923643791904881 88.351749 0.000000
1648923643896932713 88.376115 0.000000
1648923643985658695 88.485801 0.000000
1648923644008888454 88.417423 0.000000
1648923644168723839 88.402926 0.000000
1648923644226347910 88.458640 0.000000
1648923644298118735 88.337943 0.000000
1648923644345553434 176.672810 0.000000
1648923644420748148 88.339747 0.000000
1648923644660502347 88.428052 0.000000
1648923644676505597 176.649116 0.000000
1648923644805358406 88.476133 0.000000
1648923644852868135 176.635080 0.000000
1648923644888394924 88.379160 0.000000
1648923645018052575 88.388700 0.000000
1648923645088765694 88.316673 0.000000
1648923645145135790 88.391363 0.000000
1648923645158545410 176.512058 0.000000
1648923645271376794 88.364883 0.000000
1648923645394551270 88.364062 0.000000
1648923645452579180 88.369072 0.000000
1648923645525120542 88.304981 0.000000
1648923645562460756 88.373009 0.000000
1648923645616300241 88.418644 0.000000
1648923645758194138 176.742462 0.000000
1648923645834333195 176.577451 0.000000
1648923645885342105 88.327363 0.000000
1648923645887079868 88.360957 0.000000
1648923645922767609 88.335969 0.000000
1648923645963396588 88.466865 0.000000
1648923645973774435 88.426930 0.000000
1648923645994257196 88.451757 0.000000
1648923646139827234 176.587862 0.000000
1648923646174922323 176.540181 0.000000
1648923646180279823 88.455684 0.000000
1648923646196116309 176.567623 0.000000
1648923646376142176 88.322735 0.000000
1648923646409629085 176.444853 0.000000
1648923646538714260 88.298550 0.000000
1648923646556828273 88.362720 0.000000
1648923646614296521 88.410850 0.000000
1648923646738177044 88.403928 0.000000
1648923646828363517 88.303769 0.000000
1648923646865944313 88.344546 0.000000
1648923646916757646 88.389209 0.000000
1648923646988712006 176.494045 0.000000
1648923647048872771 88.346510 0.000000
1648923647079643168 88.414898 0.000000
1648923647116286915 88.327914 0.000000
1648923647152198236 88.486823 0.000000
1648923647312587301 176.565470 0.000000
1648923647332911995 176.572714 0.000000
1648923647384927986 176.580128 0.000000
1648923647389497476 88.407624 0.000000
1648923647478421840 88.373119 0.000000
1648923647495292748 176.537156 0.000000
1648923647552023312 88.464350 0.000000
1648923647585696110 176.600504 0.000000
1648923647659671815 88.427963 0.000000
1648923647674055534 88.351309 0.000000
1648923647678194936 176.663434 0.000000
1648923647696653606 88.394150 0.000000
1648923647772036834 88.405149 0.000000
1648923647772814615 88.408305 0.000000
1648923647895015533 176.559678 0.000000
1648923648002379411 176.616526 0.000000
1648923648004087919 88.415598 0.000000
1648923648065779228 88.369873 0.000000
1648923648221176069 88.417353 0.000000
1648923648237177916 88.405481 0.000000
1648923648279334844 88.398246 0.000000
1648923648385987928 88.379992 0.000000
1648923648636493625 88.386846 0.000000
1648923648653447800 176.586348 0.000000
1648923648655105523 88.491191 0.000000
1648923648671701245 88.441498 0.000000
1648923648763910587 88.395360 0.000000
1648923648782436423 88.534683 0.000000
1648923648908704168 88.368511 0.000000
1648923648909873444 88.395452 0.000000
1648923648926065097 88.469080 0.000000
1648923648930079154 88.326121 0.000000
1648923649014455348 88.381885 0.000000
1648923649109915344 88.324868 0.000000
1648923649179265354 88.371236 0.000000
1648923649215631619 88.398437 0.000000
1648923649291919296 88.357651 0.000000
1648923649369224492 88.398096 0.000000
1648923649415498762 88.366436 0.000000
1648923649467084495 176.597278 0.000000
1648923649508772393 88.325390 0.000000
1648923649560185643 88.510287 0.000000
1648923649596181372 88.584717 0.000000
1648923649761698185 88.375975 0.000000
1648923649866917165 88.588072 0.000000
1648923649906437233 88.417162 0.000000
1648923650047765006 88.377668 0.000000
1648923650263484114 88.905419 0.000000
1648923650337196114 88.399509 0.000000
1648923650408332567 88.438482 0.000000
1648923650445202448 176.516366 0.000000
1648923650591006807 88.460473 0.000000
1648923650624090789 176.573113 0.000000
1648923650753068242 176.496801 0.000000
1648923650775819021 88.411160 0.000000
1648923650790911400 88.410579 0.000000
1648923650916596550 88.633317 0.000000
1648923651025494930 88.476424 0.000000
1648923651132529200 88.348834 0.000000
1648923651152733247 88.403676 0.000000
1648923651243728690 88.448871 0.000000
1648923651323618169 88.398977 0.000000
1648923651500362074 88.343584 0.000000
1648923651514684367 88.423034 0.000000
1648923651804278440 88.437840 0.000000
1648923651821932489 88.409056 0.000000
1648923651876641297 88.496581 0.000000
1648923651910300780 88.363161 0.000000
1648923651918300922 176.484918 0.000000
1648923652072001467 176.664625 0.000000
1648923652181929650 88.399428 0.000000
1648923652220226210 88.334326 0.000000
1648923652254312234 88.364794 0.000000
1648923652312522115 176.512239 0.000000
1648923652326704515 88.425457 0.000000
1648923652404719445 88.382567 0.000000
1648923652616203491 88.434935 0.000000
1648923652730846046 88.337983 0.000000
1648923652843420368 88.469500 0.000000
1648923652994008520 176.540503 0.000000
1648923653088971913 88.411220 0.000000
1648923653267810761 88.346519 0.000000
1648923653340741804 176.645549 0.000000
1648923653413000605 88.421510 0.000000
1648923653413026954 88.472706 0.000000
1648923653413098499 88.450665 0.000000
1648923653454892646 88.459581 0.000000
1648923653485187742 88.419406 0.000000
1648923653535068113 176.667441 0.000000
1648923653566800988 88.409437 0.000000
1648923653707489420 88.378369 0.000000
1648923653938112103 88.409177 0.000000
1648923654073868945 88.453189 0.000000
1648923654411838203 176.525924 0.000000
1648923654500752578 88.534573 0.000000
1648923654571536290 88.484548 0.000000
1648923654677715954 176.954198 0.000000
1648923654935114124 88.449202 0.000000
1648923654942585783 88.403987 0.000000
1648923655039388711 88.441467 0.000000
1648923655159422931 88.348764 0.000000
1648923655304426866 88.499055 0.000000
1648923655329097680 88.390262 0.000000
1648923655763408861 88.321371 0.000000
1648923655811208946 88.489698 0.000000
1648923656198002332 88.387957 0.000000
1648923656221119830 88.497152 0.000000
1648923656238623637 88.506740 0.000000
1648923656238748802 88.555321 0.000000
1648923656327061167 88.445976 0.000000
1648923656399296464 88.362880 0.000000
1648923656503913634 88.356327 0.000000
1648923656744436887 88.374792 0.000000
1648923656978786037 176.578824 0.000000
1648923657227776278 176.531024 0.000000
1648923657330949387 88.404358 0.000000
1648923657339403812 88.367979 0.000000
1648923657524809700 176.601907 0.000000
1648923657614588108 88.342251 0.000000
1648923657813973736 176.569636 0.000000
1648923657926374031 88.369241 0.000000
1648923657943048141 88.465633 0.000000
1648923657952038261 176.635169 0.000000
1648923658046141199 88.357990 0.000000
1648923658127247142 88.356047 0.000000
1648923658266621036 88.483276 0.000000
1648923658377807652 88.485420 0.000000
1648923658609263779 88.397044 0.000000
1648923658641705946 88.404728 0.000000
1648923658706150234 88.304470 0.000000
1648923658851783160 88.354574 0.000000
1648923658940180515 88.393297 0.000000
1648923659006763879 176.606386 0.000000
1648923659063581145 88.432721 0.000000
1648923659140500828 88.377006 0.000000
1648923659163902279 176.790301 0.000000
1648923659204191691 88.297868 0.000000
1648923659309643669 88.364803 0.000000
1648923659328505847 176.572552 0.000000
1648923659416882703 88.367509 0.000000
1648923659429863297 88.383008 0.000000
1648923659454021519 88.402124 0.000000
1648923659465144635 88.428082 0.000000
1648923659477804286 88.332713 0.000000
1648923659566084170 88.474600 0.000000
1648923659654855166 88.764464 0.000000
1648923659671341833 88.341490 0.000000
1648923659743452205 88.587481 0.000000
1648923659755309149 88.497132 0.000000
1648923659784208424 88.431659 0.000000
1648923659792959416 88.304020 0.000000
1648923659879814975 176.569556 0.000000
1648923659899637807 88.438121 0.000000
1648923659934375875 88.457848 0.000000
1648923660116954684 88.423614 0.000000
1648923660128921705 88.346890 0.000000
1648923660151553892 88.495739 0.000000
1648923660169359065 88.454101 0.000000
1648923660384764704 176.614441 0.000000
1648923660490814815 88.369121 0.000000
1648923660555270924 176.517929 0.000000
1648923660651826728 88.417963 0.000000
1648923660684220514 88.370314 0.000000
1648923660782172870 88.663614 0.000000
1648923660803562604 88.389470 0.000000
1648923660854293532 176.613920 0.000000
1648923660997128805 88.346028 0.000000
1648923660999526928 88.305472 0.000000
1648923661093374266 88.438772 0.000000
1648923661118520353 88.345738 0.000000
1648923661132934809 88.830437 0.000000
1648923661134907884 177.052753 0.000000
1648923661238264147 88.677540 0.000000
1648923661311601844 176.684472 0.000000
1648923661347112633 88.719549 0.000000
1648923661448784613 88.349985 0.000000
1648923661480633106 88.481293 0.000000
1648923661689872045 88.666871 0.000000
1648923661819123041 88.411061 0.000000
1648923661834461061 88.335378 0.000000
1648923661890571480 88.657032 0.000000
1648923662052039560 88.486672 0.000000
1648923662107444885 88.447488 0.000000
1648923662108470210 88.325670 0.000000
1648923662196856745 176.619390 0.000000
1648923662357642012 88.447248 0.000000
1648923662414459288 177.095854 0.000000
1648923662469734179 88.493014 0.000000
1648923662541198147 88.396873 0.000000
1648923662615141090 88.287468 0.000000
1648923662630712208 88.308648 0.000000
1648923662703509531 88.364944 0.000000
1648923662759863697 88.350427 0.000000
1648923662846571209 176.580066 0.000000
1648923662974596513 176.592299 0.000000
1648923662977619709 88.448219 0.000000
1648923663102085760 88.349825 0.000000
1648923663120953749 88.364763 0.000000
1648923663194886473 88.357990 0.000000
1648923663217654926 88.364653 0.000000
1648923663354244201 176.529862 0.000000
1648923663426643796 176.821459 0.000000
1648923663538031358 88.507119 0.000000
1648923663594232798 88.420578 0.000000
1648923663666481090 88.369863 0.000000
1648923663716731535 88.448711 0.000000
1648923663731622717 176.613239 0.000000
1648923663737634986 88.394429 0.000000
1648923663788905367 176.621263 0.000000
1648923663810129179 88.413374 0.000000
1648923663898506456 88.367629 0.000000
1648923663932625351 88.408004 0.000000
1648923664063131714 88.402614 0.000000
1648923664149611869 88.311483 0.000000
1648923664172830597 88.363391 0.000000
1648923664204008269 176.572272 0.000000
1648923664280327655 88.396012 0.000000
1648923664422381981 88.492142 0.000000
1648923664497640775 88.339646 0.000000
1648923664535099402 88.352962 0.000000
1648923664787702025 88.460853 0.000000
1648923664954433118 88.488285 0.000000
1648923665076581457 88.361648 0.000000
1648923665147181383 88.434995 0.000000
1648923665171462446 88.395782 0.000000
1648923665224038989 88.359804 0.000000
1648923665293727143 88.391754 0.000000
1648923665437223657 88.368630 0.000000
1648923665460879506 88.420067 0.000000
1648923665460905084 88.432991 0.000000
1648923665613693275 176.466582 0.000000
1648923665674623174 176.838981 0.000000
1648923665839524070 88.408926 0.000000
1648923665943555090 88.517039 0.000000
1648923666021507431 88.406100 0.000000
1648923666088486288 88.603912 0.000000
1648923666379406731 88.429374 0.000000
1648923666547299124 88.407354 0.000000
1648923666596893358 88.439724 0.000000
1648923666636572203 88.450093 0.000000
1648923666740184055 88.540904 0.000000
1648923666900703955 88.636684 0.000000
1648923666941787799 88.398898 0.000000
1648923667086846606 88.415908 0.000000
1648923667103789821 88.345597 0.000000
1648923667192199158 176.536373 0.000000
1648923667368779464 176.575177 0.000000
1648923667392394506 88.384591 0.000000
1648923667488245897 88.390180 0.000000
1648923667537692794 88.460994 0.000000
1648923667666825357 88.361427 0.000000
1648923667723476982 88.616906 0.000000
1648923667739682902 88.350267 0.000000
1648923667785141960 88.376995 0.000000
1648923667833252538 88.394608 0.000000
1648923667884265586 88.599765 0.000000
1648923667884292426 88.592852 0.000000
1648923667940971413 88.336360 0.000000
1648923668066598073 176.938008 0.000000
1648923668303185334 88.345397 0.000000
1648923668420227245 88.375694 0.000000
1648923668420661841 88.354694 0.000000
1648923668557571337 88.357490 0.000000
1648923668645766752 176.597198 0.000000
1648923668662491446 88.378008 0.000000
1648923668768967276 88.403635 0.000000
1648923668896002571 176.798416 0.000000
1648923669027905948 88.381184 0.000000
1648923669042554513 88.465131 0.000000
1648923669059436141 88.574265 0.000000
1648923669219538947 176.523128 0.000000
1648923669421772714 88.417012 0.000000
1648923669458736220 88.604794 0.000000
1648923669566332364 88.393066 0.000000
1648923669652607944 88.474990 0.000000
1648923669660340374 88.482324 0.000000
1648923669710403988 176.609351 0.000000
1648923669789111388 88.390742 0.000000
1648923669799700602 176.825647 0.000000
1648923669944376430 176.599922 0.000000
1648923669983369297 88.361968 0.000000
1648923670103130634 176.564456 0.000000
1648923670103431088 88.419806 0.000000
1648923670160288920 88.373489 0.000000
1648923670304974798 88.330439 0.000000
1648923670403845047 88.432841 0.000000
1648923670466026566 176.514372 0.000000
1648923670562367907 88.342472 0.000000
1648923670667473654 88.377005 0.000000
1648923670811707954 88.378148 0.000000
1648923670811978683 88.329307 0.000000
1648923670899488840 88.456294 0.000000
1648923670922239279 176.918340 0.000000
1648923671014920758 88.357169 0.000000
1648923671028268711 88.415148 0.000000
