1648923521991765234 72.497237 0.000000
1648923521991956984 72.646197 0.000000
1648923522152685150 72.529567 0.000000
1648923522570068224 72.352575 0.000000
1648923522641751312 72.441381 0.000000
1648923522643066361 72.281482 0.000000
1648923522731945198 72.696320 0.000000
1648923522787900715 72.394204 0.000000
1648923522859524492 72.357294 0.000000
1648923522876412412 72.491186 0.000000
1648923522877238964 72.864096 0.000000
1648923523094688816 72.538314 0.000000
1648923523220568298 72.384094 0.000000
1648923523367651584 72.401727 0.000000
1648923523455203489 144.598540 0.000000
1648923523456011075 72.605551 0.000000
1648923523601291436 72.402239 0.000000
1648923523656972067 72.372112 0.000000
1648923523673654050 72.338719 0.000000
1648923523800114513 72.604067 0.000000
1648923523801658011 72.350120 0.000000
1648923523890801264 72.399704 0.000000
1648923524035580584 72.400917 0.000000
1648923524106970762 72.412177 0.000000
1648923524180268993 72.456109 0.000000
1648923524252825471 72.529157 0.000000
1648923524308404331 144.584144 0.000000
1648923524453093181 72.366202 0.000000
1648923524814752913 72.399043 0.000000
1648923524815163023 72.338178 0.000000
1648923524959984021 72.377552 0.000000
1648923525049346956 72.399914 0.000000
1648923525266860578 72.405755 0.000000
1648923525411347438 72.437263 0.000000
1648923525556378782 72.510221 0.000000
1648923525556421983 72.506374 0.000000
1648923525628944097 72.518266 0.000000
1648923525700400589 72.451270 0.000000
1648923525756382856 72.410645 0.000000
1648923525772855817 144.473295 0.000000
1648923525828971495 72.585713 0.000000
1648923525901561586 72.465908 0.000000
1648923525917464447 72.315325 0.000000
1648923526263274509 72.403501 0.000000
1648923526351719200 144.674744 0.000000
1648923526407607289 144.586958 0.000000
1648923526552104740 144.493423 0.000000
1648923526624877775 72.383493 0.000000
1648923526625738962 144.618758 0.000000
1648923526626160984 72.479183 0.000000
1648923526641496800 72.424099 0.000000
1648923526841987458 144.665947 0.000000
1648923526842621188 72.385337 0.000000
1648923526843014787 72.410264 0.000000
1648923526843363202 72.483753 0.000000
1648923527076757061 72.365098 0.000000
1648923527132501371 72.359267 0.000000
1648923527132810772 72.348307 0.000000
1648923527204440390 72.555015 0.000000
1648923527205395293 72.476548 0.000000
1648923527220792444 72.469394 0.000000
1648923527293857407 72.308312 0.000000
1648923527494286129 72.401117 0.000000
1648923527566999752 72.579942 0.000000
1648923527567108786 72.472870 0.000000
1648923527655689483 144.657963 0.000000
1648923527944473207 72.390617 0.000000
1648923527945261567 144.618808 0.000000
1648923527945487932 72.441953 0.000000
1648923528017677772 72.581375 0.000000
1648923528146257624 72.451861 0.000000
1648923528147002282 72.362524 0.000000
1648923528218341765 72.341364 0.000000
1648923528307276697 144.656599 0.000000
1648923528363470020 72.355410 0.000000
1648923528506781884 144.723024 0.000000
1648923528579276356 72.455930 0.000000
1648923528580655376 72.363065 0.000000
1648923528653435654 72.392540 0.000000
1648923528724311226 144.647462 0.000000
1648923528725484709 72.435000 0.000000
1648923528797144322 72.817727 0.000000
1648923528797187023 72.414411 0.000000
1648923528798292679 72.359037 0.000000
1648923528869696874 72.494322 0.000000
1648923528869766254 72.577688 0.000000
1648923528870691491 72.393933 0.000000
1648923529086798552 144.536024 0.000000
1648923529160371679 72.580914 0.000000
1648923529231710491 72.450730 0.000000
1648923529231747300 72.438948 0.000000
1648923529304742592 72.782763 0.000000
1648923529305099031 72.327949 0.000000
1648923529377547376 72.703885 0.000000
1648923529378148234 72.643832 0.000000
1648923529522735083 144.891050 0.000000
1648923529595622943 72.890315 0.000000
1648923529595851452 72.594510 0.000000
1648923529667788797 72.407147 0.000000
1648923529668247018 72.813661 0.000000
1648923529740614641 72.362373 0.000000
1648923529740690103 145.024550 0.000000
1648923529884966167 72.472580 0.000000
1648923529958413668 72.508387 0.000000
1648923529958602142 72.629455 0.000000
1648923530029692097 144.777306 0.000000
1648923530075164860 144.615852 0.000000
1648923530103130872 72.410945 0.000000
1648923530175661371 72.406006 0.000000
1648923530220232632 144.632645 0.000000
1648923530392382103 72.416174 0.000000
1648923530392516526 72.389755 0.000000
1648923530444202385 144.464928 0.000000
1648923530516569288 72.363025 0.000000
1648923530573763400 72.421966 0.000000
1648923530582056983 144.556110 0.000000
1648923530588858905 144.534711 0.000000
1648923530605738850 72.398101 0.000000
1648923530654591840 72.501525 0.000000
1648923530755603618 72.439820 0.000000
1648923530756014029 72.670633 0.000000
1648923530799403340 144.714858 0.000000
1648923530936189551 72.302270 0.000000
1648923530944248273 72.338278 0.000000
1648923530973032972 72.504100 0.000000
1648923531088858655 72.343589 0.000000
1648923531095756217 72.421054 0.000000
1648923531136967338 144.646541 0.000000
1648923531153013919 72.444779 0.000000
1648923531240717177 72.442795 0.000000
1648923531354540281 72.555225 0.000000
1648923531370910840 72.670472 0.000000
1648923531451015461 72.382782 0.000000
1648923531479711122 72.423809 0.000000
1648923531624735713 144.676287 0.000000
1648923531624927623 72.385787 0.000000
1648923531805174679 72.344620 0.000000
1648923531914556133 72.393782 0.000000
1648923531950089644 144.545912 0.000000
1648923531986837415 72.491376 0.000000
1648923532059436372 72.480495 0.000000
1648923532198329970 144.578162 0.000000
1648923532199524834 72.404714 0.000000
1648923532239596876 72.409822 0.000000
1648923532342926005 144.589332 0.000000
1648923532349655040 72.525399 0.000000
1648923532441446866 72.416615 0.000000
1648923532488064820 144.614241 0.000000
1648923532528960529 72.355320 0.000000
1648923532609508603 144.663112 0.000000
1648923532616012495 72.376230 0.000000
1648923532673821362 72.419331 0.000000
1648923532731054347 72.358316 0.000000
1648923532746528753 72.700369 0.000000
1648923532874653631 72.373184 0.000000
1648923532876002865 144.534581 0.000000
1648923532905643871 144.606515 0.000000
1648923533021035469 72.479483 0.000000
1648923533238262863 72.387891 0.000000
1648923533437214090 72.508328 0.000000
1648923533455719999 72.555266 0.000000
1648923533509574160 144.746628 0.000000
1648923533629107866 144.612677 0.000000
1648923533671111986 72.452633 0.000000
1648923533672704016 144.621113 0.000000
1648923533726725831 72.417687 0.000000
1648923533816636886 72.405544 0.000000
1648923533863104638 72.425242 0.000000
1648923533871533945 72.338218 0.000000
1648923533961742037 144.692526 0.000000
1648923534088555092 72.363686 0.000000
1648923534161438173 72.374746 0.000000
1648923534275463717 72.609878 0.000000
1648923534347626035 144.504313 0.000000
1648923534397212622 72.436282 0.000000
1648923534397244191 72.535648 0.000000
1648923534469571700 72.323170 0.000000
1648923534637375582 72.510953 0.000000
1648923534702873626 72.410905 0.000000
1648923534775256228 72.375578 0.000000
1648923534877945987 72.451992 0.000000
1648923534999475711 72.428508 0.000000
1648923535193682940 72.665362 0.000000
1648923535240051605 72.455838 0.000000
1648923535310711763 72.472030 0.000000
1648923535482901169 72.401837 0.000000
1648923535499224710 72.425722 0.000000
1648923535701020378 72.374426 0.000000
1648923535716396359 144.643694 0.000000
1648923535772592277 72.341854 0.000000
1648923535773235315 144.510946 0.000000
1648923535819558124 144.570738 0.000000
1648923535917841529 144.600774 0.000000
1648923535940735226 144.598129 0.000000
1648923536106848816 144.713637 0.000000
1648923536182234707 72.555277 0.000000
1648923536206597243 72.399254 0.000000
1648923536207019286 72.422057 0.000000
1648923536254423436 144.714831 0.000000
1648923536295881260 72.379186 0.000000
1648923536302941016 72.403392 0.000000
1648923536592423867 72.357836 0.000000
1648923536713094620 72.383514 0.000000
1648923536802645399 144.689623 0.000000
1648923536947338037 72.349780 0.000000
1648923537003916885 72.510833 0.000000
1648923537058071113 72.570068 0.000000
1648923537076455154 72.506700 0.000000
1648923537121908794 72.860684 0.000000
1648923537221590461 72.683451 0.000000
1648923537382097551 72.527378 0.000000
1648923537555908744 144.682306 0.000000
1648923537654860971 72.601597 0.000000
1648923537772799259 144.519430 0.000000
1648923537799714789 72.466783 0.000000
1648923537872135347 72.410398 0.000000
1648923537888729045 144.663320 0.000000
1648923537944561073 72.421699 0.000000
1648923537993539783 72.413995 0.000000
1648923538017917037 72.434543 0.000000
1648923538090173155 144.757537 0.000000
1648923538138348707 72.396763 0.000000
1648923538163062703 72.408615 0.000000
1648923538233777617 72.370133 0.000000
1648923538356355618 72.493014 0.000000
1648923538378786427 72.434774 0.000000
1648923538597586267 72.513682 0.000000
1648923538742126586 72.375533 0.000000
1648923538787094204 72.438371 0.000000
1648923538813084456 72.403706 0.000000
1648923538859795308 72.417872 0.000000
1648923538862155950 72.533579 0.000000
1648923538886986155 72.448560 0.000000
1648923538902582931 144.638915 0.000000
1648923539076905945 72.359933 0.000000
1648923539393758653 144.753059 0.000000
1648923539511719944 144.749222 0.000000
1648923539511735914 144.774048 0.000000
1648923539664545070 72.568625 0.000000
1648923539730913633 144.636450 0.000000
1648923539803369537 72.446516 0.000000
1648923539808855087 144.603398 0.000000
1648923539808908988 72.378028 0.000000
1648923539877693318 72.497712 0.000000
1648923539948324254 72.356868 0.000000
1648923539954171313 72.644949 0.000000
1648923540025853013 144.568834 0.000000
1648923540117482980 72.333955 0.000000
1648923540167285988 144.650907 0.000000
1648923540171613043 72.901981 0.000000
1648923540244050081 72.462426 0.000000
1648923540479458437 72.319668 0.000000
1648923540551538795 144.606964 0.000000
1648923540881285133 72.369922 0.000000
1648923540896066500 72.465572 0.000000
1648923540961780272 72.367837 0.000000
1648923540963962129 144.583279 0.000000
1648923541181490382 72.455222 0.000000
1648923541185917455 72.539240 0.000000
1648923541203379083 72.422531 0.000000
1648923541258212866 72.463537 0.000000
1648923541275888216 72.498814 0.000000
1648923541324371546 72.443651 0.000000
1648923541421561403 72.867747 0.000000
1648923541421612769 72.927849 0.000000
1648923541566580912 72.437408 0.000000
1648923541615736834 72.329726 0.000000
1648923541677478769 72.415198 0.000000
1648923541688120983 72.378478 0.000000
1648923541905465640 144.778066 0.000000
1648923541928211762 72.733956 0.000000
1648923541928292754 72.428202 0.000000
1648923541978170080 72.437118 0.000000
1648923542122994022 72.444712 0.000000
1648923542127215849 72.719868 0.000000
1648923542195290856 72.463477 0.000000
1648923542218243485 72.523851 0.000000
1648923542362655384 144.528578 0.000000
1648923542416582004 144.620329 0.000000
1648923542484822462 72.427530 0.000000
1648923542489014373 72.388096 0.000000
1648923542633410111 72.455673 0.000000
1648923542633763705 144.606924 0.000000
1648923542702330205 72.370993 0.000000
1648923542706150178 72.308907 0.000000
1648923542894231807 72.325258 0.000000
1648923542919513850 72.494005 0.000000
1648923543068031488 72.417993 0.000000
1648923543068185006 72.417632 0.000000
1648923543110805797 144.681164 0.000000
1648923543183669205 144.712872 0.000000
1648923543256322529 72.326901 0.000000
1648923543304474155 145.044936 0.000000
1648923543400421800 72.377898 0.000000
1648923543464519319 72.467626 0.000000
1648923543666537266 72.364191 0.000000
1648923543720103169 144.630829 0.000000
1648923543738188940 72.406942 0.000000
1648923544172392321 144.542693 0.000000
1648923544212876230 144.699259 0.000000
1648923544318238652 72.476893 0.000000
1648923544413513665 144.551411 0.000000
1648923544413689515 72.357519 0.000000
1648923544535405877 72.347140 0.000000
1648923544574966942 72.351678 0.000000
1648923544776296997 144.607926 0.000000
1648923544807763172 72.406231 0.000000
1648923544807807866 72.469259 0.000000
1648923544840137833 72.459971 0.000000
1648923544912549424 72.404798 0.000000
1648923545009868133 72.365834 0.000000
1648923545025002732 72.436256 0.000000
1648923545082546835 72.673622 0.000000
1648923545097680532 72.436226 0.000000
1648923545138148510 72.402733 0.000000
1648923545138437613 72.573133 0.000000
1648923545372491415 72.484066 0.000000
1648923545387262592 72.400119 0.000000
1648923545404572455 72.519212 0.000000
1648923545572572616 72.408103 0.000000
1648923545789895372 144.565757 0.000000
1648923545879109633 72.344725 0.000000
1648923545893859088 72.429674 0.000000
1648923545926834919 144.602005 0.000000
1648923546007385451 144.570526 0.000000
1648923546079656237 72.402272 0.000000
1648923546110967611 72.446084 0.000000
1648923546256106886 72.718587 0.000000
1648923546361756167 144.902529 0.000000
1648923546400969109 72.414295 0.000000
1648923546658286594 72.489636 0.000000
1648923546690443437 72.317243 0.000000
1648923546939773504 144.548294 0.000000
1648923546980135673 72.445543 0.000000
1648923547052627364 72.401552 0.000000
1648923547086202139 144.529559 0.000000
1648923547125048422 72.432118 0.000000
1648923547261762355 144.715337 0.000000
1648923547261967560 144.621401 0.000000
1648923547310053112 72.418824 0.000000
1648923547360219051 72.340196 0.000000
1648923547415189922 72.789450 0.000000
1648923547527147609 144.409663 0.000000
1648923547560098632 72.430155 0.000000
1648923547600639738 144.611242 0.000000
1648923547632468344 72.366896 0.000000
1648923547649562643 144.559976 0.000000
1648923547673224934 72.372356 0.000000
1648923547745636064 72.409367 0.000000
1648923547761307921 144.625569 0.000000
1648923547792870227 72.377776 0.000000
1648923547865344956 144.565507 0.000000
1648923547866511326 144.552132 0.000000
1648923547937566509 72.425656 0.000000
1648923547962468999 144.598337 0.000000
1648923547995229004 72.382365 0.000000
1648923548082626273 144.739263 0.000000
1648923548196048500 72.388607 0.000000
1648923548252766152 144.613937 0.000000
1648923548502006881 72.417341 0.000000
1648923548516698438 72.480449 0.000000
1648923548589104167 144.671424 0.000000
1648923548606816075 72.357448 0.000000
1648923548719309829 72.582482 0.000000
1648923548903895503 72.355845 0.000000
1648923548936031015 144.689359 0.000000
1648923549040340421 72.521977 0.000000
1648923549081420879 72.411539 0.000000
1648923549112878879 72.488955 0.000000
1648923549120890583 144.603628 0.000000
1648923549121216726 144.671506 0.000000
1648923549226139634 72.372577 0.000000
1648923549240891934 72.390360 0.000000
1648923549257852392 72.598391 0.000000
1648923549282711661 72.771135 0.000000
1648923549313269952 72.375393 0.000000
1648923549338504696 72.369682 0.000000
1648923549355180087 72.461233 0.000000
1648923549355294132 72.548517 0.000000
1648923549547131933 144.502858 0.000000
1648923549555141092 72.398607 0.000000
1648923549602925018 144.834471 0.000000
1648923550062042490 72.418472 0.000000
1648923550134471474 72.423633 0.000000
1648923550168214594 72.426638 0.000000
1648923550198932765 144.584382 0.000000
1648923550312925063 72.333163 0.000000
1648923550416574009 72.477945 0.000000
1648923550424195269 144.710649 0.000000
1648923550472260503 72.379880 0.000000
1648923550544795014 72.411279 0.000000
1648923550569098229 144.591896 0.000000
1648923550602459823 144.582728 0.000000
1648923550931163152 72.394007 0.000000
1648923550995554603 72.296675 0.000000
1648923551092731826 72.406270 0.000000
1648923551124030918 72.407212 0.000000
1648923551181289755 144.489815 0.000000
1648923551254944639 72.393466 0.000000
1648923551382716962 72.579054 0.000000
1648923551437173457 144.525180 0.000000
1648923551510378337 144.585804 0.000000
1648923551581932457 72.387595 0.000000
1648923551848960004 72.455763 0.000000
1648923551906489841 72.350866 0.000000
1648923551993773366 72.359933 0.000000
1648923552106918233 144.537244 0.000000
1648923552179272074 72.350946 0.000000
1648923552179452533 72.370002 0.000000
1648923552283366837 72.433852 0.000000
1648923552355765392 72.437649 0.000000
1648923552413106834 144.555286 0.000000
1648923552450963209 144.626941 0.000000
1648923552500948268 72.545051 0.000000
1648923552573435830 72.709629 0.000000
1648923552573532632 72.582761 0.000000
1648923552702615646 144.583730 0.000000
1648923552920083805 72.390851 0.000000
1648923552935070826 144.521463 0.000000
1648923553080251688 72.405869 0.000000
1648923553120125441 144.556901 0.000000
1648923553152044847 144.829352 0.000000
1648923553168623176 72.401130 0.000000
1648923553175467839 72.412712 0.000000
1648923553296708918 144.531402 0.000000
1648923553313368700 72.292807 0.000000
1648923553337064134 144.547081 0.000000
1648923553369135606 72.421007 0.000000
1648923553369201860 72.423251 0.000000
1648923553409644873 72.364904 0.000000
1648923553426849558 72.475149 0.000000
1648923553465416005 72.475189 0.000000
1648923553571672998 72.448248 0.000000
1648923553804398867 144.628114 0.000000
1648923553899246175 72.308327 0.000000
1648923553933693578 72.405369 0.000000
1648923554078154658 72.381945 0.000000
1648923554166324948 72.349953 0.000000
1648923554238802382 72.475039 0.000000
1648923554311023985 144.581115 0.000000
1648923554327981968 72.388286 0.000000
1648923554454429163 72.409917 0.000000
1648923554528465894 72.400649 0.000000
1648923554617476162 72.415336 0.000000
1648923554802480612 72.486601 0.000000
1648923554834668583 72.389088 0.000000
1648923554985210531 72.317353 0.000000
1648923555057768245 72.398906 0.000000
1648923555413628797 72.495879 0.000000
1648923555492589024 72.437038 0.000000
1648923555564622173 144.490104 0.000000
1648923555564972701 72.373978 0.000000
1648923555759068984 72.368108 0.000000
1648923555782036881 72.396992 0.000000
1648923555782232488 72.393265 0.000000
1648923555854667091 72.465200 0.000000
1648923555903706224 72.312163 0.000000
1648923555959707410 144.643222 0.000000
1648923555975030102 72.394097 0.000000
1648923556048172794 144.580314 0.000000
1648923556265643858 72.404727 0.000000
1648923556289324324 72.426719 0.000000
1648923556289565156 72.648876 0.000000
1648923556323809638 72.386704 0.000000
1648923556579221274 72.376354 0.000000
1648923556613784775 72.669194 0.000000
1648923556626535357 72.397373 0.000000
1648923556698947488 72.456985 0.000000
1648923556723756723 144.535691 0.000000
1648923556724265358 72.468057 0.000000
1648923556844214641 144.584771 0.000000
1648923556844655129 144.638403 0.000000
1648923556988265541 144.497539 0.000000
1648923557080726278 72.403835 0.000000
1648923557086410351 144.888833 0.000000
1648923557086567837 72.345085 0.000000
1648923557120794976 72.370333 0.000000
1648923557153071844 72.335868 0.000000
1648923557659516684 72.311792 0.000000
1648923557700331714 72.412021 0.000000
1648923557712944387 72.322793 0.000000
1648923557857433940 144.717983 0.000000
1648923557857667419 72.399517 0.000000
1648923557882565912 72.435094 0.000000
1648923557929645906 144.623455 0.000000
1648923557954911758 72.337460 0.000000
1648923557955711149 72.364912 0.000000
1648923558027895503 72.529121 0.000000
1648923558099836138 144.512326 0.000000
1648923558172513667 72.348531 0.000000
1648923558219123158 144.673449 0.000000
1648923558219656119 72.515606 0.000000
1648923558389577826 72.455733 0.000000
1648923558462241249 72.392564 0.000000
1648923558607423624 72.456415 0.000000
1648923558653237510 144.574874 0.000000
1648923558654368634 72.440955 0.000000
1648923558725841621 72.356115 0.000000
1648923558817928386 72.362989 0.000000
1648923558943848771 72.415547 0.000000
1648923558969689794 72.321651 0.000000
1648923559015861031 72.420948 0.000000
1648923559114063449 72.361024 0.000000
1648923559114456668 72.376063 0.000000
1648923559114709442 144.634655 0.000000
1648923559233537631 72.373729 0.000000
1648923559258807590 72.402302 0.000000
1648923559259973399 144.989211 0.000000
1648923559304932702 72.396351 0.000000
1648923559378050768 144.510442 0.000000
1648923559404838418 72.473065 0.000000
1648923559523116122 72.412251 0.000000
1648923559549031324 72.877163 0.000000
1648923559595487667 72.445463 0.000000
1648923559595541398 72.423372 0.000000
1648923559614861636 72.477764 0.000000
1648923559693850697 72.459881 0.000000
1648923559740620027 72.716752 0.000000
1648923559911373587 72.502270 0.000000
1648923559984010600 72.625742 0.000000
1648923560056281917 144.688918 0.000000
1648923560101603188 72.428622 0.000000
1648923560128988150 72.510606 0.000000
1648923560273542585 72.409105 0.000000
1648923560563000611 144.649424 0.000000
1648923560563522401 144.616432 0.000000
1648923560564217476 72.654757 0.000000
1648923560702062242 72.441195 0.000000
1648923560707728091 72.369181 0.000000
1648923560708870546 72.329536 0.000000
1648923560754962835 72.407071 0.000000
1648923560853727649 72.419114 0.000000
1648923560889131808 72.367688 0.000000
1648923561034239182 72.444401 0.000000
1648923561106653397 72.408514 0.000000
1648923561281325034 144.748609 0.000000
1648923561288287408 72.372547 0.000000
1648923561288532067 72.400278 0.000000
1648923561433351810 72.349152 0.000000
1648923561504063187 72.399618 0.000000
1648923561504074849 144.607575 0.000000
1648923561576020484 72.433701 0.000000
1648923561577842094 72.366655 0.000000
1648923561650155650 72.309278 0.000000
1648923561696596474 144.626661 0.000000
1648923561721607838 144.492428 0.000000
1648923561866196087 144.583069 0.000000
1648923561866640522 72.375502 0.000000
1648923561903349241 72.343492 0.000000
1648923561933786745 72.473767 0.000000
1648923561975678326 72.322322 0.000000
1648923562120470137 72.406822 0.000000
1648923562227321474 72.390500 0.000000
1648923562296057954 144.884825 0.000000
1648923562299706344 72.378769 0.000000
1648923562374661500 72.392213 0.000000
1648923562421047581 72.689492 0.000000
1648923562445112759 72.355875 0.000000
1648923562447129676 72.465460 0.000000
1648923562482712762 72.784239 0.000000
1648923562517499262 144.702313 0.000000
1648923562638224562 72.409375 0.000000
1648923562710608570 72.338372 0.000000
1648923562809463874 72.461755 0.000000
1648923562880049205 72.386903 0.000000
1648923562881762271 144.717400 0.000000
1648923562917557616 72.510055 0.000000
1648923562927809606 72.333703 0.000000
1648923562999921122 72.319045 0.000000
1648923563026897226 72.588943 0.000000
1648923563289670945 72.402302 0.000000
1648923563290034909 144.935480 0.000000
1648923563352540578 72.498393 0.000000
1648923563459090491 72.394488 0.000000
1648923563651243193 72.340617 0.000000
1648923563818650469 144.609799 0.000000
1648923563893533640 72.411310 0.000000
1648923563896446589 72.511137 0.000000
1648923563965718273 72.396511 0.000000
1648923563969061170 72.701774 0.000000
1648923564086122109 144.615179 0.000000
1648923564086559461 72.638015 0.000000
1648923564114026577 72.428131 0.000000
1648923564254064360 144.600380 0.000000
1648923564255450613 72.461603 0.000000
1648923564327533506 72.339064 0.000000
1648923564376353156 72.389888 0.000000
1648923564398826095 144.633774 0.000000
1648923564617112258 144.609258 0.000000
1648923564664802989 72.452547 0.000000
1648923564665945724 72.519772 0.000000
1648923564666157412 72.476291 0.000000
1648923564689404684 72.355605 0.000000
1648923564882904044 72.403204 0.000000
1648923564905911838 144.626491 0.000000
1648923564979039501 144.595471 0.000000
1648923565055532916 72.307514 0.000000
1648923565124067605 72.366225 0.000000
1648923565172270117 72.352439 0.000000
1648923565195906640 72.591828 0.000000
1648923565200346608 72.325910 0.000000
1648923565268757696 72.349103 0.000000
1648923565317689627 72.424834 0.000000
1648923565340634701 144.585353 0.000000
1648923565345133909 72.418061 0.000000
1648923565389346229 72.290232 0.000000
1648923565486057757 144.609027 0.000000
1648923565605838824 72.451875 0.000000
1648923565630705667 72.607677 0.000000
1648923565921303493 72.555009 0.000000
1648923565968155829 72.372787 0.000000
1648923565993877498 72.570749 0.000000
1648923566138653919 144.656045 0.000000
1648923566403772241 72.546803 0.000000
1648923566427654425 72.415066 0.000000
1648923566501222576 72.825607 0.000000
1648923566575878691 72.307324 0.000000
1648923566620846889 72.399647 0.000000
1648923566793480349 72.663082 0.000000
1648923566793537867 72.750105 0.000000
1648923566938203971 72.609171 0.000000
1648923566938301034 144.769308 0.000000
1648923567010907579 72.390269 0.000000
1648923567155732412 72.390761 0.000000
1648923567224834517 72.456904 0.000000
1648923567228051407 144.509680 0.000000
1648923567369929758 72.468437 0.000000
1648923567445303068 72.423572 0.000000
1648923567489527971 72.434593 0.000000
1648923567562256836 72.635460 0.000000
1648923567706782407 72.437027 0.000000
1648923567731900142 72.342580 0.000000
1648923567779950487 144.800657 0.000000
1648923567996945646 72.418693 0.000000
1648923568021486888 72.468005 0.000000
1648923568141777732 72.431027 0.000000
1648923568214292125 72.437568 0.000000
1648923568286719264 72.421068 0.000000
1648923568286777964 72.353070 0.000000
1648923568287384513 72.436206 0.000000
1648923568359131665 72.350475 0.000000
1648923568432581243 72.326860 0.000000
1648923568456116697 72.482673 0.000000
1648923568577164603 144.580274 0.000000
1648923568673173412 72.480079 0.000000
1648923568939630257 72.477765 0.000000
1648923568962942009 72.451655 0.000000
1648923569011947479 144.721208 0.000000
1648923569035433499 72.484977 0.000000
1648923569252174261 72.470169 0.000000
1648923569300097507 72.483024 0.000000
1648923569300363277 72.396371 0.000000
1648923569301692182 72.432559 0.000000
1648923569518605377 72.450492 0.000000
1648923569589938893 144.843878 0.000000
1648923569590802244 72.288970 0.000000
1648923569590967244 72.357779 0.000000
1648923569759199068 72.374060 0.000000
1648923569879351051 72.301793 0.000000
1648923569904163442 72.569586 0.000000
1648923569952638064 72.349433 0.000000
1648923569977042770 72.440834 0.000000
1648923570121744962 144.619887 0.000000
1648923570169983552 72.432590 0.000000
1648923570193373882 72.376093 0.000000
1648923570266106264 72.486290 0.000000
1648923570313181169 72.608910 0.000000
1648923570314740847 72.384839 0.000000
1648923570459037448 144.534407 0.000000
1648923570483273165 72.371033 0.000000
1648923570483644513 144.694307 0.000000
1648923570627818904 72.416289 0.000000
1648923570675744766 72.464309 0.000000
1648923570676016386 144.611292 0.000000
1648923570700538422 72.497251 0.000000
1648923570700813027 72.374259 0.000000
1648923570844853828 72.385871 0.000000
1648923570892364951 144.583860 0.000000
1648923570964954765 144.522304 0.000000
1648923570965405842 72.436386 0.000000
1648923571183187118 144.787193 0.000000
1648923571279859592 72.486600 0.000000
1648923571280222804 72.641130 0.000000
1648923571352364927 72.407883 0.000000
1648923571424740820 72.372777 0.000000
1648923571424921619 145.132850 0.000000
1648923571425001940 72.673661 0.000000
1648923571544599092 72.388957 0.000000
1648923571569766530 72.373348 0.000000
1648923571617749850 72.387184 0.000000
1648923571689698650 72.421828 0.000000
1648923571714068160 144.629065 0.000000
1648923571833804342 144.874616 0.000000
1648923571835090347 72.321461 0.000000
1648923571907153382 72.388256 0.000000
1648923571979725292 72.353530 0.000000
1648923572124166064 72.414786 0.000000
1648923572148390922 72.383077 0.000000
1648923572221443475 72.359161 0.000000
1648923572293235140 72.456393 0.000000
1648923572510326049 144.709406 0.000000
1648923572510407632 72.355906 0.000000
1648923572510533890 72.450464 0.000000
1648923572582997476 72.461102 0.000000
1648923572583777922 72.370813 0.000000
1648923572631790206 72.497822 0.000000
1648923572727763168 72.324977 0.000000
1648923573090362813 72.580758 0.000000
1648923573162490308 144.914972 0.000000
1648923573162800791 72.434331 0.000000
1648923573283791540 72.495738 0.000000
1648923573307471394 72.396982 0.000000
1648923573307999676 72.525954 0.000000
1648923573453251911 72.594244 0.000000
1648923573524773209 72.459960 0.000000
1648923573525255004 144.608868 0.000000
1648923573596911895 144.611401 0.000000
1648923573742282923 72.391250 0.000000
1648923573790677636 72.389217 0.000000
1648923573862743506 144.554063 0.000000
1648923573886443729 72.418132 0.000000
1648923574032571108 144.547984 0.000000
1648923574104061817 144.596373 0.000000
1648923574104603685 72.471381 0.000000
1648923574151857856 72.379390 0.000000
1648923574176102480 72.339203 0.000000
1648923574177292985 72.359471 0.000000
1648923574224636584 72.381122 0.000000
1648923574322101107 72.504925 0.000000
1648923574393216863 144.599759 0.000000
1648923574465995702 72.380441 0.000000
1648923574466281328 144.570394 0.000000
1648923574466660300 72.433992 0.000000
1648923574538345856 72.342941 0.000000
1648923574586250147 144.731227 0.000000
1648923574731125996 72.412091 0.000000
1648923574803773047 72.644186 0.000000
1648923574900008732 72.481160 0.000000
1648923574900125381 144.659301 0.000000
1648923574900382604 144.497388 0.000000
1648923574973302418 72.468687 0.000000
1648923574973361208 144.674540 0.000000
1648923574973416943 72.291574 0.000000
1648923575046099491 72.691766 0.000000
1648923575189971574 72.323964 0.000000
1648923575335546975 72.291614 0.000000
1648923575408018939 72.468868 0.000000
1648923575455290623 72.387806 0.000000
1648923575480540254 72.402582 0.000000
1648923575600439693 72.396371 0.000000
1648923575624464135 144.983230 0.000000
1648923575624465928 72.483584 0.000000
1648923575696776648 144.625788 0.000000
1648923575769413470 72.540762 0.000000
1648923575769607465 72.511046 0.000000
1648923575817201874 72.349703 0.000000
1648923575914146330 144.601603 0.000000
1648923575914618717 72.377726 0.000000
1648923576034635396 144.609698 0.000000
1648923576131315355 144.634124 0.000000
1648923576132309432 72.312885 0.000000
1648923576179151098 72.552645 0.000000
1648923576324213305 144.621560 0.000000
1648923576349097802 72.632234 0.000000
1648923576396194947 144.713592 0.000000
1648923576613330950 72.360603 0.000000
1648923576686299656 144.616611 0.000000
1648923576711184002 72.680464 0.000000
1648923576831552923 72.340747 0.000000
1648923576975387505 144.589269 0.000000
1648923576976017027 72.313514 0.000000
1648923577001667472 72.428952 0.000000
1648923577146705183 72.577942 0.000000
1648923577291551446 72.366736 0.000000
1648923577555362242 72.468036 0.000000
1648923577580339432 144.540989 0.000000
1648923577580465900 144.617603 0.000000
1648923577699598398 72.349793 0.000000
1648923577726003019 72.375300 0.000000
1648923577771786969 72.275384 0.000000
1648923577797639914 72.438861 0.000000
1648923577870792144 144.786460 0.000000
1648923577871092307 72.622476 0.000000
1648923577942355210 72.402382 0.000000
1648923578014412123 72.458488 0.000000
1648923578061420082 72.497831 0.000000
1648923578086960330 144.559033 0.000000
1648923578207011303 72.367116 0.000000
1648923578305809971 72.475891 0.000000
1648923578376788459 72.531654 0.000000
1648923578522621795 144.526763 0.000000
1648923578569152206 72.457576 0.000000
1648923578666558960 72.377766 0.000000
1648923578667011720 144.723822 0.000000
1648923578667717736 144.698716 0.000000
1648923578740141318 72.421468 0.000000
1648923578740297841 72.360192 0.000000
1648923578884679432 144.927235 0.000000
1648923578955733161 72.470830 0.000000
1648923578957449313 72.420896 0.000000
1648923579028496050 72.453087 0.000000
1648923579175041683 72.448559 0.000000
1648923579390378748 144.643391 0.000000
1648923579391705950 144.561528 0.000000
1648923579392306618 72.424844 0.000000
1648923579463883360 144.631639 0.000000
1648923579464897023 72.922178 0.000000
1648923579536998521 145.077998 0.000000
1648923579605557616 72.371755 0.000000
1648923579608436762 144.550518 0.000000
1648923579680490540 72.477343 0.000000
1648923579681988192 144.595170 0.000000
1648923579790435337 72.351758 0.000000
1648923579935192130 72.363808 0.000000
1648923579971570679 72.450042 0.000000
1648923580042477594 72.322523 0.000000
1648923580114638362 72.393265 0.000000
1648923580187199342 144.720576 0.000000
1648923580261073147 72.420486 0.000000
1648923580332056856 72.493093 0.000000
1648923580333599673 72.449581 0.000000
1648923580442063689 72.500046 0.000000
1648923580622524926 72.439652 0.000000
1648923580836940921 72.587800 0.000000
1648923580836984283 72.620432 0.000000
1648923580949161952 72.398976 0.000000
1648923580981414624 72.375642 0.000000
1648923581055777587 72.423271 0.000000
1648923581057060005 72.514382 0.000000
1648923581129312336 144.771762 0.000000
1648923581129578526 72.396952 0.000000
1648923581166565898 72.562222 0.000000
1648923581270679194 72.423100 0.000000
1648923581274336532 72.367406 0.000000
1648923581415361789 72.404345 0.000000
1648923581487825386 72.453969 0.000000
1648923581528567258 72.438660 0.000000
1648923581632852708 72.334574 0.000000
1648923581636577923 72.489035 0.000000
1648923581636725390 72.518861 0.000000
1648923581704542372 144.577308 0.000000
1648923581708597126 72.401611 0.000000
1648923581779296761 144.478662 0.000000
1648923581853789538 72.355073 0.000000
1648923581854135698 72.667670 0.000000
1648923581923971601 72.348632 0.000000
1648923581925957571 144.657398 0.000000
1648923582068788107 72.406430 0.000000
1648923582412861824 72.480639 0.000000
1648923582506179480 144.665082 0.000000
1648923582575173172 144.672798 0.000000
1648923582722388371 72.383056 0.000000
1648923582722419119 72.424714 0.000000
1648923582774658822 72.461513 0.000000
1648923582904806894 72.474819 0.000000
1648923583012848918 72.407502 0.000000
1648923583064802483 72.366625 0.000000
1648923583085691086 144.700609 0.000000
1648923583137772550 72.787845 0.000000
1648923583374729221 72.522307 0.000000
1648923583427154952 72.465911 0.000000
1648923583446933571 144.696430 0.000000
1648923583592852116 72.328663 0.000000
1648923583810021542 72.413844 0.000000
1648923583846779504 72.385150 0.000000
1648923583991656984 144.874845 0.000000
1648923583991737506 72.414065 0.000000
1648923584171600900 72.304728 0.000000
1648923584223940329 72.444672 0.000000
1648923584244043117 72.274762 0.000000
1648923584296363170 72.413313 0.000000
1648923584316350640 72.302405 0.000000
1648923584388677160 72.318776 0.000000
1648923584460706432 144.646838 0.000000
1648923584498808647 72.387494 0.000000
1648923584533469922 72.483233 0.000000
1648923584643700815 72.447646 0.000000
1648923584676971348 144.610890 0.000000
1648923584678525857 72.735868 0.000000
1648923584875662717 145.096001 0.000000
1648923584948319898 72.551853 0.000000
1648923585021018025 72.539550 0.000000
1648923585078611580 72.541333 0.000000
1648923585093514554 144.738479 0.000000
1648923585111087902 72.304709 0.000000
1648923585184661383 72.305971 0.000000
1648923585184909268 72.352218 0.000000
1648923585329480153 72.270254 0.000000
1648923585401723526 72.359731 0.000000
1648923585512800138 72.395709 0.000000
1648923585512919873 72.480318 0.000000
1648923585730303140 72.435093 0.000000
1648923585802688701 72.472374 0.000000
1648923585817502717 72.465030 0.000000
1648923585875658788 72.774331 0.000000
1648923585907089636 72.330076 0.000000
1648923585980371280 144.605370 0.000000
1648923586165219394 72.405137 0.000000
1648923586396775323 144.724512 0.000000
1648923586558436249 72.448298 0.000000
1648923586559426478 72.360473 0.000000
1648923586599670415 72.383676 0.000000
1648923586741927295 144.899712 0.000000
1648923586759530149 72.753001 0.000000
1648923586847961789 72.445773 0.000000
1648923586848852482 72.414655 0.000000
1648923586920803807 72.839082 0.000000
1648923586962219985 72.510214 0.000000
1648923587016371867 72.586428 0.000000
1648923587065979016 72.419584 0.000000
1648923587106548294 72.311461 0.000000
1648923587121175320 144.591914 0.000000
1648923587396135230 72.368188 0.000000
1648923587410920492 72.336448 0.000000
1648923587483264575 72.338312 0.000000
1648923587611207306 72.427409 0.000000
1648923587613950086 72.419705 0.000000
1648923587683552361 72.340266 0.000000
1648923587686374340 72.420567 0.000000
1648923587715857361 144.643561 0.000000
1648923587811737066 144.684217 0.000000
1648923587933067583 72.485097 0.000000
1648923588005433005 72.359551 0.000000
1648923588006216797 72.382735 0.000000
1648923588078786513 72.462425 0.000000
1648923588246392632 72.497351 0.000000
1648923588351079014 72.353820 0.000000
1648923588423529937 72.422370 0.000000
1648923588584687226 72.404816 0.000000
1648923588680557164 72.360334 0.000000
1648923588986070115 72.327923 0.000000
1648923589027342232 144.614788 0.000000
1648923589259689588 72.381383 0.000000
1648923589292302906 72.925844 0.000000
1648923589333164803 72.333972 0.000000
1648923589405092714 144.521352 0.000000
1648923589420823904 72.387865 0.000000
1648923589509394415 144.633162 0.000000
1648923589622237313 72.350394 0.000000
1648923589814962298 72.508301 0.000000
1648923589887061020 72.368879 0.000000
1648923589959535848 72.463637 0.000000
1648923589983517268 72.441796 0.000000
1648923590032226902 72.439892 0.000000
1648923590056071635 72.538647 0.000000
1648923590144693994 72.356105 0.000000
1648923590160802271 72.337220 0.000000
1648923590201435950 144.647488 0.000000
1648923590274224457 72.737701 0.000000
1648923590434378803 72.482943 0.000000
1648923590563960893 72.524351 0.000000
1648923590595617636 72.351396 0.000000
1648923590668075021 72.454219 0.000000
1648923590796290524 72.397784 0.000000
1648923590828768049 144.714685 0.000000
1648923590957764188 72.379508 0.000000
1648923591118550751 72.438099 0.000000
1648923591288153960 144.688205 0.000000
1648923591288323107 144.852543 0.000000
1648923591360619761 144.649542 0.000000
1648923591564917486 72.384258 0.000000
1648923591633585637 72.385641 0.000000
1648923591782302415 72.323493 0.000000
1648923591826799779 72.349682 0.000000
1648923591899629363 72.390851 0.000000
1648923591939815823 72.434703 0.000000
1648923592068225411 72.459319 0.000000
1648923592100543726 72.414835 0.000000
1648923592144082821 72.454551 0.000000
1648923592157365201 144.645665 0.000000
1648923592262531023 72.610232 0.000000
1648923592335028154 72.488244 0.000000
1648923592360963593 72.423221 0.000000
1648923592390755595 72.601406 0.000000
1648923592591954931 72.375231 0.000000
1648923592712409132 72.405859 0.000000
1648923592809412708 72.427709 0.000000
1648923592868023723 72.439010 0.000000
1648923592940393013 72.363930 0.000000
1648923592953317832 72.426005 0.000000
1648923593081553714 72.315689 0.000000
1648923593315607383 144.577527 0.000000
1648923593315831284 72.453428 0.000000
1648923593516256407 72.380610 0.000000
1648923593665553426 72.720840 0.000000
1648923593694953973 72.489576 0.000000
1648923593751231505 144.823358 0.000000
1648923593767385990 72.450803 0.000000
1648923593806238374 72.599492 0.000000
1648923593822787999 144.535499 0.000000
1648923593870936590 72.413915 0.000000
1648923594023889743 72.425615 0.000000
1648923594027303784 144.440680 0.000000
1648923594088141250 72.317673 0.000000
1648923594096321851 72.430745 0.000000
1648923594201476663 144.674419 0.000000
1648923594377476843 72.528338 0.000000
1648923594562458327 144.624133 0.000000
1648923594602929321 72.486119 0.000000
1648923594722240434 72.391482 0.000000
1648923594794489338 72.509924 0.000000
1648923594822893233 144.588648 0.000000
1648923594996712037 72.342499 0.000000
1648923594997097981 72.402943 0.000000
1648923595053293211 72.837669 0.000000
1648923595109747346 72.540491 0.000000
1648923595113509370 72.346707 0.000000
1648923595141434427 72.384690 0.000000
1648923595141833486 72.411470 0.000000
1648923595156241770 72.402884 0.000000
1648923595156505135 72.407562 0.000000
1648923595254750553 72.553436 0.000000
1648923595300920407 72.354051 0.000000
1648923595327045051 144.790236 0.000000
1648923595327238535 72.504223 0.000000
1648923595503841126 72.334013 0.000000
1648923595534722593 144.704936 0.000000
1648923595752585409 72.321410 0.000000
1648923595937898277 72.467815 0.000000
1648923595969485368 144.578559 0.000000
1648923596025340619 72.443539 0.000000
1648923596113904098 72.531635 0.000000
1648923596186774928 72.314206 0.000000
1648923596198953687 72.443489 0.000000
1648923596211257250 144.486857 0.000000
1648923596271086893 144.585452 0.000000
1648923596331489943 144.840230 0.000000
1648923596331620909 72.542664 0.000000
1648923596343533228 72.313165 0.000000
1648923596416075152 144.858244 0.000000
1648923596501413403 72.522046 0.000000
1648923596532680465 144.601281 0.000000
1648923596822092641 72.457806 0.000000
1648923596850076757 72.449470 0.000000
1648923597281226147 72.410126 0.000000
1648923597416815227 72.463527 0.000000
1648923597429364340 72.408103 0.000000
1648923597498359965 72.406800 0.000000
1648923597731455725 72.435875 0.000000
1648923597819628589 72.415266 0.000000
1648923597835731526 144.557459 0.000000
1648923597851306151 72.390220 0.000000
1648923597863740780 72.429844 0.000000
1648923597996778628 72.397262 0.000000
1648923598212898813 72.459179 0.000000
1648923598297286048 72.427197 0.000000
1648923598297427955 144.587486 0.000000
1648923598357608998 144.610177 0.000000
1648923598502702454 72.490527 0.000000
1648923598502804375 72.415105 0.000000
1648923598502899634 72.335536 0.000000
1648923598514747862 144.540848 0.000000
1648923598600229653 72.401010 0.000000
1648923598729809689 72.463987 0.000000
1648923598802409601 72.409285 0.000000
1648923598833189548 72.402262 0.000000
1648923598876801219 72.426327 0.000000
1648923599066494430 72.432709 0.000000
1648923599323281916 72.464097 0.000000
1648923599323600935 144.623523 0.000000
1648923599372233353 72.422099 0.000000
1648923599395738430 72.333352 0.000000
1648923599468480188 72.423201 0.000000
1648923599573705983 72.423652 0.000000
1648923599589592384 144.609557 0.000000
1648923599598954554 72.508431 0.000000
1648923599888545626 72.426327 0.000000
1648923600023776742 72.408994 0.000000
1648923600251364270 72.299359 0.000000
1648923600265523977 72.432910 0.000000
1648923600323086845 72.458908 0.000000
1648923600323889853 72.464088 0.000000
1648923600467797582 144.729021 0.000000
1648923600659948809 72.326951 0.000000
1648923600684945105 144.632831 0.000000
1648923600732277471 72.447555 0.000000
1648923600902660334 72.449741 0.000000
1648923600966078074 72.502689 0.000000
1648923600975047737 72.412982 0.000000
1648923601119688192 72.422009 0.000000
1648923601167148439 72.548476 0.000000
1648923601183248220 72.431396 0.000000
1648923601183302562 72.514763 0.000000
1648923601256246210 144.777561 0.000000
1648923601367817660 72.376552 0.000000
1648923601400544002 72.391872 0.000000
1648923601456750111 72.355944 0.000000
1648923601569474266 72.400318 0.000000
1648923601690173136 72.487873 0.000000
1648923601771112067 72.568564 0.000000
1648923601786768575 72.415356 0.000000
1648923601843958141 72.439312 0.000000
1648923601859187277 72.414634 0.000000
1648923601874532020 72.383386 0.000000
1648923601915622307 144.517805 0.000000
1648923602019069422 144.530138 0.000000
1648923602205216675 72.347248 0.000000
1648923602495341890 72.304629 0.000000
1648923602510478312 72.384808 0.000000
1648923602558719786 72.364500 0.000000
1648923602687483539 72.423642 0.000000
1648923602712438728 72.261758 0.000000
1648923602784308028 72.359701 0.000000
1648923602784933753 72.375651 0.000000
1648923602831874606 144.614426 0.000000
1648923602960438663 72.632674 0.000000
1648923602993194841 72.428542 0.000000
1648923603105065943 72.360272 0.000000
1648923603290302587 72.271386 0.000000
1648923603322636210 72.425154 0.000000
1648923603354744771 144.486846 0.000000
1648923603426970751 72.439511 0.000000
1648923603435071573 72.359391 0.000000
1648923603499572317 72.379759 0.000000
1648923603684721366 72.357798 0.000000
1648923603846032434 72.342119 0.000000
1648923603861489417 72.357046 0.000000
1648923603933891458 72.499193 0.000000
1648923604006292027 72.397463 0.000000
1648923604046586579 72.303757 0.000000
1648923604118981827 72.385129 0.000000
1648923604159387537 72.370962 0.000000
1648923604159517702 72.482683 0.000000
1648923604160648475 72.400027 0.000000
1648923604231761517 144.736366 0.000000
1648923604367928730 144.577617 0.000000
1648923604376010927 72.375011 0.000000
1648923604424972042 144.583568 0.000000
1648923604450171760 72.361204 0.000000
1648923604520865283 72.453397 0.000000
1648923604593096353 72.413773 0.000000
1648923604625696978 72.437047 0.000000
1648923604770579848 72.442958 0.000000
1648923604875195697 72.866062 0.000000
1648923604915308378 72.380871 0.000000
1648923604955508532 72.516977 0.000000
1648923605020146034 144.454907 0.000000
1648923605172205691 72.407582 0.000000
1648923605236652092 72.447886 0.000000
1648923605236824115 72.590523 0.000000
1648923605309616950 72.644807 0.000000
1648923605349799522 72.406830 0.000000
1648923605381977574 72.358089 0.000000
1648923605526347661 72.420856 0.000000
1648923605671753552 72.514182 0.000000
1648923605824114254 72.516476 0.000000
1648923605888365439 72.372937 0.000000
1648923605896292414 72.330216 0.000000
1648923605960828976 72.422690 0.000000
1648923605968735572 72.361474 0.000000
1648923606033686782 144.681050 0.000000
1648923606040633768 72.289501 0.000000
1648923606041145579 72.341108 0.000000
1648923606113629482 72.414013 0.000000
1648923606178473893 144.522895 0.000000
1648923606235168590 72.345606 0.000000
1648923606250341089 144.635716 0.000000
1648923606436296903 72.377825 0.000000
1648923606509022261 72.715770 0.000000
1648923606548313519 72.592739 0.000000
1648923606838524816 72.591517 0.000000
1648923606983345519 72.361886 0.000000
1648923607120229408 72.413862 0.000000
1648923607265569506 72.670414 0.000000
1648923607345349021 72.477363 0.000000
1648923607417955204 72.488472 0.000000
1648923607418303799 72.442506 0.000000
1648923607538240787 144.624144 0.000000
1648923607556125069 72.563724 0.000000
1648923607610471046 144.590941 0.000000
1648923607780545299 72.404537 0.000000
1648923607846013619 72.443099 0.000000
1648923607852772000 72.484735 0.000000
1648923607991006907 72.396331 0.000000
1648923608175129808 144.864175 0.000000
1648923608247600839 72.453047 0.000000
1648923608280262569 72.343571 0.000000
1648923608359975397 72.576518 0.000000
1648923608407170165 144.607884 0.000000
1648923608552062463 72.365483 0.000000
1648923608570361604 72.395579 0.000000
1648923608576590931 72.333873 0.000000
1648923608649361904 72.474987 0.000000
1648923608714967213 144.629514 0.000000
1648923608794336707 72.591096 0.000000
1648923608972679575 72.459789 0.000000
1648923609077238238 72.371934 0.000000
1648923609083782867 72.474496 0.000000
1648923609228444981 72.322131 0.000000
1648923609262055122 144.576314 0.000000
1648923609373266225 72.351846 0.000000
1648923609445722228 72.387414 0.000000
1648923609512009757 72.379348 0.000000
1648923609552188773 72.439152 0.000000
1648923609697304770 72.496248 0.000000
1648923609734319383 72.308225 0.000000
1648923609734804694 72.348129 0.000000
1648923609807202968 144.521100 0.000000
1648923609914553202 72.411639 0.000000
1648923610059744501 72.650147 0.000000
1648923610090988348 72.349151 0.000000
1648923610240686519 72.385249 0.000000
1648923610242246248 72.369921 0.000000
1648923610314181302 72.371984 0.000000
1648923610349275610 72.606024 0.000000
1648923610458948925 72.446113 0.000000
1648923610525386567 72.382755 0.000000
1648923610602481239 144.627230 0.000000
1648923610638942012 72.477423 0.000000
1648923610747196715 72.375161 0.000000
1648923610815474451 72.425475 0.000000
1648923611109409710 72.646770 0.000000
1648923611109843083 144.563360 0.000000
1648923611177905967 72.885579 0.000000
1648923611250358031 72.395638 0.000000
1648923611467791691 72.424372 0.000000
1648923611471323543 72.399204 0.000000
1648923611472906525 72.386120 0.000000
1648923611830346869 72.379007 0.000000
1648923611834948008 72.482872 0.000000
1648923611870120783 144.478771 0.000000
1648923611942711869 72.360242 0.000000
1648923611975464049 72.397163 0.000000
1648923611979644088 72.362236 0.000000
1648923612014950643 72.403954 0.000000
1648923612123005020 72.553466 0.000000
1648923612124323165 72.327211 0.000000
1648923612267772232 144.649020 0.000000
1648923612340432257 72.553094 0.000000
1648923612411101324 72.754333 0.000000
1648923612557657866 72.506156 0.000000
1648923612558364914 144.519608 0.000000
1648923612628132497 144.625797 0.000000
1648923612628651642 72.441164 0.000000
1648923612630106023 72.404385 0.000000
1648923612703184775 144.548161 0.000000
1648923612774448298 72.368137 0.000000
1648923612775908730 72.439070 0.000000
1648923612846773966 72.319897 0.000000
1648923612848312986 72.401290 0.000000
1648923612920181674 144.573808 0.000000
1648923612991119425 72.408573 0.000000
1648923612992520767 72.332751 0.000000
1648923613063407753 144.771701 0.000000
1648923613137159429 72.303727 0.000000
1648923613208760976 72.680773 0.000000
1648923613499329313 144.725565 0.000000
1648923613499596554 72.493393 0.000000
1648923613716610586 72.375541 0.000000
1648923613788602527 144.627320 0.000000
1648923613789357865 72.507218 0.000000
1648923613934336364 72.614009 0.000000
1648923614006995107 72.509332 0.000000
1648923614078189800 72.439091 0.000000
1648923614223578820 72.385940 0.000000
1648923614278789741 144.564982 0.000000
1648923614440060943 144.558841 0.000000
1648923614513426243 72.356616 0.000000
1648923614730488044 72.456783 0.000000
1648923614731279230 72.380280 0.000000
1648923614770210702 72.379238 0.000000
1648923614948330231 72.464288 0.000000
1648923615020652893 144.706929 0.000000
1648923615021119970 72.451804 0.000000
1648923615454868869 72.375962 0.000000
1648923615526994211 72.579655 0.000000
1648923615527444987 72.309177 0.000000
1648923615528545975 72.476993 0.000000
1648923615528590969 72.398625 0.000000
1648923615566124736 72.343001 0.000000
1648923615672256321 72.442327 0.000000
1648923615727055449 72.396771 0.000000
1648923615744882102 72.456773 0.000000
1648923615816699766 72.331869 0.000000
1648923615817475483 72.421187 0.000000
1648923615871647653 72.289991 0.000000
1648923615944093696 72.395879 0.000000
1648923616035035399 72.474999 0.000000
1648923616035070065 72.478225 0.000000
1648923616035129707 72.445934 0.000000
1648923616107853882 72.351486 0.000000
1648923616178652863 72.513189 0.000000
1648923616288608909 144.510200 0.000000
1648923616325225785 72.487641 0.000000
1648923616396178084 72.481630 0.000000
1648923616540628221 144.731106 0.000000
1648923616595527326 144.554613 0.000000
1648923616685619975 72.333312 0.000000
1648923616885914321 72.494764 0.000000
1648923616976127016 72.383866 0.000000
1648923617012283999 72.494014 0.000000
1648923617102526999 144.718962 0.000000
1648923617229416643 72.399045 0.000000
1648923617264738097 72.458087 0.000000
1648923617265433162 144.690308 0.000000
1648923617392603912 144.725594 0.000000
1648923617555460913 144.672955 0.000000
1648923617627642940 144.464714 0.000000
1648923617843381677 72.380740 0.000000
1648923617844553998 72.342379 0.000000
1648923617845744163 72.312382 0.000000
1648923617918208170 72.381181 0.000000
1648923617971606167 144.650543 0.000000
1648923617988507202 72.458747 0.000000
1648923618026674670 72.439201 0.000000
1648923618061227530 72.332090 0.000000
1648923618134261979 144.572166 0.000000
1648923618135310898 144.594087 0.000000
1648923618261631182 72.381382 0.000000
1648923618278927740 144.659219 0.000000
1648923618301008812 144.686731 0.000000
1648923618317590910 72.387815 0.000000
1648923618351221268 72.334685 0.000000
1648923618351349949 72.419924 0.000000
1648923618352577234 72.401099 0.000000
1648923618423671158 72.444620 0.000000
1648923618607273692 72.306872 0.000000
1648923618623396466 72.399135 0.000000
1648923618678966160 144.588807 0.000000
1648923618713237422 72.480158 0.000000
1648923618751480872 144.686030 0.000000
1648923618752084075 72.348380 0.000000
1648923618786951777 72.423821 0.000000
1648923618824194338 72.703587 0.000000
1648923618857856777 72.357707 0.000000
1648923618969170212 72.440162 0.000000
1648923619075072206 72.529821 0.000000
1648923619242051387 144.787741 0.000000
1648923619257973564 72.365482 0.000000
1648923619275524229 72.481900 0.000000
1648923619292012559 72.471700 0.000000
1648923619364367932 72.364299 0.000000
1648923619527656162 72.391381 0.000000
1648923619676045215 144.766280 0.000000
1648923619676412544 72.466381 0.000000
1648923619748962112 72.542053 0.000000
1648923619943156585 144.506352 0.000000
1648923619945242271 72.294028 0.000000
1648923620037510055 72.357027 0.000000
1648923620106746030 72.385239 0.000000
1648923620182565729 144.616459 0.000000
1648923620198535415 72.386781 0.000000
1648923620327574884 72.433870 0.000000
1648923620328041110 72.394617 0.000000
1648923620400528631 72.483865 0.000000
1648923620415698506 72.444089 0.000000
1648923620432923089 72.376933 0.000000
1648923620488845475 72.400669 0.000000
1648923620524115743 72.368197 0.000000
1648923620595393152 72.386732 0.000000
1648923620633745978 144.812307 0.000000
1648923620667781837 72.387333 0.000000
1648923620706214624 72.384608 0.000000
1648923620738766346 72.438058 0.000000
1648923620810816637 72.446194 0.000000
1648923620834484278 72.328442 0.000000
1648923620834720301 72.495846 0.000000
1648923620922129130 72.400258 0.000000
1648923621047684768 72.486769 0.000000
1648923621084358021 72.404355 0.000000
1648923621156828149 72.437517 0.000000
1648923621285119735 72.366924 0.000000
1648923621414306651 72.342780 0.000000
1648923621554542324 72.313975 0.000000
1648923621574064973 72.289480 0.000000
1648923621775354678 72.298827 0.000000
1648923621935647222 72.292996 0.000000
1648923621988853258 72.413933 0.000000
1648923621992317613 72.346597 0.000000
1648923622206174837 72.426557 0.000000
1648923622209354738 72.306291 0.000000
1648923622330228605 72.414674 0.000000
1648923622442350869 72.499083 0.000000
1648923622571506126 72.386342 0.000000
1648923622731983598 72.372636 0.000000
1648923622837507762 72.342789 0.000000
1648923622839805306 144.599398 0.000000
1648923622949150937 72.538276 0.000000
1648923622983847227 72.413662 0.000000
1648923623002357885 144.561166 0.000000
1648923623077796417 72.281614 0.000000
1648923623127120544 144.538523 0.000000
1648923623238365270 72.377695 0.000000
1648923623368467375 72.405908 0.000000
1648923623488323451 72.342408 0.000000
1648923623491344423 72.363508 0.000000
1648923623818143680 72.577490 0.000000
1648923623853161384 72.377014 0.000000
1648923624035230478 72.421678 0.000000
1648923624035349662 72.549979 0.000000
1648923624069757951 72.346707 0.000000
1648923624107706688 72.471972 0.000000
1648923624141593238 144.653590 0.000000
1648923624160485251 72.397221 0.000000
1648923624214514162 72.356985 0.000000
1648923624287443593 144.620065 0.000000
1648923624382826786 147.192987 0.000000
1648923624469906817 72.342939 0.000000
1648923624469987349 72.439141 0.000000
1648923624542337732 72.346336 0.000000
1648923624740925985 72.296643 0.000000
1648923624982044097 72.928899 0.000000
1648923624982262407 72.922056 0.000000
1648923625142038462 80.654015 0.000000
1648923625142067647 80.676437 0.000000
1648923625221609413 79.126266 0.000000
1648923625297807763 75.892025 0.000000
1648923625297827901 155.361546 0.000000
1648923625457027211 158.849834 0.000000
1648923625529809046 144.689196 0.000000
1648923625603323635 72.343300 0.000000
1648923625675738258 72.512308 0.000000
1648923625820422024 72.388074 0.000000
1648923625888209099 144.531298 0.000000
1648923625888351096 72.371774 0.000000
1648923625964616450 144.834860 0.000000
1648923625965386096 72.386361 0.000000
1648923626110220443 72.550839 0.000000
1648923626182767727 72.543957 0.000000
1648923626327760362 72.429251 0.000000
1648923626398169500 72.328101 0.000000
1648923626399567395 144.508134 0.000000
1648923626833075691 72.530672 0.000000
1648923626833495900 144.931750 0.000000
1648923626979500125 144.604977 0.000000
1648923627119989985 72.454720 0.000000
1648923627123675816 72.432297 0.000000
1648923627196375195 72.339112 0.000000
1648923627413722923 72.384036 0.000000
1648923627414997967 72.507688 0.000000
1648923627486126306 72.462715 0.000000
1648923627558317721 144.944475 0.000000
1648923627632086949 72.428060 0.000000
1648923627703872221 144.810423 0.000000
1648923627848991504 72.621062 0.000000
1648923627920436908 144.600950 0.000000
1648923628065073565 72.421778 0.000000
1648923628137183437 72.421186 0.000000
1648923628210384387 144.618142 0.000000
1648923628283500519 72.441174 0.000000
1648923628567698612 144.658297 0.000000
1648923628567869363 72.400467 0.000000
1648923628643791443 72.413131 0.000000
1648923628645624826 72.512508 0.000000
1648923628712268584 144.565754 0.000000
1648923628714606173 72.473856 0.000000
1648923628790260580 72.361134 0.000000
1648923628790316345 72.387563 0.000000
1648923628862632575 72.405848 0.000000
1648923628935153248 144.756301 0.000000
1648923629005556857 72.380340 0.000000
1648923629080139211 72.406508 0.000000
1648923629224660210 72.367406 0.000000
1648923629368580973 72.438599 0.000000
1648923629441094944 72.390620 0.000000
1648923629508508397 144.691350 0.000000
1648923629587417736 72.457074 0.000000
1648923629655113399 72.390208 0.000000
1648923629659189733 72.414073 0.000000
1648923629731321787 144.627249 0.000000
1648923629732047740 144.625505 0.000000
1648923629798203262 72.457135 0.000000
1648923629801856031 144.641386 0.000000
1648923629947716895 72.707323 0.000000
1648923629948763010 72.406038 0.000000
1648923630021196770 72.446164 0.000000
1648923630093390880 72.435673 0.000000
1648923630164788575 144.753627 0.000000
1648923630166220824 72.335075 0.000000
1648923630377369261 72.443087 0.000000
1648923630377458208 72.394135 0.000000
1648923630378811118 72.402290 0.000000
1648923630382053967 144.621388 0.000000
1648923630382113689 72.302232 0.000000
1648923630522130712 144.615187 0.000000
1648923630526522969 72.388415 0.000000
1648923630594320263 144.560403 0.000000
1648923630599312298 72.411489 0.000000
1648923630600204663 72.362386 0.000000
1648923630740420338 72.329424 0.000000
1648923630743602163 144.494209 0.000000
1648923630744818186 144.656413 0.000000
1648923630744954152 144.595059 0.000000
1648923630812671325 144.493558 0.000000
1648923630817238571 72.281043 0.000000
1648923631028868101 72.481299 0.000000
1648923631105936514 72.481390 0.000000
1648923631173541136 144.540927 0.000000
1648923631174265887 72.300850 0.000000
1648923631179869238 72.373136 0.000000
1648923631249858959 72.332840 0.000000
1648923631318088795 144.541848 0.000000
1648923631407875229 72.325106 0.000000
1648923631468890518 144.518926 0.000000
1648923631480899027 72.332751 0.000000
1648923631757901308 72.440292 0.000000
1648923631757932096 144.591862 0.000000
1648923631768588656 144.452441 0.000000
1648923631778582291 72.371102 0.000000
1648923631831675936 72.389276 0.000000
1648923631902501647 144.564251 0.000000
1648923631915329975 144.512233 0.000000
1648923632048718571 72.444611 0.000000
1648923632121082690 72.378717 0.000000
1648923632205274478 72.347237 0.000000
1648923632284608495 72.381732 0.000000
1648923632491849665 72.362576 0.000000
1648923632573987406 72.360222 0.000000
1648923632669491796 72.764050 0.000000
1648923632706768241 72.351746 0.000000
1648923632851516346 144.557478 0.000000
1648923632974604532 72.491860 0.000000
1648923632996260886 72.345164 0.000000
1648923632996323704 72.331909 0.000000
1648923632999838784 144.634413 0.000000
1648923633289328634 72.485458 0.000000
1648923633289451634 72.363869 0.000000
1648923633336321674 144.612201 0.000000
1648923633358306825 72.319315 0.000000
1648923633430539567 72.322540 0.000000
1648923633478513369 144.526309 0.000000
1648923633506536829 72.383907 0.000000
1648923633534897312 72.339563 0.000000
1648923633648808164 144.544754 0.000000
1648923633726204041 144.657877 0.000000
1648923633747512432 72.526154 0.000000
1648923633793328812 144.517322 0.000000
1648923633795906332 72.389196 0.000000
1648923633875695273 144.742515 0.000000
1648923633942058425 72.283048 0.000000
1648923634001531378 72.289760 0.000000
1648923634036825651 72.422860 0.000000
1648923634092853134 72.383736 0.000000
1648923634159111639 72.310098 0.000000
1648923634186119161 72.329955 0.000000
1648923634226918300 72.517416 0.000000
1648923634253598267 72.333702 0.000000
1648923634347304301 72.485477 0.000000
1648923634403143431 72.413001 0.000000
1648923634444406702 72.403253 0.000000
1648923634492104584 72.374789 0.000000
1648923634664901458 72.372375 0.000000
1648923634725026916 144.456157 0.000000
1648923634733750717 72.413231 0.000000
1648923634878573283 72.293567 0.000000
1648923634977724951 72.391190 0.000000
1648923635014635930 144.692702 0.000000
1648923635095679075 144.835580 0.000000
1648923635096649367 72.269972 0.000000
1648923635199463533 144.571494 0.000000
1648923635317695349 72.339492 0.000000
1648923635530517959 72.429882 0.000000
1648923635611853785 144.519907 0.000000
1648923635612426961 72.381422 0.000000
1648923635679456613 72.419623 0.000000
1648923635684212433 72.354561 0.000000
1648923635739511409 72.406710 0.000000
1648923635811964936 72.444249 0.000000
1648923635851940830 72.417319 0.000000
1648923635892780906 72.414213 0.000000
1648923635916316218 72.473814 0.000000
1648923635965417437 72.577380 0.000000
1648923635991978701 72.487411 0.000000
1648923636331096187 72.384017 0.000000
1648923636400140502 72.429463 0.000000
1648923636403487647 72.386210 0.000000
1648923636405500827 144.618593 0.000000
1648923636551134707 144.559362 0.000000
1648923636625419362 72.461993 0.000000
1648923636643033797 72.472913 0.000000
1648923636762055466 72.408994 0.000000
1648923636765101416 72.311751 0.000000
1648923636839596756 144.522551 0.000000
1648923636906585051 72.445892 0.000000
1648923636984433979 72.362767 0.000000
1648923637021899689 72.458727 0.000000
1648923637051425139 72.420164 0.000000
1648923637059626238 144.688093 0.000000
1648923637364273218 72.430885 0.000000
1648923637421408172 144.556686 0.000000
1648923637775347979 72.340734 0.000000
1648923637985042125 144.727187 0.000000
1648923637996012625 72.346816 0.000000
1648923638000566956 72.431495 0.000000
1648923638015769112 144.544383 0.000000
1648923638137969259 72.363107 0.000000
1648923638140709855 72.331317 0.000000
1648923638282146953 72.401138 0.000000
1648923638428937294 144.498587 0.000000
1648923638507362814 72.585234 0.000000
1648923638667996188 72.455460 0.000000
1648923638865616052 72.378166 0.000000
1648923638937936579 72.315377 0.000000
1648923638941445898 72.498350 0.000000
1648923638975955818 72.317682 0.000000
1648923639120599457 144.547508 0.000000
1648923639153058316 72.443819 0.000000
1648923639392553410 72.359130 0.000000
1648923639442737801 72.379958 0.000000
1648923639587302904 144.739741 0.000000
1648923639611327655 144.585881 0.000000
1648923639665286224 72.363548 0.000000
1648923639804723848 72.354812 0.000000
1648923640013561785 144.647757 0.000000
1648923640045783108 72.460279 0.000000
1648923640116531253 144.651394 0.000000
1648923640166418747 72.436295 0.000000
1648923640167842961 144.480443 0.000000
1648923640230701662 144.559051 0.000000
1648923640240156575 72.310498 0.000000
1648923640312500036 72.338391 0.000000
1648923640528151448 144.735422 0.000000
1648923640602386550 72.445131 0.000000
1648923640622818725 72.343820 0.000000
1648923640695919859 72.408473 0.000000
1648923640747341534 72.402781 0.000000
1648923640822903217 144.488938 0.000000
1648923640892188435 72.381923 0.000000
1648923640964538868 72.347899 0.000000
1648923640985375463 72.311330 0.000000
1648923641040035900 72.373346 0.000000
1648923641105787283 144.498257 0.000000
1648923641178274292 72.379588 0.000000
1648923641276256164 72.426526 0.000000
1648923641395095912 144.503387 0.000000
1648923641397052315 72.401009 0.000000
1648923641492018364 72.396860 0.000000
1648923641615516658 144.591220 0.000000
1648923641684699404 72.348841 0.000000
1648923641751409105 72.403573 0.000000
1648923641829868690 144.548170 0.000000
1648923641855296366 144.536007 0.000000
1648923641905017257 72.418531 0.000000
1648923642000147655 72.521254 0.000000
1648923642118471383 144.576062 0.000000
1648923642185627693 144.593565 0.000000
1648923642185866552 72.446204 0.000000
1648923642289880770 72.413902 0.000000
1648923642483550607 144.520558 0.000000
1648923642552784308 144.618261 0.000000
1648923642700937307 72.511406 0.000000
1648923642848996139 72.433640 0.000000
1648923642868656235 144.540986 0.000000
1648923642910568324 72.963976 0.000000
1648923643138544959 72.541623 0.000000
1648923643208129298 144.673746 0.000000
1648923643272737163 144.465394 0.000000
1648923643349836253 72.312462 0.000000
1648923643446699073 72.376702 0.000000
1648923643494375015 144.535958 0.000000
1648923643569933092 72.438769 0.000000
1648923643635618139 72.571027 0.000000
1648923643663830915 72.402753 0.000000
1648923643715247140 72.479095 0.000000
1648923643717801126 72.336248 0.000000
1648923643881564366 144.612701 0.000000
1648923643925483062 72.607836 0.000000
1648923643932384862 72.367175 0.000000
1648923644145958893 72.317873 0.000000
1648923644290212319 72.355512 0.000000
1648923644294503276 72.419302 0.000000
1648923644297216030 144.603653 0.000000
1648923644432572641 144.583547 0.000000
1648923644505669335 72.401179 0.000000
1648923644511425424 144.592884 0.000000
1648923644533690842 72.397472 0.000000
1648923644583490702 144.594928 0.000000
1648923644584029013 72.370141 0.000000
1648923644724593973 72.336948 0.000000
1648923644732287128 72.503140 0.000000
1648923644795302494 72.409264 0.000000
1648923644945225666 72.329424 0.000000
1648923644968353485 144.503006 0.000000
1648923645014032817 144.499740 0.000000
1648923645022067554 72.486831 0.000000
1648923645085202303 72.533427 0.000000
1648923645094525319 72.476670 0.000000
1648923645158766405 72.307473 0.000000
1648923645185879225 72.376172 0.000000
1648923645230533222 72.326438 0.000000
1648923645302739645 144.534043 0.000000
1648923645307355582 144.536007 0.000000
1648923645375584907 144.556305 0.000000
1648923645379967576 72.396048 0.000000
1648923645402984225 72.364400 0.000000
1648923645511782687 72.479906 0.000000
1648923645524197128 72.359209 0.000000
1648923645524494396 72.399164 0.000000
1648923645814183349 72.317331 0.000000
1648923645945836235 144.614814 0.000000
1648923646017188885 72.351746 0.000000
1648923646019617716 144.709954 0.000000
1648923646091360748 72.344451 0.000000
1648923646164515051 144.586922 0.000000
1648923646243753168 72.396400 0.000000
1648923646271730972 144.502655 0.000000
1648923646452443908 72.403552 0.000000
1648923646465348409 72.348329 0.000000
1648923646526469227 72.432778 0.000000
1648923646596055620 72.331147 0.000000
1648923646598829428 72.331358 0.000000
1648923646750087217 144.476957 0.000000
1648923646815786802 72.342658 0.000000
1648923646850657830 72.443358 0.000000
1648923647002672259 72.388856 0.000000
1648923647049786787 72.383275 0.000000
1648923647111774412 72.320537 0.000000
1648923647174841694 144.627980 0.000000
1648923647261344151 72.384758 0.000000
1648923647430209461 72.280492 0.000000
1648923647647113965 144.473550 0.000000
1648923647647389593 72.369259 0.000000
1648923647681435351 72.386411 0.000000
1648923647683813787 144.603143 0.000000
1648923647719923380 72.455420 0.000000
1648923647829248952 72.322961 0.000000
1648923647871374111 144.607190 0.000000
1648923647939906135 72.348180 0.000000
1648923648009009571 72.337589 0.000000
1648923648057905072 72.518268 0.000000
1648923648188748479 144.498617 0.000000
1648923648229312597 72.489575 0.000000
1648923648297651197 72.450852 0.000000
1648923648425901143 144.571443 0.000000
1648923648515512607 144.560282 0.000000
1648923648519450752 72.404715 0.000000
1648923648694346947 72.342438 0.000000
1648923648697809859 72.485947 0.000000
1648923648735535848 144.529004 0.000000
1648923648859335968 144.567897 0.000000
1648923648876711545 72.555558 0.000000
1648923648956723244 144.560403 0.000000
1648923648984224233 72.401820 0.000000
1648923649059763724 72.376321 0.000000
1648923649077138008 144.719170 0.000000
1648923649077207959 72.289278 0.000000
1648923649132229594 72.462002 0.000000
1648923649171575855 72.516014 0.000000
1648923649201183970 72.337819 0.000000
1648923649276872702 144.593285 0.000000
1648923649455500273 144.661222 0.000000
1648923649494053264 72.330565 0.000000
1648923649528138376 144.606098 0.000000
1648923649564170475 72.389838 0.000000
1648923649566381066 72.344433 0.000000
1648923649674052972 72.447305 0.000000
1648923649711154699 72.378456 0.000000
1648923649817564645 144.485272 0.000000
1648923649852051572 72.338180 0.000000
1648923649855867257 72.359200 0.000000
1648923649962113798 72.425635 0.000000
1648923649966410395 144.547889 0.000000
1648923650162408463 144.557217 0.000000
1648923650324003482 72.432798 0.000000
1648923650542273840 72.455700 0.000000
1648923650649476546 72.387313 0.000000
1648923650814473473 144.658266 0.000000
1648923650908959781 144.605598 0.000000
1648923650959718150 72.515743 0.000000
1648923650976512946 144.624293 0.000000
1648923650977189145 72.335335 0.000000
1648923651126181390 144.692321 0.000000
1648923651342586707 72.391921 0.000000
1648923651628725653 72.383425 0.000000
1648923651628761019 72.442697 0.000000
1648923651633377137 72.406478 0.000000
1648923651850469874 144.689534 0.000000
1648923651996586600 72.367616 0.000000
1648923652024461340 72.425874 0.000000
1648923652118619111 72.419933 0.000000
1648923652135305473 72.382574 0.000000
1648923652141261758 72.368487 0.000000
1648923652243938234 72.374057 0.000000
1648923652458469412 72.333361 0.000000
1648923652480666842 144.755400 0.000000
1648923652674302855 72.445802 0.000000
1648923652697745233 144.601099 0.000000
1648923652714352396 72.361714 0.000000
1648923652862407991 72.422579 0.000000
1648923653004717939 72.494925 0.000000
1648923653294070228 72.566840 0.000000
1648923653470271183 72.388315 0.000000
1648923653566783535 144.598755 0.000000
1648923653583525973 72.372154 0.000000
1648923653586096269 144.537049 0.000000
1648923653658714866 144.626397 0.000000
1648923653658761613 72.356534 0.000000
1648923653687195193 144.534644 0.000000
1648923653730999986 72.435863 0.000000
1648923653875986178 72.430173 0.000000
1648923653950356064 72.671056 0.000000
1648923654165595100 72.453517 0.000000
1648923654218994158 72.466150 0.000000
1648923654291032224 144.718640 0.000000
1648923654310330802 72.407631 0.000000
1648923654312164385 72.351315 0.000000
1648923654363810842 72.387794 0.000000
1648923654382252680 72.442706 0.000000
1648923654382971670 72.634446 0.000000
1648923654383000003 72.662779 0.000000
1648923654384920900 72.355112 0.000000
1648923654454603113 144.613542 0.000000
1648923654483522826 72.402130 0.000000
1648923654508380301 72.370040 0.000000
1648923654508644006 72.508560 0.000000
1648923654527753859 72.432938 0.000000
1648923654529011150 144.544082 0.000000
1648923654555925858 72.396630 0.000000
1648923654653327800 144.937721 0.000000
1648923654673699573 72.398754 0.000000
1648923654798475596 72.462253 0.000000
1648923655030555485 72.390608 0.000000
1648923655033771113 144.509607 0.000000
1648923655034669179 72.403492 0.000000
1648923655305459976 144.554181 0.000000
1648923655378133866 72.670003 0.000000
1648923655537495130 72.391961 0.000000
1648923655569108591 72.387152 0.000000
1648923655832470790 144.555213 0.000000
1648923655858895928 72.368567 0.000000
1648923655885037515 72.409654 0.000000
1648923655931332914 72.434190 0.000000
1648923655957458180 72.332890 0.000000
1648923655976330857 144.645792 0.000000
1648923656044589787 144.606099 0.000000
1648923656075981161 72.518790 0.000000
1648923656076052515 72.342558 0.000000
1648923656099003571 72.619719 0.000000
1648923656121550207 72.703166 0.000000
1648923656266682633 72.533487 0.000000
1648923656391899174 72.533427 0.000000
1648923656494768482 72.349130 0.000000
1648923656510484112 72.499333 0.000000
1648923656533419668 72.477431 0.000000
1648923656629867709 72.325035 0.000000
1648923656805277979 144.581853 0.000000
1648923656805463006 72.393954 0.000000
1648923656808015399 72.412139 0.000000
1648923656839199203 144.562386 0.000000
1648923656841202144 72.520973 0.000000
1648923656856611248 72.443808 0.000000
1648923656913647145 72.387403 0.000000
1648923656967994132 72.767406 0.000000
1648923657184967475 72.541352 0.000000
1648923657208928978 144.573216 0.000000
1648923657347169093 72.504272 0.000000
1648923657379715676 72.380539 0.000000
1648923657385585468 72.402261 0.000000
1648923657420504706 72.662559 0.000000
1648923657530780732 72.393584 0.000000
1648923657602757203 72.368126 0.000000
1648923657637979130 72.406499 0.000000
1648923657675508318 72.422669 0.000000
1648923657779950571 72.456823 0.000000
1648923657836215540 72.483743 0.000000
1648923657855125948 72.377674 0.000000
1648923657860684806 72.401799 0.000000
1648923657908647676 72.497740 0.000000
1648923657927427810 72.430163 0.000000
1648923658069560824 72.451632 0.000000
1648923658077268467 72.333481 0.000000
1648923658109754977 72.471420 0.000000
1648923658125663558 72.324875 0.000000
1648923658198088421 72.498831 0.000000
1648923658213932722 72.367755 0.000000
1648923658289645850 72.488873 0.000000
1648923658439753819 72.806800 0.000000
1648923658584914398 72.775241 0.000000
1648923658690423353 72.319996 0.000000
1648923658729227266 72.369830 0.000000
1648923658761591066 72.350864 0.000000
1648923658777945034 72.435794 0.000000
1648923658881623622 72.618557 0.000000
1648923658947300013 72.547243 0.000000
1648923659019622624 72.376682 0.000000
1648923659067706241 72.499673 0.000000
1648923659138916303 72.398764 0.000000
1648923659211565427 72.643313 0.000000
1648923659284212717 72.644615 0.000000
1648923659304144864 72.473745 0.000000
1648923659304194988 72.513549 0.000000
1648923659414359475 72.412610 0.000000
1648923659428977644 72.344021 0.000000
1648923659811788651 72.502619 0.000000
1648923659983665105 72.422880 0.000000
1648923659983788247 72.490156 0.000000
1648923660174093545 72.417930 0.000000
1648923660174221936 72.520092 0.000000
1648923660185757626 72.433089 0.000000
1648923660210888525 72.367435 0.000000
1648923660249573304 72.357547 0.000000
1648923660321930079 72.353279 0.000000
1648923660501434185 72.342217 0.000000
1648923660517295047 72.357536 0.000000
1648923660547971548 72.402881 0.000000
1648923660589650419 72.350283 0.000000
1648923660681412341 72.386861 0.000000
1648923660755937187 144.645682 0.000000
1648923660863317967 72.408913 0.000000
1648923660900818843 72.408081 0.000000
1648923660910031702 72.364129 0.000000
1648923660949693525 72.793845 0.000000
1648923660970994372 72.354280 0.000000
1648923661189046360 72.520051 0.000000
1648923661189180402 72.656878 0.000000
1648923661311621651 144.672443 0.000000
1648923661344597701 72.366063 0.000000
1648923661358680274 144.633971 0.000000
1648923661384001089 144.566614 0.000000
1648923661514124503 72.370531 0.000000
1648923661551621490 72.901507 0.000000
1648923661803617926 144.720223 0.000000
1648923661840618974 144.603043 0.000000
1648923661840993367 72.491869 0.000000
1648923661913412479 72.788265 0.000000
1648923661914572677 72.323642 0.000000
1648923662021678862 72.419163 0.000000
1648923662038853891 72.396890 0.000000
1648923662094049553 72.365401 0.000000
1648923662276401757 72.384357 0.000000
1648923662347970732 72.429801 0.000000
1648923662653643427 144.664097 0.000000
1648923662855145890 72.477943 0.000000
1648923662890021396 72.364981 0.000000
1648923663109211961 72.488472 0.000000
1648923663143841876 72.365110 0.000000
1648923663144941060 72.357877 0.000000
1648923663182848109 144.528363 0.000000
1648923663216694021 72.469276 0.000000
1648923663217198759 72.417218 0.000000
1648923663362608857 72.299748 0.000000
1648923663399426530 72.306280 0.000000
1648923663705990086 144.656062 0.000000
1648923663746935490 72.385018 0.000000
1648923663747809010 72.301982 0.000000
1648923663759991124 72.347387 0.000000
1648923663796874010 72.336627 0.000000
1648923663939857902 72.425594 0.000000
1648923664036510818 72.404204 0.000000
1648923664037449911 72.278728 0.000000
1648923664121715778 72.360893 0.000000
1648923664157482197 72.379959 0.000000
1648923664254487094 144.586952 0.000000
1648923664254575470 72.254273 0.000000
1648923664285326762 72.405897 0.000000
1648923664302531417 72.575545 0.000000
1648923664325972342 72.440952 0.000000
1648923664326943485 72.451201 0.000000
1648923664326989953 72.431415 0.000000
1648923664592501135 72.545760 0.000000
1648923664616436970 72.387142 0.000000
1648923664616577824 72.483283 0.000000
1648923664737350040 72.356996 0.000000
1648923664882115306 72.411337 0.000000
1648923664906185603 72.509802 0.000000
1648923664937227711 72.498571 0.000000
1648923664978632237 72.491218 0.000000
1648923665122136706 72.388916 0.000000
1648923665187605408 144.513475 0.000000
1648923665207793054 72.365882 0.000000
1648923665243878371 72.295419 0.000000
1648923665280503633 72.777444 0.000000
1648923665299158511 72.419442 0.000000
1648923665299292413 72.566449 0.000000
1648923665339284496 72.366573 0.000000
1648923665339454676 72.389156 0.000000
1648923665484055674 144.616829 0.000000
1648923665485323435 144.504297 0.000000
1648923665701690458 72.570116 0.000000
1648923665702561855 72.348470 0.000000
1648923665787315918 72.351014 0.000000
1648923665860005308 72.383485 0.000000
1648923665895861666 144.746923 0.000000
1648923665895990968 72.532044 0.000000
1648923665896178230 72.490015 0.000000
1648923666077159760 72.593399 0.000000
1648923666077217629 72.461431 0.000000
1648923666149611513 144.795373 0.000000
1648923666345514312 72.557021 0.000000
1648923666417499929 144.563537 0.000000
1648923666511683739 72.431205 0.000000
1648923666531456016 72.428440 0.000000
1648923666548103525 72.534449 0.000000
1648923666716098420 72.427397 0.000000
1648923666729548786 72.816027 0.000000
1648923666851561320 72.329344 0.000000
1648923666874412708 72.428299 0.000000
1648923666893703581 72.355463 0.000000
1648923666946836028 72.421787 0.000000
1648923667019319992 72.449469 0.000000
1648923667054253076 72.372134 0.000000
1648923667068813335 72.557110 0.000000
1648923667164389569 72.613136 0.000000
1648923667199109714 72.305759 0.000000
1648923667199524583 72.376542 0.000000
1648923667309597297 72.738982 0.000000
1648923667309627584 72.804806 0.000000
1648923667344086047 72.467543 0.000000
1648923667358809183 144.718529 0.000000
1648923667545328161 144.661071 0.000000
1648923667672523767 72.460640 0.000000
1648923667850685502 144.821862 0.000000
1648923667889441544 144.527600 0.000000
1648923667889971409 72.307492 0.000000
1648923668011857817 72.637091 0.000000
1648923668140665380 144.727106 0.000000
1648923668301571314 144.823666 0.000000
1648923668324239408 72.372755 0.000000
1648923668455342231 72.468815 0.000000
1648923668501665201 144.583716 0.000000
1648923668527843096 72.472923 0.000000
1648923668719632040 144.583416 0.000000
1648923668864474220 72.345794 0.000000
1648923668976168910 72.519291 0.000000
1648923669194005653 72.515353 0.000000
1648923669298584352 72.403673 0.000000
1648923669316051329 72.735787 0.000000
1648923669387947169 144.652265 0.000000
1648923669469798201 72.450612 0.000000
1648923669515887373 72.355844 0.000000
1648923669572062784 72.447324 0.000000
1648923669678079913 144.741111 0.000000
1648923669733278891 72.351866 0.000000
1648923669831819871 144.614172 0.000000
1648923669832083075 72.475297 0.000000
1648923669904435332 72.383926 0.000000
1648923669976571112 144.513374 0.000000
1648923670136897979 72.737009 0.000000
1648923670369113552 72.400758 0.000000
1648923670408023493 72.394124 0.000000
1648923670472451670 144.609063 0.000000
1648923670625135616 144.622579 0.000000
1648923670674255228 72.379217 0.000000
1648923670746969013 72.623876 0.000000
1648923670763020553 72.311110 0.000000
1648923670788406882 72.420575 0.000000
1648923670834979881 72.338059 0.000000
