1648923522877238964 68.351864 712.057939 709 48 0.000000
1648923523883082701 69.164900 690.962199 695 48 0.000000
1648923524879229159 68.968302 686.645971 684 48 0.000000
1648923525885311403 67.916084 706.701717 711 48 0.000000
1648923526882593223 68.612219 700.905165 699 48 0.000000
1648923527888301945 67.913774 705.969836 710 48 0.000000
1648923528886885247 67.690847 715.012892 714 48 0.000000
1648923529891456795 65.396067 740.614299 744 48 0.000000
1648923530889348749 63.549425 741.563264 740 48 0.000000
1648923531895581675 65.192465 739.391413 744 48 0.000000
1648923532891962672 66.985610 714.586046 712 48 0.000000
1648923533897481116 60.309570 798.593073 803 48 0.000000
1648923534893296109 66.786740 715.996349 713 48 0.000000
1648923535900793168 67.391610 713.649811 719 48 0.000000
1648923536900733237 64.979824 731.043761 731 48 0.000000
1648923537898983891 65.539388 738.291579 737 48 0.000000
1648923538903996856 66.828243 716.408661 720 48 0.000000
1648923539901379714 64.629614 747.957534 746 48 0.000000
1648923540906597273 68.104416 708.304366 712 48 0.000000
1648923541909937466 66.698882 720.593094 723 48 0.000000
1648923542911091384 62.059783 763.119353 764 48 0.000000
1648923543907848917 61.180481 788.556942 786 48 0.000000
1648923544914722734 68.245530 701.180216 706 48 0.000000
1648923545911686654 69.879250 690.095150 688 48 0.000000
1648923546917433855 70.611663 679.097106 683 48 0.000000
1648923547916558010 66.995907 716.627669 716 48 0.000000
1648923548920182315 61.540688 771.204856 774 48 0.000000
1648923549918209099 61.527780 791.561995 790 48 0.000000
1648923550923255243 62.417895 759.169123 763 48 0.000000
1648923551922920733 59.254553 817.273393 817 48 0.000000
1648923552924919084 61.731883 777.446359 779 48 0.000000
1648923553923871094 65.460351 734.770046 734 48 0.000000
1648923554929817487 61.640997 769.424675 774 48 0.000000
1648923555926998992 65.425245 740.085966 738 48 0.000000
1648923556932248155 64.765153 739.120164 743 48 0.000000
1648923557931630111 62.086714 782.483680 782 48 0.000000
1648923558936591914 64.029559 743.311833 747 48 0.000000
1648923559932471824 61.905268 774.189716 771 48 0.000000
1648923560939145452 63.208119 759.928444 765 48 0.000000
1648923561940260511 64.110945 756.156931 757 48 0.000000
1648923562936383806 63.663993 746.895493 744 48 0.000000
1648923563942883836 60.970772 790.859390 796 48 0.000000
1648923564946053953 62.216886 754.607790 757 48 0.000000
1648923565945005689 65.324424 741.777579 741 48 0.000000
1648923566949608336 64.638373 746.563845 750 48 0.000000
1648923567951650324 61.535692 785.396191 787 48 0.000000
1648923568946133007 64.236711 744.105488 740 48 0.000000
1648923569952837559 63.481995 759.905191 765 48 0.000000
1648923570948762360 63.073262 753.068891 750 48 0.000000
1648923571954959849 66.193307 727.491366 732 48 0.000000
1648923572952700659 63.893551 750.695972 749 48 0.000000
1648923573960439313 63.412855 762.102377 768 48 0.000000
1648923574956804640 63.662359 747.717642 745 48 0.000000
1648923575962517578 64.108637 753.694237 758 48 0.000000
1648923576963945741 63.669652 744.936110 746 48 0.000000
1648923577965698002 63.780617 754.677630 756 48 0.000000
1648923578963911368 63.057186 766.369229 765 48 0.000000
1648923579967998231 63.770510 748.939172 752 48 0.000000
1648923580965765719 63.218170 759.696024 758 48 0.000000
1648923581971138608 62.278816 773.842232 778 48 0.000000
1648923582969764186 62.208277 770.058377 769 48 0.000000
1648923583974520176 65.197219 735.501967 739 48 0.000000
1648923584973867920 67.246778 714.466030 714 48 0.000000
1648923585970619889 67.007255 717.329888 715 48 0.000000
1648923586977225611 63.173629 763.953557 769 48 0.000000
1648923587976028652 60.487709 788.944303 788 48 0.000000
1648923588982272804 58.938960 809.942619 815 48 0.000000
1648923589984776763 63.311717 760.096756 762 48 0.000000
1648923590983014972 67.424395 712.254801 711 48 0.000000
1648923591986993499 66.484988 719.138916 722 48 0.000000
1648923592987295203 66.366804 725.781022 726 48 0.000000
1648923593988497847 65.795246 730.121916 731 48 0.000000
1648923594990507957 66.627311 718.555653 720 48 0.000000
1648923595986701936 62.819584 762.903627 760 48 0.000000
1648923596992699013 65.586544 732.606502 737 48 0.000000
1648923597989996373 65.971126 729.972839 728 48 0.000000
1648923598996886726 64.826719 741.888122 747 48 0.000000
1648923599996029481 68.217532 702.602323 702 48 0.000000
1648923600998168061 65.419963 724.450683 726 48 0.000000
1648923602002271280 63.077357 760.877913 764 48 0.000000
1648923603002162199 63.762338 765.083517 765 48 0.000000
1648923604005233048 61.043663 779.605925 782 48 0.000000
1648923605004406860 65.156261 738.610260 738 48 0.000000
1648923606007928696 65.332149 726.441556 729 48 0.000000
1648923607007694799 66.665113 724.169410 724 48 0.000000
1648923608005036781 65.681950 738.964158 737 48 0.000000
1648923609011415973 66.955756 716.429778 721 48 0.000000
1648923610008235210 63.156750 757.409139 755 48 0.000000
1648923611013695826 59.509404 807.589997 812 48 0.000000
1648923612017228540 59.952574 796.187361 799 48 0.000000
1648923613019449052 64.946398 733.371525 735 48 0.000000
1648923614014734078 64.994344 753.552998 750 48 0.000000
1648923615021119970 62.584402 768.095005 773 48 0.000000
1648923616024270275 64.735666 729.701240 732 48 0.000000
1648923617025863617 65.098043 737.824371 739 48 0.000000
1648923618026674670 66.445969 718.417333 719 48 0.000000
1648923619027738346 67.620385 715.239216 716 48 0.000000
1648923620024032227 67.655200 713.644868 711 48 0.000000
1648923621030740482 67.149269 717.188850 722 48 0.000000
1648923622033277234 67.079423 706.208588 708 48 0.000000
1648923623032570896 64.176348 751.530812 751 48 0.000000
1648923624035959177 65.074597 735.507885 738 48 0.000000
1648923625024251110 67.565566 724.482294 716 48 0.000000
1648923626037820087 71.790818 661.030492 670 48 0.000000
1648923627039518943 70.513208 672.856872 674 48 0.000000
1648923628033036439 70.320664 693.495651 689 48 0.000000
1648923629042827230 67.726688 696.183810 703 48 0.000000
1648923630037996265 62.487672 771.728184 768 48 0.000000
1648923631039407962 65.078924 744.948366 746 48 0.000000
1648923632044678625 65.758667 720.203990 724 48 0.000000
1648923633048955722 65.310145 736.848457 740 48 0.000000
1648923634049456578 67.396870 719.639571 720 48 0.000000
1648923635050061769 64.693038 734.555476 735 48 0.000000
1648923636046326220 65.903183 730.729588 728 48 0.000000
1648923637054550347 66.887883 714.127014 720 48 0.000000
1648923638050498002 67.710055 711.884796 709 48 0.000000
1648923639055875915 67.984396 708.191394 712 48 0.000000
1648923640059359771 65.216489 732.448278 735 48 0.000000
1648923641059037970 66.481143 718.231099 718 48 0.000000
1648923642061616335 65.559080 734.107211 736 48 0.000000
1648923643063446745 64.528545 746.633355 748 48 0.000000
1648923644065283527 63.766416 752.617567 754 48 0.000000
1648923645066741579 66.636720 714.957591 716 48 0.000000
1648923646062648746 65.774234 734.004164 731 48 0.000000
1648923647068311190 64.944819 741.799616 746 48 0.000000
1648923648069898162 65.917969 725.848041 727 48 0.000000
1648923649073429615 66.113867 725.438207 728 48 0.000000
1648923650072961968 66.865659 724.338735 724 48 0.000000
1648923651074934063 65.306988 728.563204 730 48 0.000000
1648923652072001467 63.450061 761.232326 759 48 0.000000
1648923653077016905 66.681320 717.401972 721 48 0.000000
1648923654079020087 65.539106 730.536588 732 48 0.000000
1648923655080489486 67.394624 711.953862 713 48 0.000000
1648923656080778439 68.146706 705.796009 706 48 0.000000
1648923657083839136 67.231449 712.818322 715 48 0.000000
1648923658078646284 65.358824 737.831457 734 48 0.000000
1648923659086840780 64.336839 743.904074 750 48 0.000000
1648923660083183502 66.419856 722.642921 720 48 0.000000
1648923661086450495 66.140876 722.639071 725 48 0.000000
1648923662091556511 64.583795 746.190016 750 48 0.000000
1648923663087775740 63.790828 747.827304 745 48 0.000000
1648923664093302997 65.745391 733.943336 738 48 0.000000
1648923665091134423 66.421622 720.562593 719 48 0.000000
1648923666096834834 63.836320 753.703542 758 48 0.000000
1648923667093927672 65.202687 740.151771 738 48 0.000000
1648923668099060929 67.858017 701.399550 705 48 0.000000
1648923669099179537 68.423122 700.916873 701 48 0.000000
1648923670103431088 68.078472 705.002631 708 48 0.000000
1648923671103778988 66.650955 720.749280 721 48 0.000000
