1649623311775685686 145.031296 0.000000
1649623311797661203 177.362287 0.000000
1649623311869353814 145.268051 0.000000
1649623312014483765 145.126544 0.000000
1649623312087403315 145.226111 0.000000
1649623312160365285 144.687181 0.000000
1649623312353371559 144.937159 0.000000
1649623312377692803 145.011420 0.000000
1649623312450941501 145.038570 0.000000
1649623312502389118 144.763565 0.000000
1649623312596411359 145.164566 0.000000
1649623312719989738 144.923063 0.000000
1649623312741526773 145.207246 0.000000
1649623313007552975 144.927160 0.000000
1649623313032252659 145.140320 0.000000
1649623313032598317 145.507018 0.000000
1649623313082768239 144.958309 0.000000
1649623313228191059 144.955143 0.000000
1649623313319320718 177.091739 0.000000
1649623313323842475 144.973669 0.000000
1649623313373227716 145.046455 0.000000
1649623313396188009 144.867820 0.000000
1649623313444110628 145.214009 0.000000
1649623313589358150 145.270715 0.000000
1649623313614450209 144.905420 0.000000
1649623313837008342 177.108079 0.000000
1649623313882220220 145.181768 0.000000
1649623313905047454 145.357638 0.000000
1649623314268689844 145.425666 0.000000
1649623314487041592 145.374128 0.000000
1649623314813913260 177.366114 0.000000
1649623314826306634 176.800474 0.000000
1649623315068879138 144.647477 0.000000
1649623315334589478 145.163485 0.000000
1649623315359699331 145.162293 0.000000
1649623315407530879 145.067835 0.000000
1649623315434833643 177.187228 0.000000
1649623315624661578 177.032067 0.000000
1649623315700839837 177.110574 0.000000
1649623315801821505 177.157011 0.000000
1649623315941691034 145.079427 0.000000
1649623315989017897 144.915519 0.000000
1649623316014332444 145.017682 0.000000
1649623316014549150 145.064519 0.000000
1649623316093154619 144.798701 0.000000
1649623316232785672 144.895912 0.000000
1649623316279436878 144.937641 0.000000
1649623316279741940 145.023162 0.000000
1649623316377734023 144.946227 0.000000
1649623316424769208 145.025545 0.000000
1649623316451246084 145.441646 0.000000
1649623316451278465 145.396231 0.000000
1649623316511687411 177.287697 0.000000
1649623316588003800 177.000999 0.000000
1649623316933594188 144.745551 0.000000
1649623316959498952 144.793190 0.000000
1649623317078684876 145.088424 0.000000
1649623317177361723 145.220351 0.000000
1649623317467814705 145.198087 0.000000
1649623317587829404 145.293489 0.000000
1649623317612993509 145.178072 0.000000
1649623317614313083 144.810694 0.000000
1649623317805802464 145.040093 0.000000
1649623317806127253 144.977045 0.000000
1649623317951312588 145.048649 0.000000
1649623317976694129 145.190726 0.000000
1649623318050278795 145.203056 0.000000
1649623318096393706 145.115473 0.000000
1649623318194844069 145.025106 0.000000
1649623318268159833 145.015007 0.000000
1649623318486740680 145.331699 0.000000
1649623318558415046 145.063767 0.000000
1649623318631351789 144.834447 0.000000
1649623318703520050 145.103781 0.000000
1649623318703957961 144.912112 0.000000
1649623318751104766 144.928224 0.000000
1649623318776868274 145.113020 0.000000
1649623318849586096 145.027920 0.000000
1649623318923037624 144.673185 0.000000
1649623319249463535 176.992994 0.000000
1649623319768793980 145.153064 0.000000
1649623319794664529 145.226993 0.000000
1649623319867793872 144.975390 0.000000
1649623319870231241 176.896192 0.000000
1649623319914419230 145.325798 0.000000
1649623320230247815 145.109112 0.000000
1649623320313273230 177.044630 0.000000
1649623320448710440 145.117147 0.000000
1649623320448756286 144.915148 0.000000
1649623320495994132 145.001169 0.000000
1649623320641090881 145.094255 0.000000
1649623320666416789 144.995930 0.000000
1649623320739360284 144.979969 0.000000
1649623320739985767 145.008784 0.000000
1649623320884348760 144.998665 0.000000
1649623320957936674 145.202227 0.000000
1649623320958508125 145.191797 0.000000
1649623321029989950 145.178483 0.000000
1649623321102804702 145.022990 0.000000
1649623321175149155 145.262348 0.000000
1649623321222618044 145.019395 0.000000
1649623321248166910 144.826433 0.000000
1649623321295128387 145.038269 0.000000
1649623321368020406 144.956978 0.000000
1649623321538657174 145.063617 0.000000
1649623321611901582 144.824017 0.000000
1649623321828958324 145.292637 0.000000
1649623321829293001 144.869633 0.000000
1649623321901808633 144.950123 0.000000
1649623321974555911 145.186737 0.000000
1649623322095110642 145.236341 0.000000
1649623322167927390 145.136453 0.000000
1649623322265525013 145.322451 0.000000
1649623322385690053 145.014605 0.000000
1649623322385737212 145.061042 0.000000
1649623322385791594 145.062896 0.000000
1649623322629273222 144.796767 0.000000
1649623322774726269 144.623842 0.000000
1649623322847275715 145.185715 0.000000
1649623322966898729 145.022090 0.000000
1649623322992470067 145.192258 0.000000
1649623323039660213 144.952037 0.000000
1649623323063781723 177.140330 0.000000
1649623323341781221 177.098333 0.000000
1649623323429510445 145.479206 0.000000
1649623323573943239 145.073655 0.000000
1649623323646682811 145.138386 0.000000
1649623323766015279 145.217153 0.000000
1649623323937448101 145.174085 0.000000
1649623323937874040 144.945957 0.000000
1649623324039495616 177.198789 0.000000
1649623324140357359 177.093321 0.000000
1649623324347399987 145.022450 0.000000
1649623324493169186 144.976945 0.000000
1649623324518914309 145.220109 0.000000
1649623324518962690 145.173772 0.000000
1649623324519748102 144.989987 0.000000
1649623324591696162 144.950675 0.000000
1649623324638093121 145.016638 0.000000
1649623324783971465 145.224929 0.000000
1649623324928588235 145.055653 0.000000
1649623325001520358 145.027840 0.000000
1649623325147798482 145.315790 0.000000
1649623325172849124 144.891945 0.000000
1649623325547271573 177.373388 0.000000
1649623325582882121 145.094936 0.000000
1649623325755560486 144.717599 0.000000
1649623325827787058 144.931851 0.000000
1649623325973770268 144.923654 0.000000
1649623326045613219 144.966384 0.000000
1649623326079873937 177.767796 0.000000
1649623326092093885 145.201706 0.000000
1649623326191284266 145.060602 0.000000
1649623326345862218 177.188380 0.000000
1649623326409826631 144.793070 0.000000
1649623326626949103 144.965632 0.000000
1649623326700281698 177.003496 0.000000
1649623326746329443 144.996382 0.000000
1649623326773099248 145.002042 0.000000
1649623326819331348 145.024855 0.000000
1649623326891365237 145.033099 0.000000
1649623326966243630 176.976212 0.000000
1649623326991071835 145.009164 0.000000
1649623327156669375 177.007200 0.000000
1649623327209961802 145.036947 0.000000
1649623327254801241 144.989848 0.000000
1649623327354918227 144.812986 0.000000
1649623327409393501 177.173402 0.000000
1649623327571803226 145.102640 0.000000
1649623327675291102 177.121375 0.000000
1649623327764054454 145.232183 0.000000
1649623327777278474 177.139569 0.000000
1649623327852477618 177.184353 0.000000
1649623327981332238 144.721565 0.000000
1649623327982073147 145.069657 0.000000
1649623328054459829 144.696088 0.000000
1649623328199958010 145.195854 0.000000
1649623328299656512 145.025825 0.000000
1649623328344426441 145.058257 0.000000
1649623328344479060 145.024854 0.000000
1649623328881155261 145.369169 0.000000
1649623328916871127 177.115864 0.000000
1649623329100343237 144.998695 0.000000
1649623329144688339 145.169175 0.000000
1649623329182586166 177.034772 0.000000
1649623329289452294 145.392433 0.000000
1649623329580459728 145.171419 0.000000
1649623329580528997 145.055411 0.000000
1649623329753409970 145.084052 0.000000
1649623329798451899 145.050641 0.000000
1649623329826633511 144.986049 0.000000
1649623329943329308 144.874374 0.000000
1649623330162130780 144.981714 0.000000
1649623330189467067 144.940826 0.000000
1649623330189491533 144.676541 0.000000
1649623330246457825 176.893115 0.000000
1649623330246479346 176.888417 0.000000
1649623330334716382 145.006911 0.000000
1649623330335030551 145.189954 0.000000
1649623330349408214 177.052876 0.000000
1649623330423642138 177.161369 0.000000
1649623330524701301 145.256318 0.000000
1649623330553803708 145.357528 0.000000
1649623330597523198 144.744339 0.000000
1649623330742868733 145.278419 0.000000
1649623331133388350 177.120495 0.000000
1649623331135028925 144.828397 0.000000
1649623331179312843 145.033491 0.000000
1649623331279827715 145.211294 0.000000
1649623331279841521 145.235168 0.000000
1649623331324739029 145.038098 0.000000
1649623331352680430 144.894951 0.000000
1649623331498533697 145.028260 0.000000
1649623331542575461 145.180977 0.000000
1649623331576415280 176.908105 0.000000
1649623331753530913 177.114662 0.000000
1649623331753564266 176.875263 0.000000
1649623331760341261 144.963049 0.000000
1649623331760374283 145.029083 0.000000
1649623331768961039 177.076360 0.000000
1649623331862595714 145.028731 0.000000
1649623331934567587 145.291865 0.000000
1649623332007401116 145.109222 0.000000
1649623332051306515 145.243424 0.000000
1649623332052549936 144.769475 0.000000
1649623332152570161 145.196857 0.000000
1649623332197849946 144.800363 0.000000
1649623332269196617 144.891484 0.000000
1649623332370355717 145.055380 0.000000
1649623332371002329 145.112688 0.000000
1649623332640072107 177.026116 0.000000
1649623332705823628 144.905449 0.000000
1649623332922111527 177.462193 0.000000
1649623333083209854 177.267057 0.000000
1649623333098098907 145.206465 0.000000
1649623333188042752 177.098491 0.000000
1649623333316728194 144.760037 0.000000
1649623333359358693 145.162241 0.000000
1649623333462074912 144.747896 0.000000
1649623333504542494 145.182640 0.000000
1649623333543152977 177.605462 0.000000
1649623333606266494 145.079217 0.000000
1649623333607012152 144.935787 0.000000
1649623333607208340 144.838535 0.000000
1649623333615293196 177.204430 0.000000
1649623333722492068 145.095807 0.000000
1649623333722513929 144.942089 0.000000
1649623333792520910 177.226481 0.000000
1649623333896675644 145.124209 0.000000
1649623333898490988 145.270023 0.000000
1649623333986499475 177.025092 0.000000
1649623334012627147 144.831002 0.000000
1649623334115073579 144.919076 0.000000
1649623334115813797 144.812195 0.000000
1649623334115818576 144.718029 0.000000
1649623334158079582 144.915188 0.000000
1649623334230385322 144.957026 0.000000
1649623334260604652 144.788932 0.000000
1649623334303354575 144.875203 0.000000
1649623334340922012 177.091098 0.000000
1649623334448411499 144.995619 0.000000
1649623334478916446 144.799121 0.000000
1649623334551067896 145.243355 0.000000
1649623334593551439 145.105937 0.000000
1649623334738715424 145.162232 0.000000
1649623334915110306 144.901402 0.000000
1649623334987688206 145.205292 0.000000
1649623335102269799 144.745842 0.000000
1649623335133108100 145.417389 0.000000
1649623335278909159 144.853122 0.000000
1649623335352020560 144.741183 0.000000
1649623335465960599 145.251298 0.000000
1649623335538219702 144.760149 0.000000
1649623335760645366 176.964059 0.000000
1649623335860876347 145.546471 0.000000
1649623335974554926 145.166739 0.000000
1649623336078437122 144.799953 0.000000
1649623336151455477 144.877728 0.000000
1649623336188918528 177.124711 0.000000
1649623336223521548 145.082682 0.000000
1649623336368776242 144.738708 0.000000
1649623336411093223 144.750580 0.000000
1649623336483658239 144.818598 0.000000
1649623336513970794 144.828595 0.000000
1649623336514314048 144.712378 0.000000
1649623336647679505 177.214379 0.000000
1649623336805123871 145.066832 0.000000
1649623337023521302 145.327659 0.000000
1649623337023537192 145.075296 0.000000
1649623337137711582 144.908916 0.000000
1649623337241425593 145.108452 0.000000
1649623337314349050 145.479035 0.000000
1649623337500843406 144.817866 0.000000
1649623337501128290 144.876697 0.000000
1649623337532595712 144.959201 0.000000
1649623337750437203 145.177249 0.000000
1649623337786340089 176.928713 0.000000
1649623337874706507 176.925107 0.000000
1649623337896607544 145.019273 0.000000
1649623337963389238 177.046625 0.000000
1649623338081791582 145.088242 0.000000
1649623338186359634 145.064177 0.000000
1649623338227132550 144.994128 0.000000
1649623338227233379 144.936740 0.000000
1649623338245146571 177.180826 0.000000
1649623338404546262 145.081601 0.000000
1649623338913524409 145.065931 0.000000
1649623338954766094 177.115795 0.000000
1649623339116527183 177.402512 0.000000
1649623339204382963 144.917612 0.000000
1649623339568185073 145.174064 0.000000
1649623339568655174 145.064819 0.000000
1649623339679620054 144.692589 0.000000
1649623339714054748 144.987552 0.000000
1649623339897887336 144.987095 0.000000
1649623339969643123 144.643328 0.000000
1649623340092515800 177.086489 0.000000
1649623340181292908 177.062425 0.000000
1649623340535846359 177.243032 0.000000
1649623340658215631 145.064818 0.000000
1649623340767682596 144.952649 0.000000
1649623340890595286 177.280712 0.000000
1649623340949137043 145.346567 0.000000
1649623340979334814 177.070609 0.000000
1649623340994986075 177.043197 0.000000
1649623341130772931 144.985430 0.000000
1649623341168940132 144.871797 0.000000
1649623341241630462 144.869262 0.000000
1649623341313633605 145.001560 0.000000
1649623341386858556 145.482130 0.000000
1649623341458840579 145.205082 0.000000
1649623341459090538 144.989727 0.000000
1649623341459425476 145.022389 0.000000
1649623341511147158 177.185937 0.000000
1649623341615172481 177.013333 0.000000
1649623341640597404 144.647817 0.000000
1649623341676423506 145.031436 0.000000
1649623341677838669 145.779118 0.000000
1649623341785774343 144.759306 0.000000
1649623341954471886 177.161139 0.000000
1649623341967987152 144.952138 0.000000
1649623342112876391 145.137435 0.000000
1649623342131726289 177.197356 0.000000
1649623342185647513 144.722897 0.000000
1649623342220280128 177.091859 0.000000
1649623342257972850 144.835279 0.000000
1649623342475790857 145.222655 0.000000
1649623342476570278 145.099935 0.000000
1649623342549613230 144.854946 0.000000
1649623342584486626 145.046675 0.000000
1649623342693392789 144.840989 0.000000
1649623342752789308 177.334634 0.000000
1649623342766495663 144.785295 0.000000
1649623342802576301 144.917992 0.000000
1649623342839955145 145.547363 0.000000
1649623342929925880 177.134108 0.000000
1649623342983890156 145.198961 0.000000
1649623343057676481 144.716325 0.000000
1649623343130261615 144.879852 0.000000
1649623343165424343 144.937250 0.000000
1649623343195929430 177.102198 0.000000
1649623343202614853 144.937620 0.000000
1649623343348592812 145.277908 0.000000
1649623343479112405 176.844786 0.000000
1649623343529516526 145.425466 0.000000
1649623343529922978 144.996902 0.000000
1649623343602162672 145.399976 0.000000
1649623343602381022 145.167751 0.000000
1649623343639259367 144.990819 0.000000
1649623343711704639 145.296383 0.000000
1649623343712959952 145.429402 0.000000
1649623344185383780 145.024893 0.000000
1649623344293687896 145.254394 0.000000
1649623344366529219 144.962618 0.000000
1649623344584363226 144.908586 0.000000
1649623344703543469 176.882756 0.000000
1649623344730690261 144.902365 0.000000
1649623344802038877 144.943311 0.000000
1649623344947132768 145.091317 0.000000
1649623344947715871 144.650099 0.000000
1649623345166299104 145.165198 0.000000
1649623345237749981 145.046505 0.000000
1649623345430461050 177.010586 0.000000
1649623345456525884 145.267819 0.000000
1649623345529828182 144.723168 0.000000
1649623345782896111 144.884542 0.000000
1649623345855965833 145.021648 0.000000
1649623346037387578 144.797477 0.000000
1649623346139888825 177.097731 0.000000
1649623346218792092 144.804200 0.000000
1649623346255090900 145.104523 0.000000
1649623346255485029 144.850556 0.000000
1649623346509480557 144.916241 0.000000
1649623346547445628 145.065789 0.000000
1649623346582824803 177.065208 0.000000
1649623346619807323 145.133637 0.000000
1649623346620003531 144.996951 0.000000
1649623346727568009 145.267129 0.000000
1649623346836556827 145.200523 0.000000
1649623346837439833 144.707780 0.000000
1649623346909520210 145.386351 0.000000
1649623347018455808 144.795504 0.000000
1649623347055404384 145.008332 0.000000
1649623347127678355 145.478294 0.000000
1649623347200955465 145.203750 0.000000
1649623347381770212 145.157642 0.000000
1649623347454888255 144.862441 0.000000
1649623347490869539 145.138499 0.000000
1649623347491024700 144.976405 0.000000
1649623347637264139 144.944963 0.000000
1649623347647719279 177.179171 0.000000
1649623347746395766 145.015536 0.000000
1649623347898283736 177.180225 0.000000
1649623347927004258 145.356215 0.000000
1649623348002574516 177.240117 0.000000
1649623348035595160 145.000789 0.000000
1649623348072876159 144.851049 0.000000
1649623348108983168 145.023782 0.000000
1649623348145794227 144.768163 0.000000
1649623348217818599 145.340806 0.000000
1649623348254134619 145.324596 0.000000
1649623348435769064 145.168704 0.000000
1649623348436980204 145.159266 0.000000
1649623348544518914 145.115984 0.000000
1649623348581435040 144.775507 0.000000
1649623348762758180 145.375521 0.000000
1649623348762764131 145.123879 0.000000
1649623348785778285 177.372214 0.000000
1649623348871430716 144.986984 0.000000
1649623348872326325 145.000168 0.000000
1649623348945838355 145.107859 0.000000
1649623349089898251 145.122919 0.000000
1649623349199181340 144.706537 0.000000
1649623349380603877 144.879691 0.000000
1649623349416781759 145.260966 0.000000
1649623349454717787 144.860836 0.000000
1649623349562066050 145.010117 0.000000
1649623349672412823 144.665370 0.000000
1649623349707055908 144.988195 0.000000
1649623349816235383 144.797517 0.000000
1649623350034343975 145.253923 0.000000
1649623350326452642 144.951477 0.000000
1649623350543344814 144.840469 0.000000
1649623350908158409 145.787934 0.000000
1649623351016592407 145.355403 0.000000
1649623351181813913 176.977896 0.000000
1649623351235559187 145.174553 0.000000
1649623351307727720 145.357096 0.000000
1649623351635624679 145.167001 0.000000
1649623351670946335 145.048057 0.000000
1649623351816180481 145.112698 0.000000
1649623351817143737 144.716907 0.000000
1649623351961708909 145.054690 0.000000
1649623351998381207 145.176167 0.000000
1649623352070575157 144.889350 0.000000
1649623352362365448 145.430715 0.000000
1649623352433979351 145.013402 0.000000
1649623352437803991 177.161650 0.000000
1649623352689538349 177.027438 0.000000
1649623352761503480 144.970292 0.000000
1649623352869739127 144.806335 0.000000
1649623352871165310 144.825801 0.000000
1649623352943280843 145.135201 0.000000
1649623352943627062 144.791617 0.000000
1649623353044007873 177.062654 0.000000
1649623353670446308 144.626296 0.000000
1649623353743599336 145.733863 0.000000
1649623353753683300 177.177791 0.000000
1649623353814909459 145.251349 0.000000
1649623353815726912 144.732627 0.000000
1649623353816392129 144.960254 0.000000
1649623353925333608 145.184664 0.000000
1649623354033881910 145.101277 0.000000
1649623354178945647 144.861318 0.000000
1649623354197085683 177.061462 0.000000
1649623354469650463 144.692751 0.000000
1649623354541965850 145.024403 0.000000
1649623354579113620 144.793911 0.000000
1649623354615843876 144.890160 0.000000
1649623354687128021 144.995119 0.000000
1649623354724753236 144.762422 0.000000
1649623354729112057 177.089114 0.000000
1649623354744356355 177.072072 0.000000
1649623354796876092 145.305601 0.000000
1649623354905770274 144.914758 0.000000
1649623355015638138 145.108860 0.000000
1649623355123592388 144.991152 0.000000
1649623355196398545 145.134770 0.000000
1649623355233577023 144.872489 0.000000
1649623355414037106 144.927281 0.000000
1649623355487975766 144.865124 0.000000
1649623355559695848 145.085628 0.000000
1649623356032874782 145.179713 0.000000
1649623356068342653 145.257049 0.000000
1649623356140874376 145.037467 0.000000
1649623356147735087 177.066201 0.000000
1649623356285976263 145.100165 0.000000
1649623356324834330 177.062454 0.000000
1649623356359808575 144.882818 0.000000
1649623356360202494 144.726915 0.000000
1649623356433163872 144.723980 0.000000
1649623356468300211 144.931338 0.000000
1649623356540727669 144.817305 0.000000
1649623356607027339 177.128918 0.000000
1649623356760512052 145.655486 0.000000
1649623356940679717 145.464508 0.000000
1649623357050413642 145.448087 0.000000
1649623357341177849 144.964300 0.000000
1649623357377494771 145.323513 0.000000
1649623357477940493 177.130110 0.000000
1649623357566567921 176.937870 0.000000
1649623357741255992 145.651559 0.000000
1649623357813110387 144.833125 0.000000
1649623357922935301 145.053677 0.000000
1649623357937451615 177.112728 0.000000
1649623358031247200 145.034531 0.000000
1649623358647404863 177.061673 0.000000
1649623358686640357 144.848163 0.000000
1649623358722370189 145.517939 0.000000
1649623358758359696 145.051194 0.000000
1649623358831164622 145.230881 0.000000
1649623358976756829 144.882396 0.000000
1649623359013701739 145.099695 0.000000
1649623359158413466 144.922332 0.000000
1649623359195895912 144.776518 0.000000
1649623359231660930 144.760178 0.000000
1649623359267646532 145.415857 0.000000
1649623359340060262 145.136552 0.000000
1649623359340058859 145.155819 0.000000
1649623359412863765 145.214739 0.000000
1649623359595053982 145.103771 0.000000
1649623359849938366 144.708009 0.000000
1649623359873190887 177.134549 0.000000
1649623359885657728 145.155358 0.000000
1649623359922954157 145.688720 0.000000
1649623359994924087 144.984649 0.000000
1649623360050626741 177.168042 0.000000
1649623360139007855 177.003041 0.000000
1649623360140554955 144.888247 0.000000
1649623360250129002 145.297224 0.000000
1649623360285838945 145.487791 0.000000
1649623360576824749 144.873651 0.000000
1649623360613117866 145.076290 0.000000
1649623360723155690 145.025444 0.000000
1649623360794503453 145.029611 0.000000
1649623360940499628 144.952989 0.000000
1649623361050550758 145.554085 0.000000
1649623361085460312 145.138557 0.000000
1649623361158703198 144.747874 0.000000
1649623361303568573 145.261498 0.000000
1649623361303757037 145.051956 0.000000
1649623361376337470 144.934834 0.000000
1649623361521376761 145.283889 0.000000
1649623361812526771 145.245608 0.000000
1649623361848251243 144.993335 0.000000
1649623361884519043 145.170487 0.000000
1649623361884864370 145.469618 0.000000
1649623362029877592 145.010717 0.000000
1649623362248031368 145.359780 0.000000
1649623362249026925 144.790013 0.000000
1649623362358415623 144.802027 0.000000
1649623362539108833 145.047998 0.000000
1649623362684085776 144.976011 0.000000
1649623362757208918 145.123578 0.000000
1649623362794485450 145.132736 0.000000
1649623362800963885 177.014905 0.000000
1649623363084959462 145.024503 0.000000
1649623363266541509 145.340746 0.000000
1649623363375335841 144.900770 0.000000
1649623363375742082 144.952727 0.000000
1649623363411328686 145.306991 0.000000
1649623363510520429 177.030584 0.000000
1649623363630145936 144.732506 0.000000
1649623363701841771 144.997280 0.000000
1649623363702138447 144.763421 0.000000
1649623363792402624 177.621431 0.000000
1649623363811622675 144.841389 0.000000
1649623363848546065 144.849357 0.000000
1649623363884270356 144.992675 0.000000
1649623363993740777 145.314276 0.000000
1649623363994178738 144.967116 0.000000
1649623364137981631 145.192889 0.000000
1649623364174410623 144.899608 0.000000
1649623364412934046 177.019543 0.000000
1649623364575603607 145.180977 0.000000
1649623364720460416 145.319326 0.000000
1649623364793211781 145.610321 0.000000
1649623364829127320 145.300089 0.000000
1649623364865466975 145.005207 0.000000
1649623364974707916 144.986893 0.000000
1649623365192664783 145.081129 0.000000
1649623365193478869 144.820881 0.000000
1649623365228931872 145.174195 0.000000
1649623365228950908 145.167091 0.000000
1649623365301705308 144.933813 0.000000
1649623365462282177 177.230108 0.000000
1649623365520937907 144.907875 0.000000
1649623365556477943 144.932982 0.000000
1649623365809942505 144.937720 0.000000
1649623365816717606 177.004064 0.000000
1649623365846489598 144.859995 0.000000
1649623365846690324 145.140320 0.000000
1649623365956251646 144.754747 0.000000
1649623366028319988 144.917090 0.000000
1649623366028383257 144.953438 0.000000
1649623366174316004 144.799302 0.000000
1649623366246558646 144.883570 0.000000
1649623366319628247 145.300210 0.000000
1649623366464139859 145.196015 0.000000
1649623366537112437 145.135159 0.000000
1649623366573549004 145.139127 0.000000
1649623366718748876 145.188170 0.000000
1649623366936772408 145.291935 0.000000
1649623367009596028 145.129820 0.000000
1649623367045862556 145.154457 0.000000
1649623367082570321 145.305750 0.000000
1649623367336775963 145.199842 0.000000
1649623367446224653 145.298477 0.000000
1649623367591432971 144.865225 0.000000
1649623367663752816 145.228986 0.000000
1649623368027798390 144.920046 0.000000
1649623368050550132 177.400706 0.000000
1649623368136287603 144.988828 0.000000
1649623368137553646 144.879954 0.000000
1649623368137665035 144.947841 0.000000
1649623368209220277 144.839978 0.000000
1649623368209290369 144.926090 0.000000
1649623368354754065 145.462123 0.000000
1649623368355374828 145.051152 0.000000
1649623368391167458 145.361875 0.000000
1649623368500799550 145.132313 0.000000
1649623368655643713 176.888609 0.000000
1649623368719785588 144.806154 0.000000
1649623369009115075 144.938762 0.000000
1649623369010066869 176.918544 0.000000
1649623369044926279 144.979197 0.000000
1649623369154476781 144.920018 0.000000
1649623369154874316 144.638099 0.000000
1649623369227216683 145.479856 0.000000
1649623369517981831 144.985660 0.000000
1649623369735869778 145.312542 0.000000
1649623369808629319 177.168752 0.000000
1649623369881409518 145.177881 0.000000
1649623370099429244 145.038922 0.000000
1649623370136105368 145.262489 0.000000
1649623370246405044 144.811773 0.000000
1649623370252208935 177.199491 0.000000
1649623370281260627 145.154187 0.000000
1649623370390504323 145.216673 0.000000
1649623370427106098 144.858701 0.000000
1649623370463143667 145.149446 0.000000
1649623370464608974 145.123328 0.000000
1649623370517988113 177.137544 0.000000
1649623370572071411 145.340696 0.000000
1649623370608961558 145.366905 0.000000
1649623370623444088 177.299749 0.000000
1649623370827573343 145.057184 0.000000
1649623371046150322 145.133407 0.000000
1649623371050235280 176.975601 0.000000
1649623371117856226 145.048026 0.000000
1649623371155219049 145.096257 0.000000
1649623371190692330 145.053867 0.000000
1649623371191281645 144.870904 0.000000
1649623371226379202 145.140190 0.000000
1649623371263133934 144.775086 0.000000
1649623371299903274 144.683855 0.000000
1649623371510007961 177.182237 0.000000
1649623371554181452 144.764325 0.000000
1649623371626373338 144.840228 0.000000
1649623371627542670 144.924937 0.000000
1649623371735867141 145.665123 0.000000
1649623371845909866 144.762223 0.000000
1649623371989189308 145.069167 0.000000
1649623372136744285 145.169745 0.000000
1649623372316719789 144.833525 0.000000
1649623372426952318 144.737875 0.000000
1649623372643156921 144.822094 0.000000
1649623372647031825 177.128548 0.000000
1649623373001349172 177.049268 0.000000
1649623373079313139 144.891864 0.000000
1649623373107157958 177.096327 0.000000
1649623373152132892 145.062514 0.000000
1649623373224307325 144.993234 0.000000
1649623373225842914 144.752854 0.000000
1649623373267369823 176.891974 0.000000
1649623373333105726 145.228485 0.000000
1649623373462024185 177.369730 0.000000
1649623373516049816 145.032608 0.000000
1649623373878540997 144.931930 0.000000
1649623373994168740 177.127295 0.000000
1649623374025070341 145.731408 0.000000
1649623374169619070 144.984677 0.000000
1649623374316072333 144.744529 0.000000
1649623374420306738 177.096087 0.000000
1649623374437209355 176.924195 0.000000
1649623374569221945 145.067254 0.000000
1649623374606251163 145.027629 0.000000
1649623374825250502 145.320356 0.000000
1649623374951947378 177.009805 0.000000
1649623375116377570 145.121496 0.000000
1649623375188004026 144.792889 0.000000
1649623375324040529 177.066041 0.000000
1649623375515152822 144.736764 0.000000
1649623375660227979 145.123598 0.000000
1649623375697263859 145.465729 0.000000
1649623375697340202 145.570245 0.000000
1649623375732890287 145.250637 0.000000
1649623375879383945 144.935757 0.000000
1649623375915198014 144.704483 0.000000
1649623375927486511 177.082371 0.000000
1649623376132935931 144.711597 0.000000
1649623376206149431 144.992092 0.000000
1649623376278135962 145.198999 0.000000
1649623376387525090 144.788019 0.000000
1649623376423242298 145.104552 0.000000
1649623376742894109 177.036354 0.000000
1649623376786849993 145.084897 0.000000
1649623376787353997 145.212615 0.000000
1649623376814040256 177.106367 0.000000
1649623376895295803 145.055903 0.000000
1649623376896915409 145.099324 0.000000
1649623377041513011 145.135310 0.000000
1649623377149778504 144.915459 0.000000
1649623377186810325 144.668495 0.000000
1649623377296064611 144.704453 0.000000
1649623377440651072 145.384166 0.000000
1649623377629016937 176.974470 0.000000
1649623377696187458 146.269828 0.000000
1649623377983463635 177.012518 0.000000
1649623378241728358 144.752644 0.000000
1649623378458497858 145.234116 0.000000
1649623378676507604 145.364650 0.000000
1649623378712584516 145.103310 0.000000
1649623378713760931 144.842140 0.000000
1649623378853770292 176.924794 0.000000
1649623378942528155 176.987703 0.000000
1649623378967169839 145.070849 0.000000
1649623379112213448 145.042718 0.000000
1649623379119611027 177.084856 0.000000
1649623379330272566 145.112387 0.000000
1649623379403747178 144.703882 0.000000
1649623379404515548 144.674397 0.000000
1649623379549109293 145.361634 0.000000
1649623379549380311 144.864092 0.000000
1649623379622350296 145.162483 0.000000
1649623379693845929 145.315852 0.000000
1649623379839694203 144.911369 0.000000
1649623379911587733 145.104680 0.000000
1649623380167047633 144.596153 0.000000
1649623380203574452 144.743690 0.000000
1649623380275546504 144.852566 0.000000
1649623380311900960 144.852746 0.000000
1649623380348858457 145.283514 0.000000
1649623380602087054 145.056679 0.000000
1649623380747098830 145.009803 0.000000
1649623380806087265 177.076058 0.000000
1649623380806120638 177.081799 0.000000
1649623380856831522 144.978272 0.000000
1649623380930599652 144.800899 0.000000
1649623381075693711 145.032804 0.000000
1649623381087305142 177.157680 0.000000
1649623381111093468 145.042534 0.000000
1649623381111550294 144.854821 0.000000
1649623381221203930 145.167446 0.000000
1649623381292791871 145.095662 0.000000
1649623381338051124 176.990236 0.000000
1649623381439407463 144.852707 0.000000
1649623381511002918 145.333218 0.000000
1649623381511726425 145.377511 0.000000
1649623381530856494 177.133865 0.000000
1649623381583847606 145.329851 0.000000
1649623381657339357 144.719026 0.000000
1649623381802665531 145.325022 0.000000
1649623381875227197 145.157538 0.000000
1649623382047752070 177.169042 0.000000
1649623382063067808 177.076608 0.000000
1649623382092769500 145.269838 0.000000
1649623382129922324 145.487958 0.000000
1649623382202545136 145.126520 0.000000
1649623382347677155 144.907648 0.000000
1649623382348512621 145.218221 0.000000
1649623382402428156 177.182897 0.000000
1649623382418062932 177.368525 0.000000
1649623382457063600 145.367662 0.000000
1649623382746671290 145.100761 0.000000
1649623382820776340 144.906427 0.000000
1649623382892138677 144.994181 0.000000
1649623383146992050 145.029595 0.000000
1649623383256142272 145.281690 0.000000
1649623383330229871 144.941953 0.000000
1649623383510999964 144.923138 0.000000
1649623383620063803 144.772115 0.000000
1649623383655862358 144.861422 0.000000
1649623383983859259 145.100339 0.000000
1649623384264586957 176.859771 0.000000
1649623384273931559 145.075183 0.000000
1649623384369436716 177.082509 0.000000
1649623384491455969 144.825186 0.000000
1649623384546838433 177.400024 0.000000
1649623384636674178 145.189266 0.000000
1649623384709210448 144.934619 0.000000
1649623384710522087 144.681895 0.000000
1649623384723934366 177.094069 0.000000
1649623384964165902 144.737381 0.000000
1649623385062658239 176.932536 0.000000
1649623385218317479 145.196692 0.000000
1649623385433567352 177.192594 0.000000
1649623385798919515 144.943336 0.000000
1649623385801124490 144.811699 0.000000
1649623385872323291 144.721820 0.000000
1649623385872717159 144.597517 0.000000
1649623385946566580 145.014530 0.000000
1649623386018567305 145.307679 0.000000
1649623386090821646 144.795369 0.000000
1649623386126814023 145.160654 0.000000
1649623386199903010 144.684973 0.000000
1649623386200186431 145.048674 0.000000
1649623386235878936 145.056789 0.000000
1649623386392867997 177.153991 0.000000
1649623386418199885 144.829812 0.000000
1649623386562810858 145.002928 0.000000
1649623386671441586 145.061076 0.000000
1649623386817572849 144.862354 0.000000
1649623386853251357 144.978211 0.000000
1649623386890009942 145.143120 0.000000
1649623386961916750 145.122943 0.000000
1649623387107641711 145.143722 0.000000
1649623387180547414 145.126549 0.000000
1649623387368517206 177.033586 0.000000
1649623387398905034 145.006745 0.000000
1649623387435144635 144.950427 0.000000
1649623387474588865 176.888022 0.000000
1649623387908253746 144.860249 0.000000
1649623388088623909 144.932796 0.000000
1649623388343368738 145.125737 0.000000
1649623388450423289 177.189058 0.000000
1649623388488735397 144.967561 0.000000
1649623388706981488 145.245712 0.000000
1649623388779596314 144.694018 0.000000
1649623388877607850 177.421714 0.000000
1649623389069265707 145.075703 0.000000
1649623389105780284 144.850752 0.000000
1649623389215225178 144.982629 0.000000
1649623389215530160 144.923388 0.000000
1649623389409762154 177.166586 0.000000
1649623389425550578 176.898373 0.000000
1649623389469441736 145.074551 0.000000
1649623389579599949 144.862876 0.000000
1649623389650916309 144.890155 0.000000
1649623389675658582 177.105429 0.000000
1649623389869334222 144.926363 0.000000
1649623390030213448 177.127712 0.000000
1649623390306033133 144.851524 0.000000
1649623390341910444 144.725447 0.000000
1649623390377992349 144.896668 0.000000
1649623390414566447 144.847726 0.000000
1649623390596648669 145.106431 0.000000
1649623390705113506 145.243107 0.000000
1649623390739847574 177.098868 0.000000
1649623390742404929 144.792803 0.000000
1649623390777613747 145.056487 0.000000
1649623390814297991 144.966889 0.000000
1649623390844302481 177.296168 0.000000
1649623390959907186 145.161966 0.000000
1649623390997382564 145.314362 0.000000
1649623391324436374 144.808673 0.000000
1649623391361365918 145.665840 0.000000
1649623391538130760 177.282402 0.000000
1649623391615603474 145.336792 0.000000
1649623391724218592 144.884224 0.000000
1649623391905607205 144.726650 0.000000
1649623391906225354 145.055226 0.000000
1649623391906299754 144.987630 0.000000
1649623391941122498 145.032944 0.000000
1649623392014031575 145.240944 0.000000
1649623392014318433 144.957332 0.000000
1649623392086186778 144.955898 0.000000
1649623392196285579 144.990664 0.000000
1649623392231641353 144.807621 0.000000
1649623392341353327 144.922986 0.000000
1649623392414164642 145.169920 0.000000
1649623392632619704 145.070693 0.000000
1649623392851158393 145.096402 0.000000
1649623392922838596 145.000151 0.000000
1649623393068413736 144.913900 0.000000
1649623393285876198 145.578747 0.000000
1649623393358872088 144.883472 0.000000
1649623393468525133 145.242987 0.000000
1649623393577184804 145.438624 0.000000
1649623393795111235 145.285917 0.000000
1649623393795783325 145.397196 0.000000
1649623393942235841 144.836446 0.000000
1649623394014124675 144.959566 0.000000
1649623394158483514 145.171562 0.000000
1649623394268787868 144.806106 0.000000
1649623394340693444 144.890164 0.000000
1649623394413669858 144.996073 0.000000
1649623394450945662 144.829171 0.000000
1649623394522517632 145.178525 0.000000
1649623394595973325 145.027192 0.000000
1649623394596107687 145.080963 0.000000
1649623394703859025 144.969242 0.000000
1649623394777106677 144.970986 0.000000
1649623394849240791 144.982858 0.000000
1649623394921647788 145.176181 0.000000
1649623394958822612 144.844199 0.000000
1649623395264730903 177.053742 0.000000
1649623395279516797 177.016463 0.000000
1649623395430969076 144.875367 0.000000
1649623395432313166 145.305142 0.000000
1649623395441808580 177.077097 0.000000
1649623395457148543 177.629312 0.000000
1649623395794429609 145.219782 0.000000
1649623395794457291 145.279514 0.000000
1649623395794950786 145.712797 0.000000
1649623395795414937 145.234771 0.000000
1649623395831799179 144.987838 0.000000
1649623396230869832 145.139172 0.000000
1649623396268460626 145.042901 0.000000
1649623396328883842 176.897018 0.000000
1649623396376480247 145.534854 0.000000
1649623396412248694 145.224752 0.000000
1649623396521523810 144.959044 0.000000
1649623396630276906 145.236523 0.000000
1649623396630282697 144.852153 0.000000
1649623396630711120 144.805986 0.000000
1649623396631494329 145.048912 0.000000
1649623396667132722 145.004109 0.000000
1649623396667380677 145.155381 0.000000
1649623396683550536 177.146898 0.000000
1649623396921119207 145.278432 0.000000
1649623397139127151 144.954948 0.000000
1649623397139540677 145.135446 0.000000
1649623397212985058 144.885866 0.000000
1649623397357879741 144.893070 0.000000
1649623397467063354 145.009378 0.000000
1649623397496888467 177.030859 0.000000
1649623397539116316 144.911434 0.000000
1649623397576257557 145.393980 0.000000
1649623397684780842 145.074320 0.000000
1649623397793906299 145.222580 0.000000
1649623397866388225 144.963985 0.000000
1649623398120843628 145.287410 0.000000
1649623398157557889 144.824201 0.000000
1649623398338987967 145.304201 0.000000
1649623398369683242 177.206268 0.000000
1649623398484990968 144.821876 0.000000
1649623398521008562 145.434215 0.000000
1649623398702415788 145.385934 0.000000
1649623398812511080 145.032372 0.000000
1649623398848513276 145.272902 0.000000
1649623398916684750 177.695055 0.000000
1649623398993437434 145.228699 0.000000
1649623399345046785 176.979613 0.000000
1649623399393907961 144.680671 0.000000
1649623399466528698 144.689849 0.000000
1649623399522403255 176.975275 0.000000
1649623399536553487 176.986686 0.000000
1649623399538783348 145.016752 0.000000
1649623399576616757 145.098796 0.000000
1649623399648118857 145.251372 0.000000
1649623400192543302 145.134602 0.000000
1649623400245684905 177.098967 0.000000
1649623400411832638 144.920081 0.000000
1649623400521539242 145.090480 0.000000
1649623400586976168 177.173547 0.000000
1649623400592621694 144.973981 0.000000
1649623400628974497 144.905714 0.000000
1649623400919926841 145.063920 0.000000
1649623400955675361 177.332415 0.000000
1649623400992743285 145.305063 0.000000
1649623401066147841 144.921112 0.000000
1649623401211360009 145.019076 0.000000
1649623401246483587 144.890425 0.000000
1649623401355418284 145.048341 0.000000
1649623401356658099 144.813391 0.000000
1649623401393237286 144.638402 0.000000
1649623401650769689 176.911085 0.000000
1649623401720057105 145.146224 0.000000
1649623402005202373 176.994681 0.000000
1649623402083698066 145.086012 0.000000
1649623402230135712 144.996444 0.000000
1649623402270926095 177.064693 0.000000
1649623402301488140 144.945057 0.000000
1649623402301617923 145.208642 0.000000
1649623402410888610 145.003577 0.000000
1649623402446709235 145.090480 0.000000
1649623402447660920 144.822388 0.000000
1649623402640060545 176.925652 0.000000
1649623402809925878 145.083727 0.000000
1649623402811037753 144.901736 0.000000
1649623402846991748 145.001393 0.000000
1649623403029220935 144.811647 0.000000
1649623403158421249 177.401063 0.000000
1649623403174373430 145.043801 0.000000
1649623403210429787 145.463118 0.000000
1649623403283054521 145.155512 0.000000
1649623403719346695 145.262883 0.000000
1649623403865608149 144.677264 0.000000
1649623403937772440 145.191009 0.000000
1649623403974194793 145.681518 0.000000
1649623404047016196 144.753839 0.000000
1649623404058757862 177.264317 0.000000
1649623404082517642 144.925600 0.000000
1649623404119887362 145.375625 0.000000
1649623404374475513 144.880887 0.000000
1649623404488964264 176.910724 0.000000
1649623404628705263 145.389971 0.000000
1649623404628771948 145.389200 0.000000
1649623404629152571 145.369502 0.000000
1649623404629684348 145.500488 0.000000
1649623404701301603 145.162484 0.000000
1649623404737750727 145.053892 0.000000
1649623404846360133 145.235982 0.000000
1649623404846933778 145.348153 0.000000
1649623404919723853 145.001363 0.000000
1649623404932621135 177.053131 0.000000
1649623405064654452 145.150161 0.000000
1649623405064759088 144.873893 0.000000
1649623405064776611 145.051656 0.000000
1649623405100784998 145.165240 0.000000
1649623405209929328 145.169108 0.000000
1649623405210572484 144.863715 0.000000
1649623405210712957 176.832748 0.000000
1649623405553606723 177.434063 0.000000
1649623405646056249 144.905203 0.000000
1649623405827404593 145.293559 0.000000
1649623405831434389 177.064261 0.000000
1649623405865032307 144.786048 0.000000
1649623405899755634 144.783603 0.000000
1649623405900217280 144.921813 0.000000
1649623406044868826 145.111488 0.000000
1649623406045534765 145.335900 0.000000
1649623406045564390 145.345166 0.000000
1649623406082201687 144.865407 0.000000
1649623406085550766 177.272792 0.000000
1649623406227333363 145.129794 0.000000
1649623406336019403 145.288320 0.000000
1649623406372485318 144.974922 0.000000
1649623406517627454 145.139792 0.000000
1649623406519158154 145.305843 0.000000
1649623406528950515 177.315973 0.000000
1649623406663738055 145.309378 0.000000
1649623406880994689 145.244629 0.000000
1649623406990672859 144.995801 0.000000
1649623407327824559 177.551194 0.000000
1649623407355018980 144.967228 0.000000
1649623407499542084 145.787546 0.000000
1649623407499873937 144.853925 0.000000
1649623407535185668 145.093154 0.000000
1649623407536542512 144.693043 0.000000
1649623407754398830 144.768967 0.000000
1649623407790615217 145.224020 0.000000
1649623407862268980 144.885244 0.000000
1649623408080287350 145.065171 0.000000
1649623408262528909 145.357540 0.000000
1649623408262843839 144.770769 0.000000
1649623408303310806 177.078497 0.000000
1649623408335202454 145.122318 0.000000
1649623408481138368 145.967364 0.000000
1649623408516471069 145.108603 0.000000
1649623408590222655 144.915862 0.000000
1649623408626274564 145.579938 0.000000
1649623408661649332 145.177322 0.000000
1649623408759470781 176.985774 0.000000
1649623408844526533 144.686051 0.000000
1649623408917599406 145.158396 0.000000
1649623408954311473 145.442809 0.000000
1649623409025204450 177.034234 0.000000
1649623409101813624 177.085691 0.000000
1649623409134758266 145.174236 0.000000
1649623409316058780 145.021188 0.000000
1649623409353124660 144.786579 0.000000
1649623409426620867 144.925179 0.000000
1649623409534860831 145.381855 0.000000
1649623409606966801 145.156272 0.000000
1649623409716009630 145.085980 0.000000
1649623409716099058 144.896084 0.000000
1649623409789375033 145.019126 0.000000
1649623409789922099 144.976827 0.000000
1649623409825064251 144.722479 0.000000
1649623410152518136 144.865236 0.000000
1649623410297784345 145.015459 0.000000
1649623410298466594 144.878642 0.000000
1649623410356237725 177.274163 0.000000
1649623410371943885 144.965513 0.000000
1649623410442850137 145.064239 0.000000
1649623410516468915 144.927064 0.000000
1649623410807047098 144.752165 0.000000
1649623411060862980 145.231604 0.000000
1649623411206091686 145.135291 0.000000
1649623411242328091 145.111537 0.000000
1649623411243620634 144.930938 0.000000
1649623411315014430 144.971916 0.000000
1649623411642083515 145.367818 0.000000
1649623411763683148 177.253576 0.000000
1649623411787414465 145.328936 0.000000
1649623411823899936 145.060302 0.000000
1649623412118157417 176.905012 0.000000
1649623412296908971 145.111409 0.000000
1649623412441691162 145.113522 0.000000
1649623412550637549 144.919468 0.000000
1649623412623839214 144.998136 0.000000
1649623412659688353 145.288911 0.000000
1649623412660658612 144.923496 0.000000
1649623412696899785 145.246492 0.000000
1649623412768614171 145.165930 0.000000
1649623412769157771 145.316523 0.000000
1649623412994258280 144.962178 0.000000
1649623413168276850 144.782571 0.000000
1649623413182867347 177.216094 0.000000
1649623413241896068 145.126345 0.000000
1649623413326648421 149.584325 0.000000
1649623413436782866 145.214672 0.000000
1649623413582477226 144.834578 0.000000
1649623413690720236 145.448199 0.000000
1649623413836007894 145.287287 0.000000
1649623413836329116 144.876878 0.000000
1649623413873131020 145.073969 0.000000
1649623414017458629 145.127468 0.000000
1649623414078991003 145.058538 0.000000
1649623414332512924 144.724913 0.000000
1649623414517917583 177.177994 0.000000
1649623414561893970 144.994579 0.000000
1649623414695086509 177.166732 0.000000
1649623414732983266 145.391011 0.000000
1649623414792864726 177.054483 0.000000
1649623414817575749 145.094256 0.000000
1649623415204910662 145.118600 0.000000
1649623415215324548 144.955514 0.000000
1649623415252396890 144.844547 0.000000
1649623415396867407 144.896035 0.000000
1649623415469943345 144.837393 0.000000
1649623415502514397 177.225251 0.000000
1649623415543355355 144.727147 0.000000
1649623415679620325 177.103113 0.000000
1649623415760580707 145.460061 0.000000
1649623415796428052 144.832304 0.000000
1649623415906700296 144.873773 0.000000
1649623416004852855 144.727207 0.000000
1649623416025824086 177.258194 0.000000
1649623416034280843 177.138759 0.000000
1649623416197422457 145.173273 0.000000
1649623416342056049 145.504415 0.000000
1649623416477386697 176.848785 0.000000
1649623416523995430 145.020778 0.000000
1649623416646424057 177.056256 0.000000
1649623416654697189 177.309760 0.000000
1649623416958801662 145.063638 0.000000
1649623417068352042 144.756672 0.000000
1649623417178588208 177.109735 0.000000
1649623417215700973 145.178792 0.000000
1649623417253311644 144.874833 0.000000
1649623417289034316 144.838635 0.000000
1649623417433787493 145.134442 0.000000
1649623417725217952 144.598877 0.000000
1649623417899915233 177.147004 0.000000
1649623418014789796 144.961537 0.000000
1649623418048669501 145.109704 0.000000
1649623418295591877 145.435606 0.000000
1649623418331696153 177.019806 0.000000
1649623418768855036 145.225331 0.000000
1649623418987034326 144.665441 0.000000
1649623419053279097 177.310011 0.000000
1649623419204487347 144.796417 0.000000
1649623419251076592 145.169116 0.000000
1649623419423076336 144.995531 0.000000
1649623419484139791 177.004447 0.000000
1649623419496906569 177.086301 0.000000
1649623419500994114 145.110337 0.000000
1649623419604974268 145.100507 0.000000
1649623419686767723 145.058177 0.000000
1649623419838741598 177.223278 0.000000
1649623420049647931 145.037057 0.000000
1649623420081709568 145.077964 0.000000
1649623420123184173 145.430194 0.000000
1649623420185590797 145.194324 0.000000
1649623420267719961 145.049341 0.000000
1649623420412806842 145.091750 0.000000
1649623420476859032 145.158957 0.000000
1649623420621604352 144.743557 0.000000
1649623420667039895 144.968720 0.000000
1649623420776022750 144.954674 0.000000
1649623420839562659 145.255006 0.000000
1649623420849712520 145.389389 0.000000
1649623420876231052 144.953530 0.000000
1649623420884757279 145.134430 0.000000
1649623421247862039 145.028050 0.000000
1649623421461709778 145.047418 0.000000
1649623421530748127 145.157554 0.000000
1649623421613932289 176.985783 0.000000
1649623421639437430 145.023300 0.000000
1649623421866560532 144.927703 0.000000
1649623421866954180 144.920489 0.000000
1649623422069934373 176.876658 0.000000
1649623422079168436 144.934144 0.000000
1649623422120241780 145.105175 0.000000
1649623422265456150 145.210232 0.000000
1649623422478466068 145.015908 0.000000
1649623422593342904 144.672283 0.000000
1649623422768724879 144.962097 0.000000
1649623422810804058 144.869383 0.000000
1649623422950273787 144.960133 0.000000
1649623423028618464 144.949203 0.000000
1649623423203108557 145.180737 0.000000
1649623423299760040 177.105846 0.000000
1649623423320198052 144.553461 0.000000
1649623423355687676 144.887788 0.000000
1649623423420794671 144.904747 0.000000
1649623423610612194 144.823267 0.000000
1649623423843681785 177.323275 0.000000
1649623423929266456 145.102780 0.000000
1649623423966464133 145.009145 0.000000
1649623424002242389 144.768695 0.000000
1649623424020680310 176.996251 0.000000
1649623424046423158 144.965342 0.000000
1649623424046997084 145.445874 0.000000
1649623424147986922 145.109212 0.000000
1649623424264030306 144.711457 0.000000
1649623424453361956 177.397483 0.000000
1649623424518044407 144.980180 0.000000
1649623424620267306 145.225830 0.000000
1649623424630462593 177.098302 0.000000
1649623424663221086 145.174354 0.000000
1649623424808289092 145.064609 0.000000
1649623424946581732 145.226782 0.000000
1649623424947080818 144.767291 0.000000
1649623425281028787 144.623632 0.000000
1649623425339735083 177.067184 0.000000
1649623425571706392 144.888798 0.000000
1649623425716392603 144.682844 0.000000
1649623425782111256 145.229207 0.000000
1649623425862885770 144.927061 0.000000
1649623425890826179 144.935146 0.000000
1649623425897888501 144.974590 0.000000
1649623425935692913 144.700384 0.000000
1649623425960262442 177.097249 0.000000
1649623426049100665 177.064858 0.000000
1649623426254498329 144.911120 0.000000
1649623426371320494 144.689235 0.000000
1649623426624448604 145.180276 0.000000
1649623426879909387 144.740262 0.000000
1649623426944907168 145.209379 0.000000
1649623427024706865 144.793721 0.000000
1649623427278462301 144.869253 0.000000
1649623427389635783 176.875454 0.000000
1649623427461027764 144.740381 0.000000
1649623427557243199 177.173302 0.000000
1649623427562968454 144.981462 0.000000
1649623427672046247 145.122438 0.000000
1649623427679052083 144.867889 0.000000
1649623427708065263 145.094294 0.000000
1649623427708238277 144.717968 0.000000
1649623427823332993 177.243745 0.000000
1649623427823396381 176.786127 0.000000
1649623427969882345 145.093062 0.000000
1649623427997771488 144.940176 0.000000
1649623428041906772 145.126755 0.000000
1649623428142923270 145.150009 0.000000
1649623428252494257 144.979419 0.000000
1649623428288670518 144.856258 0.000000
1649623428324747082 144.989048 0.000000
1649623428507644718 144.975872 0.000000
1649623428550361031 144.737825 0.000000
1649623428621887525 144.814851 0.000000
1649623428651766348 145.098321 0.000000
1649623428653114806 145.467202 0.000000
1649623428695741913 144.656804 0.000000
1649623428833431303 145.032728 0.000000
1649623428985630529 144.842012 0.000000
1649623429015236190 145.038129 0.000000
1649623429088764177 145.168093 0.000000
1649623429130247037 144.768513 0.000000
1649623429130312400 144.677843 0.000000
1649623429202595010 145.147654 0.000000
1649623429331186602 177.160829 0.000000
1649623429348986677 144.694955 0.000000
1649623429420441325 144.980811 0.000000
1649623429421140245 144.825529 0.000000
1649623429493904862 144.915660 0.000000
1649623429670449846 144.911801 0.000000
1649623429742474423 145.165787 0.000000
1649623429783513843 145.018602 0.000000
1649623429784305718 144.955304 0.000000
1649623429784380067 177.180797 0.000000
1649623429863172994 177.108351 0.000000
1649623430179196294 145.255406 0.000000
1649623430324330753 144.942940 0.000000
1649623430437808645 144.817564 0.000000
1649623430545858050 145.026728 0.000000
1649623430687177215 145.064028 0.000000
1649623430690915555 145.053568 0.000000
1649623430832418525 145.003584 0.000000
1649623430941367455 145.207085 0.000000
1649623431014345962 144.916832 0.000000
1649623431050928304 145.255396 0.000000
1649623431162388963 144.688803 0.000000
1649623431202632371 176.892947 0.000000
1649623431307940274 144.867358 0.000000
1649623431379834818 177.201064 0.000000
1649623431449919187 144.995930 0.000000
1649623431452178343 144.713080 0.000000
1649623431486553056 145.012951 0.000000
1649623431525916863 144.662264 0.000000
1649623431744092235 144.761771 0.000000
1649623431814868712 144.803187 0.000000
1649623431815540622 144.756861 0.000000
1649623431959036389 145.030314 0.000000
1649623431960540579 144.605938 0.000000
1649623432068266426 145.209900 0.000000
1649623432169818598 177.225509 0.000000
1649623432250761547 145.715549 0.000000
1649623432266609874 177.099895 0.000000
1649623432432324941 145.409455 0.000000
1649623432435375271 176.871757 0.000000
1649623432524143642 176.934194 0.000000
1649623432577384149 145.080307 0.000000
1649623432722926774 144.896443 0.000000
1649623432789890541 177.003864 0.000000
1649623432795820160 144.972296 0.000000
1649623432798935952 177.249165 0.000000
1649623432832129039 144.889971 0.000000
1649623432904672659 144.836900 0.000000
1649623432976276889 177.339915 0.000000
1649623433013517706 145.180195 0.000000
1649623433050492493 145.268981 0.000000
1649623433559124906 144.799792 0.000000
1649623433595370255 145.024704 0.000000
1649623433667849104 145.067161 0.000000
1649623433704262881 144.823647 0.000000
1649623433705838916 145.144929 0.000000
1649623433812509755 144.657795 0.000000
1649623433850043361 145.000878 0.000000
1649623433942838984 177.256808 0.000000
1649623434030897545 144.937259 0.000000
1649623434103221744 145.007671 0.000000
1649623434466413141 145.190745 0.000000
1649623434504494706 144.800343 0.000000
1649623434685762255 145.264924 0.000000
1649623434794781407 144.895360 0.000000
1649623435016736021 176.968966 0.000000
1649623435339411614 144.887024 0.000000
1649623435375913186 145.301596 0.000000
1649623435630334278 145.166539 0.000000
1649623435848566705 145.657688 0.000000
1649623435903730429 177.103322 0.000000
1649623436030928396 144.825429 0.000000
1649623436248880117 145.353798 0.000000
1649623436320835725 145.085838 0.000000
1649623436357772191 145.140309 0.000000
1649623436394035967 145.230169 0.000000
1649623436467468073 144.709723 0.000000
1649623436502377689 145.214099 0.000000
1649623436502450505 144.676630 0.000000
1649623436612375395 144.876885 0.000000
1649623436756737937 145.059508 0.000000
1649623436792942401 144.981943 0.000000
1649623436958420304 177.055091 0.000000
1649623437120263732 144.695787 0.000000
1649623437265824820 144.716645 0.000000
1649623437555747947 144.729087 0.000000
1649623437557226790 144.743494 0.000000
1649623437591879084 144.952878 0.000000
1649623437756662355 177.328153 0.000000
1649623437845122298 176.973016 0.000000
1649623437883307847 144.812815 0.000000
1649623438065798747 145.194008 0.000000
1649623438100782402 144.952877 0.000000
1649623438138750895 144.869692 0.000000
1649623438210599842 144.799532 0.000000
1649623438283689905 144.682760 0.000000
1649623438355787590 144.655490 0.000000
1649623438465261175 177.074298 0.000000
1649623438536591560 145.296783 0.000000
1649623438536617549 145.286434 0.000000
1649623438572825879 145.035953 0.000000
1649623438573917766 145.110763 0.000000
1649623438609551089 144.871775 0.000000
1649623438901000169 144.893506 0.000000
1649623438936572346 145.012339 0.000000
1649623439082417077 145.059218 0.000000
1649623439083301155 145.068075 0.000000
1649623439155771528 144.707508 0.000000
1649623439336478875 145.368968 0.000000
1649623439372353881 145.049729 0.000000
1649623439373227509 144.839956 0.000000
1649623439591696821 145.004565 0.000000
1649623439699658139 144.898797 0.000000
1649623439809176988 145.006007 0.000000
1649623439917570647 145.051825 0.000000
1649623440317482876 144.926949 0.000000
1649623440426422879 145.215009 0.000000
1649623440463580380 144.866035 0.000000
1649623440463911420 144.756539 0.000000
1649623440504670524 177.040222 0.000000
1649623440535096623 145.002331 0.000000
1649623440607743317 144.945505 0.000000
1649623440608884216 144.972345 0.000000
1649623440681740481 177.069376 0.000000
1649623440899384987 144.799070 0.000000
1649623441007452714 145.029181 0.000000
1649623441048905078 177.047846 0.000000
1649623441297939108 145.196446 0.000000
1649623441298712749 144.896403 0.000000
1649623441335455192 144.766930 0.000000
1649623441407313446 145.326708 0.000000
1649623441408361832 145.046022 0.000000
1649623441443092943 145.151971 0.000000
1649623441734059316 145.273648 0.000000
1649623441879120318 145.058958 0.000000
1649623442023833405 177.130962 0.000000
1649623442061964511 144.805110 0.000000
1649623442242775914 145.100444 0.000000
1649623442315797990 145.348759 0.000000
1649623442366522549 177.134809 0.000000
1649623442424672030 144.890382 0.000000
1649623442455146790 177.002632 0.000000
1649623442497677536 145.181876 0.000000
1649623442809362437 177.057845 0.000000
1649623442933457856 145.030041 0.000000
1649623442934508296 144.707847 0.000000
1649623442986494872 177.130471 0.000000
1649623443007642694 144.981311 0.000000
1649623443224710637 145.113057 0.000000
1649623443260863554 145.167159 0.000000
1649623443297937989 145.058408 0.000000
1649623443298475737 144.901323 0.000000
1649623443442485006 144.935656 0.000000
1649623443443930306 144.828334 0.000000
1649623443552019481 145.193527 0.000000
1649623443588603598 145.130850 0.000000
1649623443660670815 144.917294 0.000000
1649623443842917178 145.110483 0.000000
1649623444206080601 144.687600 0.000000
1649623444228727965 177.246909 0.000000
1649623444460318859 144.976232 0.000000
1649623444532838164 144.953790 0.000000
1649623444641537144 144.983045 0.000000
1649623444896291891 144.858360 0.000000
1649623444937152395 176.730501 0.000000
1649623445006183719 145.092088 0.000000
1649623445114232781 177.078332 0.000000
1649623445114396258 145.058486 0.000000
1649623445151401192 145.216040 0.000000
1649623445260121864 144.849995 0.000000
1649623445332159103 145.001097 0.000000
1649623445333094036 145.006307 0.000000
1649623445514005846 145.055578 0.000000
1649623445695527842 145.197867 0.000000
1649623445840794646 145.264580 0.000000
1649623445914058427 145.118647 0.000000
1649623446023428086 145.871410 0.000000
1649623446023761491 145.310899 0.000000
1649623446059538864 146.036650 0.000000
1649623446242419334 145.507776 0.000000
1649623446386508511 145.165795 0.000000
1649623446533061080 176.862889 0.000000
1649623446569788273 145.177839 0.000000
1649623446641417608 145.282046 0.000000
1649623446715218835 145.248851 0.000000
1649623446787134698 145.061049 0.000000
1649623446798922561 177.137263 0.000000
1649623446860462178 144.708961 0.000000
1649623447005895596 145.053766 0.000000
1649623447064778252 176.946326 0.000000
1649623447223642582 144.810351 0.000000
1649623447258659188 145.351194 0.000000
1649623447368461558 144.965160 0.000000
1649623447404463663 144.997552 0.000000
1649623447435474837 177.088340 0.000000
1649623447442363784 144.902292 0.000000
1649623447586442774 144.809149 0.000000
1649623448021949159 145.063233 0.000000
1649623448306893349 177.153254 0.000000
1649623448350173140 145.215341 0.000000
1649623448385157626 145.031395 0.000000
1649623448604268229 144.758234 0.000000
1649623448765414729 177.136422 0.000000
1649623448894232402 145.004665 0.000000
1649623449076585253 144.940165 0.000000
1649623449105386907 177.292175 0.000000
1649623449114009454 144.981031 0.000000
1649623449184908721 145.202164 0.000000
1649623449185904337 144.794220 0.000000
1649623449222089274 145.442525 0.000000
1649623449222210842 145.708254 0.000000
1649623449404396561 144.627747 0.000000
1649623449585211588 144.980810 0.000000
1649623449985011925 145.098710 0.000000
1649623450094912129 144.987983 0.000000
1649623450422167111 144.852850 0.000000
1649623450639734841 145.191042 0.000000
1649623450640522638 144.987992 0.000000
1649623450750103463 146.386656 0.000000
1649623450930419254 145.164664 0.000000
1649623451076580928 144.853691 0.000000
1649623451161387310 177.022368 0.000000
1649623451259200799 145.416776 0.000000
1649623451295346804 145.309205 0.000000
1649623451366236993 144.859153 0.000000
1649623451439800795 145.098169 0.000000
1649623451513512394 144.894286 0.000000
1649623451585056209 144.711024 0.000000
1649623451658892392 144.882905 0.000000
1649623451857183647 177.470656 0.000000
1649623451876973193 145.137392 0.000000
1649623452094330738 144.766757 0.000000
1649623452123062321 177.127815 0.000000
1649623452238935954 144.739658 0.000000
1649623452348205153 144.968185 0.000000
1649623452457845008 145.305990 0.000000
1649623452529515900 145.014290 0.000000
1649623452566830395 144.776686 0.000000
1649623452603056178 145.210218 0.000000
1649623452856896989 144.902210 0.000000
1649623452857966695 145.001757 0.000000
1649623452893366400 144.646181 0.000000
1649623453038699469 145.286513 0.000000
1649623453110844542 144.804780 0.000000
1649623453329340770 144.945190 0.000000
1649623453329979708 145.139334 0.000000
1649623453437993825 144.899155 0.000000
1649623453546827749 144.809859 0.000000
1649623453619952598 144.866294 0.000000
1649623453729902553 144.898184 0.000000
1649623453764569835 145.231338 0.000000
1649623453911685367 145.188949 0.000000
1649623454020629467 145.007990 0.000000
1649623454056501407 144.815519 0.000000
1649623454128225818 145.127584 0.000000
1649623454128238031 145.172848 0.000000
1649623454267272531 177.331756 0.000000
1649623454346132945 145.213216 0.000000
1649623454347224943 144.792005 0.000000
1649623454529662012 145.053616 0.000000
1649623454855599814 145.439509 0.000000
1649623455000575563 144.946985 0.000000
1649623455138891826 177.003551 0.000000
1649623455183168044 144.721703 0.000000
1649623455243321632 177.100333 0.000000
1649623455292704754 145.120940 0.000000
1649623455493216895 176.982041 0.000000
1649623455656320284 145.074306 0.000000
1649623455691226131 144.902290 0.000000
1649623455799933977 145.064454 0.000000
1649623455801244404 144.653363 0.000000
1649623455801373787 144.740426 0.000000
1649623455864018097 177.082750 0.000000
1649623455873907047 144.875490 0.000000
1649623455936535145 177.072483 0.000000
1649623456018718228 144.892954 0.000000
1649623456025330646 177.088721 0.000000
1649623456054260719 145.181233 0.000000
1649623456200136747 145.371161 0.000000
1649623456273032726 145.162748 0.000000
1649623456309470167 145.051471 0.000000
1649623456379625299 177.088041 0.000000
1649623456381729945 144.997680 0.000000
1649623456382764374 144.744646 0.000000
1649623456396420620 177.382312 0.000000
1649623456454491722 145.020513 0.000000
1649623456454676489 145.126262 0.000000
1649623456491333119 145.517504 0.000000
1649623456600320481 145.046983 0.000000
1649623456601011036 144.749685 0.000000
1649623456601419181 145.085355 0.000000
1649623456890603109 145.011355 0.000000
1649623456927908476 144.791042 0.000000
1649623456928551602 176.929722 0.000000
1649623456964300512 145.166416 0.000000
1649623457036390110 145.200962 0.000000
1649623457036403956 145.800216 0.000000
1649623457036404928 145.152021 0.000000
1649623457254910293 145.078090 0.000000
1649623457363858031 145.263309 0.000000
1649623457364900295 145.396418 0.000000
1649623457443741171 177.104751 0.000000
1649623457473471025 144.820698 0.000000
1649623457545691437 145.180483 0.000000
1649623457581725731 144.981179 0.000000
1649623457654679939 144.874087 0.000000
1649623457872986475 144.528411 0.000000
1649623458064459285 176.962474 0.000000
1649623458126829469 145.094162 0.000000
1649623458257936083 176.990405 0.000000
1649623458346735540 145.563489 0.000000
1649623458564618831 145.022195 0.000000
1649623458596214764 177.258789 0.000000
1649623458744965902 145.230917 0.000000
1649623458781435983 144.952596 0.000000
1649623458782023444 144.915727 0.000000
1649623458854396844 144.837120 0.000000
1649623459072781043 146.072344 0.000000
1649623459108779400 144.926396 0.000000
1649623459217834228 145.052143 0.000000
1649623459290322092 144.767829 0.000000
1649623459394734564 177.120629 0.000000
1649623459394772405 177.071256 0.000000
1649623459472141270 144.978913 0.000000
1649623459499438253 176.959026 0.000000
1649623459545453411 144.778278 0.000000
1649623459676647370 177.205571 0.000000
1649623459689890772 144.998393 0.000000
1649623459762271244 144.889958 0.000000
1649623460015697567 177.190541 0.000000
1649623460162941638 144.871853 0.000000
1649623460270810733 145.055599 0.000000
1649623460307820765 144.878506 0.000000
1649623460452982162 144.931676 0.000000
1649623460453527825 145.279679 0.000000
1649623460489174834 145.154675 0.000000
1649623460599402440 144.924573 0.000000
1649623460670817493 144.911028 0.000000
1649623460813695729 176.934882 0.000000
