1649623311694284505 145.148374 0.000000
1649623311694319270 145.194631 0.000000
1649623311723886940 145.180224 0.000000
1649623311849015176 145.626694 0.000000
1649623311917551138 145.089475 0.000000
1649623311921587064 145.607276 0.000000
1649623311994936280 145.301172 0.000000
1649623312014899314 145.054499 0.000000
1649623312015203013 144.799120 0.000000
1649623312062663507 145.109353 0.000000
1649623312066798378 144.973658 0.000000
1649623312077471006 177.182480 0.000000
1649623312566687436 145.124792 0.000000
1649623312574840451 144.938172 0.000000
1649623312647238684 144.902895 0.000000
1649623312793139389 144.771890 0.000000
1649623312864886332 144.880153 0.000000
1649623312865662066 144.818999 0.000000
1649623313141861700 177.151972 0.000000
1649623313221347439 145.079857 0.000000
1649623313324183504 145.143838 0.000000
1649623313371185678 145.180477 0.000000
1649623313446799408 144.956035 0.000000
1649623313591336949 144.884051 0.000000
1649623313664609521 145.194543 0.000000
1649623313759742014 144.726345 0.000000
1649623313832778683 144.843814 0.000000
1649623313905152340 144.666994 0.000000
1649623313948540329 145.028793 0.000000
1649623314172804621 145.087321 0.000000
1649623314268725261 144.843003 0.000000
1649623314414747816 145.496459 0.000000
1649623314456977611 145.023531 0.000000
1649623314649256161 176.949492 0.000000
1649623314777758832 145.075048 0.000000
1649623314777771246 145.108280 0.000000
1649623314826260467 144.899561 0.000000
1649623314965781884 145.090488 0.000000
1649623314971300280 145.038279 0.000000
1649623314996053583 144.894399 0.000000
1649623315110819252 145.035013 0.000000
1649623315183534108 144.931809 0.000000
1649623315262156139 144.881355 0.000000
1649623315262165196 144.907354 0.000000
1649623315328824280 145.034623 0.000000
1649623315910751903 145.581067 0.000000
1649623315916447881 145.078034 0.000000
1649623315916487005 145.214419 0.000000
1649623315988838461 145.207016 0.000000
1649623316014393719 144.942631 0.000000
1649623316134002305 145.034151 0.000000
1649623316232663132 145.008463 0.000000
1649623316346719921 145.268501 0.000000
1649623316450706983 145.302645 0.000000
1649623316570224379 144.836741 0.000000
1649623316688826670 176.873861 0.000000
1649623316715307052 145.079567 0.000000
1649623316788262700 144.831272 0.000000
1649623316860955595 145.137816 0.000000
1649623317078684906 144.799603 0.000000
1649623317224283015 145.243644 0.000000
1649623317437129480 145.053516 0.000000
1649623317613442671 144.640114 0.000000
1649623317733462370 145.403545 0.000000
1649623317977174610 145.571068 0.000000
1649623318122169607 145.356074 0.000000
1649623318163995147 145.265835 0.000000
1649623318169155932 144.918243 0.000000
1649623318170186013 145.425644 0.000000
1649623318267275435 145.103092 0.000000
1649623318267774390 144.851230 0.000000
1649623318315069483 145.058318 0.000000
1649623318386864855 144.936047 0.000000
1649623318387445684 144.902745 0.000000
1649623318413492744 144.801074 0.000000
1649623318460997400 145.249676 0.000000
1649623318963661110 144.968669 0.000000
1649623319114285040 144.734950 0.000000
1649623319431191355 144.617509 0.000000
1649623319439189780 176.934424 0.000000
1649623319623444417 145.126305 0.000000
1649623319835871810 144.996311 0.000000
1649623319867383322 144.980370 0.000000
1649623319986764243 145.104113 0.000000
1649623320303567815 144.940686 0.000000
1649623320375527747 145.009586 0.000000
1649623320375606435 144.648999 0.000000
1649623320641390803 145.269594 0.000000
1649623320739522017 145.030886 0.000000
1649623320787006696 144.944414 0.000000
1649623320925711442 145.156661 0.000000
1649623320957113430 144.872710 0.000000
1649623320958177165 144.824720 0.000000
1649623321005104297 145.339153 0.000000
1649623321143280271 144.935115 0.000000
1649623321248534339 145.118481 0.000000
1649623321248800067 144.897166 0.000000
1649623321295596705 144.937390 0.000000
1649623321320419370 145.199702 0.000000
1649623321393259681 144.755028 0.000000
1649623321440689437 144.977285 0.000000
1649623321465559530 145.138076 0.000000
1649623321512961393 145.015827 0.000000
1649623321579008769 144.980580 0.000000
1649623321757161799 144.559824 0.000000
1649623321949378742 145.107959 0.000000
1649623321949406364 145.035343 0.000000
1649623322159849166 145.274673 0.000000
1649623322193441551 145.072974 0.000000
1649623322240037913 144.969530 0.000000
1649623322312881852 145.150099 0.000000
1649623322385692638 144.967466 0.000000
1649623322458734977 145.855059 0.000000
1649623322458795311 145.296352 0.000000
1649623322530802190 145.107389 0.000000
1649623322596279540 145.160319 0.000000
1649623322741420020 144.901953 0.000000
1649623322821408082 145.114763 0.000000
1649623322821419874 145.110495 0.000000
1649623322966913647 144.959222 0.000000
1649623323065580425 144.847331 0.000000
1649623323065660335 144.903397 0.000000
1649623323076091610 176.992724 0.000000
1649623323257658980 145.187280 0.000000
1649623323467549986 144.965953 0.000000
1649623323475553720 144.902324 0.000000
1649623323547856725 144.833245 0.000000
1649623323765979612 145.191565 0.000000
1649623323766177914 145.342978 0.000000
1649623323838794337 144.701447 0.000000
1649623323911416280 144.983498 0.000000
1649623323975750566 145.139470 0.000000
1649623324082986417 144.967335 0.000000
1649623324229080817 144.992745 0.000000
1649623324229120071 144.888890 0.000000
1649623324274622472 145.114231 0.000000
1649623324275045695 145.079697 0.000000
1649623324347462163 145.062905 0.000000
1649623324347805767 145.220630 0.000000
1649623324347930922 145.093392 0.000000
1649623324420504083 145.456754 0.000000
1649623324519405540 145.058085 0.000000
1649623324556379915 144.849575 0.000000
1649623324664501639 145.094997 0.000000
1649623324846828381 145.030646 0.000000
1649623324929304437 145.168734 0.000000
1649623325028056284 145.089926 0.000000
1649623325064690341 145.371715 0.000000
1649623325464480767 145.156040 0.000000
1649623325573512226 145.206145 0.000000
1649623325582593750 144.769205 0.000000
1649623325583750699 145.296503 0.000000
1649623325610376874 144.996050 0.000000
1649623325682429469 145.137455 0.000000
1649623325729161928 144.913005 0.000000
1649623325874464592 144.908004 0.000000
1649623325874519304 144.915028 0.000000
1649623325936780534 144.839807 0.000000
1649623325946872584 145.113010 0.000000
1649623326019476793 145.010157 0.000000
1649623326092116538 145.242662 0.000000
1649623326119439981 144.781087 0.000000
1649623326191263326 145.127578 0.000000
1649623326237649746 145.027059 0.000000
1649623326310193431 145.374861 0.000000
1649623326337050199 145.151191 0.000000
1649623326382733570 145.032718 0.000000
1649623326482527521 145.001059 0.000000
1649623326626982125 144.974729 0.000000
1649623326627374601 144.845016 0.000000
1649623326673828347 145.130684 0.000000
1649623326673848475 145.073216 0.000000
1649623326700711334 144.841662 0.000000
1649623326746509351 144.920009 0.000000
1649623326845820757 145.107098 0.000000
1649623326892029322 145.049760 0.000000
1649623326918562333 145.047656 0.000000
1649623326964112395 144.962587 0.000000
1649623326964745261 145.087942 0.000000
1649623326991945453 144.809080 0.000000
1649623327063101357 145.002423 0.000000
1649623327063417920 144.822575 0.000000
1649623327063733512 145.208519 0.000000
1649623327109038043 144.780446 0.000000
1649623327110121554 144.990319 0.000000
1649623327254519653 144.790134 0.000000
1649623327426678515 144.880945 0.000000
1649623327644339177 145.065190 0.000000
1649623327908529567 144.868911 0.000000
1649623328043300359 176.886344 0.000000
1649623328126337646 145.050763 0.000000
1649623328226483958 145.029433 0.000000
1649623328272948714 145.622565 0.000000
1649623328397973925 177.147633 0.000000
1649623328489683761 145.214560 0.000000
1649623328490732657 145.003213 0.000000
1649623328563431684 144.979088 0.000000
1649623328563554895 144.998324 0.000000
1649623328590940975 144.763183 0.000000
1649623328707612956 145.200182 0.000000
1649623328781528153 145.120163 0.000000
1649623328926757721 145.172892 0.000000
1649623329062502026 144.732245 0.000000
1649623329071664132 144.715443 0.000000
1649623329099669644 145.128939 0.000000
1649623329217282991 144.992634 0.000000
1649623329217310642 144.942860 0.000000
1649623329317186396 145.174564 0.000000
1649623329498861387 145.271125 0.000000
1649623329580364579 144.792598 0.000000
1649623329608057825 145.136753 0.000000
1649623329681493753 145.084757 0.000000
1649623329725446861 145.039082 0.000000
1649623329726044261 145.147505 0.000000
1649623329862249239 144.933871 0.000000
1649623329871148142 145.100374 0.000000
1649623329898481413 144.945917 0.000000
1649623329943247325 145.036377 0.000000
1649623330044381469 144.878581 0.000000
1649623330088785391 145.024474 0.000000
1649623330162004053 144.922412 0.000000
1649623330306673591 144.996481 0.000000
1649623330335230325 145.275965 0.000000
1649623330524675252 145.156060 0.000000
1649623330553707147 145.287497 0.000000
1649623330598002486 145.176879 0.000000
1649623330626014891 145.013694 0.000000
1649623330742851772 145.283389 0.000000
1649623330771321052 144.701418 0.000000
1649623330916627072 145.062613 0.000000
1649623330961597417 144.869713 0.000000
1649623330970644247 177.210732 0.000000
1649623331061819391 144.890153 0.000000
1649623331544351901 145.321590 0.000000
1649623331616610412 144.834647 0.000000
1649623331752967637 145.207497 0.000000
1649623331762197681 144.787810 0.000000
1649623331862336528 144.939875 0.000000
1649623331935756687 145.291033 0.000000
1649623332043325533 145.246720 0.000000
1649623332079913804 144.946277 0.000000
1649623332125170796 144.900631 0.000000
1649623332406569957 145.187569 0.000000
1649623332415784862 144.775356 0.000000
1649623332443327706 145.213287 0.000000
1649623332444012029 144.952329 0.000000
1649623332478575514 177.066051 0.000000
1649623332479587331 145.311111 0.000000
1649623332516504719 145.031938 0.000000
1649623332778127665 145.098742 0.000000
1649623332779511359 145.234987 0.000000
1649623332807275848 145.106126 0.000000
1649623333351774825 144.814068 0.000000
1649623333432991851 144.774574 0.000000
1649623333461359020 144.747005 0.000000
1649623333505742644 144.906812 0.000000
1649623333651134878 144.868331 0.000000
1649623333787785252 144.927933 0.000000
1649623333825304717 145.505534 0.000000
1649623333867720493 144.925436 0.000000
1649623333986588763 176.913594 0.000000
1649623334086372546 144.854446 0.000000
1649623334159188060 144.834507 0.000000
1649623334296521635 145.312444 0.000000
1649623334449267032 144.855325 0.000000
1649623334514288888 144.879170 0.000000
1649623334514782743 144.880573 0.000000
1649623334697061236 144.834126 0.000000
1649623334740407055 145.009096 0.000000
1649623334811417256 144.952017 0.000000
1649623335023939095 145.172320 0.000000
1649623335030891729 144.795414 0.000000
1649623335030999681 144.799712 0.000000
1649623335206527818 144.966925 0.000000
1649623335247879309 144.935827 0.000000
1649623335393266300 144.972935 0.000000
1649623335611543980 144.987584 0.000000
1649623335756340656 145.126484 0.000000
1649623336042499110 144.825441 0.000000
1649623336120039532 144.913455 0.000000
1649623336152127326 145.088193 0.000000
1649623336187795853 145.168203 0.000000
1649623336292981402 177.487572 0.000000
1649623336410513636 144.932131 0.000000
1649623336558826504 177.175125 0.000000
1649623336805714048 144.975391 0.000000
1649623336878173585 144.989798 0.000000
1649623336950996514 144.881955 0.000000
1649623336992482126 145.196596 0.000000
1649623337096275633 144.847049 0.000000
1649623337210806412 145.121867 0.000000
1649623337269114731 177.152535 0.000000
1649623337283026572 145.143258 0.000000
1649623337314262909 145.356015 0.000000
1649623337350832425 145.119381 0.000000
1649623337568819750 145.478254 0.000000
1649623337646761926 144.943462 0.000000
1649623337791321357 144.972566 0.000000
1649623337859013828 144.899589 0.000000
1649623337890245517 177.215391 0.000000
1649623337932055767 144.761600 0.000000
1649623337936243418 144.921109 0.000000
1649623337937131483 144.955915 0.000000
1649623338155686982 144.798539 0.000000
1649623338227127310 145.323575 0.000000
1649623338445073898 144.833025 0.000000
1649623338551130740 145.096058 0.000000
1649623338587005503 145.389407 0.000000
1649623338987111280 145.089896 0.000000
1649623339026297441 145.233686 0.000000
1649623339026817967 144.899318 0.000000
1649623339131969332 144.856328 0.000000
1649623339171231234 144.931429 0.000000
1649623339313891055 145.020576 0.000000
1649623339317251003 144.731454 0.000000
1649623339388527614 144.773403 0.000000
1649623339422998816 144.924616 0.000000
1649623339496298739 145.272328 0.000000
1649623339604435340 144.988877 0.000000
1649623339605951542 144.850166 0.000000
1649623339607436315 144.863130 0.000000
1649623339714416867 144.751068 0.000000
1649623339897085542 145.056093 0.000000
1649623340077230966 145.166559 0.000000
1649623340150492648 144.777181 0.000000
1649623340333318937 145.071491 0.000000
1649623340441329141 145.263242 0.000000
1649623340514292733 144.939404 0.000000
1649623340621615247 144.832593 0.000000
1649623340695712656 144.748476 0.000000
1649623340767128206 145.024153 0.000000
1649623340804474308 145.141793 0.000000
1649623340839957386 144.956364 0.000000
1649623340913132065 145.269011 0.000000
1649623341059066734 144.921710 0.000000
1649623341240860027 144.598946 0.000000
1649623341277232144 145.031076 0.000000
1649623341421515938 145.267268 0.000000
1649623341495601114 144.850358 0.000000
1649623341531591884 144.858944 0.000000
1649623341640156017 144.957648 0.000000
1649623341823489777 145.037097 0.000000
1649623341930281787 145.125633 0.000000
1649623341967242266 144.977856 0.000000
1649623342367354014 145.128349 0.000000
1649623342476675135 145.091439 0.000000
1649623342512587228 145.388104 0.000000
1649623343021495894 145.146792 0.000000
1649623343057383763 144.903847 0.000000
1649623343058053849 144.747093 0.000000
1649623343166575421 145.078695 0.000000
1649623343275565090 144.802516 0.000000
1649623343301819228 177.305089 0.000000
1649623343421165363 144.692551 0.000000
1649623343602750825 144.850866 0.000000
1649623343603058321 145.045362 0.000000
1649623343639094117 145.261146 0.000000
1649623343711560508 145.171329 0.000000
1649623343784140021 145.125924 0.000000
1649623343965571645 145.082052 0.000000
1649623343966800720 145.102771 0.000000
1649623344038857813 145.224809 0.000000
1649623344075955660 145.398986 0.000000
1649623344112669866 144.907664 0.000000
1649623344148588753 144.807126 0.000000
1649623344184999189 144.682892 0.000000
1649623344403215725 144.859325 0.000000
1649623344438588396 144.849204 0.000000
1649623344439341829 144.726034 0.000000
1649623344475345093 144.927982 0.000000
1649623344620616068 144.960432 0.000000
1649623344620793661 145.117417 0.000000
1649623344621074998 144.777910 0.000000
1649623344766022598 144.946267 0.000000
1649623345056143338 144.990070 0.000000
1649623345165258253 145.203229 0.000000
1649623345165862516 144.765308 0.000000
1649623345201876982 145.007252 0.000000
1649623345237780178 145.029633 0.000000
1649623345347219220 144.972806 0.000000
1649623345455915700 145.224067 0.000000
1649623345519158089 176.952728 0.000000
1649623345564797457 145.231192 0.000000
1649623345565929750 144.667535 0.000000
1649623345928144835 144.908947 0.000000
1649623346074924929 145.359231 0.000000
1649623346147103590 145.582249 0.000000
1649623346327817458 145.110984 0.000000
1649623346401607000 144.948651 0.000000
1649623346437523251 145.045602 0.000000
1649623346438179882 144.843023 0.000000
1649623346509845762 145.088203 0.000000
1649623346727615308 144.815341 0.000000
1649623346801726962 144.859192 0.000000
1649623347018453835 145.329966 0.000000
1649623347055459678 144.721925 0.000000
1649623347200985100 145.112348 0.000000
1649623347381692967 177.178171 0.000000
1649623347381762859 145.101908 0.000000
1649623347382222280 144.949472 0.000000
1649623347382864844 144.745369 0.000000
1649623347527985007 145.119521 0.000000
1649623347600866817 144.973337 0.000000
1649623347672921986 144.880964 0.000000
1649623347854195134 144.994888 0.000000
1649623347964080212 144.684605 0.000000
1649623348035816545 145.254575 0.000000
1649623348218377727 144.789693 0.000000
1649623348291195315 145.337499 0.000000
1649623348327650527 145.208558 0.000000
1649623348327721119 144.931388 0.000000
1649623348362975790 144.762292 0.000000
1649623348581354839 144.807937 0.000000
1649623348617833955 144.906791 0.000000
1649623348835778259 144.834708 0.000000
1649623348872501463 145.012642 0.000000
1649623348909043117 145.121175 0.000000
1649623349053972752 145.036165 0.000000
1649623349163088408 144.987474 0.000000
1649623349307812558 145.156160 0.000000
1649623349345218621 144.777549 0.000000
1649623349345226135 144.815981 0.000000
1649623349490530013 144.704875 0.000000
1649623349599087954 144.791307 0.000000
1649623349776842685 177.081219 0.000000
1649623350070576940 144.837031 0.000000
1649623350289947558 145.446204 0.000000
1649623350435020120 145.071660 0.000000
1649623350470663571 145.241370 0.000000
1649623350653274616 144.910118 0.000000
1649623350653314781 144.934163 0.000000
1649623350725693658 145.135822 0.000000
1649623350798563926 145.707384 0.000000
1649623350870652328 145.104764 0.000000
1649623351016852134 145.234426 0.000000
1649623351088646205 145.318975 0.000000
1649623351197860205 144.789292 0.000000
1649623351198464047 144.883399 0.000000
1649623351235054822 145.160948 0.000000
1649623351452217401 144.949914 0.000000
1649623351453300130 144.903185 0.000000
1649623351561237778 145.313755 0.000000
1649623351562448678 144.799872 0.000000
1649623351634476216 145.103271 0.000000
1649623351743428886 145.022158 0.000000
1649623351744091488 145.329925 0.000000
1649623351744116525 144.909808 0.000000
1649623351779551974 145.220390 0.000000
1649623351780055829 145.019483 0.000000
1649623351962699717 145.089255 0.000000
1649623351997926274 145.074838 0.000000
1649623352034058321 144.842613 0.000000
1649623352106296443 145.108641 0.000000
1649623352180328839 145.086719 0.000000
1649623352543272259 144.846640 0.000000
1649623352543799788 144.852872 0.000000
1649623352580067607 144.956325 0.000000
1649623352760775626 145.028200 0.000000
1649623352833550334 145.106777 0.000000
1649623352907381193 145.098462 0.000000
1649623353051422232 145.056122 0.000000
1649623353051452929 145.078454 0.000000
1649623353124806153 144.763954 0.000000
1649623353125266656 144.804320 0.000000
1649623353269590314 145.103440 0.000000
1649623353342441677 145.390130 0.000000
1649623353342467957 145.522759 0.000000
1649623353343203265 145.109283 0.000000
1649623353379564561 145.042168 0.000000
1649623353502986316 177.159937 0.000000
1649623353524492734 145.093693 0.000000
1649623353560498792 145.419604 0.000000
1649623353561495270 145.005748 0.000000
1649623353597688812 145.259484 0.000000
1649623353669638984 145.145529 0.000000
1649623353778518377 145.172450 0.000000
1649623353887767363 144.807537 0.000000
1649623353997015777 144.706926 0.000000
1649623354069019311 145.158704 0.000000
1649623354069675261 145.078434 0.000000
1649623354070480560 144.896022 0.000000
1649623354106537275 144.894259 0.000000
1649623354107045077 145.115724 0.000000
1649623354251052262 144.876185 0.000000
1649623354251053855 144.809900 0.000000
1649623354397255355 144.741222 0.000000
1649623354432988263 144.841881 0.000000
1649623354478605239 177.152672 0.000000
1649623354578019058 145.062254 0.000000
1649623354651870445 145.518970 0.000000
1649623354724604778 145.914321 0.000000
1649623354724652958 144.740551 0.000000
1649623354942529745 145.273530 0.000000
1649623355015179859 145.528036 0.000000
1649623355052097337 145.346045 0.000000
1649623355124027483 145.083775 0.000000
1649623355269340417 145.312202 0.000000
1649623355306570011 144.926590 0.000000
1649623355523838868 144.934715 0.000000
1649623355559997633 144.954101 0.000000
1649623355560924972 144.956205 0.000000
1649623355596968823 144.764547 0.000000
1649623355633004557 144.840598 0.000000
1649623355705395327 144.855597 0.000000
1649623355815377096 145.021498 0.000000
1649623355850524846 144.815611 0.000000
1649623355888154390 144.900011 0.000000
1649623356074653574 177.121355 0.000000
1649623356105560534 145.179503 0.000000
1649623356214196901 144.852972 0.000000
1649623356359740418 145.063497 0.000000
1649623356469617801 145.017951 0.000000
1649623356541426699 144.919757 0.000000
1649623356541498193 144.945725 0.000000
1649623356759437237 144.986071 0.000000
1649623356905158206 145.227323 0.000000
1649623356940754968 145.211744 0.000000
1649623356978020198 144.788661 0.000000
1649623357013346433 145.028611 0.000000
1649623357050413682 145.552422 0.000000
1649623357050448928 144.895270 0.000000
1649623357268790937 144.657526 0.000000
1649623357316769240 177.053767 0.000000
1649623357523294247 144.836981 0.000000
1649623357558643185 144.886065 0.000000
1649623357812856170 145.047847 0.000000
1649623358104093203 145.329596 0.000000
1649623358176793903 145.001821 0.000000
1649623358286002503 145.002121 0.000000
1649623358358912365 144.940335 0.000000
1649623358394599026 144.854795 0.000000
1649623358432016480 144.829026 0.000000
1649623358612749756 145.458547 0.000000
1649623358614045976 145.505135 0.000000
1649623358649584138 144.870474 0.000000
1649623358649849315 145.132415 0.000000
1649623359001954677 177.127986 0.000000
1649623359085994514 145.178562 0.000000
1649623359086507435 145.225168 0.000000
1649623359158824126 144.930628 0.000000
1649623359268558772 144.959622 0.000000
1649623359486555684 145.091179 0.000000
1649623359486653357 145.163074 0.000000
1649623359522994274 144.946067 0.000000
1649623359740279112 145.196756 0.000000
1649623359741166325 145.047316 0.000000
1649623359958611753 145.246410 0.000000
1649623360032057670 144.974229 0.000000
1649623360104888404 145.085368 0.000000
1649623360395939208 145.369600 0.000000
1649623360396148310 145.421187 0.000000
1649623360467639753 145.135201 0.000000
1649623360468045042 145.360052 0.000000
1649623360613024841 144.978717 0.000000
1649623360613604719 145.041926 0.000000
1649623360757866312 144.939344 0.000000
1649623360759112368 144.641686 0.000000
1649623360904424700 144.909046 0.000000
1649623361013969991 144.798038 0.000000
1649623361194112278 145.117377 0.000000
1649623361412121674 145.041015 0.000000
1649623361413274776 145.410096 0.000000
1649623361631294090 145.249015 0.000000
1649623361921936529 145.607687 0.000000
1649623361922310079 145.299428 0.000000
1649623361993846906 145.180725 0.000000
1649623362031433639 145.029392 0.000000
1649623362066758732 144.820991 0.000000
1649623362103769215 144.936109 0.000000
1649623362211795487 145.034742 0.000000
1649623362213157701 144.954922 0.000000
1649623362285405383 144.870515 0.000000
1649623362357140813 145.342330 0.000000
1649623362431206472 144.953831 0.000000
1649623362461745723 177.468856 0.000000
1649623362539536033 145.025665 0.000000
1649623362649137610 144.968138 0.000000
1649623362720727317 144.905289 0.000000
1649623362904761932 177.103491 0.000000
1649623362938657194 144.862809 0.000000
1649623362939564825 144.955964 0.000000
1649623362976530073 144.984969 0.000000
1649623363011966615 145.264744 0.000000
1649623363156870903 145.246530 0.000000
1649623363302807585 145.025424 0.000000
1649623363375761348 144.809588 0.000000
1649623363411973855 145.033238 0.000000
1649623363485540890 145.273560 0.000000
1649623363521196062 144.815663 0.000000
1649623363593567183 145.501036 0.000000
1649623363739766718 145.031245 0.000000
1649623363811249355 145.144598 0.000000
1649623363921600738 144.732065 0.000000
1649623364066493624 144.890732 0.000000
1649623364174737957 144.723749 0.000000
1649623364393304236 145.124702 0.000000
1649623364429153001 145.101267 0.000000
1649623364539450613 145.126394 0.000000
1649623364574619583 145.464388 0.000000
1649623364575654723 145.028260 0.000000
1649623364684907156 144.954422 0.000000
1649623364901935651 144.821802 0.000000
1649623365119692173 144.993786 0.000000
1649623365266593856 145.115324 0.000000
1649623365338241171 145.249625 0.000000
1649623365375041007 145.573712 0.000000
1649623365375122811 144.636675 0.000000
1649623365992816603 145.149709 0.000000
1649623365992923043 144.956947 0.000000
1649623366137763550 145.277286 0.000000
1649623366428025626 145.063997 0.000000
1649623366573154043 145.125601 0.000000
1649623366610826878 144.873990 0.000000
1649623367083519721 145.184473 0.000000
1649623367083603077 145.147303 0.000000
1649623367083901907 145.516976 0.000000
1649623367192332689 144.638199 0.000000
1649623367263749401 145.070097 0.000000
1649623367301144465 144.707850 0.000000
1649623367301728520 144.878870 0.000000
1649623367447048568 144.790054 0.000000
1649623367591110286 144.823887 0.000000
1649623367591734806 144.685357 0.000000
1649623367664134461 144.774804 0.000000
1649623367701182494 144.886224 0.000000
1649623367701250562 144.945275 0.000000
1649623367736547291 144.811553 0.000000
1649623367882131143 145.198490 0.000000
1649623367882586166 144.929055 0.000000
1649623367954463964 145.129791 0.000000
1649623368246530321 145.912938 0.000000
1649623368246613337 145.044360 0.000000
1649623368316314252 177.017929 0.000000
1649623368427651210 145.049378 0.000000
1649623368501422428 144.874250 0.000000
1649623368536366476 145.149997 0.000000
1649623368609270498 145.284882 0.000000
1649623368645507140 145.267180 0.000000
1649623368683136824 144.951037 0.000000
1649623368754531195 145.178693 0.000000
1649623368790932966 145.100166 0.000000
1649623369228253246 144.757161 0.000000
1649623369263425894 144.757142 0.000000
1649623369299946548 144.747744 0.000000
1649623369373484808 144.942420 0.000000
1649623369481544625 145.541854 0.000000
1649623369482142445 144.730643 0.000000
1649623369554252357 145.325627 0.000000
1649623369664659935 145.254906 0.000000
1649623369772769754 144.681690 0.000000
1649623369990497111 144.949802 0.000000
1649623370064516083 145.544217 0.000000
1649623370100030391 145.009838 0.000000
1649623370172754854 144.941247 0.000000
1649623370355233332 145.607486 0.000000
1649623370464302520 145.182048 0.000000
1649623370712106480 177.116144 0.000000
1649623370717542201 144.801675 0.000000
1649623370863340764 144.898105 0.000000
1649623370864180047 145.053526 0.000000
1649623370935606158 145.321289 0.000000
1649623370936659623 145.334584 0.000000
1649623371008456338 144.766169 0.000000
1649623371081136309 145.109352 0.000000
1649623371155177421 145.181997 0.000000
1649623371155335928 177.124880 0.000000
1649623371191245898 145.634215 0.000000
1649623371191439070 144.808497 0.000000
1649623371372469973 144.913634 0.000000
1649623371444252813 145.041716 0.000000
1649623371481918863 144.877256 0.000000
1649623371518541940 144.742946 0.000000
1649623371589302282 145.047766 0.000000
1649623371591076919 144.648107 0.000000
1649623371776364381 176.896992 0.000000
1649623371808787053 144.822924 0.000000
1649623371918381727 144.850577 0.000000
1649623372026267225 144.743895 0.000000
1649623372136375423 145.174454 0.000000
1649623372209467687 144.787209 0.000000
1649623372243580738 145.022921 0.000000
1649623372426726094 144.580811 0.000000
1649623372461730916 144.771017 0.000000
1649623372535300766 145.118241 0.000000
1649623372572396038 144.787370 0.000000
1649623372606962308 145.243454 0.000000
1649623372607334445 144.855205 0.000000
1649623372751998072 144.903897 0.000000
1649623372825700149 144.872659 0.000000
1649623372897888468 144.831893 0.000000
1649623373080459027 144.979328 0.000000
1649623373153057646 144.949964 0.000000
1649623373189047435 145.186517 0.000000
1649623373189143445 144.825129 0.000000
1649623373697755724 144.988726 0.000000
1649623373734129613 145.239095 0.000000
1649623374024600881 144.846760 0.000000
1649623374098180318 145.254154 0.000000
1649623374279774056 144.805392 0.000000
1649623374351307227 145.051675 0.000000
1649623374424179047 145.088943 0.000000
1649623374461116753 145.402832 0.000000
1649623374787689267 144.947186 0.000000
1649623374860376292 144.943119 0.000000
1649623374860697644 145.513057 0.000000
1649623374880902051 177.343700 0.000000
1649623375043418986 144.773401 0.000000
1649623375151548503 144.637356 0.000000
1649623375260929868 144.693803 0.000000
1649623375297468165 144.853313 0.000000
1649623375297562853 144.880063 0.000000
1649623375369243119 145.203027 0.000000
1649623375442797950 145.432317 0.000000
1649623375661225939 144.650672 0.000000
1649623375734211013 145.006409 0.000000
1649623375855990369 177.130633 0.000000
1649623375915089541 144.851729 0.000000
1649623376023734454 145.289199 0.000000
1649623376096463868 144.930778 0.000000
1649623376168915771 145.179243 0.000000
1649623376314115372 145.197938 0.000000
1649623376315467176 144.985490 0.000000
1649623376352111883 144.866748 0.000000
1649623376424963244 145.130841 0.000000
1649623376459410612 144.972705 0.000000
1649623376476829748 177.145129 0.000000
1649623376569410656 145.226973 0.000000
1649623376604641802 144.997191 0.000000
1649623376605540837 145.003833 0.000000
1649623376824271334 145.494913 0.000000
1649623376860618123 145.558274 0.000000
1649623377005488517 144.563198 0.000000
1649623377041364142 145.214509 0.000000
1649623377041420638 144.694985 0.000000
1649623377078308331 145.055231 0.000000
1649623377114426209 145.408612 0.000000
1649623377185800232 177.147462 0.000000
1649623377222946769 145.017198 0.000000
1649623377332052096 145.671927 0.000000
1649623377367813126 144.865986 0.000000
1649623377368801509 144.909267 0.000000
1649623377550216301 145.052535 0.000000
1649623377659938674 145.326809 0.000000
1649623377806520667 177.038037 0.000000
1649623377987119769 144.734778 0.000000
1649623377987523215 145.147231 0.000000
1649623377987636778 144.761698 0.000000
1649623378059657213 145.082460 0.000000
1649623378060072171 144.943159 0.000000
1649623378278035020 145.026196 0.000000
1649623378313171740 145.238293 0.000000
1649623378314282903 144.640433 0.000000
1649623378423506190 145.026045 0.000000
1649623378605136427 145.484495 0.000000
1649623378714471173 145.298636 0.000000
1649623378749920369 145.003253 0.000000
1649623378786490235 144.945103 0.000000
1649623378858462829 145.037186 0.000000
1649623379003402785 144.939565 0.000000
1649623379004565354 144.876717 0.000000
1649623379148920841 145.630577 0.000000
1649623379221337179 145.020265 0.000000
1649623379584949822 145.246129 0.000000
1649623379585743100 144.891604 0.000000
1649623379731764415 145.441058 0.000000
1649623379803017855 145.163571 0.000000
1649623379803866556 144.807514 0.000000
1649623379934247324 177.182798 0.000000
1649623379949104527 145.236819 0.000000
1649623380239780830 144.721217 0.000000
1649623380240029727 144.978801 0.000000
1649623380377691270 177.133905 0.000000
1649623380457029453 145.320092 0.000000
1649623380565723219 145.283735 0.000000
1649623380966375202 144.601805 0.000000
1649623381038492808 144.919032 0.000000
1649623381184480552 145.164571 0.000000
1649623381292991305 144.976288 0.000000
1649623381329846360 144.815947 0.000000
1649623381511787499 144.761866 0.000000
1649623381548480871 144.820196 0.000000
1649623381584538341 144.763810 0.000000
1649623381621197348 144.791320 0.000000
1649623381766483968 144.814444 0.000000
1649623381802448083 145.184849 0.000000
1649623381875159250 145.184799 0.000000
1649623382275674817 145.179559 0.000000
1649623382346915076 145.148610 0.000000
1649623382420329502 144.653854 0.000000
1649623382493743637 145.100240 0.000000
1649623382528724680 145.101024 0.000000
1649623382602783383 145.086826 0.000000
1649623382638673278 144.805498 0.000000
1649623382709981103 145.102693 0.000000
1649623382893479482 144.849379 0.000000
1649623382928907862 144.994682 0.000000
1649623383184231267 145.388420 0.000000
1649623383510299620 145.107815 0.000000
1649623383510317564 145.091153 0.000000
1649623383511325153 145.162346 0.000000
1649623383546999465 144.794507 0.000000
1649623383729139076 145.086946 0.000000
1649623383837382950 177.189642 0.000000
1649623383874560971 145.421064 0.000000
1649623383946489259 144.875420 0.000000
1649623384056695731 144.869366 0.000000
1649623384346181951 144.804505 0.000000
1649623384600815432 145.062610 0.000000
1649623384747091807 145.029036 0.000000
1649623384782370286 145.073049 0.000000
1649623384819846816 145.066927 0.000000
1649623384927637900 145.266522 0.000000
1649623385036389104 145.059734 0.000000
1649623385037930714 145.058141 0.000000
1649623385110741749 145.802807 0.000000
1649623385327181053 144.908391 0.000000
1649623385327719332 144.831957 0.000000
1649623385327878701 144.576007 0.000000
1649623385363353599 144.862795 0.000000
1649623385365041233 144.688227 0.000000
1649623385472309555 145.128102 0.000000
1649623385473839083 144.872683 0.000000
1649623385545917935 144.784277 0.000000
1649623385580967785 145.001655 0.000000
1649623385582081563 145.356801 0.000000
1649623385873575519 144.801870 0.000000
1649623385909739428 144.963474 0.000000
1649623386164248905 145.098937 0.000000
1649623386345087306 145.137549 0.000000
1649623386454489981 145.418847 0.000000
1649623386490951989 145.064883 0.000000
1649623386491066283 145.004610 0.000000
1649623386526255575 144.809224 0.000000
1649623386563047662 144.954377 0.000000
1649623386743827122 145.032753 0.000000
1649623386781072749 144.897630 0.000000
1649623387034789441 144.722823 0.000000
1649623387071780290 144.671486 0.000000
1649623387144214779 144.939329 0.000000
1649623387252831249 145.096092 0.000000
1649623387435941319 144.691482 0.000000
1649623387507406118 144.992977 0.000000
1649623387508288202 145.593904 0.000000
1649623387563456175 176.951161 0.000000
1649623387688853892 145.106802 0.000000
1649623387726677543 144.950399 0.000000
1649623387918351310 177.225606 0.000000
1649623387944295847 144.805437 0.000000
1649623388088217797 144.911265 0.000000
1649623388233716535 145.260561 0.000000
1649623388343819944 145.202481 0.000000
1649623388451856176 144.831466 0.000000
1649623388452167460 144.710329 0.000000
1649623388487707920 145.025008 0.000000
1649623388814924807 145.339268 0.000000
1649623388887287009 144.969826 0.000000
1649623388887726163 144.825525 0.000000
1649623388893711626 177.066408 0.000000
1649623388924899224 144.615681 0.000000
1649623388996652645 145.338106 0.000000
1649623388997834211 144.903471 0.000000
1649623389033565779 144.949607 0.000000
1649623389178173415 145.312007 0.000000
1649623389179218514 144.935511 0.000000
1649623389248232548 177.071366 0.000000
1649623389323198765 145.023316 0.000000
1649623389325053562 145.120588 0.000000
1649623389470129545 144.939617 0.000000
1649623389542785761 144.834563 0.000000
1649623389724856019 144.877190 0.000000
1649623389942347216 144.936584 0.000000
1649623389978735926 145.705465 0.000000
1649623390015370958 144.845201 0.000000
1649623390051187816 145.063631 0.000000
1649623390051557329 144.857585 0.000000
1649623390123946301 145.208852 0.000000
1649623390124361229 145.159750 0.000000
1649623390305198368 144.909132 0.000000
1649623390342447612 144.637322 0.000000
1649623390414233152 144.889995 0.000000
1649623390451165712 145.015509 0.000000
1649623390487053965 145.195388 0.000000
1649623390559403433 145.168848 0.000000
1649623390924323365 144.920564 0.000000
1649623390995881469 145.086193 0.000000
1649623391105849042 145.579927 0.000000
1649623391288285499 144.989962 0.000000
1649623391432100178 145.062168 0.000000
1649623391553412334 176.947385 0.000000
1649623391578844550 144.865860 0.000000
1649623391615371930 145.208191 0.000000
1649623391615645243 145.056367 0.000000
1649623391651210339 144.836816 0.000000
1649623391686877296 144.837045 0.000000
1649623391730432414 177.019068 0.000000
1649623391978341755 144.808753 0.000000
1649623391978755120 144.916555 0.000000
1649623392014780840 145.141547 0.000000
1649623392087475054 144.913388 0.000000
1649623392195858008 144.833410 0.000000
1649623392232273358 144.874286 0.000000
1649623392305059114 144.622543 0.000000
1649623392668632309 145.138220 0.000000
1649623392704525300 145.367470 0.000000
1649623392741185960 145.084139 0.000000
1649623392886521951 145.041469 0.000000
1649623393067562741 144.783846 0.000000
1649623393104250572 145.219743 0.000000
1649623393396396107 144.877290 0.000000
1649623393431538079 145.357862 0.000000
1649623393540812144 144.913830 0.000000
1649623393542088948 145.279576 0.000000
1649623393940394378 145.013628 0.000000
1649623393978001764 144.853668 0.000000
1649623394087559759 144.772714 0.000000
1649623394159544423 144.679750 0.000000
1649623394267983420 145.435046 0.000000
1649623394268187803 144.990893 0.000000
1649623394268563588 144.601163 0.000000
1649623394304041751 176.993640 0.000000
1649623394486164047 145.112763 0.000000
1649623394558964563 144.864869 0.000000
1649623394667604927 144.902589 0.000000
1649623394704219651 144.965636 0.000000
1649623394705019100 144.955426 0.000000
1649623394740580609 145.198252 0.000000
1649623394849210294 144.987196 0.000000
1649623394849214783 144.992947 0.000000
1649623394922549569 144.650285 0.000000
1649623395102233454 177.218143 0.000000
1649623395176543258 145.358444 0.000000
1649623395323064841 145.072817 0.000000
1649623395358029461 145.069751 0.000000
1649623395466937638 145.078367 0.000000
1649623395467753769 145.200156 0.000000
1649623395503253412 145.221897 0.000000
1649623395504477627 145.406683 0.000000
1649623395758271131 145.144762 0.000000
1649623395794985421 145.277621 0.000000
1649623395868028720 145.725931 0.000000
1649623396048638742 145.229723 0.000000
1649623396166484658 177.056838 0.000000
1649623396231666656 145.259748 0.000000
1649623396377301868 144.870367 0.000000
1649623396449026534 145.099608 0.000000
1649623396450104756 145.089478 0.000000
1649623396740621657 144.792742 0.000000
1649623396848427948 145.056758 0.000000
1649623396885498557 144.989612 0.000000
1649623396885622700 145.000672 0.000000
1649623396993506366 145.076354 0.000000
1649623397031554379 144.928498 0.000000
1649623397103699002 144.960408 0.000000
1649623397139872920 144.877783 0.000000
1649623397176570018 144.704376 0.000000
1649623397358109942 144.946039 0.000000
1649623397612096967 144.944907 0.000000
1649623397612471720 145.269385 0.000000
1649623397648674071 145.088476 0.000000
1649623397684301584 145.129413 0.000000
1649623397794821294 144.782204 0.000000
1649623397903319753 144.866079 0.000000
1649623397939891406 145.069280 0.000000
1649623397976235032 144.808832 0.000000
1649623398193790987 145.088346 0.000000
1649623398303197158 145.007625 0.000000
1649623398303250207 144.761242 0.000000
1649623398485009112 144.971637 0.000000
1649623398521672527 144.974011 0.000000
1649623398703423998 145.000922 0.000000
1649623398921261311 145.112351 0.000000
1649623399004904145 176.791892 0.000000
1649623399175063510 145.096571 0.000000
1649623399247986493 144.853115 0.000000
1649623399357247301 145.166502 0.000000
1649623399357520023 145.398287 0.000000
1649623399393126666 145.221095 0.000000
1649623399539994599 144.944306 0.000000
1649623399648835480 144.927425 0.000000
1649623399793649883 144.813942 0.000000
1649623399793903508 144.841233 0.000000
1649623399975241103 145.683412 0.000000
1649623400157730126 145.158366 0.000000
1649623400230171787 145.367810 0.000000
1649623400339399433 144.757185 0.000000
1649623400339818759 145.119715 0.000000
1649623400483191568 145.109586 0.000000
1649623400666788928 144.655161 0.000000
1649623400738573206 145.338784 0.000000
1649623400739473975 144.981673 0.000000
1649623400774305816 145.008485 0.000000
1649623400775006811 144.961336 0.000000
1649623400883726364 145.152126 0.000000
1649623400955642910 177.267362 0.000000
1649623401065557224 144.739282 0.000000
1649623401101792055 144.875196 0.000000
1649623401102426685 144.902878 0.000000
1649623401137914015 145.291246 0.000000
1649623401173904369 145.253847 0.000000
1649623401393076735 144.921563 0.000000
1649623401428595354 145.118663 0.000000
1649623401537916385 144.838668 0.000000
1649623401574873561 145.122290 0.000000
1649623401756693400 144.704266 0.000000
1649623402010470892 145.256702 0.000000
1649623402120741594 144.720958 0.000000
1649623402229476205 144.790257 0.000000
1649623402266817131 145.839535 0.000000
1649623402301348138 145.390062 0.000000
1649623402484749300 145.187300 0.000000
1649623402519433524 145.303629 0.000000
1649623402556665776 144.867660 0.000000
1649623402702145466 144.600120 0.000000
1649623402847571395 145.015800 0.000000
1649623402882900899 145.126838 0.000000
1649623402906198533 177.054323 0.000000
1649623403210451528 144.775518 0.000000
1649623403246510680 145.173616 0.000000
1649623403283748883 145.041146 0.000000
1649623403501211062 145.257392 0.000000
1649623403502361409 145.208090 0.000000
1649623403574267586 145.153809 0.000000
1649623403610178069 145.326032 0.000000
1649623403646448398 145.164068 0.000000
1649623403719562589 145.294232 0.000000
1649623403755264571 145.084478 0.000000
1649623403792702819 177.036078 0.000000
1649623404010380753 145.485280 0.000000
1649623404155832901 145.223800 0.000000
1649623404191576191 145.044033 0.000000
1649623404336951604 145.368991 0.000000
1649623404336955602 145.025176 0.000000
1649623404337826595 144.916934 0.000000
1649623404373789737 145.100509 0.000000
1649623404502018571 177.039556 0.000000
1649623404664822333 145.050334 0.000000
1649623404679094134 177.074461 0.000000
1649623404701104574 145.175128 0.000000
1649623404775321213 145.916479 0.000000
1649623404775388288 145.513342 0.000000
1649623404846390460 145.283792 0.000000
1649623404956693671 145.157344 0.000000
1649623405173811115 144.910753 0.000000
1649623405209431133 145.274405 0.000000
1649623405209916443 144.690621 0.000000
1649623405537511464 145.585176 0.000000
1649623405646283616 144.912757 0.000000
1649623405755593786 144.922354 0.000000
1649623405828760055 144.759368 0.000000
1649623405973229540 145.833323 0.000000
1649623406046909813 145.159919 0.000000
1649623406082882373 144.577497 0.000000
1649623406154838133 145.067176 0.000000
1649623406300343700 144.847543 0.000000
1649623406554961797 145.126897 0.000000
1649623406556167468 145.251261 0.000000
1649623406591193403 144.911344 0.000000
1649623406845827580 144.974783 0.000000
1649623406846013278 145.208762 0.000000
1649623406990822299 144.806878 0.000000
1649623406991839988 144.975754 0.000000
1649623407074159920 177.144562 0.000000
1649623407100365146 145.056325 0.000000
1649623407136283404 144.766522 0.000000
1649623407209169006 144.766292 0.000000
1649623407427355752 145.058618 0.000000
1649623407499335858 145.006431 0.000000
1649623407536513858 145.269624 0.000000
1649623407644785281 145.347572 0.000000
1649623407645881777 144.667206 0.000000
1649623407789860832 144.992655 0.000000
1649623407862404023 144.807047 0.000000
1649623407863361408 144.891786 0.000000
1649623407973157610 145.573565 0.000000
1649623408007585042 144.996463 0.000000
1649623408117462255 144.766621 0.000000
1649623408371435262 144.812337 0.000000
1649623408408407356 145.324488 0.000000
1649623408443864109 145.204163 0.000000
1649623408481712315 145.321843 0.000000
1649623408589447743 144.726066 0.000000
1649623408626886141 145.172914 0.000000
1649623408662885710 144.921742 0.000000
1649623408808167559 145.563958 0.000000
1649623408809120225 145.128331 0.000000
1649623408881172174 145.755936 0.000000
1649623408916627925 145.017111 0.000000
1649623408989421676 145.041226 0.000000
1649623409114087949 177.119304 0.000000
1649623409171234080 144.835140 0.000000
1649623409317326948 144.843476 0.000000
1649623409380010973 176.984271 0.000000
1649623409426263187 144.635336 0.000000
1649623409462454216 144.836213 0.000000
1649623409463040836 144.897848 0.000000
1649623409499115728 144.885645 0.000000
1649623409716955954 144.969481 0.000000
1649623409971742137 145.467897 0.000000
1649623410080288975 144.570153 0.000000
1649623410116160624 144.846691 0.000000
1649623410333818571 145.041278 0.000000
1649623410406809610 144.721056 0.000000
1649623410444334851 144.873391 0.000000
1649623410552976628 144.999800 0.000000
1649623410588236251 145.185488 0.000000
1649623410625945196 145.085319 0.000000
1649623410843739337 144.764899 0.000000
1649623410988613550 145.031658 0.000000
1649623411134019560 144.989800 0.000000
1649623411206809302 144.820401 0.000000
1649623411243669105 144.648147 0.000000
1649623411497779050 144.756103 0.000000
1649623411679405495 144.896476 0.000000
1649623411788279407 144.801918 0.000000
1649623411861173725 145.159718 0.000000
1649623411897381045 145.087824 0.000000
1649623411897674625 145.134751 0.000000
1649623411933196049 144.987615 0.000000
1649623412151105865 145.164296 0.000000
1649623412151769700 144.951918 0.000000
1649623412297589097 145.817383 0.000000
1649623412308473205 177.174588 0.000000
1649623412369964462 145.212958 0.000000
1649623412370074157 144.971094 0.000000
1649623412478061307 144.947912 0.000000
1649623412514779545 144.988859 0.000000
1649623412514788351 144.821715 0.000000
1649623412551769721 144.937220 0.000000
1649623412587447559 144.858403 0.000000
1649623412696935752 145.164869 0.000000
1649623412805513239 145.442188 0.000000
1649623412805516885 145.314219 0.000000
1649623413169092830 144.850749 0.000000
1649623413176987522 145.133108 0.000000
1649623413436246089 145.063459 0.000000
1649623413437165333 145.246321 0.000000
1649623413532406213 144.773835 0.000000
1649623413604768703 144.949404 0.000000
1649623413639911708 177.152255 0.000000
1649623413654456580 145.277519 0.000000
1649623413678328811 145.297297 0.000000
1649623413896964158 145.312396 0.000000
1649623414042424160 144.957690 0.000000
1649623414332501362 144.861158 0.000000
1649623414526997968 145.016248 0.000000
1649623414598373829 144.871917 0.000000
1649623414615659230 176.994127 0.000000
1649623414623267516 144.845108 0.000000
1649623414769154148 144.991834 0.000000
1649623414841785123 144.912745 0.000000
1649623414914087932 144.687783 0.000000
1649623415132166786 145.133609 0.000000
1649623415132501714 144.965325 0.000000
1649623415180381650 144.731105 0.000000
1649623415277003569 145.286726 0.000000
1649623415325080073 145.101309 0.000000
1649623415423201644 144.912395 0.000000
1649623415470707528 144.799853 0.000000
1649623415567783128 145.455814 0.000000
1649623415688106026 144.893470 0.000000
1649623415786165760 144.740932 0.000000
1649623415833489203 144.839508 0.000000
1649623415932041201 144.810454 0.000000
1649623416051917081 144.680108 0.000000
1649623416077498868 144.639733 0.000000
1649623416077646254 144.766902 0.000000
1649623416196628839 144.710956 0.000000
1649623416270033455 145.287928 0.000000
1649623416294325664 144.978759 0.000000
1649623416487010662 144.934705 0.000000
1649623416584919835 145.203962 0.000000
1649623416586979948 144.979632 0.000000
1649623416730108447 145.017150 0.000000
1649623416732297912 145.001831 0.000000
1649623416950365254 144.839618 0.000000
1649623417024610827 146.884784 0.000000
1649623417024645231 147.016330 0.000000
1649623417095458557 144.715224 0.000000
1649623417143327994 145.366766 0.000000
1649623417242645675 144.824908 0.000000
1649623417315304814 144.841140 0.000000
1649623417507312022 144.929587 0.000000
1649623417532714713 145.032751 0.000000
1649623417605263604 144.946870 0.000000
1649623417605926908 144.925920 0.000000
1649623417651597151 145.051365 0.000000
1649623417823688516 144.858342 0.000000
1649623417896573046 144.911633 0.000000
1649623417942099550 145.133139 0.000000
1649623417968500312 144.781729 0.000000
1649623417968516652 144.979541 0.000000
1649623417969097361 144.851980 0.000000
1649623418121117843 144.906733 0.000000
1649623418186179345 145.004376 0.000000
1649623418186846366 144.714443 0.000000
1649623418259561128 144.795595 0.000000
1649623418477228279 144.879082 0.000000
1649623418484154736 145.416599 0.000000
1649623418595664549 145.248393 0.000000
1649623418768694515 145.223829 0.000000
1649623418814128986 145.106879 0.000000
1649623418840667465 144.764998 0.000000
1649623418986958213 144.857711 0.000000
1649623418987189166 144.685849 0.000000
1649623419138031119 144.979310 0.000000
1649623419395760097 145.712424 0.000000
1649623419422605663 144.836532 0.000000
1649623419423353014 144.952560 0.000000
1649623419495180723 144.677284 0.000000
1649623419540838583 145.062576 0.000000
1649623419568249749 144.808499 0.000000
1649623419686279638 144.782360 0.000000
1649623419686947691 144.717950 0.000000
1649623419858043739 144.975562 0.000000
1649623419859124305 145.101428 0.000000
1649623419859339309 145.288179 0.000000
1649623419859352042 145.186709 0.000000
1649623419930653224 145.001171 0.000000
1649623420003393753 144.824538 0.000000
1649623420004263824 144.910199 0.000000
1649623420028634620 177.187009 0.000000
1649623420123155950 145.370703 0.000000
1649623420299421262 144.881235 0.000000
1649623420485469837 145.007913 0.000000
1649623420585848489 144.838465 0.000000
1649623420630647929 145.176178 0.000000
1649623420657273863 145.036486 0.000000
1649623420703377108 145.077082 0.000000
1649623420803204105 145.093414 0.000000
1649623420949540670 145.092061 0.000000
1649623421139853190 144.740781 0.000000
1649623421239249441 145.058197 0.000000
1649623421529944179 145.129240 0.000000
1649623421575571431 144.952449 0.000000
1649623421675051297 145.105685 0.000000
1649623421749107144 144.913936 0.000000
1649623421749133484 144.912644 0.000000
1649623421939364311 145.173674 0.000000
1649623422039233437 144.764937 0.000000
1649623422111737374 145.566320 0.000000
1649623422257360720 145.079237 0.000000
1649623422403104163 145.269534 0.000000
1649623422475327252 145.369881 0.000000
1649623422475733083 145.086049 0.000000
1649623422512875806 176.936258 0.000000
1649623422621464081 145.035695 0.000000
1649623422839020965 145.126586 0.000000
1649623422883138065 144.967315 0.000000
1649623422884324800 145.297354 0.000000
1649623422984275429 145.281564 0.000000
1649623422984400243 144.936337 0.000000
1649623423057663825 144.905170 0.000000
1649623423133534845 177.003485 0.000000
1649623423175093037 144.802057 0.000000
1649623423204203069 144.925298 0.000000
1649623423319888241 144.759186 0.000000
1649623423348675708 144.959843 0.000000
1649623423392000603 145.376144 0.000000
1649623423492747034 145.053006 0.000000
1649623423637904148 145.154629 0.000000
1649623423682395690 145.034783 0.000000
1649623423828287800 144.714613 0.000000
1649623423901424343 144.758034 0.000000
1649623423929873104 144.939002 0.000000
1649623424001321082 144.795225 0.000000
1649623424264386454 144.779795 0.000000
1649623424286768651 176.963761 0.000000
1649623424409998670 144.743838 0.000000
1649623424990222791 144.838565 0.000000
1649623425019116547 144.942500 0.000000
1649623425091201898 144.913817 0.000000
1649623425135820910 144.899820 0.000000
1649623425236697826 144.763855 0.000000
1649623425310001812 144.594087 0.000000
1649623425381312521 144.919586 0.000000
1649623425426963438 145.032059 0.000000
1649623425455443067 145.101618 0.000000
1649623425600723360 145.062544 0.000000
1649623425716274942 144.897076 0.000000
1649623425963653370 144.806764 0.000000
1649623426225108414 144.931680 0.000000
1649623426253833242 144.915929 0.000000
1649623426326801450 144.783973 0.000000
1649623426544221647 144.792679 0.000000
1649623426545198248 144.932160 0.000000
1649623426589273509 144.912523 0.000000
1649623426617551942 145.060400 0.000000
1649623426617966910 144.816032 0.000000
1649623426763049943 144.758194 0.000000
1649623426769389821 177.085539 0.000000
1649623426835827463 144.894620 0.000000
1649623426952820165 144.706406 0.000000
1649623427024270807 145.168864 0.000000
1649623427053177167 145.048738 0.000000
1649623427053509901 144.994357 0.000000
1649623427243308486 144.770217 0.000000
1649623427344229024 145.578493 0.000000
1649623427344883221 144.933653 0.000000
1649623427416796790 145.411970 0.000000
1649623427489443965 145.183051 0.000000
1649623427490560959 144.827915 0.000000
1649623427563138613 145.017881 0.000000
1649623427605963841 144.889289 0.000000
1649623427634621525 145.173042 0.000000
1649623427634976190 144.979198 0.000000
1649623427707325396 145.093883 0.000000
1649623427707351084 145.105174 0.000000
1649623427925596558 145.320628 0.000000
1649623427926401538 145.048539 0.000000
1649623427969531728 144.921420 0.000000
1649623427999010751 144.866467 0.000000
1649623428070534069 145.169195 0.000000
1649623428099312007 177.210341 0.000000
1649623428434534926 144.741994 0.000000
1649623428651856327 144.874682 0.000000
1649623428653328888 144.958639 0.000000
1649623428797306739 145.188671 0.000000
1649623429015262900 145.143858 0.000000
1649623429275624722 144.821622 0.000000
1649623429305976773 145.166530 0.000000
1649623429597609439 144.890603 0.000000
1649623430074103843 145.192738 0.000000
1649623430106905767 145.150859 0.000000
1649623430437302766 144.632397 0.000000
1649623430493916479 177.214079 0.000000
1649623430615408146 144.814830 0.000000
1649623430671038044 177.115784 0.000000
1649623430978812175 144.803529 0.000000
1649623431017966830 144.924305 0.000000
1649623431025346728 176.915199 0.000000
1649623431162729912 144.760797 0.000000
1649623431163473336 144.590438 0.000000
1649623431196470137 144.663185 0.000000
1649623431269233747 144.924203 0.000000
1649623431308308745 144.833675 0.000000
1649623431414721351 145.318065 0.000000
1649623431525643391 144.648528 0.000000
1649623431560282209 144.783491 0.000000
1649623431598354986 144.702048 0.000000
1649623431598730881 144.700836 0.000000
1649623431632183996 144.724361 0.000000
1649623431922692834 145.139909 0.000000
1649623432069002937 145.045411 0.000000
1649623432213794944 145.159566 0.000000
1649623432469372035 144.895911 0.000000
1649623432505448239 144.904268 0.000000
1649623432577413905 144.967506 0.000000
1649623432578462481 145.228355 0.000000
1649623432796073595 145.046675 0.000000
1649623432833000363 144.982774 0.000000
1649623433013834199 144.860686 0.000000
1649623433123552942 144.682861 0.000000
1649623433159701803 144.986201 0.000000
1649623433232546337 144.861378 0.000000
1649623433233021918 144.917424 0.000000
1649623433242172135 177.101057 0.000000
1649623433341048038 145.007370 0.000000
1649623433376835902 145.238254 0.000000
1649623433522571869 144.924415 0.000000
1649623433595357882 144.988906 0.000000
1649623433667735862 145.242951 0.000000
1649623433704871462 144.821613 0.000000
1649623433739859165 144.679547 0.000000
1649623433740953467 144.816173 0.000000
1649623433923112097 145.171318 0.000000
1649623434030338187 145.075108 0.000000
1649623434103915184 144.879020 0.000000
1649623434176532493 145.368488 0.000000
1649623434321392005 144.707858 0.000000
1649623434322025413 144.862398 0.000000
1649623434430340375 145.051292 0.000000
1649623434431866437 144.913835 0.000000
1649623434503425150 145.018751 0.000000
1649623434539067750 145.068796 0.000000
1649623434539088289 144.976063 0.000000
1649623434648908113 144.985019 0.000000
1649623434684954520 144.913665 0.000000
1649623434758662023 145.653303 0.000000
1649623434794220686 145.041375 0.000000
1649623434830861678 145.096518 0.000000
1649623434830867479 144.904939 0.000000
1649623434902642948 145.027517 0.000000
1649623435157616958 145.105909 0.000000
1649623435194475738 144.701870 0.000000
1649623435339504488 144.802576 0.000000
1649623435594563828 144.985339 0.000000
1649623435637538757 177.091069 0.000000
1649623435702433445 145.040783 0.000000
1649623435703548756 145.033399 0.000000
1649623435739456633 144.724610 0.000000
1649623435811703657 144.754877 0.000000
1649623435848743386 144.742001 0.000000
1649623435849369861 144.810730 0.000000
1649623435957215203 144.982043 0.000000
1649623436138910875 145.254804 0.000000
1649623436175680748 144.848904 0.000000
1649623436394005891 144.850377 0.000000
1649623436685077832 144.928992 0.000000
1649623436830781709 145.245378 0.000000
1649623436975029275 144.918554 0.000000
1649623437083859644 145.123128 0.000000
1649623437229151105 144.814958 0.000000
1649623437447698615 145.344744 0.000000
1649623437520777989 144.975020 0.000000
1649623437592054373 145.000647 0.000000
1649623437629458226 144.606568 0.000000
1649623437630168808 144.821030 0.000000
1649623437665002212 144.803719 0.000000
1649623437702785415 145.046595 0.000000
1649623437737279783 145.223246 0.000000
1649623437920515922 144.722546 0.000000
1649623438138553515 145.189842 0.000000
1649623438173007266 145.022950 0.000000
1649623438209973117 177.021958 0.000000
1649623438319517272 144.788368 0.000000
1649623438428534141 144.748647 0.000000
1649623438428734046 144.802027 0.000000
1649623438645973151 144.655210 0.000000
1649623438900774657 144.899007 0.000000
1649623438937527377 144.898144 0.000000
1649623438937930683 145.160466 0.000000
1649623439228363949 144.919956 0.000000
1649623439336459429 145.075187 0.000000
1649623439482710481 145.224427 0.000000
1649623439663746855 145.123407 0.000000
1649623439700463660 144.966053 0.000000
1649623439773805275 145.449569 0.000000
1649623439809683368 144.838915 0.000000
1649623439845765461 144.971141 0.000000
1649623439918982565 144.895181 0.000000
1649623439990840970 145.074066 0.000000
1649623440354739231 144.958247 0.000000
1649623440390730816 145.292846 0.000000
1649623440463557497 144.909105 0.000000
1649623440499245743 144.856087 0.000000
1649623440536986808 145.915894 0.000000
1649623440573168468 145.133005 0.000000
1649623440608651970 145.294428 0.000000
1649623440646154017 145.040643 0.000000
1649623440790547635 144.863751 0.000000
1649623440936661661 144.953479 0.000000
1649623440971386029 145.135089 0.000000
1649623441009042976 144.816382 0.000000
1649623441226866407 144.883007 0.000000
1649623441299043649 144.825080 0.000000
1649623441371574836 144.707748 0.000000
1649623441403351528 176.882396 0.000000
1649623441407755014 145.200912 0.000000
1649623441444541980 144.708610 0.000000
1649623441662056511 144.927990 0.000000
1649623441698340191 144.900617 0.000000
1649623441734770489 145.090385 0.000000
1649623441806835432 144.793910 0.000000
1649623441843147568 144.915950 0.000000
1649623441879804039 145.032108 0.000000
1649623441880033930 144.833444 0.000000
1649623441880247862 144.955584 0.000000
1649623441988486409 145.338079 0.000000
1649623442133597484 145.108880 0.000000
1649623442280233305 144.853700 0.000000
1649623442315750701 145.259621 0.000000
1649623442316189133 144.847409 0.000000
1649623442461956439 144.687561 0.000000
1649623442497772875 145.169173 0.000000
1649623442606917791 144.960651 0.000000
1649623442716303921 145.179322 0.000000
1649623442970467881 144.759095 0.000000
1649623442970847884 144.696578 0.000000
1649623443006727728 144.951335 0.000000
1649623443043682779 144.752782 0.000000
1649623443115412945 145.152543 0.000000
1649623443261298630 145.093570 0.000000
1649623443261615644 145.219807 0.000000
1649623443369814366 144.999554 0.000000
1649623443479092665 145.014416 0.000000
1649623443516703372 144.840766 0.000000
1649623443532266544 177.028389 0.000000
1649623443660722242 145.384961 0.000000
1649623443661232198 145.327373 0.000000
1649623443697931499 144.869734 0.000000
1649623443770685032 145.316859 0.000000
1649623443843107295 145.183881 0.000000
1649623444063969642 176.986610 0.000000
1649623444097967057 144.742382 0.000000
1649623444279436053 144.999815 0.000000
1649623444279485736 144.853291 0.000000
1649623444315960557 144.840038 0.000000
1649623444423902439 144.733536 0.000000
1649623444424919596 144.860584 0.000000
1649623444497591214 145.169915 0.000000
1649623444860517835 144.886073 0.000000
1649623444896220317 144.868800 0.000000
1649623444951289632 176.982964 0.000000
1649623444969745246 144.919184 0.000000
1649623445005523261 144.832682 0.000000
1649623445006275551 145.095384 0.000000
1649623445151558968 144.719339 0.000000
1649623445368883733 145.081990 0.000000
1649623445441656983 144.899919 0.000000
1649623445587504317 144.752181 0.000000
1649623445588007390 144.942207 0.000000
1649623445732677106 145.302423 0.000000
1649623445805511622 144.847309 0.000000
1649623445914615402 144.643277 0.000000
1649623446169475715 145.950346 0.000000
1649623446169726666 145.214297 0.000000
1649623446205783884 145.198998 0.000000
1649623446496107551 144.929493 0.000000
1649623446531653380 145.148366 0.000000
1649623446532249047 145.043629 0.000000
1649623446641428349 145.318634 0.000000
1649623446824208552 144.933992 0.000000
1649623446969106045 144.785243 0.000000
1649623447151812681 145.274370 0.000000
1649623447259518409 145.173120 0.000000
1649623447296898737 145.085054 0.000000
1649623447346623903 177.162831 0.000000
1649623447405659505 144.795272 0.000000
1649623447514358425 145.024461 0.000000
1649623447622160734 145.380398 0.000000
1649623447732499380 144.931577 0.000000
1649623447914308783 145.355612 0.000000
1649623447950727217 144.785583 0.000000
1649623447986219897 145.364829 0.000000
1649623447986665312 145.062863 0.000000
1649623448059817942 145.508268 0.000000
1649623448168686252 144.781236 0.000000
1649623448240706479 144.916097 0.000000
1649623448277768549 145.278416 0.000000
1649623448313601087 145.057122 0.000000
1649623448385701646 144.994116 0.000000
1649623448386846924 145.154185 0.000000
1649623448567691816 144.955882 0.000000
1649623448641069100 144.837050 0.000000
1649623448786571437 145.517365 0.000000
1649623448786594390 145.107858 0.000000
1649623449149413688 145.123037 0.000000
1649623449150162411 145.163744 0.000000
1649623449222639145 144.993112 0.000000
1649623449295529505 144.709340 0.000000
1649623449476884716 144.951504 0.000000
1649623449477319862 144.864441 0.000000
1649623449513263135 144.815428 0.000000
1649623449513743054 144.702186 0.000000
1649623449549080644 144.829576 0.000000
1649623449585224443 145.022508 0.000000
1649623449804129340 144.858009 0.000000
1649623449804304518 144.835286 0.000000
1649623449948925864 144.836679 0.000000
1649623450058166090 145.282956 0.000000
1649623450131515399 144.908944 0.000000
1649623450240259975 145.089883 0.000000
1649623450421826913 145.054348 0.000000
1649623450531329731 145.122075 0.000000
1649623450567756552 144.995367 0.000000
1649623450676890879 145.425824 0.000000
1649623450712835544 145.278376 0.000000
1649623450894201206 144.854482 0.000000
1649623450894505436 145.316939 0.000000
1649623450894598270 145.457412 0.000000
1649623450968273009 145.057601 0.000000
1649623451003029018 144.879599 0.000000
1649623451112307364 144.907351 0.000000
1649623451258139620 145.286353 0.000000
1649623451330989675 145.191856 0.000000
1649623451549839577 144.695183 0.000000
1649623451658741018 144.931016 0.000000
1649623451730830446 144.931517 0.000000
1649623452058160319 144.797305 0.000000
1649623452131251274 144.954398 0.000000
1649623452166043619 144.712154 0.000000
1649623452166053928 144.904614 0.000000
1649623452311234502 145.178259 0.000000
1649623452311370256 145.325766 0.000000
1649623452566471452 145.042033 0.000000
1649623452639511703 145.025653 0.000000
1649623452747883550 145.145639 0.000000
1649623452856925553 144.920876 0.000000
1649623453111152639 144.938160 0.000000
1649623453111937180 144.811622 0.000000
1649623453366585575 145.335254 0.000000
1649623453401525968 145.049988 0.000000
1649623453402078464 145.124427 0.000000
1649623453511991682 144.778410 0.000000
1649623453546552453 145.026004 0.000000
1649623453656884225 144.891673 0.000000
1649623453802266778 144.649598 0.000000
1649623453909928994 145.126432 0.000000
1649623454055419829 144.882074 0.000000
1649623454092296562 144.990647 0.000000
1649623454092782073 144.955962 0.000000
1649623454309990158 145.137212 0.000000
1649623454456894252 144.828704 0.000000
1649623454492573491 144.772588 0.000000
1649623454528470909 144.953930 0.000000
1649623454601821000 145.150116 0.000000
1649623454674698414 144.997340 0.000000
1649623454855498024 145.293675 0.000000
1649623455000565564 145.052523 0.000000
1649623455110670982 145.015444 0.000000
1649623455146222552 145.049659 0.000000
1649623455183475922 144.845366 0.000000
1649623455256538153 145.204819 0.000000
1649623455328622151 145.820504 0.000000
1649623455328947541 145.470457 0.000000
1649623455364066809 145.263058 0.000000
1649623455473628367 145.029761 0.000000
1649623455473803705 145.180222 0.000000
1649623455546333338 144.621625 0.000000
1649623455619811940 144.985037 0.000000
1649623455620061889 145.031594 0.000000
1649623455727231913 145.196193 0.000000
1649623455764671920 144.916265 0.000000
1649623455799895886 144.992990 0.000000
1649623456127672027 145.252108 0.000000
1649623456163972399 145.329502 0.000000
1649623456200668023 144.829385 0.000000
1649623456418562906 145.108119 0.000000
1649623456491502918 144.652413 0.000000
1649623456491828989 144.741639 0.000000
1649623456527569352 144.749974 0.000000
1649623456528101520 145.262175 0.000000
1649623456564821651 144.910968 0.000000
1649623456636882224 144.725751 0.000000
1649623456672880751 144.778099 0.000000
1649623456709822556 144.999623 0.000000
1649623456782083907 145.157229 0.000000
1649623456782127188 144.942016 0.000000
1649623456840115455 177.205249 0.000000
1649623457000930804 145.033768 0.000000
1649623457105670700 176.994614 0.000000
1649623457218184683 144.964798 0.000000
1649623457371411954 177.075576 0.000000
1649623457728683216 145.195060 0.000000
1649623457836567548 144.695252 0.000000
1649623458018173811 144.932148 0.000000
1649623458163775242 145.003280 0.000000
1649623458236852300 145.077047 0.000000
1649623458272245684 145.422647 0.000000
1649623458382149122 145.070618 0.000000
1649623458491426597 144.743585 0.000000
1649623458526820190 144.916979 0.000000
1649623458528000312 144.866624 0.000000
1649623458599931523 144.823574 0.000000
1649623458636623289 145.029690 0.000000
1649623458708479760 145.065317 0.000000
1649623458818073106 145.343266 0.000000
1649623459108927898 145.045769 0.000000
1649623459322279291 177.264209 0.000000
1649623459363878560 145.401957 0.000000
1649623459364194372 145.155195 0.000000
1649623459399605067 144.964429 0.000000
1649623459399970261 144.734838 0.000000
1649623459400268300 144.980899 0.000000
1649623459508864918 144.985666 0.000000
1649623459544609218 144.963546 0.000000
1649623459544835252 144.919833 0.000000
1649623459545023525 144.753752 0.000000
1649623459654097259 145.231249 0.000000
1649623459945580208 145.219146 0.000000
1649623459981396022 146.006191 0.000000
1649623460017901640 144.729447 0.000000
1649623460090439378 145.072721 0.000000
1649623460090614025 145.033276 0.000000
1649623460271261298 145.051742 0.000000
1649623460344517271 144.761326 0.000000
1649623460416867719 144.940222 0.000000
1649623460417249755 144.725629 0.000000
1649623460488801044 144.978756 0.000000
1649623460562409128 144.842759 0.000000
1649623460563799815 177.074935 0.000000
1649623460597905774 145.043997 0.000000
1649623460708146014 145.106264 0.000000
1649623460780187702 144.978875 0.000000
