1641928762655714393 145.121608 0.000000
1641928762691330273 145.303266 0.000000
1641928762788259413 177.210815 0.000000
1641928762836966234 145.036687 0.000000
1641928762874402245 144.868250 0.000000
1641928763019144590 144.825962 0.000000
1641928763061833189 177.149342 0.000000
1641928763097311402 176.839590 0.000000
1641928763237451200 145.058889 0.000000
1641928763273176356 144.943913 0.000000
1641928763309290971 145.128600 0.000000
1641928763382353134 144.897446 0.000000
1641928763383218295 145.080299 0.000000
1641928763674750804 176.884183 0.000000
1641928763855759689 145.110916 0.000000
1641928763890596168 145.102801 0.000000
1641928763964656593 144.844787 0.000000
1641928764001026527 145.264623 0.000000
1641928764036352605 144.897447 0.000000
1641928764036791298 145.391503 0.000000
1641928764250934762 177.182903 0.000000
1641928764303451634 177.124895 0.000000
1641928764327038777 145.471121 0.000000
1641928764327164603 144.985120 0.000000
1641928764728016636 145.229277 0.000000
1641928764916873844 177.125316 0.000000
1641928764945567761 144.930778 0.000000
1641928764945683297 144.816485 0.000000
1641928764982462488 144.758596 0.000000
1641928765090320184 145.170027 0.000000
1641928765090491305 144.919386 0.000000
1641928765200165957 145.069119 0.000000
1641928765272488492 144.879902 0.000000
1641928765345909860 145.353531 0.000000
1641928765360535815 177.306977 0.000000
1641928765545878414 177.130705 0.000000
1641928765636668677 144.930909 0.000000
1641928765781841730 144.924587 0.000000
1641928765817802587 144.935867 0.000000
1641928765890299791 145.300742 0.000000
1641928765999628343 145.006731 0.000000
1641928766073243814 144.958371 0.000000
1641928766145782946 144.833646 0.000000
1641928766218235166 145.399277 0.000000
1641928766336262915 177.003748 0.000000
1641928766545250314 144.920128 0.000000
1641928766557265717 177.205395 0.000000
1641928766581788144 145.397594 0.000000
1641928766691599462 145.175468 0.000000
1641928766727728074 145.185686 0.000000
1641928766779592081 176.948063 0.000000
1641928766909237528 144.922603 0.000000
1641928766946155339 144.825130 0.000000
1641928767018768961 144.857060 0.000000
1641928767126771849 145.249957 0.000000
1641928767126778611 145.250549 0.000000
1641928767308854427 144.804894 0.000000
1641928767526370574 145.124672 0.000000
1641928767526772358 144.958521 0.000000
1641928767710366929 177.020088 0.000000
1641928767780673387 144.967037 0.000000
1641928767890667237 144.673075 0.000000
1641928768020495094 176.901166 0.000000
1641928768071873282 144.885594 0.000000
1641928768108456676 144.853935 0.000000
1641928768253967271 144.989038 0.000000
1641928768471992763 144.883319 0.000000
1641928768580689381 145.106017 0.000000
1641928768690132058 145.003364 0.000000
1641928768799477753 145.072814 0.000000
1641928768906907918 144.609346 0.000000
1641928768908173641 145.193672 0.000000
1641928768980687655 144.846630 0.000000
1641928769162867216 145.403014 0.000000
1641928769380418949 145.063977 0.000000
1641928769484212928 177.019308 0.000000
1641928769489454313 144.784734 0.000000
1641928769633632750 145.283910 0.000000
1641928769705135060 176.887411 0.000000
1641928769714929519 177.031009 0.000000
1641928769851010659 144.897376 0.000000
1641928769891932686 176.991966 0.000000
1641928769925055874 144.748216 0.000000
1641928770070309347 145.189263 0.000000
1641928770142092641 145.231480 0.000000
1641928770237604627 177.302829 0.000000
1641928770287293577 145.199443 0.000000
1641928770335597551 177.037502 0.000000
1641928770469715511 145.467324 0.000000
1641928770592448180 177.336313 0.000000
1641928770760270408 144.952791 0.000000
1641928770870506411 145.328523 0.000000
1641928770906211769 145.152534 0.000000
1641928771233359999 145.089146 0.000000
1641928771306247084 144.968340 0.000000
1641928771341099643 145.009065 0.000000
1641928771377932186 144.965044 0.000000
1641928771450111783 145.165337 0.000000
1641928771560018279 145.018803 0.000000
1641928771595836810 145.185546 0.000000
1641928771657432970 177.421432 0.000000
1641928771741033226 145.195045 0.000000
1641928771777971296 144.797720 0.000000
1641928771959212195 144.893048 0.000000
1641928772031179886 145.140411 0.000000
1641928772031269434 145.228295 0.000000
1641928772177600676 145.255566 0.000000
1641928772213184699 145.142494 0.000000
1641928772234416046 176.983029 0.000000
1641928772250393616 144.761310 0.000000
1641928772322858720 145.024856 0.000000
1641928772366968162 176.980566 0.000000
1641928772396099427 144.911732 0.000000
1641928772576912375 145.040254 0.000000
1641928772723001113 145.386922 0.000000
1641928772867668068 145.046476 0.000000
1641928772904582291 144.779554 0.000000
1641928772939986847 144.981603 0.000000
1641928772997024873 176.917306 0.000000
1641928773050212722 144.953421 0.000000
1641928773267240002 144.647086 0.000000
1641928773267547098 144.742936 0.000000
1641928773343125216 177.192522 0.000000
1641928773343158429 176.875909 0.000000
1641928773375988518 145.033942 0.000000
1641928773484806885 144.965404 0.000000
1641928773697988587 177.183877 0.000000
1641928773703425599 145.002923 0.000000
1641928773703447800 144.744559 0.000000
1641928773849076978 145.178833 0.000000
1641928773849261884 145.002843 0.000000
1641928773957040051 144.918645 0.000000
1641928774030298321 145.366074 0.000000
1641928774067491258 144.695036 0.000000
1641928774103496388 145.004846 0.000000
1641928774141174845 177.099616 0.000000
1641928774212103358 145.275904 0.000000
1641928774212799182 145.319656 0.000000
1641928774430226064 144.747746 0.000000
1641928774430543238 144.886455 0.000000
1641928774576150955 145.189032 0.000000
1641928774720414903 144.662876 0.000000
1641928774721285024 144.772171 0.000000
1641928774721418184 145.194022 0.000000
1641928774770213970 177.003116 0.000000
1641928774829710223 144.877268 0.000000
1641928775010975018 145.057695 0.000000
1641928775036108050 177.090561 0.000000
1641928775083676575 145.026156 0.000000
1641928775192902466 144.966354 0.000000
1641928775302554074 144.948832 0.000000
1641928775374698547 145.267589 0.000000
1641928775515858127 177.034827 0.000000
1641928775665357438 144.883930 0.000000
1641928775692943246 177.083296 0.000000
1641928775701119312 145.145132 0.000000
1641928775738552137 144.954612 0.000000
1641928775811520276 144.933093 0.000000
1641928775883235233 145.278091 0.000000
1641928776101044970 144.901113 0.000000
1641928776428531584 145.360263 0.000000
1641928776682828815 144.642507 0.000000
1641928776718712649 145.077724 0.000000
1641928776756218372 144.813980 0.000000
1641928776756700656 145.117850 0.000000
1641928776809722965 177.080282 0.000000
1641928776863765866 145.051163 0.000000
1641928776979639789 176.876189 0.000000
1641928777288888546 176.948745 0.000000
1641928777337462957 145.161250 0.000000
1641928777337936164 144.895352 0.000000
1641928777409838362 145.103582 0.000000
1641928777423036091 177.066655 0.000000
1641928777482038448 145.079907 0.000000
1641928777600214575 176.959423 0.000000
1641928777627849517 145.109213 0.000000
1641928777664460603 145.335857 0.000000
1641928777809621193 145.158606 0.000000
1641928777845580828 145.280444 0.000000
1641928777882316287 144.891794 0.000000
1641928778101265320 145.380351 0.000000
1641928778137740963 145.071392 0.000000
1641928778209394774 144.768593 0.000000
1641928778428694245 144.908136 0.000000
1641928778463911579 144.766551 0.000000
1641928778572463336 144.992835 0.000000
1641928778575457879 177.129684 0.000000
1641928778791385608 144.953189 0.000000
1641928778828218100 145.169697 0.000000
1641928778937124662 145.092251 0.000000
1641928778937280855 176.863345 0.000000
1641928779045688702 144.845759 0.000000
1641928779154051143 145.076482 0.000000
1641928779372891453 145.191086 0.000000
1641928779372964119 144.727066 0.000000
1641928779380652621 176.986014 0.000000
1641928779550944438 177.039766 0.000000
1641928779554890986 145.042588 0.000000
1641928779595067745 176.867572 0.000000
1641928779662676226 144.851751 0.000000
1641928779772215704 144.677714 0.000000
1641928780062682022 144.835488 0.000000
1641928780099497974 144.839767 0.000000
1641928780099655730 144.789193 0.000000
1641928780099993743 145.043539 0.000000
1641928780207763174 145.043932 0.000000
1641928780316429184 145.104184 0.000000
1641928780426373722 144.922021 0.000000
1641928780498525809 144.983657 0.000000
1641928780526172642 177.126218 0.000000
1641928780570349400 176.944758 0.000000
1641928780571132808 144.758194 0.000000
1641928780681197621 145.247081 0.000000
1641928780703554890 177.233699 0.000000
1641928780789041931 145.198127 0.000000
1641928780898158637 145.165507 0.000000
1641928780924775651 176.937043 0.000000
1641928781006932361 144.948822 0.000000
1641928781116786840 144.743137 0.000000
1641928781146793155 177.078859 0.000000
1641928781297844908 145.076311 0.000000
1641928781370418093 145.218507 0.000000
1641928781370494817 144.904719 0.000000
1641928781407857954 145.341700 0.000000
1641928781479859438 145.368779 0.000000
1641928781545352061 177.227898 0.000000
1641928781624737487 144.877148 0.000000
1641928781661434545 145.142205 0.000000
1641928781769896643 145.177640 0.000000
1641928781843546005 145.183251 0.000000
1641928781856348353 177.257213 0.000000
1641928781879380517 145.359652 0.000000
1641928782122075701 176.868844 0.000000
1641928782134429989 144.736123 0.000000
1641928782352220010 144.942521 0.000000
1641928782387568119 176.976448 0.000000
1641928782388426578 144.711327 0.000000
1641928782423748278 145.047787 0.000000
1641928782497045190 144.823847 0.000000
1641928782520364321 176.994319 0.000000
1641928782533778336 144.963039 0.000000
1641928782570489267 145.053185 0.000000
1641928782570666469 144.919805 0.000000
1641928782751096411 145.354122 0.000000
1641928782787569228 145.213440 0.000000
1641928782838080770 177.125888 0.000000
1641928782874848690 177.087305 0.000000
1641928782897023247 145.158756 0.000000
1641928783332197236 145.030045 0.000000
1641928783515071949 144.935537 0.000000
1641928783622648857 145.076519 0.000000
1641928783724326850 176.994589 0.000000
1641928783878281945 144.944785 0.000000
1641928783895880553 177.148861 0.000000
1641928784241139921 145.078034 0.000000
1641928784386773095 145.235138 0.000000
1641928784604226644 145.035504 0.000000
1641928784699860397 177.196690 0.000000
1641928784786308472 145.044141 0.000000
1641928784931123682 145.233254 0.000000
1641928784931151213 144.842402 0.000000
1641928785040367155 144.925437 0.000000
1641928785049121044 177.081323 0.000000
1641928785076555430 145.403154 0.000000
1641928785149257408 144.892997 0.000000
1641928785186688692 145.149209 0.000000
1641928785315059609 177.184297 0.000000
1641928785331999102 144.805875 0.000000
1641928785585844587 144.887918 0.000000
1641928785714028253 177.144653 0.000000
1641928785767240237 145.224609 0.000000
1641928785840398138 144.982273 0.000000
1641928785912616469 145.231120 0.000000
1641928785913399527 145.048838 0.000000
1641928785985072407 145.057597 0.000000
1641928786203296671 145.350908 0.000000
1641928786204387876 144.906695 0.000000
1641928786275888672 145.290892 0.000000
1641928786349213678 144.620346 0.000000
1641928786379921809 177.281218 0.000000
1641928786421764342 144.974511 0.000000
1641928786495111548 144.968739 0.000000
1641928786566825855 144.935156 0.000000
1641928786639569739 144.910740 0.000000
1641928786911716341 177.179267 0.000000
1641928786916605446 177.033373 0.000000
1641928786931459428 145.066463 0.000000
1641928787076516483 145.170978 0.000000
1641928787293643742 144.947780 0.000000
1641928787294477956 144.913235 0.000000
1641928787366984157 145.302606 0.000000
1641928787440190489 144.847001 0.000000
1641928787443821095 177.230724 0.000000
1641928787537073574 177.133872 0.000000
1641928787548052734 145.118200 0.000000
1641928787802928951 144.937220 0.000000
1641928787887465332 177.179237 0.000000
1641928787985365923 145.156842 0.000000
1641928788331102795 177.385522 0.000000
1641928788603514654 144.711347 0.000000
1641928788730598928 177.222768 0.000000
1641928788784534659 144.862921 0.000000
1641928788784742128 145.052436 0.000000
1641928788930180899 145.147665 0.000000
1641928789039409745 145.043031 0.000000
1641928789174213059 177.208952 0.000000
1641928789220385368 145.040043 0.000000
1641928789307228472 177.198012 0.000000
1641928789583761875 145.088062 0.000000
1641928789693928690 145.371595 0.000000
1641928789839237135 144.999526 0.000000
1641928789875455736 144.969651 0.000000
1641928789912141843 144.740601 0.000000
1641928789984812121 145.123831 0.000000
1641928790129960567 145.000430 0.000000
1641928790383721575 144.835009 0.000000
1641928790493150275 144.925848 0.000000
1641928790602106320 145.239206 0.000000
1641928790748185651 145.444711 0.000000
1641928791081658565 176.977569 0.000000
1641928791146017995 144.785736 0.000000
1641928791347786534 177.398889 0.000000
1641928791436125192 177.020249 0.000000
1641928791473223501 144.923655 0.000000
1641928791480746473 177.013987 0.000000
1641928791510490326 144.810963 0.000000
1641928791582608259 144.864042 0.000000
1641928791656585537 145.245809 0.000000
1641928791800945576 144.996482 0.000000
1641928791881965564 177.077915 0.000000
1641928792055589307 145.196145 0.000000
1641928792163674440 145.059510 0.000000
1641928792273188921 144.904739 0.000000
1641928792381675726 145.221122 0.000000
1641928792412276657 177.206909 0.000000
1641928792589590937 176.977429 0.000000
1641928792599786508 145.133187 0.000000
1641928792708854311 145.289639 0.000000
1641928792782430599 145.830254 0.000000
1641928792890179201 144.947771 0.000000
1641928792891068768 145.561090 0.000000
1641928792891635420 144.830681 0.000000
1641928792963945202 144.867149 0.000000
1641928793109423547 145.084918 0.000000
1641928793121671064 177.080191 0.000000
1641928793400053413 144.891665 0.000000
1641928793435781624 144.898998 0.000000
1641928793436578277 144.995239 0.000000
1641928793472533113 144.748266 0.000000
1641928793617728757 145.137996 0.000000
1641928793742720902 177.275357 0.000000
1641928793908729640 144.784875 0.000000
1641928793944785946 145.213577 0.000000
1641928794126352346 144.949752 0.000000
1641928794235416775 145.001781 0.000000
1641928794236071282 145.218638 0.000000
1641928794363856311 177.233870 0.000000
1641928794380554281 145.124351 0.000000
1641928794634924599 145.191546 0.000000
1641928794671896171 144.839456 0.000000
1641928794816743343 144.963700 0.000000
1641928794896178512 177.018907 0.000000
1641928794926005391 145.075910 0.000000
1641928795070957139 145.175387 0.000000
1641928795339784477 176.796520 0.000000
1641928795507983741 145.140652 0.000000
1641928795508016132 144.797128 0.000000
1641928795605581385 176.976537 0.000000
1641928795726127222 144.816432 0.000000
1641928795871705445 176.985964 0.000000
1641928796053177309 145.175798 0.000000
1641928796089508992 145.067344 0.000000
1641928796162338899 145.078035 0.000000
1641928796344413271 144.991631 0.000000
1641928796536961537 177.078097 0.000000
1641928796562295655 144.966294 0.000000
1641928796598826260 145.165128 0.000000
1641928796743610344 145.254135 0.000000
1641928796744199909 144.887567 0.000000
1641928796925467440 144.819771 0.000000
1641928796961747005 145.087905 0.000000
1641928797107283688 145.533547 0.000000
1641928797181102639 145.327592 0.000000
1641928797288823749 145.059831 0.000000
1641928797471486584 144.949773 0.000000
1641928797615967289 144.931160 0.000000
1641928797616493476 145.224640 0.000000
1641928797646120550 177.031882 0.000000
1641928797689623195 145.409446 0.000000
1641928797725725357 145.281976 0.000000
1641928797734900285 177.059673 0.000000
1641928797833936625 145.220791 0.000000
1641928797870078362 144.989508 0.000000
1641928797907491532 144.856459 0.000000
1641928797956017603 177.002716 0.000000
1641928798089127803 176.992256 0.000000
1641928798160941585 145.286033 0.000000
1641928798307051685 145.020798 0.000000
1641928798524388556 145.066172 0.000000
1641928798560553246 145.091219 0.000000
1641928798561650683 145.025636 0.000000
1641928798669818730 144.669999 0.000000
1641928798742045578 145.062436 0.000000
1641928798997747602 145.077603 0.000000
1641928799153493492 176.802018 0.000000
1641928799250585228 145.141774 0.000000
1641928799287825945 144.792520 0.000000
1641928799360798279 145.027409 0.000000
1641928799468402039 144.970905 0.000000
1641928799505836188 145.035374 0.000000
1641928799506146630 144.787740 0.000000
1641928799508479964 177.110479 0.000000
1641928799687052462 145.476490 0.000000
1641928799724003476 145.139059 0.000000
1641928799868456348 144.942510 0.000000
1641928799977206796 145.098942 0.000000
1641928800014319424 145.054741 0.000000
1641928800014679238 144.842983 0.000000
1641928800122926976 145.266359 0.000000
1641928800232145843 145.045484 0.000000
1641928800305549535 145.044541 0.000000
1641928800305852974 145.311171 0.000000
1641928800377490776 144.910530 0.000000
1641928800483902893 177.006173 0.000000
1641928800523367418 144.972747 0.000000
1641928800740879768 144.673546 0.000000
1641928800740883525 144.879462 0.000000
1641928800929545286 176.963794 0.000000
1641928801034596480 147.409074 0.000000
1641928801252348400 145.143797 0.000000
1641928801289453953 144.837574 0.000000
1641928801373288298 177.207973 0.000000
1641928801724665713 145.153246 0.000000
1641928801859847477 176.843687 0.000000
1641928801870435925 145.164175 0.000000
1641928801907400563 144.930457 0.000000
1641928801994218001 177.060645 0.000000
1641928801994219243 177.145914 0.000000
1641928802036919053 177.070384 0.000000
1641928802198324901 145.173783 0.000000
1641928802198696788 144.940345 0.000000
1641928802561899742 144.661283 0.000000
1641928802792866401 177.249438 0.000000
1641928803106842309 145.343731 0.000000
1641928803143894022 145.015469 0.000000
1641928803189958247 177.240132 0.000000
1641928803252117492 145.053016 0.000000
1641928803367189311 177.193934 0.000000
1641928803433645621 144.711275 0.000000
1641928803434455990 145.110794 0.000000
1641928803542513390 145.162611 0.000000
1641928803579223393 144.766401 0.000000
1641928803979514876 145.488906 0.000000
1641928804035780574 177.269046 0.000000
1641928804051327837 144.939305 0.000000
1641928804088371885 144.582725 0.000000
1641928804088385891 144.976715 0.000000
1641928804161305225 144.892115 0.000000
1641928804269247861 145.015346 0.000000
1641928804306773622 145.396983 0.000000
1641928804597450286 144.604767 0.000000
1641928804608049394 176.938435 0.000000
1641928804633266884 144.960684 0.000000
1641928804888085362 144.895131 0.000000
1641928804960929547 145.167011 0.000000
1641928804996912095 145.596437 0.000000
1641928805141267785 145.167171 0.000000
1641928805178798223 145.262859 0.000000
1641928805178909872 144.992603 0.000000
1641928805366391021 177.169159 0.000000
1641928805899555791 177.397284 0.000000
1641928806013245108 145.199862 0.000000
1641928806232497339 144.916541 0.000000
1641928806254509781 177.088776 0.000000
1641928806254537774 177.158758 0.000000
1641928806303888470 145.295041 0.000000
1641928806340099095 145.015597 0.000000
1641928806376682660 144.753887 0.000000
1641928806521631702 145.090547 0.000000
1641928806630910942 144.919335 0.000000
1641928806667188314 145.554628 0.000000
1641928806777802377 144.908518 0.000000
1641928806786896092 177.216696 0.000000
1641928806885052384 145.022881 0.000000
1641928806923544084 145.393514 0.000000
1641928806964020817 176.986165 0.000000
1641928807176602305 145.452447 0.000000
1641928807179602609 176.860471 0.000000
1641928807394199894 144.948923 0.000000
1641928807431663198 145.080380 0.000000
1641928807577038269 144.825591 0.000000
1641928807648697632 145.268231 0.000000
1641928807650099299 145.084476 0.000000
1641928807795381225 145.101348 0.000000
1641928807939659049 177.133532 0.000000
1641928807940791392 144.992674 0.000000
1641928808013640404 145.267678 0.000000
1641928808158988235 144.842405 0.000000
1641928808244231931 177.071855 0.000000
1641928808303946826 144.698142 0.000000
1641928808339672011 145.494355 0.000000
1641928808375346412 145.225582 0.000000
1641928808411559120 144.865364 0.000000
1641928808560997930 177.239870 0.000000
1641928808629944848 144.870575 0.000000
1641928808631043358 144.960784 0.000000
1641928808666691289 144.665922 0.000000
1641928808812479424 144.955314 0.000000
1641928808958135250 144.757513 0.000000
1641928809004763384 177.011292 0.000000
1641928809029325405 145.076762 0.000000
1641928809093096131 177.277200 0.000000
1641928809102109206 145.075701 0.000000
1641928809103211292 145.301454 0.000000
1641928809248241844 144.780263 0.000000
1641928809393002296 144.759791 0.000000
1641928809574264025 144.989249 0.000000
1641928809625922818 177.318769 0.000000
1641928810010856212 144.895170 0.000000
1641928810118973716 145.084186 0.000000
1641928810120429264 145.214210 0.000000
1641928810264081345 145.105355 0.000000
1641928810446467332 144.768514 0.000000
1641928810554571149 144.823127 0.000000
1641928810556106787 144.736484 0.000000
1641928810557012144 144.979209 0.000000
1641928810919864580 144.849265 0.000000
1641928811099987124 144.956597 0.000000
1641928811136295633 145.273472 0.000000
1641928811282697538 144.783551 0.000000
1641928811283129889 144.880273 0.000000
1641928811355877392 144.841370 0.000000
1641928811500400404 145.034883 0.000000
1641928811717666765 144.832925 0.000000
1641928811791573530 145.158546 0.000000
1641928811843792162 176.967940 0.000000
1641928811899609199 145.062996 0.000000
1641928812021047632 176.851573 0.000000
1641928812081940073 144.936589 0.000000
1641928812226641742 145.186097 0.000000
1641928812263240175 145.066744 0.000000
1641928812503415044 177.097684 0.000000
1641928812626216281 145.165438 0.000000
1641928812730685585 177.173946 0.000000
1641928812730714409 177.190557 0.000000
1641928812736444681 144.787048 0.000000
1641928812844641260 144.836370 0.000000
1641928812857657049 177.060834 0.000000
1641928812917252699 145.380030 0.000000
1641928812953049449 145.013874 0.000000
1641928812996426298 176.996585 0.000000
1641928813062336925 145.366065 0.000000
1641928813062634894 145.070290 0.000000
1641928813099663293 144.986623 0.000000
1641928813171160491 144.964310 0.000000
1641928813173615533 177.186670 0.000000
1641928813280769230 145.099354 0.000000
1641928813280786883 145.140771 0.000000
1641928813462627226 144.991801 0.000000
1641928813534532131 145.035877 0.000000
1641928813535506407 145.275616 0.000000
1641928813571052797 144.886004 0.000000
1641928813607925003 144.778754 0.000000
1641928813643492033 145.199753 0.000000
1641928813752636750 144.942200 0.000000
1641928813793729727 176.922063 0.000000
1641928813934707056 144.678727 0.000000
1641928813970520947 145.302265 0.000000
1641928814261296355 145.039462 0.000000
1641928814442475651 144.891644 0.000000
1641928814443211861 145.141753 0.000000
1641928814553049388 144.943974 0.000000
1641928814697094587 145.259705 0.000000
1641928814698010493 144.959904 0.000000
1641928814769772298 177.202049 0.000000
1641928814770617081 144.788301 0.000000
1641928814916501658 145.099775 0.000000
1641928814951578708 144.861939 0.000000
1641928815242428388 145.181488 0.000000
1641928815352111515 144.793561 0.000000
1641928815533408961 145.004298 0.000000
1641928815533986494 144.933264 0.000000
1641928815570609182 144.911412 0.000000
1641928815604202391 176.971447 0.000000
1641928815715879947 145.338743 0.000000
1641928815897629861 144.825861 0.000000
1641928815933978416 145.160409 0.000000
1641928816279087471 177.096943 0.000000
1641928816279107689 177.128170 0.000000
1641928816333400550 145.126446 0.000000
1641928816369911809 144.744880 0.000000
1641928816370620126 145.138878 0.000000
1641928816443758491 145.116405 0.000000
1641928816545390708 177.374673 0.000000
1641928816588767687 145.008605 0.000000
1641928816733851552 145.082874 0.000000
1641928816769338651 145.209450 0.000000
1641928817166431469 177.149120 0.000000
1641928817243518627 145.002473 0.000000
1641928817432213800 176.860610 0.000000
1641928817533683962 144.843213 0.000000
1641928817606018190 145.043348 0.000000
1641928817606971728 145.096519 0.000000
1641928817860116209 145.421089 0.000000
1641928817896029907 145.090136 0.000000
1641928817896334998 144.762150 0.000000
1641928817896737693 144.934463 0.000000
1641928817910984519 177.098154 0.000000
1641928817964304166 177.003517 0.000000
1641928818005085510 144.967437 0.000000
1641928818005848259 144.742325 0.000000
1641928818042020082 144.953222 0.000000
1641928818141483082 177.033964 0.000000
1641928818186930371 145.330406 0.000000
1641928818332548959 144.945958 0.000000
1641928818405259932 145.234707 0.000000
1641928818550326987 145.064850 0.000000
1641928818732377675 144.903296 0.000000
1641928818804670946 144.939265 0.000000
1641928818914165008 144.707038 0.000000
1641928818950196109 144.905100 0.000000
1641928819167454653 145.304470 0.000000
1641928819168021766 145.601305 0.000000
1641928819204082130 144.764267 0.000000
1641928819329463543 176.900845 0.000000
1641928819384024045 176.960737 0.000000
1641928819423232279 145.343330 0.000000
1641928819495406748 145.418732 0.000000
1641928819931972708 144.791828 0.000000
1641928820076837001 145.241931 0.000000
1641928820182699075 177.177954 0.000000
1641928820222515019 145.094595 0.000000
1641928820877366797 145.239997 0.000000
1641928820950070870 145.031857 0.000000
1641928820981068734 177.196108 0.000000
1641928821058904965 145.282226 0.000000
1641928821131699635 145.468114 0.000000
1641928821158568641 177.497383 0.000000
1641928821370569270 177.317144 0.000000
1641928821385330019 144.992012 0.000000
1641928821603235105 145.090697 0.000000
1641928821604266028 144.936088 0.000000
1641928821639326908 144.965223 0.000000
1641928821675850269 145.173481 0.000000
1641928821675899782 145.288878 0.000000
1641928821868464239 177.480232 0.000000
1641928821893837439 145.185645 0.000000
1641928821966480637 144.964622 0.000000
1641928822074970257 145.023893 0.000000
1641928822075962898 144.722407 0.000000
1641928822184479449 144.727066 0.000000
1641928822329472434 144.991723 0.000000
1641928822875566840 145.128719 0.000000
1641928822984595621 145.062155 0.000000
1641928823056539798 145.239847 0.000000
1641928823420220145 144.920679 0.000000
1641928823421102749 144.938113 0.000000
1641928823731626937 177.124994 0.000000
1641928823820101881 176.916685 0.000000
1641928824002258327 144.922001 0.000000
1641928824037569326 144.854734 0.000000
1641928824255800384 145.070982 0.000000
1641928824365224886 144.975171 0.000000
1641928824400867798 145.159878 0.000000
1641928824618880936 145.209460 0.000000
1641928824796113624 177.266060 0.000000
1641928824801508356 144.864255 0.000000
1641928824829668470 177.194716 0.000000
1641928824909864966 144.950785 0.000000
1641928824947334472 144.629593 0.000000
1641928824947457393 144.782410 0.000000
1641928825091455954 144.743908 0.000000
1641928825200302202 145.178322 0.000000
1641928825236942022 144.943932 0.000000
1641928825272999229 145.016439 0.000000
1641928825273188825 145.191436 0.000000
1641928825601472202 144.774115 0.000000
1641928825673912098 145.137676 0.000000
1641928825683096434 177.350738 0.000000
1641928825709020518 145.286927 0.000000
1641928825891353966 144.815321 0.000000
1641928825891425530 144.752534 0.000000
1641928826037664621 144.988556 0.000000
1641928826182573537 144.908525 0.000000
1641928826218058784 145.058778 0.000000
1641928826304676616 177.410781 0.000000
1641928826327504566 145.008535 0.000000
1641928826363399140 145.066413 0.000000
1641928826393124969 176.923116 0.000000
1641928826400965075 145.116115 0.000000
1641928826481742731 176.836224 0.000000
1641928826658898373 177.154831 0.000000
1641928826763154979 145.151232 0.000000
1641928826799461725 145.005758 0.000000
1641928826835976851 145.097721 0.000000
1641928826870258431 177.033643 0.000000
1641928826924739493 176.996796 0.000000
1641928826981167897 145.188912 0.000000
1641928826981167917 145.187480 0.000000
1641928827199102549 145.238445 0.000000
1641928827199467974 145.006290 0.000000
1641928827272549101 144.966443 0.000000
1641928827453890099 145.073354 0.000000
1641928827563504228 144.826122 0.000000
1641928827636408094 145.211875 0.000000
1641928827671614227 145.171409 0.000000
1641928827707995774 145.284763 0.000000
1641928827853921886 144.874731 0.000000
1641928827853944488 145.408692 0.000000
1641928827889907009 145.668000 0.000000
1641928828034923518 145.015498 0.000000
1641928828200324097 177.217930 0.000000
1641928828216740618 144.935106 0.000000
1641928828252829937 145.079307 0.000000
1641928828362925056 145.446676 0.000000
1641928828432591103 177.144663 0.000000
1641928828435332171 144.788932 0.000000
1641928828653749688 145.375092 0.000000
1641928828732463394 177.091562 0.000000
1641928828762088295 145.460671 0.000000
1641928828798215866 145.386933 0.000000
1641928828944166255 144.910590 0.000000
1641928829086815696 176.955588 0.000000
1641928829162741156 144.935106 0.000000
1641928829230555632 177.138040 0.000000
1641928829343466179 144.996330 0.000000
1641928829488907484 145.003554 0.000000
1641928829525041344 145.214789 0.000000
1641928829525910434 144.928853 0.000000
1641928829706965998 145.235439 0.000000
1641928829744061431 144.920918 0.000000
1641928829888927027 145.077774 0.000000
1641928829997677357 145.490497 0.000000
1641928830061699264 177.011683 0.000000
1641928830143444363 145.391883 0.000000
1641928830205462283 176.851722 0.000000
1641928830252460590 145.020276 0.000000
1641928830288350003 144.934103 0.000000
1641928830324708816 145.428841 0.000000
1641928830433884714 144.849777 0.000000
1641928830542911500 145.217655 0.000000
1641928830543138225 144.785305 0.000000
1641928830687886141 145.117038 0.000000
1641928830724121713 144.997131 0.000000
1641928830760684019 144.810634 0.000000
1641928830833407817 145.519352 0.000000
1641928830906467675 145.031416 0.000000
1641928830914920921 177.106250 0.000000
1641928830947846458 176.960016 0.000000
1641928831196438536 144.795334 0.000000
1641928831197286966 144.821232 0.000000
1641928831270204548 145.228606 0.000000
1641928831378416618 145.200333 0.000000
1641928831378645147 145.454630 0.000000
1641928831415074552 145.155739 0.000000
1641928831624347838 177.217960 0.000000
1641928831705404456 145.097089 0.000000
1641928831705866472 144.926430 0.000000
1641928831850874345 145.419695 0.000000
1641928831890129137 176.993419 0.000000
1641928831996789959 145.059349 0.000000
1641928832032632945 145.010646 0.000000
1641928832032844051 145.031205 0.000000
1641928832250476186 145.058537 0.000000
1641928832250939204 144.874623 0.000000
1641928832287941783 144.703420 0.000000
1641928832396053064 145.111797 0.000000
1641928832433092364 145.718515 0.000000
1641928832433112381 144.949264 0.000000
1641928832468635468 145.018341 0.000000
1641928832577592134 144.734480 0.000000
1641928832723424121 144.586021 0.000000
1641928832777726610 177.208572 0.000000
1641928832941556763 144.705384 0.000000
1641928832976624638 144.957758 0.000000
1641928833086622294 145.032228 0.000000
1641928833087205507 144.881034 0.000000
1641928833377433802 144.583207 0.000000
1641928833412228704 145.097130 0.000000
1641928833485424126 145.096228 0.000000
1641928833521896262 145.055261 0.000000
1641928833630474719 145.048188 0.000000
1641928833664262653 177.175740 0.000000
1641928833776577754 144.640404 0.000000
1641928833841851898 177.008948 0.000000
1641928833994093110 145.068447 0.000000
1641928834019173861 177.319969 0.000000
1641928834138575057 144.952469 0.000000
1641928834211141811 145.027199 0.000000
1641928834247903890 145.057586 0.000000
1641928834394576663 144.818678 0.000000
1641928834574369569 145.118741 0.000000
1641928834612546180 144.839117 0.000000
1641928834901173512 144.774035 0.000000
1641928834938246896 177.015731 0.000000
1641928835046684488 144.995810 0.000000
1641928835338197179 145.027259 0.000000
1641928835339072220 145.164717 0.000000
1641928835350113496 177.066427 0.000000
1641928835591720590 145.087702 0.000000
1641928835701625764 145.242202 0.000000
1641928835702002551 144.810042 0.000000
1641928835847447332 144.956687 0.000000
1641928835882190808 177.114556 0.000000
1641928835913893634 177.103988 0.000000
1641928835955633162 144.994226 0.000000
1641928835970789683 176.750763 0.000000
1641928836100970001 145.340746 0.000000
1641928836138175152 145.144930 0.000000
1641928836179541893 176.973471 0.000000
1641928836319280769 144.933854 0.000000
1641928836591604360 177.108545 0.000000
1641928836609969676 144.686510 0.000000
1641928836719436187 144.819941 0.000000
1641928836719619881 145.126134 0.000000
1641928836792605511 144.844507 0.000000
1641928836857416256 176.928457 0.000000
1641928836864451334 144.732427 0.000000
1641928836888380207 177.246765 0.000000
1641928836900626351 145.197186 0.000000
1641928836937587885 144.852572 0.000000
1641928836946152850 176.952142 0.000000
1641928837010291466 145.088443 0.000000
1641928837010503374 145.348031 0.000000
1641928837034913359 177.025319 0.000000
1641928837118826441 145.290283 0.000000
1641928837123254852 177.100709 0.000000
1641928837191295060 145.156200 0.000000
1641928837300836122 144.970372 0.000000
1641928837446420936 145.008754 0.000000
1641928837627490686 145.201665 0.000000
1641928837655774883 177.409617 0.000000
1641928837664237566 144.972327 0.000000
1641928837664288933 144.737807 0.000000
1641928837664293702 144.973088 0.000000
1641928837744187601 177.052009 0.000000
1641928837810018569 145.140422 0.000000
1641928837810141509 145.020286 0.000000
1641928837955249568 145.229937 0.000000
1641928837991208223 144.900622 0.000000
1641928838064487713 145.181808 0.000000
1641928838101194368 144.991242 0.000000
1641928838208691658 145.094825 0.000000
1641928838246175611 144.939415 0.000000
1641928838282225886 144.986512 0.000000
1641928838536772816 144.868160 0.000000
1641928838572766053 145.100486 0.000000
1641928838644754734 145.255607 0.000000
1641928838661113308 176.958583 0.000000
1641928838899751117 144.926871 0.000000
1641928839074839995 177.221706 0.000000
1641928839118863476 144.730593 0.000000
1641928839189688094 144.586372 0.000000
1641928839225548133 145.391562 0.000000
1641928839370876056 145.326240 0.000000
1641928839408603554 144.677373 0.000000
1641928839554123687 145.141413 0.000000
1641928839990433886 145.181338 0.000000
1641928840170845291 145.117016 0.000000
1641928840208000969 144.820332 0.000000
1641928840243998945 145.154576 0.000000
1641928840317313562 176.821776 0.000000
1641928840388763383 145.174206 0.000000
1641928840461738782 144.977947 0.000000
1641928840498952268 144.999587 0.000000
1641928840571790491 145.346026 0.000000
1641928840583648979 177.240522 0.000000
1641928840716629487 145.094034 0.000000
1641928840790414353 145.345023 0.000000
1641928840826000650 145.038400 0.000000
1641928840934281218 145.124141 0.000000
1641928841189340698 145.464318 0.000000
1641928841189437750 145.538888 0.000000
1641928841407472950 145.476170 0.000000
1641928841662214927 144.932002 0.000000
1641928841698058403 144.918356 0.000000
1641928841735656510 144.871337 0.000000
1641928841808063053 145.096548 0.000000
1641928841988782948 145.023342 0.000000
1641928842098057309 145.010659 0.000000
1641928842098783360 145.157424 0.000000
1641928842098804139 145.135132 0.000000
1641928842269567299 177.088897 0.000000
1641928842317517067 145.647119 0.000000
1641928842446829240 176.889814 0.000000
1641928842535398249 144.974660 0.000000
1641928842715572039 145.140190 0.000000
1641928842716258506 144.739669 0.000000
1641928842825400138 144.978166 0.000000
1641928842898995141 144.970854 0.000000
1641928842917287429 177.126968 0.000000
1641928842970621161 145.274233 0.000000
1641928843043540927 145.253072 0.000000
1641928843116829603 145.087530 0.000000
1641928843117199646 145.252499 0.000000
1641928843189260443 145.661697 0.000000
1641928843480519198 144.932331 0.000000
1641928843552602577 144.862641 0.000000
1641928843625088109 145.000490 0.000000
1641928843807614629 144.891835 0.000000
1641928843842643389 145.130514 0.000000
1641928843988853244 144.944664 0.000000
1641928844169286190 145.085869 0.000000
1641928844243192315 144.943683 0.000000
1641928844387795478 144.950505 0.000000
1641928844487554204 177.004730 0.000000
1641928844570694186 144.671833 0.000000
1641928844602494074 177.204715 0.000000
1641928844677966686 144.968620 0.000000
1641928844715334960 144.837102 0.000000
1641928844716759410 144.918424 0.000000
1641928844861255024 145.011130 0.000000
1641928844933324174 145.283339 0.000000
1641928844968923655 145.395540 0.000000
1641928845041060974 144.989519 0.000000
1641928845078659662 144.787641 0.000000
1641928845113787186 144.861798 0.000000
1641928845296117720 145.268201 0.000000
1641928845296654546 144.839317 0.000000
1641928845463808539 177.181018 0.000000
1641928845463829278 177.203140 0.000000
1641928845477180225 145.272409 0.000000
1641928845586848835 145.338114 0.000000
1641928845588143572 144.626158 0.000000
1641928845641235009 177.424677 0.000000
1641928845733195417 144.746232 0.000000
1641928845805272873 144.917542 0.000000
1641928845818266620 177.042842 0.000000
1641928845878179996 144.983927 0.000000
1641928845878345627 144.841191 0.000000
1641928846095725979 144.791398 0.000000
1641928846095985125 144.817127 0.000000
1641928846241113702 145.058627 0.000000
1641928846386737070 145.622345 0.000000
1641928846421692623 145.136865 0.000000
1641928846532285545 145.101427 0.000000
1641928846567428731 144.835540 0.000000
1641928846882824841 177.018917 0.000000
1641928846894961490 144.806424 0.000000
1641928846971543230 176.910013 0.000000
1641928847003215017 145.304257 0.000000
1641928847112347704 144.869955 0.000000
1641928847221927527 144.972245 0.000000
1641928847258688274 144.740822 0.000000
1641928847258892216 145.099955 0.000000
1641928847331006973 144.827464 0.000000
1641928847549811135 144.781799 0.000000
1641928847694404109 145.126946 0.000000
1641928847694530346 144.718440 0.000000
1641928847730863421 144.925658 0.000000
1641928847803639027 145.036588 0.000000
1641928847839244949 145.156511 0.000000
1641928847948147883 145.038819 0.000000
1641928847948733491 144.985690 0.000000
1641928848057903247 144.931179 0.000000
1641928848125220060 177.106681 0.000000
1641928848165934868 145.195484 0.000000
1641928848416638544 176.962671 0.000000
1641928848421977201 145.147012 0.000000
1641928848711938615 144.806295 0.000000
1641928848922939279 177.208052 0.000000
1641928848964858646 145.114363 0.000000
1641928849075728427 144.848544 0.000000
1641928849188818461 176.856933 0.000000
1641928849437779109 144.767341 0.000000
1641928849511252232 145.372215 0.000000
1641928849511471293 145.012541 0.000000
1641928849584303243 145.043979 0.000000
1641928849764601517 145.080067 0.000000
1641928849873325147 144.668567 0.000000
1641928849909663931 144.950174 0.000000
1641928849946820902 144.852743 0.000000
1641928849946904378 144.860597 0.000000
1641928850019170188 144.698502 0.000000
1641928850127580630 145.040174 0.000000
1641928850417551270 145.061632 0.000000
1641928850601048089 145.754222 0.000000
1641928850708326139 145.217857 0.000000
1641928850818573323 144.973908 0.000000
1641928850926209333 145.092380 0.000000
1641928850962133212 177.154260 0.000000
1641928850964087034 144.945115 0.000000
1641928851139630074 176.972709 0.000000
1641928851139667404 176.800387 0.000000
1641928851144491376 145.139300 0.000000
1641928851166302581 179.258765 0.000000
1641928851182116063 145.009817 0.000000
1641928851289658938 145.245217 0.000000
1641928851289868140 145.375150 0.000000
1641928851327275409 145.157834 0.000000
1641928851400066053 145.083555 0.000000
1641928851471714596 144.805514 0.000000
1641928851520741044 177.220734 0.000000
1641928851618531820 145.092341 0.000000
1641928851689907882 144.942209 0.000000
1641928851763414527 144.881555 0.000000
1641928851836259312 144.722837 0.000000
1641928851836699928 144.846189 0.000000
1641928851875494117 177.046267 0.000000
1641928852017235166 145.013863 0.000000
1641928852141284683 177.063280 0.000000
1641928852271749785 144.975872 0.000000
1641928852416626683 144.875044 0.000000
1641928852452684993 144.948562 0.000000
1641928852597677306 145.006090 0.000000
1641928852743206084 144.971874 0.000000
1641928852888283729 145.127909 0.000000
1641928852998033701 145.066553 0.000000
1641928853179709286 145.218938 0.000000
1641928853216296427 144.605147 0.000000
1641928853269468717 176.807971 0.000000
1641928853269579906 176.942683 0.000000
1641928853324684548 144.974119 0.000000
1641928853434910512 145.023591 0.000000
1641928853508030443 145.309018 0.000000
1641928853542463196 144.901293 0.000000
1641928853580901247 145.054680 0.000000
1641928853615459976 144.887979 0.000000
1641928853623981209 176.989300 0.000000
1641928853651906493 144.727257 0.000000
1641928853943568034 144.816283 0.000000
1641928853978585763 145.072233 0.000000
1641928854378495892 144.798799 0.000000
1641928854414442803 145.003444 0.000000
1641928854559983905 145.056254 0.000000
1641928854741729040 144.937179 0.000000
1641928854802323854 177.222678 0.000000
1641928854888428264 144.933875 0.000000
1641928854960496644 144.910440 0.000000
1641928854961075169 145.083875 0.000000
1641928855178445232 144.600018 0.000000
1641928855214598009 145.495065 0.000000
1641928855220864045 177.053011 0.000000
1641928855334186543 177.079689 0.000000
1641928855504736584 145.224419 0.000000
1641928855664387284 177.187362 0.000000
1641928855686997416 144.869733 0.000000
1641928855759884551 145.026688 0.000000
1641928855941992737 145.984894 0.000000
1641928855977546201 145.047728 0.000000
1641928856050951686 144.702731 0.000000
1641928856107776523 176.917546 0.000000
1641928856268704998 144.992664 0.000000
1641928856373941390 177.173236 0.000000
1641928856376627926 144.872418 0.000000
1641928856397930107 177.040247 0.000000
1641928856450665567 144.982264 0.000000
1641928856559998568 144.833124 0.000000
1641928856639558932 177.033013 0.000000
1641928856705395439 145.095035 0.000000
1641928856886387003 145.428691 0.000000
1641928856923415562 145.005618 0.000000
1641928857104375445 145.078275 0.000000
1641928857141194120 145.111175 0.000000
1641928857171552938 176.918278 0.000000
1641928857171560051 176.917857 0.000000
1641928857177217475 144.813889 0.000000
1641928857360259261 145.192529 0.000000
1641928857540645559 145.146563 0.000000
1641928857613634363 145.098491 0.000000
1641928857613714183 144.906010 0.000000
1641928857614721661 177.200285 0.000000
1641928857650025789 144.957007 0.000000
1641928857795845773 145.181757 0.000000
1641928857796643869 145.114341 0.000000
1641928857796937800 145.366374 0.000000
1641928857905652793 145.120934 0.000000
1641928858591235755 177.305864 0.000000
1641928858596238904 145.054129 0.000000
1641928858741625757 145.385841 0.000000
1641928858814652534 145.134890 0.000000
1641928858814683893 145.146362 0.000000
1641928858850081995 145.330467 0.000000
1641928859068288506 145.074728 0.000000
1641928859105405300 145.448459 0.000000
1641928859141532720 145.425585 0.000000
1641928859177770867 145.518379 0.000000
1641928859323360229 145.099163 0.000000
1641928859390227471 177.033554 0.000000
1641928859431643434 144.955234 0.000000
1641928859540726216 145.170016 0.000000
1641928859831848453 145.651567 0.000000
1641928859831909387 145.048638 0.000000
1641928859868159619 145.056955 0.000000
1641928859977415725 145.031898 0.000000
1641928860013443399 144.865546 0.000000
1641928860050034327 145.024333 0.000000
1641928860122375808 144.901102 0.000000
1641928860158289346 144.984217 0.000000
1641928860267939864 145.225681 0.000000
1641928860304231852 145.112229 0.000000
1641928860487079183 144.925598 0.000000
1641928860522291638 145.231952 0.000000
1641928860522313409 145.190024 0.000000
1641928860559179363 144.939805 0.000000
1641928860631856935 145.048069 0.000000
1641928860704451701 145.125452 0.000000
1641928860810577360 177.268513 0.000000
1641928860810577329 177.229070 0.000000
1641928861031557861 145.056124 0.000000
1641928861140924144 144.793521 0.000000
1641928861165486396 177.203043 0.000000
1641928861213259825 144.884671 0.000000
1641928861431401155 145.021419 0.000000
1641928861505181393 144.854866 0.000000
1641928861520330389 177.310663 0.000000
1641928861576753642 145.297465 0.000000
1641928861650750527 145.106367 0.000000
1641928861686326633 145.481811 0.000000
1641928861786332792 176.958633 0.000000
1641928861867951983 145.124941 0.000000
1641928861896062276 177.024817 0.000000
1641928861941631885 145.601986 0.000000
1641928861976980395 145.366636 0.000000
1641928862086131223 145.326448 0.000000
1641928862159333209 145.040533 0.000000
1641928862195386810 145.379990 0.000000
1641928862195450600 145.107219 0.000000
1641928862229832657 177.124194 0.000000
1641928862232028073 145.359623 0.000000
1641928862232510226 144.956897 0.000000
1641928862304958879 145.008193 0.000000
1641928862339405228 177.041128 0.000000
1641928862413320960 144.917173 0.000000
1641928862595464883 145.143826 0.000000
1641928862704202619 145.227957 0.000000
1641928862741827676 145.122167 0.000000
1641928862849431245 145.166178 0.000000
1641928862887112076 145.282887 0.000000
1641928862921756176 144.833446 0.000000
1641928862940027846 177.162677 0.000000
1641928862994616751 145.186849 0.000000
1641928863032794834 145.341038 0.000000
1641928863104599929 144.976583 0.000000
1641928863206071785 177.159320 0.000000
1641928863285097927 145.007851 0.000000
1641928863430442242 145.341340 0.000000
1641928863540083200 144.978006 0.000000
1641928863580898627 176.953153 0.000000
1641928863614099580 144.909877 0.000000
1641928863686686351 145.421676 0.000000
1641928863759775697 144.853555 0.000000
1641928863827055589 177.022813 0.000000
1641928863830023964 144.955235 0.000000
1641928863866430277 145.072935 0.000000
1641928864024340474 177.153739 0.000000
1641928864049748160 145.076632 0.000000
1641928864290361132 177.128802 0.000000
1641928864341250602 144.755048 0.000000
1641928864374807103 145.117828 0.000000
1641928864412214190 144.656052 0.000000
1641928864483800768 145.166771 0.000000
1641928864485221411 144.672785 0.000000
1641928864522320131 144.864043 0.000000
1641928864592296719 144.998484 0.000000
1641928864628757204 144.954673 0.000000
1641928864667196797 144.875314 0.000000
1641928864703446767 144.724221 0.000000
1641928864892096705 177.503334 0.000000
1641928864957240134 145.030455 0.000000
1641928864991795036 145.103651 0.000000
1641928865028008477 144.943301 0.000000
1641928865065159356 144.743938 0.000000
1641928865103077601 145.835012 0.000000
1641928865138315134 144.843956 0.000000
1641928865139527977 145.213748 0.000000
1641928865177604300 177.035457 0.000000
1641928865248010263 144.931791 0.000000
1641928865318527826 145.167271 0.000000
1641928865354694930 144.957086 0.000000
1641928865355228410 144.845958 0.000000
1641928865503027373 145.054298 0.000000
1641928865690347791 177.006775 0.000000
1641928865720546547 144.960414 0.000000
1641928866229802661 145.247603 0.000000
1641928866262933404 145.146883 0.000000
1641928866518579654 144.769836 0.000000
1641928866520467163 144.928714 0.000000
1641928866844125529 177.425167 0.000000
1641928866954225859 145.027660 0.000000
1641928867317798154 144.938343 0.000000
1641928867462745563 144.946477 0.000000
1641928867463659686 144.829368 0.000000
1641928867484165304 177.108745 0.000000
1641928867500049516 145.346486 0.000000
1641928867908837416 177.297006 0.000000
1641928867908849028 177.352069 0.000000
1641928867934611189 145.191526 0.000000
1641928867971773870 144.975543 0.000000
1641928867972383963 145.001191 0.000000
1641928868117566082 144.856448 0.000000
1641928868174690740 177.161313 0.000000
1641928868772198459 145.065961 0.000000
1641928868806844212 145.079177 0.000000
1641928868880014677 145.060692 0.000000
1641928868989844510 144.847863 0.000000
1641928869062780676 176.980805 0.000000
1641928869207647934 144.928262 0.000000
1641928869245042931 145.176649 0.000000
1641928869352942505 145.043470 0.000000
1641928869353841049 145.120976 0.000000
1641928869388819325 144.992413 0.000000
1641928869426258423 145.547664 0.000000
1641928869533841073 145.046554 0.000000
1641928869643929281 144.658548 0.000000
1641928869644829728 145.197569 0.000000
1641928869716241517 145.046054 0.000000
1641928869789010621 145.080449 0.000000
1641928869789697037 144.865916 0.000000
1641928869933774705 144.761990 0.000000
1641928870152326044 145.025366 0.000000
1641928870215683655 177.062930 0.000000
1641928870224819981 144.996481 0.000000
1641928870334486187 145.122107 0.000000
1641928870443456528 144.720694 0.000000
1641928870587828017 144.938052 0.000000
1641928870661406708 144.858321 0.000000
1641928870661735083 144.825760 0.000000
1641928870915094788 144.888499 0.000000
1641928870951828174 145.057866 0.000000
1641928870987891283 144.899870 0.000000
1641928871169327198 144.860707 0.000000
1641928871369063168 177.374403 0.000000
1641928871459635583 144.788943 0.000000
1641928871495889289 144.780196 0.000000
1641928871564284253 177.070854 0.000000
1641928871604600395 144.809281 0.000000
1641928871678435675 144.957628 0.000000
1641928871895287518 144.985570 0.000000
1641928871895824144 144.865536 0.000000
1641928872005132608 145.744683 0.000000
1641928872167207963 177.109676 0.000000
1641928872294413967 145.066432 0.000000
1641928872296073678 145.107329 0.000000
1641928872330674356 144.851960 0.000000
1641928872332270978 144.810683 0.000000
1641928872476465006 144.874153 0.000000
1641928872550640745 145.290933 0.000000
1641928872610568349 177.509677 0.000000
1641928872730323574 144.920588 0.000000
1641928872947689501 145.133668 0.000000
1641928872950195238 145.064429 0.000000
1641928872986987113 145.101108 0.000000
1641928873384104787 144.725824 0.000000
1641928873420574869 145.100677 0.000000
1641928873565800169 145.223296 0.000000
1641928873567781583 144.747364 0.000000
1641928873601952285 145.246960 0.000000
1641928873821710295 144.953101 0.000000
1641928873929938064 145.114563 0.000000
1641928874074988977 145.049671 0.000000
1641928874110594919 145.213859 0.000000
1641928874221644358 144.961977 0.000000
1641928874474575148 144.903036 0.000000
1641928874491007960 177.088677 0.000000
1641928874657173142 145.210953 0.000000
1641928874801051658 144.880063 0.000000
1641928875019916091 144.813048 0.000000
1641928875127873144 145.129972 0.000000
1641928875165174774 145.000769 0.000000
1641928875184344908 177.184306 0.000000
1641928875310684808 145.052136 0.000000
1641928875361695115 177.349054 0.000000
1641928875382429220 144.843194 0.000000
1641928875383206808 145.021859 0.000000
1641928875383728025 145.040905 0.000000
1641928875491074462 145.223325 0.000000
1641928875492302724 145.108189 0.000000
1641928875527646235 144.935648 0.000000
1641928875539372937 177.199345 0.000000
1641928875673931673 145.195224 0.000000
1641928875732226775 177.044073 0.000000
1641928875965091142 144.971154 0.000000
1641928876145146930 145.231802 0.000000
1641928876181833407 145.145450 0.000000
1641928876255360381 145.046644 0.000000
1641928876426418213 177.398367 0.000000
1641928876472467262 144.679017 0.000000
1641928876618745746 177.026431 0.000000
1641928876725929498 145.112158 0.000000
1641928876762652324 145.134169 0.000000
1641928876907607228 144.953802 0.000000
1641928876908190912 145.498653 0.000000
1641928877089071406 144.949033 0.000000
1641928877125813968 145.064398 0.000000
1641928877313535697 176.851743 0.000000
1641928877343947052 144.979350 0.000000
1641928877490524897 144.815211 0.000000
1641928877561648276 145.133829 0.000000
1641928877682871515 177.178446 0.000000
1641928877852672311 145.390400 0.000000
1641928877960688042 144.974238 0.000000
1641928877998695586 144.849976 0.000000
1641928878070603075 145.111076 0.000000
1641928878106942562 144.866749 0.000000
1641928878251828355 144.791436 0.000000
1641928878361881988 144.616008 0.000000
1641928878433236528 145.178390 0.000000
1641928878554739272 177.267202 0.000000
1641928878724733180 145.079727 0.000000
1641928879015792932 145.124453 0.000000
1641928879306264853 145.150761 0.000000
1641928879670518173 145.195085 0.000000
1641928879962403643 144.957267 0.000000
1641928880071088238 144.975702 0.000000
1641928880179969422 145.005537 0.000000
1641928880397838841 144.949373 0.000000
1641928880579786878 144.780126 0.000000
1641928880689257366 145.653604 0.000000
1641928880697920606 176.916795 0.000000
1641928880979409978 144.848424 0.000000
1641928881051973326 145.118079 0.000000
1641928881087937379 144.883950 0.000000
1641928881088235899 144.970763 0.000000
1641928881216386643 176.932164 0.000000
1641928881234387154 145.299980 0.000000
1641928881378487766 145.269633 0.000000
1641928881415590414 144.776379 0.000000
1641928881561578474 144.797819 0.000000
1641928881596207235 145.116197 0.000000
1641928881706991426 144.912284 0.000000
1641928881852678681 145.208698 0.000000
1641928881924974969 144.678537 0.000000
1641928881939162482 177.116358 0.000000
1641928881960985209 144.867459 0.000000
1641928881960993083 144.847050 0.000000
1641928882143102391 144.746772 0.000000
1641928882192268852 177.074662 0.000000
1641928882288046534 145.123028 0.000000
1641928882323777821 145.062975 0.000000
1641928882361029276 144.736682 0.000000
1641928882579019954 145.157754 0.000000
1641928882635710529 177.033032 0.000000
1641928882724264531 145.122778 0.000000
1641928882798212353 144.968298 0.000000
1641928882798546149 145.272348 0.000000
1641928882870011809 144.783281 0.000000
1641928882906083975 145.150109 0.000000
1641928882943256213 144.709132 0.000000
1641928883015294867 144.905660 0.000000
1641928883015396297 144.817916 0.000000
1641928883087701932 145.203030 0.000000
1641928883160643819 145.347880 0.000000
1641928883306140077 145.262550 0.000000
1641928883307154999 144.769115 0.000000
1641928883434643513 176.835543 0.000000
1641928883452306902 144.755551 0.000000
1641928883596697718 145.398975 0.000000
1641928883623870482 177.130404 0.000000
1641928883632946565 145.113470 0.000000
1641928883705633444 145.142395 0.000000
1641928883741793364 145.093603 0.000000
1641928883742383881 144.908305 0.000000
1641928883742601409 145.077262 0.000000
1641928883888232190 144.943332 0.000000
1641928883959608622 145.215623 0.000000
1641928883978547383 177.235472 0.000000
1641928884032806730 145.169886 0.000000
1641928884033757773 145.524341 0.000000
1641928884106203259 144.780997 0.000000
1641928884213825865 144.982135 0.000000
1641928884233920110 176.993920 0.000000
1641928884323289088 145.029651 0.000000
1641928884397299260 145.016290 0.000000
1641928884541320112 145.440613 0.000000
1641928884541354667 145.063206 0.000000
1641928884542145930 144.845999 0.000000
1641928884776661602 176.934358 0.000000
1641928884832047952 145.403805 0.000000
1641928884855219536 177.265438 0.000000
1641928885123446707 144.962536 0.000000
1641928885195961997 145.106489 0.000000
1641928885487292136 145.558615 0.000000
1641928885559349915 145.253292 0.000000
1641928885668970324 145.047856 0.000000
1641928885814151883 145.180647 0.000000
1641928885923251457 145.278841 0.000000
1641928886008076057 176.911043 0.000000
1641928886177832410 145.416568 0.000000
1641928886177838542 145.083143 0.000000
1641928886322997348 145.128940 0.000000
1641928886360258942 144.705354 0.000000
1641928886362522876 177.160010 0.000000
1641928886451138524 176.903299 0.000000
1641928886468463028 145.139639 0.000000
1641928886722967778 145.265136 0.000000
1641928886759078768 145.226834 0.000000
1641928886795758944 145.261709 0.000000
1641928886977505451 145.157924 0.000000
1641928887049899901 144.993115 0.000000
1641928887072630760 177.194226 0.000000
1641928887232618993 144.797608 0.000000
1641928887250007307 177.335650 0.000000
1641928887261338527 177.212258 0.000000
1641928887267807232 145.128880 0.000000
1641928887305093103 145.109612 0.000000
1641928887413515848 144.976364 0.000000
1641928887414120853 145.070160 0.000000
1641928887427134165 176.913469 0.000000
1641928887523423846 144.843063 0.000000
1641928887558989975 144.817596 0.000000
1641928887604322269 176.979623 0.000000
1641928887668789850 144.814500 0.000000
1641928887922032826 144.893649 0.000000
1641928887959231895 177.115999 0.000000
1641928888047420031 177.038023 0.000000
1641928888212646823 145.088614 0.000000
1641928888394928735 145.264365 0.000000
1641928888467446627 144.938382 0.000000
1641928888612468284 145.019664 0.000000
1641928888685578658 145.297646 0.000000
1641928888721563950 145.064236 0.000000
1641928888722028571 145.538595 0.000000
1641928888831337438 145.217786 0.000000
1641928888903880799 145.358420 0.000000
1641928888976187315 144.811705 0.000000
1641928888977337170 145.241550 0.000000
1641928889112192071 177.086763 0.000000
1641928889339780739 144.745833 0.000000
1641928889413074625 144.652555 0.000000
1641928889630264491 145.139970 0.000000
1641928889775559873 145.016449 0.000000
1641928889776773918 144.688023 0.000000
1641928890066305546 145.244487 0.000000
1641928890211323807 145.016599 0.000000
1641928890321505730 145.300731 0.000000
1641928890393409130 145.133918 0.000000
1641928890538829746 145.418672 0.000000
1641928890539204088 144.845187 0.000000
1641928890611885487 145.176188 0.000000
1641928890684193065 144.658989 0.000000
1641928891084854451 144.946286 0.000000
1641928891084864731 144.927912 0.000000
1641928891229682207 144.816955 0.000000
1641928891242729584 176.958583 0.000000
1641928891375402704 144.805281 0.000000
1641928891520788997 144.989359 0.000000
1641928891555904548 145.114962 0.000000
1641928891592966601 145.105815 0.000000
1641928891665288507 144.812828 0.000000
1641928891991728366 145.096357 0.000000
1641928892219422653 177.272592 0.000000
1641928892247310077 144.897976 0.000000
1641928892282412865 144.907774 0.000000
1641928892427948067 145.004437 0.000000
1641928892572935270 145.016117 0.000000
1641928892609613473 144.755560 0.000000
1641928892610280834 145.017250 0.000000
1641928892682570218 145.047176 0.000000
1641928893046976544 144.790213 0.000000
1641928893081784341 144.921601 0.000000
1641928893106547079 177.212481 0.000000
1641928893337651847 144.800704 0.000000
1641928893446148188 145.284259 0.000000
1641928893550411498 177.270107 0.000000
1641928893627814475 144.942729 0.000000
1641928893727511205 177.018685 0.000000
1641928893845450218 144.942239 0.000000
1641928893846339645 145.026918 0.000000
1641928893991060859 144.984557 0.000000
1641928893991356654 144.939854 0.000000
1641928894063856744 144.726295 0.000000
1641928894281209815 144.709042 0.000000
1641928894281603563 145.061373 0.000000
1641928894615507875 177.076854 0.000000
1641928894790105384 145.055573 0.000000
