1641923970100220640 437.822227 0.000000
1641923970100583891 438.325751 0.000000
1641923970535552784 435.417053 0.000000
1641923970535574775 435.459793 0.000000
1641923970535604481 435.517381 0.000000
1641923970535605663 435.415069 0.000000
1641923970535620981 435.411783 0.000000
1641923970535640979 435.589786 0.000000
1641923970535777355 435.535144 0.000000
1641923970535870249 435.271259 0.000000
1641923970535905174 435.330871 0.000000
1641923970972068069 436.287228 0.000000
1641923970972100479 436.457516 0.000000
1641923970972338065 436.454461 0.000000
1641923970972399891 436.755195 0.000000
1641923970972412644 436.788508 0.000000
1641923970972432421 436.808515 0.000000
1641923970972440096 436.775693 0.000000
1641923970972448171 436.870861 0.000000
1641923971397198782 424.805374 0.000000
1641923971397213790 424.797679 0.000000
1641923971397312605 424.848785 0.000000
1641923971397344195 425.226934 0.000000
1641923971397386564 424.949935 0.000000
1641923971397602639 425.100607 0.000000
1641923971407782590 435.314622 0.000000
1641923971834084374 436.949442 0.000000
1641923971834111926 436.847801 0.000000
1641923971834129519 436.764024 0.000000
1641923971834149146 436.969840 0.000000
1641923971834174002 436.561816 0.000000
1641923971834614598 437.319185 0.000000
1641923971834632852 437.421217 0.000000
1641923972275231752 441.077697 0.000000
1641923972275254775 441.120317 0.000000
1641923972275282618 441.248077 0.000000
1641923972275293668 441.204234 0.000000
1641923972275350866 440.702995 0.000000
1641923972275413733 440.776973 0.000000
1641923972275418582 441.348234 0.000000
1641923972715373738 439.952391 0.000000
1641923972715400709 440.117891 0.000000
1641923972715477663 440.238767 0.000000
1641923972715539369 440.254577 0.000000
1641923972715572401 440.377317 0.000000
1641923972715633946 440.206407 0.000000
1641923973156254139 440.769282 0.000000
1641923973156305465 440.918552 0.000000
1641923973156319241 440.942276 0.000000
1641923973156334269 440.857998 0.000000
1641923973156341021 440.758312 0.000000
1641923973156347744 441.014862 0.000000
1641923973156364045 440.737212 0.000000
1641923973156365357 440.788858 0.000000
1641923973156381507 440.837479 0.000000
1641923973156643599 440.998712 0.000000
1641923973156660661 441.128946 0.000000
1641923973592388453 436.114478 0.000000
1641923973592391990 436.130738 0.000000
1641923973592421405 436.112143 0.000000
1641923973592441332 436.089621 0.000000
1641923973592486026 436.117703 0.000000
1641923973592539607 436.232198 0.000000
1641923973592587837 436.237818 0.000000
1641923973592757235 436.419580 0.000000
1641923974033733615 441.288425 0.000000
1641923974033748042 441.378224 0.000000
1641923974033753753 441.186585 0.000000
1641923974033786123 441.025692 0.000000
1641923974033798366 441.040059 0.000000
1641923974033875891 441.406336 0.000000
1641923974033877755 441.379756 0.000000
1641923974033939481 441.512696 0.000000
1641923974033991679 441.399333 0.000000
1641923974034051240 441.505482 0.000000
1641923974463555068 429.644092 0.000000
1641923974463610011 429.623833 0.000000
1641923974463610262 429.809090 0.000000
1641923974463626873 429.869854 0.000000
1641923974463671376 429.920529 0.000000
1641923974463691043 429.696469 0.000000
1641923974463726009 429.823427 0.000000
1641923974463768288 429.741483 0.000000
1641923974474100303 440.309081 0.000000
1641923974904109867 440.604432 0.000000
1641923974904144391 440.514082 0.000000
1641923974904163106 440.575066 0.000000
1641923974904172815 440.492111 0.000000
1641923974904194776 440.463097 0.000000
1641923974904252855 440.462836 0.000000
1641923974904261962 440.616544 0.000000
1641923974904269957 430.158903 0.000000
1641923975340527464 436.411806 0.000000
1641923975340575584 436.400595 0.000000
1641923975340608295 436.370078 0.000000
1641923975340649803 436.445089 0.000000
1641923975340721578 436.466409 0.000000
1641923975340736636 436.350672 0.000000
1641923975345309527 441.143044 0.000000
1641923975781628959 440.976060 0.000000
1641923975781654647 440.929392 0.000000
1641923975781663013 440.993443 0.000000
1641923975781679283 440.947137 0.000000
1641923975781684714 441.000797 0.000000
1641923975781703198 440.963486 0.000000
1641923975781755827 441.176616 0.000000
1641923975781764724 441.201343 0.000000
1641923975781781295 441.169754 0.000000
1641923975781802494 441.263348 0.000000
1641923975781816130 441.301169 0.000000
1641923975782002018 441.420123 0.000000
1641923976222619275 440.860614 0.000000
1641923976222691801 441.030162 0.000000
1641923976222723401 441.034760 0.000000
1641923976222737377 441.054156 0.000000
1641923976222840931 441.130178 0.000000
1641923976222879734 441.126302 0.000000
1641923976653632331 430.900294 0.000000
1641923976653661375 430.965766 0.000000
1641923976653677676 431.050445 0.000000
1641923976653689157 430.912937 0.000000
1641923976653708864 430.996744 0.000000
1641923976653723682 431.011963 0.000000
1641923976653729553 430.845812 0.000000
1641923976653741165 430.994521 0.000000
1641923976663984173 441.329912 0.000000
1641923977089666757 435.973612 0.000000
1641923977089690341 435.978231 0.000000
1641923977089698797 435.971027 0.000000
1641923977089718063 435.973161 0.000000
1641923977089747067 436.109196 0.000000
1641923977089847646 436.182614 0.000000
1641923977530139734 440.222017 0.000000
1641923977530228140 440.237707 0.000000
1641923977530256593 440.535034 0.000000
1641923977530262424 440.308529 0.000000
1641923977530294915 440.134433 0.000000
1641923977530352633 440.166182 0.000000
1641923977530429868 440.544471 0.000000
1641923977530628851 440.926407 0.000000
1641923977963483659 433.234820 0.000000
1641923977963545144 433.103414 0.000000
1641923977963563869 433.360425 0.000000
1641923977963580651 433.348063 0.000000
1641923977963624964 433.322945 0.000000
1641923978396158350 432.589892 0.000000
1641923978396158420 432.572900 0.000000
1641923978396185140 432.620780 0.000000
1641923978396200258 432.615540 0.000000
1641923978396227840 432.737118 0.000000
1641923978396256945 432.766183 0.000000
1641923978396301458 431.892595 0.000000
1641923978396329491 432.720437 0.000000
1641923978836787248 440.598621 0.000000
1641923978836822353 440.657051 0.000000
1641923978836848733 440.645779 0.000000
1641923978836888006 440.440074 0.000000
1641923978836895170 440.732502 0.000000
1641923978836903345 440.706463 0.000000
1641923979272239753 435.407672 0.000000
1641923979272277825 435.464839 0.000000
1641923979272292292 435.411549 0.000000
1641923979272309765 435.444822 0.000000
1641923979272523325 435.514241 0.000000
1641923979272553852 435.624137 0.000000
1641923979272595440 435.696423 0.000000
1641923979708050051 435.840294 0.000000
1641923979708105134 435.836236 0.000000
1641923979708105595 435.523560 0.000000
1641923979708121785 435.826257 0.000000
1641923979708141131 435.580627 0.000000
1641923979708162111 435.918200 0.000000
1641923979708172600 435.585516 0.000000
1641923979708187889 435.587810 0.000000
1641923979708197547 435.629107 0.000000
1641923980148622073 440.512442 0.000000
1641923980148634076 440.544231 0.000000
1641923980148663251 440.496972 0.000000
1641923980148692666 440.359234 0.000000
1641923980148706862 440.367158 0.000000
1641923980148744934 440.655128 0.000000
1641923980148777334 440.396905 0.000000
1641923980149203964 440.845755 0.000000
1641923980149212109 441.067111 0.000000
1641923980149231315 440.874209 0.000000
1641923980149241795 441.065027 0.000000
1641923980149247175 441.185653 0.000000
1641923980579203671 430.578502 0.000000
1641923980579548367 430.302795 0.000000
1641923981015647646 436.237758 0.000000
1641923981015664999 436.387660 0.000000
1641923981015708029 436.386878 0.000000
1641923981015722056 436.456018 0.000000
1641923981015734569 436.439827 0.000000
1641923981015798288 436.245283 0.000000
1641923981015946877 436.695076 0.000000
1641923981015951365 436.378253 0.000000
1641923981015972976 436.663216 0.000000
1641923981015980169 436.747404 0.000000
1641923981015987223 436.776850 0.000000
1641923981016001800 436.448634 0.000000
1641923981450329208 434.632199 0.000000
1641923981450346501 434.620929 0.000000
1641923981450364104 434.652538 0.000000
1641923981450376928 434.358477 0.000000
1641923981450535284 434.729973 0.000000
1641923981450566974 434.548192 0.000000
1641923981450588043 434.931059 0.000000
1641923981450595888 434.605319 0.000000
1641923981891437425 441.086446 0.000000
1641923981891471248 441.187936 0.000000
1641923981891489071 440.944990 0.000000
1641923981891510702 440.897121 0.000000
1641923981891522604 440.951292 0.000000
1641923981891545527 440.910085 0.000000
1641923981891663899 441.330743 0.000000
1641923981891675511 441.294596 0.000000
1641923981891685169 441.093268 0.000000
1641923982332219393 440.774354 0.000000
1641923982332240352 440.726805 0.000000
1641923982332291758 440.766049 0.000000
1641923982332300856 440.807256 0.000000
1641923982332311365 440.775105 0.000000
1641923982332317266 440.791145 0.000000
1641923982332337765 440.659258 0.000000
1641923982332349126 440.854504 0.000000
1641923982332425830 440.853342 0.000000
1641923982332451919 440.763474 0.000000
1641923982769810790 437.468617 0.000000
1641923982769812513 437.565769 0.000000
1641923982769839423 437.379710 0.000000
1641923982769871023 437.442298 0.000000
1641923982769887133 437.657310 0.000000
1641923982769899175 437.594172 0.000000
1641923982769908713 437.575887 0.000000
1641923982769927218 437.639487 0.000000
1641923982769938108 437.616694 0.000000
1641923983205067921 435.251150 0.000000
1641923983205103327 435.211597 0.000000
1641923983205106594 435.175849 0.000000
1641923983205145887 435.257572 0.000000
1641923983205172677 435.298780 0.000000
1641923983205278245 435.334486 0.000000
1641923983205285950 435.373379 0.000000
1641923983205295377 435.435095 0.000000
1641923983205308011 435.458058 0.000000
1641923983205316056 435.375012 0.000000
1641923983205332647 435.489497 0.000000
1641923983640842926 435.735300 0.000000
1641923983640860889 435.778291 0.000000
1641923983640885666 435.709993 0.000000
1641923983640902558 435.753244 0.000000
1641923983641004158 435.929845 0.000000
1641923983641007584 435.709021 0.000000
1641923983641022072 435.710945 0.000000
1641923983641068649 435.762231 0.000000
1641923983641244448 435.955312 0.000000
1641923983641244088 436.119030 0.000000
1641923984080591407 439.606445 0.000000
1641923984080631232 439.622976 0.000000
1641923984080643916 439.795710 0.000000
1641923984080660657 439.645578 0.000000
1641923984080713847 439.850743 0.000000
1641923984080730358 439.478987 0.000000
1641923984080831547 439.938618 0.000000
1641923984080846505 439.941514 0.000000
1641923984080934410 439.685683 0.000000
1641923984080967813 439.684782 0.000000
1641923984515771745 435.154930 0.000000
1641923984515810648 435.107411 0.000000
1641923984515822921 435.087884 0.000000
1641923984515836246 435.011612 0.000000
1641923984515853137 435.139390 0.000000
1641923984515891529 434.917134 0.000000
1641923984515916466 434.972608 0.000000
1641923984957064671 441.251208 0.000000
1641923984957115136 441.220200 0.000000
1641923984957145342 441.262339 0.000000
1641923984957185007 441.312543 0.000000
1641923984957241242 441.396360 0.000000
1641923984957246151 441.420445 0.000000
1641923984957355727 441.448418 0.000000
1641923984957370624 441.513880 0.000000
1641923984957388167 441.505214 0.000000
1641923985388180426 431.162743 0.000000
1641923985388271176 431.020737 0.000000
1641923985388383676 431.291985 0.000000
1641923985388502179 431.129050 0.000000
1641923985388509522 431.356225 0.000000
1641923985828409075 440.040827 0.000000
1641923985828411600 440.024457 0.000000
1641923985828448719 440.114786 0.000000
1641923985828496188 440.230482 0.000000
1641923985828531985 440.026440 0.000000
1641923985828554628 440.065614 0.000000
1641923985828559096 440.374693 0.000000
1641923986252705783 424.204996 0.000000
1641923986252720360 424.274787 0.000000
1641923986252804859 424.346682 0.000000
1641923986252812032 424.250291 0.000000
1641923986252977612 424.562356 0.000000
1641923986252980718 424.356440 0.000000
1641923986688151496 435.464789 0.000000
1641923986688171904 435.390149 0.000000
1641923986688181973 435.387103 0.000000
1641923986688221898 435.366064 0.000000
1641923986688230153 435.398063 0.000000
1641923986688263816 435.554446 0.000000
1641923986688267433 435.282166 0.000000
1641923986688284004 435.559456 0.000000
1641923986688297940 424.969166 0.000000
1641923986688341752 435.627603 0.000000
1641923987129781151 441.622251 0.000000
1641923987129795287 441.449207 0.000000
1641923987129806228 441.632110 0.000000
1641923987129818290 441.512365 0.000000
1641923987129868084 441.596483 0.000000
1641923987129890015 441.652668 0.000000
1641923987129908529 441.317821 0.000000
1641923987129919781 441.592706 0.000000
1641923987129929859 441.641648 0.000000
1641923987129983630 441.754699 0.000000
1641923987570242908 440.434516 0.000000
1641923987570311727 440.339358 0.000000
1641923987570423547 440.602762 0.000000
1641923987570454024 440.556074 0.000000
1641923988005592654 435.256291 0.000000
1641923988005640313 435.352080 0.000000
1641923988005655421 435.211106 0.000000
1641923988005742164 435.474580 0.000000
1641923988005945706 435.591249 0.000000
1641923988005956335 435.672611 0.000000
1641923988005975511 435.559580 0.000000
1641923988005988225 435.734537 0.000000
1641923988005990570 435.625773 0.000000
1641923988006004766 435.577292 0.000000
1641923988436790633 431.045423 0.000000
1641923988436798287 431.084676 0.000000
1641923988436813285 430.843906 0.000000
1641923988436866074 430.886555 0.000000
1641923988436869350 430.888900 0.000000
1641923988436898766 430.890453 0.000000
1641923988436960030 430.957138 0.000000
1641923988436997431 431.037929 0.000000
1641923988437027457 431.359121 0.000000
1641923988866866313 429.868231 0.000000
1641923988866883555 430.102780 0.000000
1641923988866888835 430.018442 0.000000
1641923988866900286 430.027851 0.000000
1641923988866907610 430.002913 0.000000
1641923988866919482 429.888870 0.000000
1641923988866982080 430.165288 0.000000
1641923988867354277 430.381574 0.000000
1641923989305153718 438.159315 0.000000
1641923989305219171 438.315148 0.000000
1641923989305219962 438.349823 0.000000
1641923989305243857 438.257309 0.000000
1641923989305277751 438.390589 0.000000
1641923989305294151 438.438618 0.000000
1641923989305344496 438.501116 0.000000
1641923989305369292 437.996871 0.000000
1641923989305446266 438.522647 0.000000
1641923989305478176 438.474576 0.000000
1641923989305481553 438.466612 0.000000
1641923989727897729 422.674672 0.000000
1641923989727897739 422.438599 0.000000
1641923989727936793 422.450982 0.000000
1641923989727959195 422.552162 0.000000
1641923989727985294 422.704147 0.000000
1641923989727997016 422.699889 0.000000
1641923989728014548 422.648633 0.000000
1641923989728034776 422.786260 0.000000
1641923989728059212 422.928807 0.000000
1641923990161491387 433.433998 0.000000
1641923990161615489 433.709255 0.000000
1641923990162393337 434.410548 0.000000
1641923990162416100 434.351728 0.000000
1641923990601876455 440.331818 0.000000
1641923990601913574 440.290771 0.000000
1641923990601918494 440.262909 0.000000
1641923990602101296 440.606002 0.000000
1641923990602157972 440.696191 0.000000
1641923990602219468 439.828655 0.000000
1641923990602501887 440.079645 0.000000
1641923991028288967 426.372046 0.000000
1641923991028297282 426.071312 0.000000
1641923991028332849 426.160089 0.000000
1641923991028557250 426.392805 0.000000
1641923991028757084 426.263923 0.000000
1641923991463267519 434.952433 0.000000
1641923991463307194 435.053824 0.000000
1641923991463358349 435.021112 0.000000
1641923991463370783 434.849701 0.000000
1641923991463376083 435.079722 0.000000
1641923991463397202 434.659735 0.000000
1641923991463414455 435.075605 0.000000
1641923991898878902 435.625068 0.000000
1641923991898904019 435.500996 0.000000
1641923991898934145 435.510694 0.000000
1641923991898953001 435.579353 0.000000
1641923991898954854 435.637982 0.000000
1641923991899132046 435.592036 0.000000
1641923991899131055 435.696472 0.000000
1641923991899185577 435.724495 0.000000
1641923992339577530 440.541954 0.000000
1641923992339606314 440.630260 0.000000
1641923992339624929 440.454631 0.000000
1641923992339640548 440.483154 0.000000
1641923992339732531 440.560229 0.000000
1641923992339757748 440.834473 0.000000
1641923992774925692 435.369422 0.000000
1641923992774943355 435.195717 0.000000
1641923992774961249 435.430607 0.000000
1641923992774967631 435.339646 0.000000
1641923992774983230 435.355716 0.000000
1641923992774986506 435.373770 0.000000
1641923992775033474 435.273812 0.000000
1641923992775071506 435.258585 0.000000
1641923992775089038 435.279414 0.000000
1641923992775106070 435.368400 0.000000
1641923992775107583 435.526506 0.000000
1641923992775291107 435.681677 0.000000
1641923993206065068 430.955110 0.000000
1641923993206099683 431.095944 0.000000
1641923993206144367 431.157199 0.000000
1641923993206238633 431.307662 0.000000
1641923993206273539 431.325685 0.000000
1641923993206367765 431.377232 0.000000
1641923993206377073 431.300037 0.000000
1641923993641508093 435.407990 0.000000
1641923993641536727 435.292693 0.000000
1641923993641559720 435.410093 0.000000
1641923993641604183 435.441623 0.000000
1641923993641664036 435.530800 0.000000
1641923993641743605 435.360852 0.000000
1641923993641821380 435.449308 0.000000
1641923994067308292 425.639517 0.000000
1641923994067341574 425.791482 0.000000
1641923994067397128 425.594242 0.000000
1641923994067490183 425.664314 0.000000
1641923994067516823 425.692427 0.000000
1641923994067536479 425.968804 0.000000
1641923994503717768 436.430486 0.000000
1641923994503733548 436.331891 0.000000
1641923994503734089 436.359072 0.000000
1641923994503748797 436.477184 0.000000
1641923994503772281 436.251030 0.000000
1641923994503788651 436.439544 0.000000
1641923994503817305 436.319167 0.000000
1641923994939944818 436.155465 0.000000
1641923994939964615 436.089041 0.000000
1641923994939978331 436.272144 0.000000
1641923994939995353 436.105642 0.000000
1641923994939997396 436.259500 0.000000
1641923994940011653 436.289837 0.000000
1641923994940031019 436.277354 0.000000
1641923994940143039 436.366762 0.000000
1641923994940155152 436.334130 0.000000
1641923994940177624 436.425421 0.000000
1641923994940191610 436.416715 0.000000
1641923994940200878 436.075836 0.000000
1641923995375997429 435.981508 0.000000
1641923995376032004 435.827670 0.000000
1641923995376068372 436.042342 0.000000
1641923995376090884 436.092496 0.000000
1641923995376132783 435.951181 0.000000
1641923995376154884 436.003699 0.000000
1641923995376185331 436.202852 0.000000
1641923995376279177 436.073500 0.000000
1641923995801681208 425.538897 0.000000
1641923995801694252 425.556761 0.000000
1641923995801851607 425.778927 0.000000
1641923995801873288 425.669041 0.000000
1641923995801975169 425.759711 0.000000
1641923995802039569 425.880457 0.000000
1641923995802050841 426.014319 0.000000
1641923996233575604 431.939541 0.000000
1641923996233703333 432.005364 0.000000
1641923996233742587 431.757620 0.000000
1641923996664690182 431.104419 0.000000
1641923996664698808 431.161245 0.000000
1641923996664716601 431.157358 0.000000
1641923996664732611 431.047963 0.000000
1641923996664747980 431.016404 0.000000
1641923996664760724 431.014981 0.000000
1641923996664781443 431.159342 0.000000
1641923997099812638 435.076530 0.000000
1641923997099868342 435.191746 0.000000
1641923997099884783 435.199420 0.000000
1641923997099902506 435.208377 0.000000
1641923997099934486 435.280221 0.000000
1641923997099947731 435.162691 0.000000
1641923997100025717 435.274501 0.000000
1641923997100179225 435.410957 0.000000
1641923997100197239 435.454979 0.000000
1641923997536647717 436.775648 0.000000
1641923997536654670 436.833696 0.000000
1641923997536680809 436.791888 0.000000
1641923997536688904 436.807267 0.000000
1641923997536701458 436.744019 0.000000
1641923997536712779 436.790886 0.000000
1641923997536716526 436.741884 0.000000
1641923997536745550 436.540067 0.000000
1641923997536788361 436.855878 0.000000
1641923997536805773 436.955765 0.000000
1641923997967406657 430.647150 0.000000
1641923997967516613 430.751165 0.000000
1641923997967540117 430.836685 0.000000
1641923997967594279 430.934129 0.000000
1641923997967616330 430.808292 0.000000
1641923997982348703 445.693251 0.000000
1641923998403518223 436.216422 0.000000
1641923998403554120 436.131914 0.000000
1641923998403571553 435.939093 0.000000
1641923998403582854 436.053567 0.000000
1641923998403585719 436.239466 0.000000
1641923998403596880 436.052936 0.000000
1641923998403602671 436.191405 0.000000
1641923998403614764 435.898206 0.000000
1641923998403632056 421.278033 0.000000
1641923998403650671 435.927741 0.000000
1641923998403705374 436.327601 0.000000
1641923998839056786 435.498027 0.000000
1641923998839065252 435.492637 0.000000
1641923998839068749 435.543152 0.000000
1641923998839141094 435.421935 0.000000
1641923998839142798 435.488049 0.000000
1641923998839184536 435.543172 0.000000
1641923998839221846 435.621659 0.000000
1641923998839376255 435.748677 0.000000
1641923999279954781 440.882706 0.000000
1641923999279999885 440.773652 0.000000
1641923999280054187 440.994605 0.000000
1641923999280082390 441.012038 0.000000
1641923999280134858 440.946515 0.000000
1641923999280157631 441.118267 0.000000
1641923999280172379 441.027167 0.000000
1641923999280181676 441.174903 0.000000
1641923999280241759 441.221882 0.000000
1641923999715361411 435.401320 0.000000
1641923999715394653 435.211134 0.000000
1641923999715416685 435.358701 0.000000
1641923999715420362 435.227986 0.000000
1641923999715470966 435.435535 0.000000
1641923999715474343 435.452135 0.000000
1641923999715536068 435.562893 0.000000
1641923999715570002 435.409465 0.000000
1641923999715698172 435.553445 0.000000
1641924000146820435 431.280048 0.000000
1641924000146840953 431.360408 0.000000
1641924000146852284 431.192094 0.000000
1641924000146874837 431.436792 0.000000
1641924000146881189 431.194708 0.000000
1641924000146897710 431.520680 0.000000
1641924000146913579 431.492997 0.000000
1641924000147035648 431.459294 0.000000
1641924000582489656 435.611143 0.000000
1641924000582494435 435.592689 0.000000
1641924000582567923 435.785479 0.000000
1641924000582573163 435.628205 0.000000
1641924001018869607 436.338062 0.000000
1641924001018883393 436.346839 0.000000
1641924001018930020 436.427660 0.000000
1641924001018943225 436.353861 0.000000
1641924001018967731 436.406771 0.000000
1641924001019157857 436.707825 0.000000
1641924001019166934 436.594452 0.000000
1641924001019181962 436.627083 0.000000
1641924001438168431 419.249252 0.000000
1641924001438197155 419.210689 0.000000
1641924001438210290 419.351804 0.000000
1641924001438358948 419.173359 0.000000
1641924001438374087 419.212232 0.000000
1641924001438426635 419.247107 0.000000
1641924001873933977 435.674304 0.000000
1641924001874070262 435.856726 0.000000
1641924001874091472 435.660098 0.000000
1641924001874520496 436.339351 0.000000
1641924002309824893 435.722461 0.000000
1641924002309840703 435.923898 0.000000
1641924002309881720 435.648713 0.000000
1641924002309913149 435.713474 0.000000
1641924002309928227 435.957391 0.000000
1641924002309929740 435.852214 0.000000
1641924002309943756 435.972610 0.000000
1641924002309949727 435.873945 0.000000
1641924002309990093 435.960617 0.000000
1641924002750190469 440.273734 0.000000
1641924002750195709 440.197661 0.000000
1641924002750207010 440.213280 0.000000
1641924002750239802 440.306125 0.000000
1641924002750260931 440.425549 0.000000
1641924002750362402 440.464261 0.000000
1641924002750385956 440.431790 0.000000
1641924002750429447 440.480912 0.000000
1641924003181184569 430.864927 0.000000
1641924003181200860 430.851483 0.000000
1641924003181220537 430.991495 0.000000
1641924003181247107 430.983330 0.000000
1641924003181434448 431.018205 0.000000
1641924003181467389 431.114296 0.000000
1641924003181473341 431.238368 0.000000
1641924003181485904 431.273313 0.000000
1641924003611321704 430.134900 0.000000
1641924003611361228 430.194802 0.000000
1641924003611395272 430.245327 0.000000
1641924003611409328 429.956315 0.000000
1641924003611479570 430.037919 0.000000
1641924003611483868 430.256348 0.000000
1641924003611555582 430.082993 0.000000
1641924003611581531 430.393094 0.000000
1641924003611716614 430.239727 0.000000
1641924004042600910 431.233901 0.000000
1641924004042624795 431.225566 0.000000
1641924004042635315 431.248008 0.000000
1641924004042644993 431.278786 0.000000
1641924004042677143 431.347865 0.000000
1641924004042683144 431.094770 0.000000
1641924004042692422 431.204567 0.000000
1641924004042715034 430.991126 0.000000
1641924004042719242 431.149985 0.000000
1641924004042725143 431.161987 0.000000
1641924004042747255 431.406055 0.000000
1641924004477273023 434.548631 0.000000
1641924004477300614 434.605808 0.000000
1641924004477315031 434.656413 0.000000
1641924004477330570 434.663006 0.000000
1641924004477346240 434.661172 0.000000
1641924004477352291 434.624944 0.000000
1641924004477362741 434.621718 0.000000
1641924004477366969 434.739679 0.000000
1641924004477380254 434.742314 0.000000
1641924004477388639 434.671190 0.000000
1641924004477393849 434.745740 0.000000
1641924004477408947 434.802978 0.000000
1641924004917696678 440.415641 0.000000
1641924004917751641 440.372510 0.000000
1641924004917771719 440.415781 0.000000
1641924004917843934 440.460595 0.000000
1641924004917885082 440.580680 0.000000
1641924004917893227 440.542859 0.000000
1641924004917931108 440.612760 0.000000
1641924004918011929 440.614774 0.000000
1641924005352940434 435.237985 0.000000
1641924005352940404 434.972176 0.000000
1641924005353013211 435.117139 0.000000
1641924005353088001 435.229579 0.000000
1641924005353106545 435.350696 0.000000
1641924005353171477 435.320790 0.000000
1641924005353184762 435.436827 0.000000
1641924005353200031 435.423352 0.000000
1641924005353230989 435.198942 0.000000
1641924005353239004 435.480620 0.000000
1641924005795253190 442.159539 0.000000
1641924005795270722 442.160480 0.000000
1641924005795280000 442.063178 0.000000
1641924005795297262 442.293309 0.000000
1641924005795328471 442.086001 0.000000
1641924005795342507 442.139190 0.000000
1641924006226085647 430.888462 0.000000
1641924006226128558 430.954637 0.000000
1641924006226162110 430.849780 0.000000
1641924006226372274 430.994040 0.000000
1641924006226395438 431.106121 0.000000
1641924006226403092 431.073189 0.000000
1641924006226406789 431.056107 0.000000
1641924006661220208 435.017952 0.000000
1641924006661237160 435.131836 0.000000
1641924006661270733 434.896154 0.000000
1641924006661528206 435.119263 0.000000
1641924006661532033 435.150621 0.000000
1641924006661558983 435.160910 0.000000
1641924007092584352 431.238088 0.000000
1641924007092596595 431.322456 0.000000
1641924007092624327 431.445376 0.000000
1641924007092635238 431.422894 0.000000
1641924007092669612 431.130446 0.000000
1641924007092684290 431.153379 0.000000
1641924007092822980 431.545544 0.000000
1641924007092878924 431.636415 0.000000
1641924007528658467 436.057363 0.000000
1641924007528658357 436.083182 0.000000
1641924007528684225 436.035552 0.000000
1641924007528774584 435.964619 0.000000
1641924007528785575 436.163772 0.000000
1641924007528798369 435.976511 0.000000
1641924007528909056 436.220469 0.000000
1641924007528916691 436.265794 0.000000
1641924007959825549 431.162423 0.000000
1641924007959860384 431.141544 0.000000
1641924007959926748 431.110335 0.000000
1641924007959966543 431.279402 0.000000
1641924007959997321 431.334195 0.000000
1641924007960020364 431.232615 0.000000
1641924007960060569 431.254966 0.000000
1641924007960360882 431.556832 0.000000
1641924007960370821 431.457697 0.000000
1641924008393527425 433.699231 0.000000
1641924008393542022 433.569247 0.000000
1641924008393563322 433.668263 0.000000
1641924008393577839 433.593934 0.000000
1641924008393720226 433.657273 0.000000
1641924008393753639 433.379853 0.000000
1641924008393805055 433.947667 0.000000
1641924008393859718 433.991629 0.000000
1641924008393949015 434.068754 0.000000
1641924008393950829 433.924444 0.000000
1641924008832354025 438.772660 0.000000
1641924008832357151 438.839084 0.000000
1641924008832406083 438.641223 0.000000
1641924008832561424 438.994365 0.000000
1641924008832588375 438.860925 0.000000
1641924008832605727 438.636093 0.000000
1641924008832641424 438.682500 0.000000
1641924008832698311 438.940133 0.000000
1641924009252732358 420.140417 0.000000
1641924009252747937 420.125348 0.000000
1641924009252754199 420.394082 0.000000
1641924009252766312 420.197344 0.000000
1641924009253124954 420.715785 0.000000
1641924009253139281 420.778383 0.000000
1641924009253145232 420.505792 0.000000
1641924009253152065 420.728750 0.000000
1641924009272359146 439.654694 0.000000
1641924009688485731 435.372409 0.000000
1641924009688510948 435.382287 0.000000
1641924009688526507 435.787958 0.000000
1641924009688547567 435.394821 0.000000
1641924009688568045 435.510287 0.000000
1641924009688592521 435.823233 0.000000
1641924009688607740 435.428524 0.000000
1641924009688699572 435.618530 0.000000
1641924010125018682 436.327516 0.000000
1641924010125073034 436.529214 0.000000
1641924010125196625 436.666291 0.000000
1641924010125222073 436.670378 0.000000
1641924010134439950 445.947497 0.000000
1641924010549220752 424.161775 0.000000
1641924010549227365 424.265840 0.000000
1641924010549327603 424.269237 0.000000
1641924010549331921 414.882062 0.000000
1641924010549362628 424.353755 0.000000
1641924010549363039 424.256182 0.000000
1641924010549396121 424.417915 0.000000
1641924010987547728 438.147048 0.000000
1641924010987600567 438.233139 0.000000
1641924010987620595 438.304023 0.000000
1641924010987637546 438.305806 0.000000
1641924010987677091 438.440018 0.000000
1641924010987702909 438.305465 0.000000
1641924010987846468 438.614795 0.000000
1641924011422901008 435.314156 0.000000
1641924011422992029 435.370262 0.000000
1641924011423015853 435.391753 0.000000
1641924011423108768 435.505446 0.000000
1641924011858884120 435.930012 0.000000
1641924011858910960 435.913611 0.000000
1641924011858925458 435.964457 0.000000
1641924011858931930 435.935914 0.000000
1641924011858941848 435.998881 0.000000
1641924011858957568 435.976850 0.000000
1641924011858969420 436.034077 0.000000
1641924011858974610 436.066228 0.000000
1641924011858988466 435.875591 0.000000
1641924011859005778 435.897842 0.000000
1641924012294408021 435.419104 0.000000
1641924012294408041 435.434573 0.000000
1641924012294445281 435.452667 0.000000
1641924012294464988 435.503823 0.000000
1641924012294465960 435.295273 0.000000
1641924012294674270 435.657922 0.000000
1641924012294685371 435.368670 0.000000
1641924012294745684 435.809586 0.000000
1641924012730610795 435.876913 0.000000
1641924012730619451 436.203565 0.000000
1641924012730653435 436.202644 0.000000
1641924012730664856 436.214566 0.000000
1641924012730676748 435.927227 0.000000
1641924012730682509 435.934240 0.000000
1641924012730702887 435.968494 0.000000
1641924012730713597 435.936945 0.000000
1641924012730726101 436.033857 0.000000
1641924012730732673 436.012717 0.000000
1641924013161750086 431.047439 0.000000
1641924013161801392 431.144030 0.000000
1641924013161923371 431.252434 0.000000
1641924013161943479 431.223019 0.000000
1641924013161966472 431.286407 0.000000
1641924013162086497 431.433283 0.000000
1641924013162098810 431.362630 0.000000
1641924013601929074 440.174891 0.000000
1641924013601948310 439.964827 0.000000
1641924013601986712 440.103808 0.000000
1641924013602033280 440.106012 0.000000
1641924013602042948 440.238540 0.000000
1641924013602173593 440.082828 0.000000
1641924013602247151 440.160754 0.000000
1641924013602287857 440.227649 0.000000
1641924014037607187 435.670088 0.000000
1641924014037615573 435.537840 0.000000
1641924014037633376 435.620616 0.000000
1641924014037677920 435.641033 0.000000
1641924014037706193 435.531578 0.000000
1641924014037850564 435.612180 0.000000
1641924014478504174 440.796087 0.000000
1641924014478504906 440.695770 0.000000
1641924014478652783 440.798412 0.000000
1641924014478669524 441.033202 0.000000
1641924014478687468 441.077856 0.000000
1641924014478704830 436.316010 0.000000
1641924014478724978 441.042940 0.000000
1641924014913840656 435.302538 0.000000
1641924014913862707 435.134243 0.000000
1641924014913912621 435.401894 0.000000
1641924014914013190 435.372600 0.000000
1641924014914165555 435.508975 0.000000
1641924014914194219 435.429857 0.000000
1641924014914230096 435.641073 0.000000
1641924014924450903 445.888500 0.000000
1641924015349746711 435.765591 0.000000
1641924015349763833 435.844730 0.000000
1641924015349777028 435.932324 0.000000
1641924015349777639 435.761905 0.000000
1641924015349828695 435.668690 0.000000
1641924015349885591 435.680593 0.000000
1641924015349941296 435.745454 0.000000
1641924015349947147 435.763498 0.000000
1641924015349980660 435.830804 0.000000
1641924015783994230 434.212673 0.000000
1641924015784051397 434.039258 0.000000
1641924015784270608 434.316318 0.000000
1641924015784282560 434.515561 0.000000
1641924015784300384 434.520050 0.000000
1641924016224750018 440.771217 0.000000
1641924016224771698 440.601779 0.000000
1641924016224780395 440.817764 0.000000
1641924016224793269 440.638278 0.000000
1641924016224805161 440.735870 0.000000
1641924016224824808 440.826320 0.000000
1641924016224886233 440.869261 0.000000
1641924016224906781 440.676369 0.000000
1641924016224956946 440.678313 0.000000
1641924016224956845 440.651753 0.000000
1641924016224971152 440.680066 0.000000
1641924016224982293 440.791575 0.000000
1641924016661292448 436.496374 0.000000
1641924016661349925 436.503887 0.000000
1641924016661357830 436.574189 0.000000
1641924016661408625 436.461327 0.000000
1641924016661420508 436.434257 0.000000
1641924016661424345 436.452361 0.000000
1641924016661446386 436.650272 0.000000
1641924016661479929 436.720243 0.000000
1641924017097041260 435.613318 0.000000
1641924017097154953 435.801451 0.000000
1641924017097170242 435.856935 0.000000
1641924017097179900 435.847357 0.000000
1641924017097204867 435.917409 0.000000
1641924017097234693 435.907520 0.000000
1641924017097285468 435.988923 0.000000
1641924017097300045 435.952915 0.000000
1641924017529200735 431.992732 0.000000
1641924017529208389 432.130670 0.000000
1641924017529229689 432.103580 0.000000
1641924017529231823 432.118608 0.000000
1641924017529260577 432.078373 0.000000
1641924017529633717 432.376482 0.000000
1641924017529641531 432.352406 0.000000
1641924017529654506 432.412640 0.000000
1641924017539622719 437.660826 0.000000
1641924017964617385 435.353511 0.000000
1641924017964680673 435.429022 0.000000
1641924017964713755 435.435204 0.000000
1641924017964861712 435.220212 0.000000
1641924017964876681 435.640630 0.000000
1641924017964921595 425.287925 0.000000
1641924018400932811 436.039389 0.000000
1641924018400943911 436.124048 0.000000
1641924018400976913 436.292262 0.000000
1641924018400992072 436.086998 0.000000
1641924018400992673 436.275111 0.000000
1641924018401006849 436.082629 0.000000
1641924018401007020 436.350031 0.000000
1641924018401063786 436.309024 0.000000
1641924018401065008 436.185803 0.000000
1641924018836243902 435.232604 0.000000
1641924018836253180 435.184024 0.000000
1641924018836261886 435.208059 0.000000
1641924018836276303 435.220672 0.000000
1641924018836323331 435.327232 0.000000
1641924018836495163 435.552905 0.000000
1641924018836510462 435.559357 0.000000
1641924018836570074 435.588752 0.000000
1641924018836573781 435.551021 0.000000
1641924019278258291 441.993209 0.000000
1641924019278277156 442.013587 0.000000
1641924019278287005 441.788756 0.000000
1641924019278297384 441.822619 0.000000
1641924019278304508 441.968533 0.000000
1641924019278388094 441.809795 0.000000
1641924019278402641 441.774670 0.000000
1641924019278411989 441.837958 0.000000
1641924019714169244 435.728772 0.000000
1641924019714206304 435.924749 0.000000
1641924019714238865 435.845831 0.000000
1641924019714239085 435.823639 0.000000
1641924019714253572 435.837657 0.000000
1641924019714353830 436.053300 0.000000
1641924019714379669 436.099958 0.000000
1641924019723583430 445.128620 0.000000
1641924020155363435 441.103240 0.000000
1641924020155446511 441.237883 0.000000
1641924020155907124 441.543465 0.000000
1641924020155937060 441.710729 0.000000
1641924020155953341 441.743881 0.000000
1641924020595212572 439.694227 0.000000
1641924020595229764 439.788884 0.000000
1641924020595245453 439.777041 0.000000
1641924020595259379 439.832445 0.000000
1641924020595275770 439.786048 0.000000
1641924020595293153 439.881728 0.000000
1641924020595400574 439.459807 0.000000
1641924020595417856 439.963531 0.000000
1641924020595433195 439.492458 0.000000
1641924020595445819 439.531521 0.000000
1641924020595463362 439.998487 0.000000
1641924021026358948 430.932586 0.000000
1641924021026370970 431.137941 0.000000
1641924021026401418 431.138773 0.000000
1641924021026402550 430.947123 0.000000
1641924021026427957 430.991175 0.000000
1641924021026442595 431.145054 0.000000
1641924021026454798 430.987609 0.000000
1641924021462227859 435.879150 0.000000
1641924021462242978 435.954011 0.000000
1641924021462271892 435.865144 0.000000
1641924021462307048 435.919136 0.000000
1641924021462370857 435.925317 0.000000
1641924021462371078 435.939444 0.000000
1641924021462397237 435.939053 0.000000
1641924021462406604 435.933492 0.000000
1641924021462413217 425.819836 0.000000
1641924021892932935 430.532352 0.000000
1641924021892932905 430.623052 0.000000
1641924021892945719 430.528645 0.000000
1641924021892950297 430.592474 0.000000
1641924021892962119 430.699606 0.000000
1641924021892966648 430.734240 0.000000
1641924021893013536 425.978316 0.000000
1641924021893102843 430.851389 0.000000
1641924021893144010 430.879493 0.000000
1641924022332566970 439.601184 0.000000
1641924022332591476 439.572460 0.000000
1641924022332601495 439.590975 0.000000
1641924022332726589 439.789005 0.000000
1641924022332758519 439.822228 0.000000
1641924022332779979 439.874947 0.000000
1641924022763533368 430.920692 0.000000
1641924022763533358 430.802009 0.000000
1641924022763580446 430.784597 0.000000
1641924022763596516 430.790078 0.000000
1641924022763611655 431.042781 0.000000
1641924022763613458 431.031349 0.000000
1641924022763636451 431.083908 0.000000
1641924022763670415 430.979803 0.000000
1641924022763680294 431.110528 0.000000
1641924022773739678 440.957484 0.000000
1641924023199531069 435.847158 0.000000
1641924023199551467 435.967233 0.000000
1641924023199580521 435.941354 0.000000
1641924023199582575 435.915035 0.000000
1641924023199594648 435.937428 0.000000
1641924023199637157 436.095124 0.000000
1641924023199708762 436.091987 0.000000
1641924023634053323 434.454788 0.000000
1641924023634083139 434.440722 0.000000
1641924023634089812 434.531232 0.000000
1641924023634115720 434.543925 0.000000
1641924023634116021 434.331507 0.000000
1641924023634130768 434.427897 0.000000
1641924023634132381 434.546030 0.000000
1641924023634192514 434.652849 0.000000
1641924023634368324 434.422137 0.000000
1641924023634376379 434.663970 0.000000
1641924024063239273 429.103676 0.000000
1641924024063260403 429.064162 0.000000
1641924024063283927 429.164329 0.000000
1641924024063293575 429.190098 0.000000
1641924024063358707 429.262885 0.000000
1641924024063408190 429.288532 0.000000
1641924024063419742 429.357101 0.000000
1641924024063441673 429.047040 0.000000
1641924024063446051 429.070343 0.000000
1641924024499518379 436.090973 0.000000
1641924024499539488 436.242927 0.000000
1641924024499571248 436.125848 0.000000
1641924024499597717 436.228490 0.000000
1641924024499623295 436.360558 0.000000
1641924024499733231 436.264968 0.000000
1641924024499759420 436.309572 0.000000
1641924024923289924 423.703318 0.000000
1641924024923377498 423.611666 0.000000
1641924024923388729 423.829454 0.000000
1641924024923400161 423.825447 0.000000
1641924024923430768 423.803756 0.000000
1641924024923462948 423.842969 0.000000
1641924024933385025 433.857250 0.000000
1641924025358986549 435.545301 0.000000
1641924025358990667 435.781314 0.000000
1641924025359009121 435.532357 0.000000
1641924025359077750 435.793687 0.000000
1641924025359131521 435.728615 0.000000
1641924025359145527 435.754062 0.000000
1641924025359251506 435.999804 0.000000
1641924025359700868 436.290869 0.000000
1641924025359706508 436.175092 0.000000
1641924025795334555 436.181895 0.000000
1641924025795350716 436.182847 0.000000
1641924025795360243 436.225076 0.000000
1641924025795385721 436.155686 0.000000
1641924025795442337 436.289116 0.000000
1641924025795759812 436.503908 0.000000
1641924026231092295 435.635120 0.000000
1641924026231108706 435.677570 0.000000
1641924026231120387 435.766046 0.000000
1641924026231137309 435.691415 0.000000
1641924026231144743 435.805779 0.000000
1641924026231194917 435.809767 0.000000
1641924026231208402 435.444303 0.000000
1641924026231482957 436.077950 0.000000
1641924026231483739 435.719859 0.000000
1641924026661652981 430.177778 0.000000
1641924026661680973 430.195292 0.000000
1641924026661681995 430.485565 0.000000
1641924026661695050 430.537332 0.000000
1641924026661750484 430.290510 0.000000
1641924027096860699 435.203069 0.000000
1641924027096904220 435.186789 0.000000
1641924027096921683 435.186468 0.000000
1641924027097016230 435.316862 0.000000
1641924027097077415 435.529661 0.000000
1641924027097101140 435.415688 0.000000
1641924027531653520 434.651317 0.000000
1641924027531679649 434.735775 0.000000
1641924027531685971 434.822276 0.000000
1641924027531716248 434.889793 0.000000
1641924027531716899 434.777863 0.000000
1641924027531779867 434.855068 0.000000
1641924027531838177 434.753608 0.000000
1641924027531862763 435.005521 0.000000
1641924027531914930 434.806558 0.000000
1641924027532030407 435.184636 0.000000
1641924027963434128 431.642128 0.000000
1641924027963469635 431.750121 0.000000
1641924027963484312 431.763696 0.000000
1641924027963506965 431.649192 0.000000
1641924027963520400 431.817297 0.000000
1641924027963538474 431.848766 0.000000
1641924027963555165 431.629685 0.000000
1641924027963649412 431.897507 0.000000
1641924027963845910 432.181299 0.000000
1641924027963854596 431.978779 0.000000
1641924028399162619 435.597285 0.000000
1641924028399181424 435.671323 0.000000
1641924028399195050 435.711670 0.000000
1641924028399211411 435.356524 0.000000
1641924028399219786 435.677766 0.000000
1641924028399223844 435.700459 0.000000
1641924028399233191 435.667216 0.000000
1641924028399243731 435.696411 0.000000
1641924028399260743 435.604148 0.000000
1641924028399268918 435.407439 0.000000
1641924028840645740 441.479445 0.000000
1641924028840671599 441.521123 0.000000
1641924028840716042 441.489072 0.000000
1641924028840732253 441.496056 0.000000
1641924028840743534 441.479575 0.000000
1641924028840747912 441.546259 0.000000
1641924028840760135 441.575595 0.000000
1641924028840763281 441.491347 0.000000
1641924028840791203 441.544476 0.000000
1641924029281532106 440.817648 0.000000
1641924029281543678 440.823869 0.000000
1641924029281554779 440.772753 0.000000
1641924029281563625 440.799834 0.000000
1641924029281645990 440.899190 0.000000
1641924029281706754 440.978699 0.000000
1641924029281732071 441.077824 0.000000
1641924029281737451 441.061514 0.000000
1641924029281760715 441.024134 0.000000
1641924029718311073 436.718473 0.000000
1641924029718325601 436.833520 0.000000
1641924029718482274 436.934027 0.000000
1641924029718489898 436.750293 0.000000
1641924029718528160 436.988209 0.000000
1641924029718543048 436.820595 0.000000
1641924029718561733 436.905814 0.000000
1641924029718572403 436.796820 0.000000
1641924029718594745 436.829832 0.000000
1641924029718605225 437.027954 0.000000
1641924029718620664 436.861312 0.000000
1641924029718634940 436.893511 0.000000
1641924029718651041 437.117722 0.000000
1641924030159369922 441.032740 0.000000
1641924030159406480 440.837764 0.000000
1641924030159547184 440.890142 0.000000
1641924030159593932 441.061794 0.000000
1641924030159605383 440.981263 0.000000
1641924030595761689 436.164742 0.000000
1641924030595787538 436.226338 0.000000
1641924030595821431 436.424398 0.000000
1641924030595877546 436.534094 0.000000
1641924030595884860 436.364186 0.000000
1641924030595892304 436.414841 0.000000
1641924030610751866 451.122187 0.000000
1641924031037432342 441.640867 0.000000
1641924031037453011 441.572619 0.000000
1641924031037466225 441.711729 0.000000
1641924031037475853 441.588518 0.000000
1641924031037477667 441.580033 0.000000
1641924031037485752 441.707372 0.000000
1641924031037513454 441.640276 0.000000
1641924031037533812 426.761267 0.000000
1641924031037552267 441.735184 0.000000
1641924031037587332 441.819091 0.000000
1641924031037633339 441.834039 0.000000
1641924031037857909 442.033483 0.000000
1641924031472488246 434.952621 0.000000
1641924031472526378 435.036699 0.000000
1641924031472540635 434.983169 0.000000
1641924031472546465 435.066244 0.000000
1641924031472556494 435.030677 0.000000
1641924031472596349 435.127368 0.000000
1641924031472773992 435.258544 0.000000
1641924031903277624 430.687727 0.000000
1641924031903309775 430.758400 0.000000
1641924031903317128 430.657500 0.000000
1641924031903360359 430.858408 0.000000
1641924031903377181 430.853017 0.000000
1641924031903384585 430.840314 0.000000
1641924031903400044 430.697215 0.000000
1641924031903803831 431.111602 0.000000
1641924032344095861 440.606820 0.000000
1641924032344095991 440.782099 0.000000
1641924032344134664 440.703091 0.000000
1641924032344163087 440.798710 0.000000
1641924032344185309 440.797268 0.000000
1641924032344202070 440.797728 0.000000
1641924032344219102 440.935757 0.000000
1641924032344224833 440.892085 0.000000
1641924032785883730 441.660821 0.000000
1641924032785912904 441.756611 0.000000
1641924032785980711 441.812926 0.000000
1641924032785991402 441.815441 0.000000
1641924032785998996 441.809910 0.000000
1641924032786031707 441.883077 0.000000
1641924032786164546 442.061622 0.000000
1641924033225858777 439.873948 0.000000
1641924033225888863 440.003851 0.000000
1641924033225896998 439.808254 0.000000
1641924033225933627 439.880540 0.000000
1641924033226032612 439.857716 0.000000
1641924033662523708 436.632390 0.000000
1641924033662538276 436.687564 0.000000
1641924033662552733 436.648631 0.000000
1641924033662564445 436.528506 0.000000
1641924033662577680 436.677376 0.000000
1641924033662579242 436.692213 0.000000
1641924033662595523 436.536180 0.000000
1641924033662599571 436.536972 0.000000
1641924033662613066 436.731627 0.000000
1641924033662765351 436.737738 0.000000
1641924034088100021 425.517472 0.000000
1641924034088117413 425.500700 0.000000
1641924034088155104 425.536047 0.000000
1641924034088164802 425.490381 0.000000
1641924034088168739 425.588144 0.000000
1641924034088202362 425.660701 0.000000
1641924034088219745 425.688502 0.000000
1641924034088232389 425.664949 0.000000
1641924034088251024 425.478098 0.000000
1641924034088286791 425.733357 0.000000
1641924034088346392 425.848473 0.000000
1641924034088369516 425.812415 0.000000
1641924034524859960 436.612733 0.000000
1641924034524894365 436.542482 0.000000
1641924034524908581 436.696661 0.000000
1641924034524926214 436.689397 0.000000
1641924034524925493 436.701049 0.000000
1641924034525035669 436.681192 0.000000
1641924034525059524 436.980653 0.000000
1641924034525070274 436.965084 0.000000
1641924034525077949 436.784496 0.000000
1641924034525250041 437.103303 0.000000
1641924034525281099 437.155601 0.000000
1641924034960153066 435.286473 0.000000
1641924034960186639 435.123258 0.000000
1641924034960192530 435.110914 0.000000
1641924034960202048 435.304026 0.000000
1641924034960209161 435.237813 0.000000
1641924034960256300 434.970442 0.000000
1641924034960275335 435.345916 0.000000
1641924034960305492 435.393224 0.000000
1641924034960450774 435.284991 0.000000
1641924034960476833 435.314446 0.000000
1641924034960505647 435.609990 0.000000
1641924035391072697 430.760894 0.000000
1641924035391078809 430.865860 0.000000
1641924035391105629 430.594622 0.000000
1641924035391140865 430.962351 0.000000
1641924035391157927 430.677517 0.000000
1641924035391164329 430.899694 0.000000
1641924035391175640 431.012064 0.000000
1641924035401270812 440.786795 0.000000
1641924035832098431 440.937208 0.000000
1641924035832110243 440.918092 0.000000
1641924035832148555 441.066119 0.000000
1641924035832260284 430.983801 0.000000
1641924035832315608 441.170906 0.000000
1641924035832327089 441.109169 0.000000
1641924035832341877 441.172869 0.000000
1641924036268111890 435.988903 0.000000
1641924036268128080 436.015012 0.000000
1641924036268136596 435.817441 0.000000
1641924036268173906 436.072399 0.000000
1641924036268213049 436.127684 0.000000
1641924036268233728 435.872665 0.000000
1641924036268243066 436.056510 0.000000
1641924036268261560 436.109689 0.000000
1641924036268249778 435.904955 0.000000
1641924036268290505 435.959839 0.000000
1641924036268347702 436.039328 0.000000
1641924036268405701 436.147360 0.000000
1641924036273863821 441.599820 0.000000
1641924036703974185 435.830225 0.000000
1641924036704055437 435.807532 0.000000
1641924036704071247 435.891670 0.000000
1641924036704077709 435.960720 0.000000
1641924036704086035 435.864980 0.000000
1641924036704092657 435.962132 0.000000
1641924037134666761 430.591537 0.000000
1641924037134698050 430.602347 0.000000
1641924037134698250 430.634608 0.000000
1641924037134711615 430.570788 0.000000
1641924037134727114 430.613879 0.000000
1641924037134745238 430.709098 0.000000
1641924037134787167 430.670635 0.000000
1641924037134831009 430.835213 0.000000
1641924037134860725 430.884827 0.000000
1641924037145102351 436.397138 0.000000
1641924037566230511 431.481976 0.000000
1641924037566254175 431.513976 0.000000
1641924037566292727 431.590820 0.000000
1641924037566305371 431.579579 0.000000
1641924037566399317 431.550504 0.000000
1641924037566443340 431.653137 0.000000
1641924037566445644 421.333585 0.000000
1641924037566457336 431.752834 0.000000
1641924037566470471 431.603775 0.000000
1641924037997665076 431.432272 0.000000
1641924037997719238 431.497864 0.000000
1641924037997726251 431.279084 0.000000
1641924037997740077 431.267292 0.000000
1641924037997754885 431.293421 0.000000
1641924037997817843 431.509176 0.000000
1641924037997875130 431.428474 0.000000
1641924038434110787 436.342467 0.000000
1641924038434174486 436.291371 0.000000
1641924038434187881 436.482930 0.000000
1641924038434226994 436.497137 0.000000
1641924038434338263 436.517124 0.000000
1641924038864871258 430.548585 0.000000
1641924038864871048 430.679360 0.000000
1641924038864926532 430.761654 0.000000
1641924038864946309 430.429080 0.000000
1641924038864980403 430.860189 0.000000
1641924038864991173 430.781531 0.000000
1641924039301788521 436.858111 0.000000
1641924039301787869 436.874362 0.000000
1641924039301901102 436.906021 0.000000
1641924039301902123 436.988446 0.000000
1641924039736649239 434.642219 0.000000
1641924039736677903 434.883381 0.000000
1641924039736694183 434.766942 0.000000
1641924039736699273 434.666895 0.000000
1641924039736709251 434.733740 0.000000
1641924039736714972 434.876518 0.000000
1641924039736738156 434.828228 0.000000
1641924039736754166 434.849197 0.000000
1641924039736756750 434.960825 0.000000
1641924039736772300 434.949164 0.000000
1641924039736788931 434.931641 0.000000
1641924040166501401 429.782182 0.000000
1641924040166539523 429.746645 0.000000
1641924040166539944 429.764038 0.000000
1641924040166569359 429.825312 0.000000
1641924040166661101 429.919900 0.000000
1641924040166694704 429.996393 0.000000
1641924040166715112 430.059130 0.000000
1641924040602403589 435.686173 0.000000
1641924040602432864 435.796901 0.000000
1641924040602439888 435.721099 0.000000
1641924040602456869 435.847675 0.000000
1641924040602509879 435.918519 0.000000
1641924040602538412 435.869727 0.000000
1641924040602545025 436.000763 0.000000
1641924040602571584 436.062479 0.000000
1641924041035985100 433.546966 0.000000
1641924041036000790 433.505889 0.000000
1641924041036013594 433.482004 0.000000
1641924041036027269 433.565981 0.000000
1641924041036134721 433.690375 0.000000
1641924041036152153 433.609934 0.000000
1641924041036164306 433.584536 0.000000
1641924041036175717 433.703470 0.000000
1641924041036187469 433.673473 0.000000
1641924041472004551 435.825317 0.000000
1641924041472013688 435.854021 0.000000
1641924041472025560 435.886040 0.000000
1641924041472036721 436.020492 0.000000
1641924041472060576 435.905928 0.000000
1641924041472072839 435.881101 0.000000
1641924041472084811 435.994053 0.000000
1641924041472098527 436.110311 0.000000
1641924041903367926 431.297111 0.000000
1641924041903401098 431.299385 0.000000
1641924041903460349 431.466849 0.000000
1641924041903483482 431.395084 0.000000
1641924041903524739 431.416154 0.000000
1641924041903552361 431.511702 0.000000
1641924041903635166 427.020425 0.000000
1641924042339313441 435.876856 0.000000
1641924042339354027 435.825520 0.000000
1641924042339404291 435.848072 0.000000
1641924042339426733 436.005998 0.000000
1641924042339501473 436.001179 0.000000
1641924042339705736 436.164996 0.000000
1641924042773388701 434.029095 0.000000
1641924042773440308 433.927704 0.000000
1641924042773448744 434.087794 0.000000
1641924042773465746 434.080180 0.000000
1641924042773486154 434.086442 0.000000
1641924042773808909 434.071063 0.000000
1641924043204691501 431.265419 0.000000
1641924043204728259 431.237778 0.000000
1641924043204761141 430.980144 0.000000
1641924043205090729 431.603833 0.000000
1641924043205117549 431.673594 0.000000
1641924043205121837 425.984140 0.000000
1641924043205135433 431.376387 0.000000
1641924043205163165 431.693852 0.000000
1641924043635192858 430.427379 0.000000
1641924043635221462 430.522618 0.000000
1641924043635217444 430.539859 0.000000
1641924043635237953 430.065381 0.000000
1641924043635631390 430.925522 0.000000
1641924043635647170 430.508371 0.000000
1641924043635673199 430.519923 0.000000
1641924044071925936 436.700828 0.000000
1641924044071984506 436.330784 0.000000
1641924044072009974 436.333469 0.000000
1641924044072023329 436.331495 0.000000
1641924044072064727 436.375158 0.000000
1641924044072131802 436.934576 0.000000
1641924044072196884 436.999668 0.000000
1641924044072223534 436.913627 0.000000
1641924044072253851 436.544154 0.000000
1641924044507765379 435.740287 0.000000
1641924044507783944 435.787816 0.000000
1641924044507786268 435.690924 0.000000
1641924044507796868 435.867194 0.000000
1641924044507813038 435.785651 0.000000
1641924044507852312 435.666649 0.000000
1641924044507886105 435.659675 0.000000
1641924044507975272 435.839943 0.000000
1641924044507983327 435.969847 0.000000
1641924044508013634 435.755385 0.000000
1641924044939941976 432.110443 0.000000
1641924044940020032 432.231490 0.000000
1641924044940031333 432.177138 0.000000
1641924044940133114 432.324895 0.000000
1641924044940137162 432.347658 0.000000
1641924044949298263 441.199018 0.000000
1641924045375144476 435.128652 0.000000
1641924045375152010 435.198482 0.000000
1641924045375159935 435.042410 0.000000
1641924045375227511 430.498352 0.000000
1641924045375389695 435.444373 0.000000
1641924045805550463 430.479516 0.000000
1641924045805557747 430.386180 0.000000
1641924045805568056 430.269752 0.000000
1641924046246910764 441.374508 0.000000
1641924046246929630 441.497138 0.000000
1641924046247005753 440.754576 0.000000
1641924046247020009 441.569944 0.000000
1641924046247049354 441.538905 0.000000
1641924046247072037 441.499051 0.000000
1641924046687675512 440.644813 0.000000
1641924046687680992 440.626288 0.000000
1641924046687702843 440.627470 0.000000
1641924046687755672 440.746934 0.000000
1641924046687861230 440.961676 0.000000
1641924046687889303 440.942090 0.000000
1641924046687945628 441.006851 0.000000
1641924047122595670 434.767101 0.000000
1641924047122623081 434.917242 0.000000
1641924047122640304 434.988987 0.000000
1641924047122641205 434.882428 0.000000
1641924047122668266 434.905130 0.000000
1641924047122703041 434.821593 0.000000
1641924047122723219 434.875955 0.000000
1641924047122743567 435.036406 0.000000
1641924047122765478 434.992724 0.000000
1641924047122803950 434.855316 0.000000
1641924047558994100 436.333028 0.000000
1641924047559018546 436.373924 0.000000
1641924047559033394 436.304935 0.000000
1641924047559071395 436.422355 0.000000
1641924047559088578 436.407878 0.000000
1641924047559521349 436.811244 0.000000
1641924047559570611 436.758014 0.000000
1641924047559577925 436.905321 0.000000
1641924047990884962 431.862278 0.000000
1641924047990950394 431.951696 0.000000
1641924047990962758 431.902073 0.000000
1641924047991093493 431.518584 0.000000
1641924047991113660 431.531789 0.000000
1641924047991115013 431.939082 0.000000
1641924047991130672 432.038387 0.000000
1641924047991164756 431.606248 0.000000
1641924047991179113 431.612129 0.000000
1641924048421020573 429.828766 0.000000
1641924048421053074 429.934755 0.000000
1641924048421104790 430.151621 0.000000
1641924048421134697 430.244585 0.000000
1641924048421150055 429.981752 0.000000
1641924048857360726 436.206723 0.000000
1641924048857377768 436.224126 0.000000
1641924048857415078 436.306801 0.000000
1641924048857434053 436.379767 0.000000
1641924048857476843 436.419883 0.000000
1641924048857509935 436.481839 0.000000
1641924048857523611 436.352797 0.000000
1641924048857588843 436.491737 0.000000
1641924048857643826 436.567620 0.000000
1641924049292322563 434.924918 0.000000
1641924049292358139 434.844767 0.000000
1641924049292359732 434.882659 0.000000
1641924049292374139 434.847492 0.000000
1641924049292391963 435.026107 0.000000
1641924049292441746 435.034693 0.000000
1641924049292458127 435.107911 0.000000
1641924049292474638 435.036507 0.000000
1641924049292606385 434.948903 0.000000
1641924049292648504 435.218348 0.000000
1641924049726684987 434.318231 0.000000
1641924049726695086 434.317600 0.000000
1641924049726704053 434.307441 0.000000
1641924049726740501 434.129958 0.000000
1641924049726744989 434.119269 0.000000
1641924049726769596 434.139317 0.000000
1641924049726774425 434.376912 0.000000
1641924049726786637 434.424972 0.000000
1641924049726848363 434.386669 0.000000
1641924049726890061 434.443646 0.000000
1641924050162803244 435.951034 0.000000
1641924050162817240 436.127224 0.000000
1641924050162830335 436.122705 0.000000
1641924050162833841 436.038186 0.000000
1641924050162856113 436.154024 0.000000
1641924050599114790 436.307919 0.000000
1641924050599126522 436.207962 0.000000
1641924050599154354 436.320643 0.000000
1641924050599202314 436.471877 0.000000
1641924050599227591 436.359066 0.000000
1641924050599282033 436.441470 0.000000
1641924050599350993 436.586672 0.000000
1641924051034642690 435.512432 0.000000
1641924051034699457 435.396624 0.000000
1641924051034717210 435.489588 0.000000
1641924051034740704 435.653886 0.000000
1641924051034787492 435.433063 0.000000
1641924051034868564 435.702909 0.000000
1641924051034874335 435.662844 0.000000
1641924051034890375 435.658896 0.000000
1641924051470649295 435.998820 0.000000
1641924051470699479 436.049024 0.000000
1641924051470715068 435.820836 0.000000
1641924051470797954 435.970948 0.000000
1641924051470915824 436.043043 0.000000
1641924051470945420 436.200718 0.000000
1641924051470958545 436.155794 0.000000
1641924051470961179 436.140376 0.000000
1641924051475451105 430.419923 0.000000
1641924051905253973 434.535580 0.000000
1641924051905293277 434.523025 0.000000
1641924051905350775 434.385257 0.000000
1641924051905363298 434.443887 0.000000
1641924051905500656 434.774898 0.000000
1641924052336812673 431.554942 0.000000
1641924052336812683 431.515759 0.000000
1641924052336849161 431.518164 0.000000
1641924052336878326 431.594216 0.000000
1641924052336956964 431.497826 0.000000
1641924052336985367 431.709963 0.000000
1641924052337001317 425.775530 0.000000
1641924052337212432 431.856057 0.000000
1641924052772969070 436.151077 0.000000
1641924052772976023 436.096645 0.000000
1641924052772994688 436.156757 0.000000
1641924052773247141 436.030581 0.000000
1641924052773269372 436.415853 0.000000
1641924053209061847 436.081847 0.000000
1641924053209163868 436.235355 0.000000
1641924053209180710 435.899645 0.000000
1641924053209212470 435.958196 0.000000
1641924053209238258 436.071147 0.000000
1641924053209251913 436.034970 0.000000
1641924053209261181 436.311718 0.000000
1641924053209267392 436.008240 0.000000
1641924053209277191 436.098368 0.000000
1641924053209312747 436.067050 0.000000
1641924053213893002 440.661260 0.000000
1641924053639639971 430.369412 0.000000
1641924053639681208 430.425918 0.000000
1641924053639697749 430.432851 0.000000
1641924053639697859 430.530965 0.000000
1641924053639731863 430.606136 0.000000
1641924053639750698 430.684272 0.000000
1641924053639783890 430.542516 0.000000
1641924054070809499 431.126568 0.000000
1641924054070836710 431.082295 0.000000
1641924054070852159 431.062818 0.000000
1641924054070866556 431.130195 0.000000
1641924054070878338 431.091041 0.000000
1641924054070933211 431.214573 0.000000
1641924054071069907 431.350107 0.000000
1641924054071126212 431.372910 0.000000
1641924054509137892 438.201605 0.000000
1641924054509424359 438.293978 0.000000
1641924054509436782 438.304308 0.000000
1641924054509446300 438.291163 0.000000
1641924054945159191 435.900223 0.000000
1641924054945194377 436.070763 0.000000
1641924054945208614 436.066915 0.000000
1641924054945272293 435.815725 0.000000
1641924054945362152 435.944255 0.000000
1641924055379622956 434.301962 0.000000
1641924055379637403 434.336667 0.000000
1641924055379652241 434.425543 0.000000
1641924055379672820 434.315657 0.000000
1641924055379686485 434.474756 0.000000
1641924055379690002 434.387792 0.000000
1641924055379702185 434.332449 0.000000
1641924055379727031 434.463856 0.000000
1641924055815616908 435.975727 0.000000
1641924055815631385 435.964426 0.000000
1641924055815634220 436.016012 0.000000
1641924055815660499 436.004320 0.000000
1641924055815663084 436.008779 0.000000
1641924055815676199 435.944589 0.000000
1641924055815698741 436.023206 0.000000
1641924055815736762 436.031161 0.000000
1641924055815751340 436.021433 0.000000
1641924055815934383 436.243920 0.000000
1641924056250523683 434.870908 0.000000
1641924056250551846 434.811527 0.000000
1641924056250567715 434.888562 0.000000
1641924056250585509 434.861000 0.000000
1641924056250615345 434.993658 0.000000
1641924056250624081 434.957891 0.000000
1641924056250628930 435.050935 0.000000
1641924056687028222 436.400975 0.000000
1641924056687047358 436.400614 0.000000
1641924056687054712 436.466017 0.000000
1641924056687085099 436.518115 0.000000
1641924056687094767 436.523785 0.000000
1641924056687098784 436.543362 0.000000
1641924056687112219 436.562007 0.000000
1641924056687125605 436.623713 0.000000
1641924056687135814 436.606240 0.000000
1641924056687138779 436.611770 0.000000
1641924056687150321 436.648449 0.000000
1641924056687154258 436.547449 0.000000
1641924057121353627 434.299446 0.000000
1641924057121377802 434.265753 0.000000
1641924057121401807 434.303935 0.000000
1641924057121430301 434.371281 0.000000
1641924057121431242 434.303995 0.000000
1641924057121444487 434.370379 0.000000
1641924057121445559 434.302993 0.000000
1641924057557449714 436.000347 0.000000
1641924057557465183 436.016408 0.000000
1641924057557504927 436.180384 0.000000
1641924057557518583 436.166980 0.000000
1641924057557843171 436.204600 0.000000
1641924057557870683 436.465319 0.000000
1641924057988888426 431.368330 0.000000
1641924057988927339 431.458189 0.000000
1641924057988962906 431.356378 0.000000
1641924057988977724 431.454923 0.000000
1641924057989095404 431.212128 0.000000
1641924057989119850 431.543529 0.000000
1641924058429724003 440.793688 0.000000
1641924058429756243 440.788658 0.000000
1641924058429780889 440.744606 0.000000
1641924058429781981 440.836418 0.000000
1641924058429873463 440.968355 0.000000
1641924058429914099 441.064395 0.000000
1641924058430027321 441.110192 0.000000
1641924058860473326 430.645039 0.000000
1641924058860523450 430.564737 0.000000
1641924058860535463 430.619450 0.000000
1641924058860560750 430.828523 0.000000
1641924058860611636 430.734406 0.000000
1641924058865237396 435.452860 0.000000
1641924058870797567 440.759336 0.000000
1641924059300039093 439.500244 0.000000
1641924059300056416 439.563433 0.000000
1641924059300076864 439.572359 0.000000
1641924059300092133 439.611232 0.000000
1641924059300222868 439.685000 0.000000
1641924059732773338 432.730177 0.000000
1641924059732806329 432.704348 0.000000
1641924059732820436 432.741478 0.000000
1641924059732833170 432.720519 0.000000
1641924059732847016 432.619900 0.000000
1641924059732861212 432.780591 0.000000
1641924059732874076 432.848598 0.000000
1641924059732881350 432.691294 0.000000
1641924059733009470 432.800628 0.000000
1641924059737576220 437.387266 0.000000
1641924060155748416 422.967384 0.000000
1641924060155786617 422.909715 0.000000
1641924060155802968 422.938840 0.000000
1641924060155814800 422.984035 0.000000
1641924060155860316 423.036704 0.000000
1641924060155874903 423.064907 0.000000
1641924060155885242 422.921357 0.000000
1641924060171550604 433.967531 0.000000
1641924060597763795 442.011021 0.000000
1641924060597784333 441.939818 0.000000
1641924060597789623 441.968912 0.000000
1641924060597803289 442.022663 0.000000
1641924060597836160 442.028875 0.000000
1641924060598013473 442.134322 0.000000
1641924060598030314 442.259526 0.000000
1641924060598051243 426.433233 0.000000
1641924060598073225 442.280556 0.000000
1641924061032492897 434.516173 0.000000
1641924061032573888 434.486858 0.000000
1641924061032645913 434.571958 0.000000
1641924061032685257 434.912045 0.000000
1641924061032685778 434.667416 0.000000
1641924061463943427 431.446534 0.000000
1641924061463988612 431.299628 0.000000
1641924061463999953 431.310519 0.000000
1641924061464003310 431.392703 0.000000
1641924061464033897 431.514961 0.000000
1641924061464042203 431.461682 0.000000
1641924061464069043 431.616973 0.000000
1641924061464075355 431.438038 0.000000
1641924061899611095 435.588749 0.000000
1641924061899623308 435.645696 0.000000
1641924061899649968 431.113151 0.000000
1641924061899681226 435.587747 0.000000
1641924061899681767 435.644654 0.000000
1641924062336138338 436.533886 0.000000
1641924062336166070 436.623694 0.000000
1641924062336174005 436.589019 0.000000
1641924062336189835 436.562389 0.000000
1641924062336289552 436.674349 0.000000
1641924062336317203 436.662867 0.000000
1641924062336412011 436.837304 0.000000
1641924062336418453 436.854096 0.000000
1641924062336427109 436.558051 0.000000
1641924062767794062 431.472841 0.000000
1641924062767813468 431.585031 0.000000
1641924062767828947 431.588678 0.000000
1641924062767886345 431.723100 0.000000
1641924062767914337 431.484362 0.000000
1641924062767933403 431.763626 0.000000
1641924062768000539 431.556848 0.000000
1641924062768100987 431.684588 0.000000
1641924063203349249 435.337008 0.000000
1641924063203353246 435.416066 0.000000
1641924063203369196 435.415635 0.000000
1641924063203382110 435.564895 0.000000
1641924063203397259 435.387152 0.000000
1641924063203474243 435.634275 0.000000
1641924063203550676 435.512296 0.000000
1641924063633136690 429.698494 0.000000
1641924063633255292 429.883311 0.000000
1641924063633287352 429.771241 0.000000
1641924063633871477 430.298198 0.000000
1641924064068857439 435.621843 0.000000
1641924064068887696 435.626442 0.000000
1641924064068899257 435.718676 0.000000
1641924064068936627 435.676036 0.000000
1641924064068954361 435.101849 0.000000
1641924064068966273 435.087772 0.000000
1641924064069011297 435.690773 0.000000
1641924064069027598 435.149238 0.000000
1641924064505450184 436.626820 0.000000
1641924064505470452 436.530028 0.000000
1641924064505551675 436.520260 0.000000
1641924064505565621 436.549805 0.000000
1641924064505589055 436.618654 0.000000
1641924064505628929 436.602995 0.000000
1641924064505635121 436.770058 0.000000
1641924064505805380 436.927062 0.000000
1641924064931680206 426.224691 0.000000
1641924064931696306 426.076143 0.000000
1641924064931725010 426.061926 0.000000
1641924064931740599 426.141636 0.000000
1641924064931756699 425.970325 0.000000
1641924064931771247 426.102192 0.000000
1641924064931817123 426.261210 0.000000
1641924064931872386 426.060744 0.000000
1641924064931986991 426.395471 0.000000
1641924065371182825 439.482923 0.000000
1641924065371221037 439.460781 0.000000
1641924065371221257 439.492521 0.000000
1641924065371238209 439.493201 0.000000
1641924065371259950 439.545890 0.000000
1641924065371311226 439.547243 0.000000
1641924065371325623 439.597898 0.000000
1641924065371672373 439.674021 0.000000
1641924065371748035 439.973232 0.000000
1641924065785405821 414.141873 0.000000
1641924065785405831 414.163624 0.000000
1641924065785435116 414.209621 0.000000
1641924065785457628 414.154017 0.000000
1641924065785470683 414.244236 0.000000
1641924065785478598 414.282397 0.000000
1641924065785486893 413.894530 0.000000
1641924065785517200 413.840980 0.000000
1641924065785521788 413.906503 0.000000
1641924066218813145 433.390132 0.000000
1641924066218826159 433.328235 0.000000
1641924066218837821 433.383489 0.000000
1641924066218859301 433.334216 0.000000
1641924066218885761 433.348383 0.000000
1641924066652215640 433.386425 0.000000
1641924066652229276 433.421231 0.000000
1641924066652254603 433.354705 0.000000
1641924066652283317 433.371116 0.000000
1641924066652297002 433.456156 0.000000
1641924066652311620 433.423004 0.000000
1641924066652404754 433.588494 0.000000
1641924066662746077 443.898208 0.000000
1641924067083851624 431.565021 0.000000
1641924067083853368 431.662654 0.000000
1641924067083909453 431.668095 0.000000
1641924067083942334 431.383051 0.000000
1641924067083993911 431.723769 0.000000
1641924067084096053 421.325359 0.000000
1641924067084122803 431.593575 0.000000
1641924067519483198 435.583124 0.000000
1641924067519516130 435.567283 0.000000
1641924067519532010 435.530905 0.000000
1641924067519543481 435.644357 0.000000
1641924067519584789 435.671459 0.000000
1641924067519662815 435.807634 0.000000
1641924067519901452 435.984806 0.000000
1641924067519952117 436.067360 0.000000
1641924067519970522 435.843962 0.000000
1641924067520007751 435.904095 0.000000
1641924067520042627 435.938088 0.000000
1641924067953206855 433.625633 0.000000
1641924067953235669 433.698550 0.000000
1641924067953246429 433.688711 0.000000
1641924067953264082 433.740658 0.000000
1641924067953284290 433.309781 0.000000
1641924068388768517 435.354514 0.000000
1641924068388780880 435.451776 0.000000
1641924068388785349 435.514153 0.000000
1641924068388869436 435.278431 0.000000
1641924068388879876 435.654336 0.000000
1641924068388883843 435.617637 0.000000
1641924068388968612 435.543929 0.000000
1641924068389003748 435.424765 0.000000
1641924068823733833 434.833589 0.000000
1641924068823765953 434.982688 0.000000
1641924068823777434 434.921563 0.000000
1641924068823778997 434.771412 0.000000
1641924068823795909 435.023534 0.000000
1641924068823809434 434.820494 0.000000
1641924068823818822 434.945438 0.000000
1641924068823821307 434.821426 0.000000
1641924068823834080 435.061045 0.000000
1641924068823836695 435.047880 0.000000
1641924069258832408 435.037731 0.000000
1641924069258857355 435.058290 0.000000
1641924069258881390 435.101531 0.000000
1641924069258923729 435.099647 0.000000
1641924069258932826 435.120697 0.000000
1641924069258944478 435.123061 0.000000
1641924069258957452 435.201217 0.000000
1641924069698143487 439.227763 0.000000
1641924069698179885 439.242470 0.000000
1641924069698196076 439.309336 0.000000
1641924069698201496 439.338100 0.000000
1641924069698214500 438.947628 0.000000
1641924069698215953 439.371182 0.000000
1641924069698229979 438.954390 0.000000
1641924069698261789 439.012920 0.000000
1641924069698406129 439.477872 0.000000
1641924070135631240 437.430656 0.000000
1641924070135643032 437.452477 0.000000
1641924070135659263 437.439803 0.000000
1641924070135713134 437.569957 0.000000
1641924070135737499 437.564887 0.000000
1641924070135749552 437.581108 0.000000
1641924070135817048 437.547244 0.000000
1641924070136115939 437.992369 0.000000
1641924070136154601 437.743602 0.000000
1641924070136185950 438.038245 0.000000
1641924070575906456 440.187712 0.000000
1641924070576002186 440.249217 0.000000
1641924070576025800 440.195467 0.000000
1641924070576104718 440.484518 0.000000
1641924070576297740 440.649909 0.000000
1641924071006277730 430.183793 0.000000
1641924071006286978 430.180056 0.000000
1641924071006303960 430.364522 0.000000
1641924071006320971 430.316332 0.000000
1641924071006322094 430.408895 0.000000
1641924071006545653 430.232033 0.000000
1641924071006591719 430.289962 0.000000
1641924071006605825 430.565638 0.000000
1641924071441279814 434.939496 0.000000
1641924071441305602 434.980584 0.000000
1641924071441326471 435.032290 0.000000
1641924071441332132 434.992415 0.000000
1641924071441339356 434.748699 0.000000
1641924071441368701 434.762074 0.000000
1641924071441414406 434.850269 0.000000
1641924071441451736 434.879274 0.000000
1641924071441573244 435.288390 0.000000
1641924071881067689 439.755735 0.000000
1641924071881091363 439.536984 0.000000
1641924071881154572 439.811650 0.000000
1641924071881174078 439.838379 0.000000
1641924071881194577 439.734545 0.000000
1641924072321430621 440.271931 0.000000
1641924072321488960 440.202872 0.000000
1641924072321550686 440.342985 0.000000
1641924072321654831 440.456347 0.000000
1641924072321673406 440.445717 0.000000
1641924072322266828 441.041914 0.000000
1641924072322280213 441.225859 0.000000
1641924072751959910 430.463385 0.000000
1641924072751972794 430.591065 0.000000
1641924072752236167 430.577400 0.000000
1641924072752253560 430.783054 0.000000
1641924072752280951 429.981172 0.000000
1641924073188211808 436.197606 0.000000
1641924073188257584 435.979618 0.000000
1641924073188273934 436.042596 0.000000
1641924073188310503 436.070538 0.000000
1641924073188405130 436.136251 0.000000
1641924073188560571 431.975082 0.000000
1641924073627962010 439.641599 0.000000
1641924073627976156 439.619397 0.000000
1641924073628019618 439.773376 0.000000
1641924073628051768 439.835642 0.000000
1641924073628073579 439.890054 0.000000
1641924073628083938 439.511876 0.000000
1641924073628094378 439.881418 0.000000
1641924073628147958 439.854658 0.000000
1641924073628179488 439.878774 0.000000
1641924074059440530 431.350670 0.000000
1641924074059467881 431.381257 0.000000
1641924074059493739 431.496013 0.000000
1641924074059509589 431.389192 0.000000
1641924074059556136 431.542850 0.000000
1641924074069606073 441.637290 0.000000
1641924074490445011 430.961461 0.000000
1641924074490470038 431.060296 0.000000
1641924074490486599 430.974745 0.000000
1641924074490510493 431.038675 0.000000
1641924074490522326 430.980416 0.000000
1641924074490546591 431.112864 0.000000
1641924074490552482 431.081575 0.000000
1641924074925354970 434.893729 0.000000
1641924074925365109 434.916461 0.000000
1641924074925390376 434.964332 0.000000
1641924074925411015 434.937431 0.000000
1641924074925427416 434.941078 0.000000
1641924074925468513 434.926701 0.000000
1641924074925517204 434.981583 0.000000
1641924074925539025 434.982405 0.000000
1641924075361178332 435.706222 0.000000
1641924075361216934 435.795970 0.000000
1641924075361237573 435.843299 0.000000
1641924075361286244 435.920985 0.000000
1641924075361301362 435.927987 0.000000
1641924075361305410 435.770242 0.000000
1641924075361360593 435.857386 0.000000
1641924075361556020 436.125137 0.000000
1641924075361569675 436.128283 0.000000
1641924075361583241 436.123755 0.000000
1641924075792658716 431.493469 0.000000
1641924075792672462 431.368314 0.000000
1641924075792685657 431.443836 0.000000
1641924075792706556 431.132533 0.000000
1641924075792715242 431.405123 0.000000
1641924075792728747 431.456008 0.000000
1641924075792732574 431.502857 0.000000
1641924075792745609 431.472069 0.000000
1641924075792757241 431.609517 0.000000
1641924075792776116 431.211971 0.000000
1641924075792781366 431.410213 0.000000
1641924075792790784 431.610809 0.000000
1641924076219046504 426.267062 0.000000
1641924076219334203 426.585358 0.000000
1641924076219351095 426.590929 0.000000
1641924076219383375 426.651071 0.000000
1641924076219384177 426.679004 0.000000
1641924076653977956 434.607264 0.000000
1641924076653997111 434.944717 0.000000
1641924076654006840 434.973851 0.000000
1641924076654037948 434.700860 0.000000
1641924076654055291 434.700379 0.000000
1641924076654068916 434.977388 0.000000
1641924076654096949 434.787743 0.000000
1641924076654141702 434.770350 0.000000
1641924077093966715 439.927474 0.000000
1641924077093973508 439.948224 0.000000
1641924077093989748 439.984000 0.000000
1641924077093995519 440.056877 0.000000
1641924077094033109 439.880175 0.000000
1641924077094053077 439.972990 0.000000
1641924077094058637 440.047890 0.000000
1641924077094092200 439.993508 0.000000
1641924077094115524 440.073508 0.000000
1641924077534408546 440.346653 0.000000
1641924077534469981 440.438385 0.000000
1641924077534542146 440.436852 0.000000
1641924077534554560 440.436221 0.000000
1641924077534554700 440.575081 0.000000
1641924077534608711 440.604516 0.000000
1641924077534609883 440.499860 0.000000
1641924077534625813 440.581984 0.000000
1641924077534682349 440.690116 0.000000
1641924077962889416 428.417301 0.000000
1641924077962899916 428.410198 0.000000
1641924077962916497 428.284682 0.000000
1641924077962926065 428.511207 0.000000
1641924077962952534 428.266268 0.000000
1641924077962988231 428.319187 0.000000
1641924078402073830 439.118901 0.000000
1641924078402103926 439.122709 0.000000
1641924078402109256 439.190696 0.000000
1641924078402124425 439.250087 0.000000
1641924078402128032 439.155750 0.000000
1641924078402199746 439.297536 0.000000
1641924078841049481 438.922141 0.000000
1641924078841052316 438.824337 0.000000
1641924078841060762 438.898616 0.000000
1641924078841072965 438.870153 0.000000
1641924078841094355 438.963859 0.000000
1641924078841127477 439.008733 0.000000
1641924078841148807 439.091277 0.000000
1641924078841205674 439.114121 0.000000
1641924078841444942 439.357787 0.000000
1641924078841446745 439.369719 0.000000
1641924078841462795 439.295741 0.000000
1641924079274151493 433.050195 0.000000
1641924079274165268 433.012975 0.000000
1641924079274390511 433.327725 0.000000
1641924079274409897 432.943264 0.000000
1641924079709464341 435.309142 0.000000
1641924079709496902 435.302680 0.000000
1641924079709512782 435.168718 0.000000
1641924079709521609 435.332876 0.000000
1641924079709595828 435.182304 0.000000
1641924079709599254 435.279496 0.000000
1641924079709616266 435.251734 0.000000
1641924079709627197 435.514998 0.000000
1641924079709673734 435.276651 0.000000
1641924080133643428 423.966319 0.000000
1641924080133663286 424.111881 0.000000
1641924080133666121 424.003137 0.000000
1641924080133687832 424.049023 0.000000
1641924080133736212 424.135214 0.000000
1641924080134002451 424.382007 0.000000
1641924080134004866 424.363773 0.000000
1641924080584523952 450.737195 0.000000
1641924080584544731 450.853362 0.000000
1641924080584576731 450.847381 0.000000
1641924080584588613 450.969230 0.000000
1641924080584593713 450.853603 0.000000
1641924080584620062 450.614204 0.000000
1641924080584639468 451.010557 0.000000
1641924080584653434 450.977496 0.000000
1641924080584778128 451.107348 0.000000
1641924081005490818 420.955655 0.000000
1641924081005516867 420.937311 0.000000
1641924081005546012 420.920199 0.000000
1641924081005547394 421.016790 0.000000
1641924081005562673 420.906093 0.000000
1641924081005569125 420.885414 0.000000
1641924081005582640 420.939785 0.000000
1641924081005637493 421.066323 0.000000
1641924081005653663 421.100436 0.000000
1641924081441867820 436.319044 0.000000
1641924081441888499 436.336897 0.000000
1641924081441984940 436.343299 0.000000
1641924081442010217 436.490304 0.000000
1641924081442439111 436.853375 0.000000
1641924081877632182 435.759993 0.000000
1641924081877636250 435.158456 0.000000
1641924081877726890 435.709960 0.000000
1641924081877928648 435.451074 0.000000
1641924081877930621 435.485469 0.000000
1641924081877945359 435.484136 0.000000
1641924081877958914 435.497522 0.000000
1641924082313543340 435.794519 0.000000
1641924082313569278 435.925525 0.000000
1641924082313574428 435.922869 0.000000
1641924082313588605 435.679233 0.000000
1641924082313600487 435.914724 0.000000
1641924082313613331 435.882664 0.000000
1641924082313632647 435.892212 0.000000
1641924082313693521 435.757670 0.000000
1641924082313907062 435.942557 0.000000
1641924082313912732 436.276322 0.000000
1641924082748810671 435.229901 0.000000
1641924082748822984 435.205705 0.000000
1641924082748840797 434.968511 0.000000
1641924082748858470 434.948252 0.000000
1641924082748872286 434.976265 0.000000
1641924082749046142 435.346028 0.000000
1641924082749502538 435.586439 0.000000
1641924083175091668 426.247184 0.000000
1641924083175133486 426.273773 0.000000
1641924083175159144 426.390313 0.000000
1641924083175174333 426.360226 0.000000
1641924083175175886 426.203592 0.000000
1641924083175190153 426.328286 0.000000
1641924083175202395 426.355357 0.000000
1641924083200203015 450.715495 0.000000
1641924083610368608 435.219723 0.000000
1641924083610380380 435.217148 0.000000
1641924083610381843 435.260259 0.000000
1641924083610393845 435.285406 0.000000
1641924083610408232 435.202109 0.000000
1641924083610416217 435.250360 0.000000
1641924083610420595 435.242366 0.000000
1641924083610429803 410.216288 0.000000
1641924084036304140 425.893232 0.000000
1641924084036323666 425.999762 0.000000
1641924084036342592 425.996666 0.000000
1641924084036372578 425.989773 0.000000
1641924084036496901 426.098788 0.000000
1641924084036530694 426.171293 0.000000
1641924084036557364 426.112453 0.000000
1641924084476152003 439.811997 0.000000
1641924084476211595 439.753136 0.000000
1641924084476223958 439.909749 0.000000
1641924084476228066 439.666874 0.000000
1641924084476251720 439.905912 0.000000
1641924084476255537 439.737827 0.000000
1641924084476272599 439.793101 0.000000
1641924084476282608 439.953962 0.000000
1641924084476320138 439.864646 0.000000
1641924084476336689 439.953011 0.000000
1641924084476642693 439.993066 0.000000
1641924084912741502 436.526541 0.000000
1641924084912806784 436.546909 0.000000
1641924084912839546 436.680419 0.000000
1641924084912925587 436.670500 0.000000
1641924084913025444 436.866377 0.000000
1641924084913076179 436.429700 0.000000
1641924085349331532 436.368505 0.000000
1641924085349362981 436.432675 0.000000
1641924085349367640 436.525890 0.000000
1641924085349471474 436.387510 0.000000
1641924085349522780 436.771741 0.000000
1641924085779467636 430.165941 0.000000
1641924085779477695 430.141995 0.000000
1641924085779505708 429.964653 0.000000
1641924085779506980 430.180387 0.000000
1641924085779542907 430.187451 0.000000
1641924085779563326 430.211516 0.000000
1641924085779564438 430.141625 0.000000
1641924085779670927 430.299781 0.000000
1641924085779719809 430.222536 0.000000
1641924085785399905 435.784041 0.000000
1641924086220456712 440.888468 0.000000
1641924086220473143 440.948349 0.000000
1641924086220485186 440.938141 0.000000
1641924086220502969 440.779012 0.000000
1641924086220519680 441.042717 0.000000
1641924086220670924 440.963368 0.000000
1641924086220696402 441.211433 0.000000
1641924086220705058 441.028260 0.000000
1641924086220735665 435.324388 0.000000
1641924086220746826 430.537516 0.000000
1641924086660714058 440.223231 0.000000
1641924086660748853 440.072659 0.000000
1641924086660763721 440.276141 0.000000
1641924086660780262 440.303442 0.000000
1641924086660833261 440.091043 0.000000
1641924086660843961 440.077999 0.000000
1641924086660868898 440.167627 0.000000
1641924086660903442 440.436792 0.000000
1641924086660942305 440.419218 0.000000
1641924086660947846 440.252216 0.000000
1641924086660987871 440.478881 0.000000
1641924087101192503 440.298820 0.000000
1641924087101220486 440.467946 0.000000
1641924087101238489 440.286115 0.000000
1641924087101240163 440.245329 0.000000
1641924087101268576 440.430235 0.000000
1641924087101279607 440.399358 0.000000
1641924087101284195 440.433141 0.000000
1641924087101297751 440.531055 0.000000
1641924087101455827 440.672419 0.000000
1641924087101458963 440.630150 0.000000
1641924087101477437 440.508171 0.000000
1641924087541266525 439.945821 0.000000
1641924087541373335 440.173438 0.000000
1641924087541376431 440.151236 0.000000
1641924087541402730 440.156516 0.000000
1641924087541412118 440.145596 0.000000
1641924087541427807 440.084872 0.000000
1641924087541444829 440.198735 0.000000
1641924087541458835 439.978603 0.000000
1641924087541523226 440.060105 0.000000
1641924087973013027 431.693052 0.000000
1641924087973046920 431.775857 0.000000
1641924087973063572 431.656594 0.000000
1641924087973066036 431.712618 0.000000
1641924087973220746 431.787729 0.000000
1641924087973237938 431.744999 0.000000
1641924087973250282 431.723529 0.000000
1641924087973273876 431.842141 0.000000
1641924088402470167 429.453012 0.000000
1641924088402468934 429.398309 0.000000
1641924088402502086 429.450386 0.000000
1641924088402564854 429.357883 0.000000
1641924088402573180 429.505160 0.000000
1641924088402635086 429.430881 0.000000
1641924088402680170 429.690447 0.000000
1641924088417685134 444.404456 0.000000
1641924088837879746 435.303200 0.000000
1641924088837891969 435.394661 0.000000
1641924088837905314 435.431601 0.000000
1641924088837914702 435.253257 0.000000
1641924088837924500 435.253166 0.000000
1641924088838061717 435.417835 0.000000
1641924088838095661 420.403243 0.000000
1641924088838118985 420.369700 0.000000
1641924089273262332 435.352479 0.000000
1641924089273291106 435.414926 0.000000
1641924089273324819 435.405619 0.000000
1641924089273340037 435.391832 0.000000
1641924089273388057 435.286415 0.000000
1641924089273468839 435.400499 0.000000
1641924089273964017 435.863667 0.000000
1641924089273971541 436.021052 0.000000
1641924089273985547 435.863597 0.000000
1641924089273994845 436.110220 0.000000
1641924089710744484 437.269103 0.000000
1641924089710773458 437.444501 0.000000
1641924089710817100 437.494806 0.000000
1641924089710843369 437.594302 0.000000
1641924089710895617 436.896635 0.000000
1641924089710906487 436.930918 0.000000
1641924089710970788 437.703617 0.000000
1641924090146616478 435.718667 0.000000
1641924090146624253 435.713518 0.000000
1641924090146715664 435.715741 0.000000
1641924090146749918 435.930233 0.000000
1641924090583717956 436.998275 0.000000
1641924090583729227 437.098603 0.000000
1641924090583743905 436.815613 0.000000
1641924090583774242 437.011209 0.000000
1641924090583790492 437.086089 0.000000
1641924091019867367 436.119033 0.000000
1641924091019908364 436.151134 0.000000
1641924091019915337 436.182011 0.000000
1641924091019924023 436.190928 0.000000
1641924091019975880 436.229801 0.000000
1641924091020003542 436.307156 0.000000
1641924091020043878 436.279444 0.000000
1641924091020165005 436.363933 0.000000
1641924091020174813 436.396814 0.000000
1641924091020180494 436.399620 0.000000
1641924091455229381 435.250174 0.000000
1641924091455243768 435.252569 0.000000
1641924091455272131 435.349430 0.000000
1641924091455294723 435.110943 0.000000
1641924091455295865 435.240356 0.000000
1641924091455315743 435.147502 0.000000
1641924091455720832 435.542312 0.000000
1641924091455725891 435.772584 0.000000
1641924091455737934 435.810244 0.000000
1641924091891292191 436.058032 0.000000
1641924091891305787 436.056519 0.000000
1641924091891460487 436.213613 0.000000
1641924091891838535 436.097356 0.000000
1641924091891866428 436.581513 0.000000
1641924091891887637 436.628471 0.000000
1641924091891903056 436.604295 0.000000
1641924092322824492 431.529115 0.000000
1641924092322837636 431.438805 0.000000
1641924092322842686 430.971700 0.000000
1641924092322851272 431.483839 0.000000
1641924092322873153 430.966470 0.000000
1641924092322889954 431.031561 0.000000
1641924092760255269 437.468187 0.000000
1641924092760284553 437.456756 0.000000
1641924092760311624 437.470802 0.000000
1641924092760353112 437.540132 0.000000
1641924092760353883 437.455363 0.000000
1641924092760369182 437.542957 0.000000
1641924092760384300 437.570129 0.000000
1641924092760399309 437.544460 0.000000
1641924092760458229 437.491380 0.000000
1641924093195565109 435.207098 0.000000
1641924093195582171 435.179466 0.000000
1641924093195597509 435.281658 0.000000
1641924093195598291 435.200415 0.000000
1641924093195630411 435.261589 0.000000
1641924093195630481 435.206797 0.000000
1641924093195645429 435.231383 0.000000
1641924093195707976 435.376044 0.000000
1641924093195799568 435.411530 0.000000
1641924093200294764 439.834150 0.000000
1641924093631760429 436.174913 0.000000
1641924093631784845 436.183338 0.000000
1641924093631853193 436.252237 0.000000
1641924093631966255 436.332367 0.000000
1641924093631975472 436.412919 0.000000
1641924093631996622 436.332407 0.000000
1641924093632104514 436.299126 0.000000
1641924093636470467 436.166186 0.000000
1641924094062200613 430.409165 0.000000
1641924094062245397 430.275234 0.000000
1641924094062265204 430.466242 0.000000
1641924094062270193 430.286174 0.000000
1641924094062277968 430.458778 0.000000
1641924094062354351 430.370082 0.000000
1641924094062374428 430.361806 0.000000
1641924094062411328 430.478185 0.000000
1641924094062415956 430.416549 0.000000
1641924094062430734 430.315219 0.000000
1641924094062489053 430.627825 0.000000
1641924094062502468 430.477053 0.000000
1641924094498153138 435.905647 0.000000
1641924094498181521 435.694872 0.000000
1641924094498202681 435.839073 0.000000
1641924094498246373 435.741460 0.000000
1641924094498258456 436.008531 0.000000
1641924094498278603 435.859330 0.000000
1641924094498294673 435.876904 0.000000
1641924094498318668 435.953658 0.000000
1641924094934989350 436.631078 0.000000
1641924094935015620 436.829490 0.000000
1641924094935029045 436.707391 0.000000
1641924094935035306 436.833858 0.000000
1641924094935050194 436.875716 0.000000
1641924094935091301 436.842463 0.000000
1641924094935120055 436.959122 0.000000
1641924094935134232 436.897247 0.000000
1641924095366092026 430.937546 0.000000
1641924095366100853 430.963285 0.000000
1641924095366118025 430.981819 0.000000
1641924095366136419 431.068663 0.000000
1641924095366153632 431.047372 0.000000
1641924095366155726 431.056740 0.000000
1641924095366171104 431.049296 0.000000
1641924095366185441 431.146317 0.000000
1641924095805160651 439.018591 0.000000
1641924095805190377 439.016417 0.000000
1641924095805208240 439.100274 0.000000
1641924095805211697 439.055410 0.000000
1641924095805426690 439.186716 0.000000
1641924095805428192 439.161829 0.000000
1641924095805438542 439.389827 0.000000
1641924095805455483 439.149567 0.000000
1641924096247321653 442.211076 0.000000
1641924096247333004 442.119674 0.000000
1641924096247343293 442.133069 0.000000
1641924096247352019 442.162615 0.000000
1641924096247418935 442.006893 0.000000
1641924096247444833 442.015419 0.000000
1641924096247455704 442.014567 0.000000
1641924096247480330 442.235281 0.000000
1641924096247513432 442.318266 0.000000
1641924096247518471 442.250119 0.000000
1641924096247566912 442.134091 0.000000
1641924096247569938 442.107792 0.000000
1641924096687134404 439.613628 0.000000
1641924096687163058 439.741849 0.000000
1641924096687227218 439.881059 0.000000
1641924096687252575 439.895637 0.000000
1641924096687265069 439.938247 0.000000
1641924096687284495 439.711481 0.000000
1641924096687295396 439.953235 0.000000
1641924097123608066 436.467250 0.000000
1641924097123635558 436.520460 0.000000
1641924097123655415 436.387240 0.000000
1641924097123783926 436.631989 0.000000
1641924097124022223 436.733650 0.000000
1641924097124081814 436.825331 0.000000
1641924097553712590 430.082552 0.000000
1641924097553732597 430.093874 0.000000
1641924097553738318 430.077473 0.000000
1641924097553796858 430.001000 0.000000
1641924097553923956 429.872519 0.000000
1641924097553947580 429.882166 0.000000
1641924097554034704 429.948261 0.000000
1641924097994197340 440.409148 0.000000
1641924097994217788 440.497734 0.000000
1641924097994229500 440.429216 0.000000
1641924097994270287 440.389842 0.000000
1641924097994325109 440.372310 0.000000
1641924097994380954 440.369153 0.000000
1641924097994455824 440.761910 0.000000
1641924097994482765 440.747042 0.000000
1641924097994511970 440.537229 0.000000
1641924098425245493 430.785061 0.000000
1641924098425265751 430.779209 0.000000
1641924098425279066 430.818863 0.000000
1641924098425279988 430.968644 0.000000
1641924098425293203 431.090132 0.000000
1641924098425308572 431.087998 0.000000
1641924098425324061 430.881802 0.000000
1641924098425347024 430.931786 0.000000
1641924098425365298 431.142520 0.000000
1641924098425392549 431.063562 0.000000
1641924098425422495 431.035850 0.000000
1641924098425428737 431.097536 0.000000
1641924098425435850 430.916577 0.000000
1641924098865903018 440.650351 0.000000
1641924098865915331 440.534955 0.000000
1641924098865972047 440.688734 0.000000
1641924098866018274 440.705735 0.000000
1641924098866024486 440.598745 0.000000
1641924098866089718 440.692991 0.000000
1641924098866187952 440.918454 0.000000
1641924098866187541 440.903936 0.000000
1641924099300811887 434.795937 0.000000
1641924099300846612 434.819101 0.000000
1641924099300882299 434.905973 0.000000
1641924099300965334 435.047588 0.000000
1641924099301008375 434.987516 0.000000
1641924099301064069 434.988779 0.000000
1641924099305665564 439.723783 0.000000
1641924099735791378 434.858084 0.000000
1641924099735836021 434.897167 0.000000
1641924099735844728 434.892318 0.000000
1641924099735873351 435.065994 0.000000
1641924099735880405 430.209491 0.000000
1641924099735931651 435.080962 0.000000
1641924099735984710 434.972077 0.000000
1641924100166644736 430.709168 0.000000
1641924100166668550 430.865982 0.000000
1641924100166695290 430.832179 0.000000
1641924100166698476 430.725758 0.000000
1641924100166722752 430.569516 0.000000
1641924100166725587 430.891720 0.000000
1641924100166797121 430.919702 0.000000
1641924100171592189 435.408446 0.000000
1641924100601907108 435.119414 0.000000
1641924100601968593 435.239249 0.000000
1641924100601983280 435.307778 0.000000
1641924100602013327 435.272271 0.000000
1641924100602054885 435.328306 0.000000
1641924100602084430 435.382287 0.000000
1641924100607613613 436.011466 0.000000
1641924101043868175 441.914290 0.000000
1641924101043883233 441.896277 0.000000
1641924101043902089 441.844399 0.000000
1641924101043918189 441.829932 0.000000
1641924101044066347 442.151415 0.000000
1641924101044079161 436.458855 0.000000
1641924101044107073 442.134673 0.000000
1641924101044107223 442.020519 0.000000
1641924101484533975 440.661001 0.000000
1641924101484593016 440.540786 0.000000
1641924101484732958 440.810982 0.000000
1641924101484774075 440.879019 0.000000
1641924101484775909 440.693141 0.000000
1641924101484789404 440.720352 0.000000
1641924101484792079 440.758975 0.000000
1641924101484817206 440.906972 0.000000
1641924101484943242 440.832231 0.000000
1641924101916111590 431.571494 0.000000
1641924101916126679 431.348576 0.000000
1641924101916154591 431.362582 0.000000
1641924101916176562 431.580861 0.000000
1641924101916183796 431.387950 0.000000
1641924101916200707 431.460075 0.000000
1641924101916224352 431.418567 0.000000
1641924102341687577 425.507799 0.000000
1641924102341720969 425.628374 0.000000
1641924102341732571 425.580104 0.000000
1641924102341752098 425.530812 0.000000
1641924102341828020 425.670213 0.000000
1641924102341894024 425.763719 0.000000
1641924102341987118 425.786902 0.000000
1641924102342000223 425.856472 0.000000
1641924102342020000 425.832327 0.000000
1641924102777268840 435.570743 0.000000
1641924102777287475 435.456019 0.000000
1641924102777335064 435.580122 0.000000
1641924102777344542 435.579270 0.000000
1641924102777353479 435.614095 0.000000
1641924102777383205 435.415834 0.000000
1641924102777413501 435.404633 0.000000
1641924102777442245 435.437915 0.000000
1641924102777599270 435.575102 0.000000
1641924103216624731 439.283365 0.000000
1641924103216636122 439.190771 0.000000
1641924103216696355 439.406295 0.000000
1641924103216730579 439.440940 0.000000
1641924103216762439 439.346924 0.000000
1641924103216776826 439.175352 0.000000
1641924103216818915 439.227340 0.000000
1641924103217147541 439.554172 0.000000
1641924103647679724 431.022813 0.000000
1641924103647730449 431.063540 0.000000
1641924103647756769 431.129644 0.000000
1641924103647802825 431.069430 0.000000
1641924103647851266 431.149741 0.000000
1641924103647880090 431.228378 0.000000
1641924103647950281 430.773015 0.000000
1641924103647977663 430.823610 0.000000
1641924103662716628 445.550944 0.000000
1641924104078330154 430.621535 0.000000
1641924104078350983 430.544621 0.000000
1641924104078376050 430.492884 0.000000
1641924104078389826 430.535214 0.000000
1641924104078394845 430.413476 0.000000
1641924104078419912 430.645661 0.000000
1641924104078801838 431.115071 0.000000
1641924104078818039 416.091191 0.000000
1641924104078831644 430.963366 0.000000
1641924104078833157 430.847569 0.000000
1641924104518671376 440.291018 0.000000
1641924104518680624 440.346272 0.000000
1641924104518695171 439.886239 0.000000
1641924104518746617 439.948587 0.000000
1641924104518769240 439.946683 0.000000
1641924104518827780 440.341954 0.000000
1641924104959007889 440.162907 0.000000
1641924104959024270 440.345870 0.000000
1641924104959118837 440.486323 0.000000
1641924104959270021 440.468520 0.000000
1641924104959296120 440.507504 0.000000
1641924105390431065 431.292611 0.000000
1641924105390444600 431.337094 0.000000
1641924105390445933 431.455867 0.000000
1641924105390462644 431.146316 0.000000
1641924105390479356 431.475865 0.000000
1641924105390493532 431.447571 0.000000
1641924105390582208 431.252857 0.000000
1641924105396183347 436.884442 0.000000
1641924105821632848 431.184591 0.000000
1641924105821780725 431.164703 0.000000
1641924105822114481 431.484092 0.000000
1641924106262810794 441.215436 0.000000
1641924106262843596 441.195159 0.000000
1641924106262844347 441.209014 0.000000
1641924106698433985 435.579509 0.000000
1641924106698466295 435.606500 0.000000
1641924106698494679 435.678054 0.000000
1641924106698504146 435.611349 0.000000
1641924106698518644 435.526359 0.000000
1641924106698616397 435.735912 0.000000
1641924107134804433 436.366330 0.000000
1641924107134827907 436.423427 0.000000
1641924107134830241 436.402187 0.000000
1641924107134851772 436.311778 0.000000
1641924107134871849 436.373273 0.000000
1641924107135034975 436.527362 0.000000
1641924107571667334 436.849065 0.000000
1641924107571703962 436.715806 0.000000
1641924107571708832 436.851911 0.000000
1641924107571723709 436.846621 0.000000
1641924107571743346 436.842783 0.000000
1641924107571756541 436.945496 0.000000
1641924107571786748 436.824770 0.000000
1641924107572020917 437.188712 0.000000
1641924108002744150 430.929421 0.000000
1641924108002767023 430.973112 0.000000
1641924108002799224 431.121661 0.000000
1641924108002828629 431.120108 0.000000
1641924108002831965 431.157247 0.000000
1641924108002882099 430.853097 0.000000
1641924108002909671 431.133483 0.000000
1641924108002962169 431.249550 0.000000
1641924108002969082 431.208924 0.000000
