1641930691121734264 119.312860 0.000000
1641930691157813531 82.037572 0.000000
1641930691178155915 81.820025 0.000000
1641930691183317632 81.938286 0.000000
1641930691229608161 82.154021 0.000000
1641930691234807868 82.227087 0.000000
1641930691270656241 87.332778 0.000000
1641930691625606970 138.240273 0.000000
1641930692010711185 200.869900 0.000000
1641930692010761649 200.764092 0.000000
1641930692206097035 117.847122 0.000000
1641930692620286686 209.292811 0.000000
1641930692620405599 81.934901 0.000000
1641930693124884932 216.655684 0.000000
1641930693550292902 170.557124 0.000000
1641930693550406064 139.591154 0.000000
1641930693992739544 200.604091 0.000000
1641930693992863656 149.602401 0.000000
1641930694075842654 83.083664 0.000000
1641930694394259375 174.084447 0.000000
1641930694497881470 103.562463 0.000000
1641930694803710219 152.794003 0.000000
1641930695051654119 144.222206 0.000000
1641930695252041957 200.429115 0.000000
1641930695262390166 174.304352 0.000000
1641930695462264530 210.336107 0.000000
1641930695873415815 205.545335 0.000000
1641930696254328643 211.399651 0.000000
1641930696485714300 148.592518 0.000000
1641930696943239621 197.840652 0.000000
1641930697122860407 179.616568 0.000000
1641930697154060013 200.462936 0.000000
1641930697226165608 103.335016 0.000000
1641930697349785701 128.755740 0.000000
1641930698579350105 190.246375 0.000000
1641930698871999921 97.815391 0.000000
1641930698892547461 118.410389 0.000000
1641930699047445710 154.892158 0.000000
1641930699063045585 77.551031 0.000000
1641930699259204795 154.966699 0.000000
1641930699259220144 144.678652 0.000000
1641930699341616067 82.467106 0.000000
1641930699484142675 178.506547 0.000000
1641930699484156531 178.533728 0.000000
1641930699649999468 165.873975 0.000000
1641930699727499362 77.494373 0.000000
1641930699774168642 124.223506 0.000000
1641930699874335620 157.220585 0.000000
1641930700074249889 199.911464 0.000000
1641930700074278713 168.931508 0.000000
1641930700197124536 122.829973 0.000000
1641930700310905856 144.347010 0.000000
1641930700326417245 149.736564 0.000000
1641930700577852187 157.975889 0.000000
1641930700577880250 189.083846 0.000000
1641930700603576241 147.344028 0.000000
1641930700750348738 172.478948 0.000000
1641930701090916112 213.809027 0.000000
1641930701158106631 193.953935 0.000000
1641930701467398426 160.549565 0.000000
1641930701689039004 134.230205 0.000000
1641930702491035817 190.098489 0.000000
1641930702785989743 93.964161 0.000000
1641930702786018176 94.019364 0.000000
1641930702912787474 220.774666 0.000000
1641930703180743978 98.140480 0.000000
1641930703191107756 108.492115 0.000000
1641930703303628935 133.309369 0.000000
1641930703508796682 205.140456 0.000000
1641930703606563761 97.732033 0.000000
1641930703704475069 195.602364 0.000000
1641930703812171844 210.728943 0.000000
1641930704062976275 145.883132 0.000000
1641930704181913240 118.890317 0.000000
1641930704225019019 162.031913 0.000000
1641930704389255694 164.228320 0.000000
1641930704505105452 115.837635 0.000000
1641930704715895439 210.789346 0.000000
1641930705100112782 209.239710 0.000000
1641930705153848558 171.129377 0.000000
1641930705362626434 193.282306 0.000000
1641930705589892909 118.218348 0.000000
1641930705919318487 143.552050 0.000000
1641930705944911144 148.581589 0.000000
1641930706227046228 102.337450 0.000000
1641930706227072728 102.427890 0.000000
1641930706402857492 175.753736 0.000000
1641930706438034447 107.875039 0.000000
1641930706514790437 184.602936 0.000000
1641930706643493090 205.509969 0.000000
1641930706740039850 225.197906 0.000000
1641930706740138525 96.649442 0.000000
1641930706740144356 96.638652 0.000000
1641930706833291866 189.867344 0.000000
1641930707286935018 77.707574 0.000000
1641930707654370932 226.381146 0.000000
1641930707752263616 165.444079 0.000000
1641930707839068355 184.692072 0.000000
1641930707969231194 216.961005 0.000000
1641930708611830053 182.484565 0.000000
1641930708703305768 87.981034 0.000000
1641930709089482173 83.489744 0.000000
1641930709278716341 209.998845 0.000000
1641930709278745515 210.038148 0.000000
1641930709278810707 189.317825 0.000000
1641930709438569169 159.848741 0.000000
1641930710028678066 210.618415 0.000000
1641930710064578006 215.930344 0.000000
1641930710521938226 97.679795 0.000000
1641930710645190280 128.264281 0.000000
1641930710675961957 154.016557 0.000000
1641930710763416934 118.382976 0.000000
1641930711248727220 176.995484 0.000000
1641930711467393774 202.939021 0.000000
1641930711467408041 202.962795 0.000000
1641930711467421066 151.325734 0.000000
1641930711467421717 203.006036 0.000000
1641930711467465289 218.735654 0.000000
1641930711652097559 184.714244 0.000000
1641930712034118484 155.118973 0.000000
1641930712257937657 223.830804 0.000000
1641930712258197204 157.205706 0.000000
1641930713178002516 93.135666 0.000000
1641930713430408138 149.347574 0.000000
1641930713690860004 115.446281 0.000000
1641930713901337014 210.629105 0.000000
1641930714194314816 200.020960 0.000000
1641930714296488875 102.163190 0.000000
1641930714698340025 218.403611 0.000000
1641930715000540747 185.321062 0.000000
1641930715164804703 195.472101 0.000000
1641930715400872208 159.453590 0.000000
1641930716088139413 174.976431 0.000000
1641930716745088000 77.357298 0.000000
1641930716858597100 113.502718 0.000000
1641930717645357441 170.569939 0.000000
1641930717862808224 140.300946 0.000000
1641930717924799307 77.423744 0.000000
1641930718433873792 174.069599 0.000000
1641930718475594543 72.978789 0.000000
1641930718485870697 83.245707 0.000000
1641930718869840436 225.976686 0.000000
1641930719025232560 155.344575 0.000000
1641930719470594329 190.200819 0.000000
1641930720092451163 179.732425 0.000000
1641930720092632343 179.835288 0.000000
1641930720309775088 217.068837 0.000000
1641930720724669220 149.142490 0.000000
1641930721140719408 168.529894 0.000000
1641930721316329575 207.010882 0.000000
1641930721316350314 207.061097 0.000000
1641930721425501054 109.119621 0.000000
1641930721435944622 119.573509 0.000000
1641930721968144851 149.189117 0.000000
1641930722708914654 154.557823 0.000000
1641930722786344829 77.338593 0.000000
1641930723099466952 182.270173 0.000000
1641930723100265559 183.051498 0.000000
1641930723497421087 140.316485 0.000000
1641930723543943681 186.883673 0.000000
1641930723732639900 157.683341 0.000000
1641930723732645260 142.145253 0.000000
1641930723846240291 113.956358 0.000000
1641930724031740729 87.642429 0.000000
1641930724078427069 134.306236 0.000000
1641930724472074841 100.594921 0.000000
1641930724487503374 112.573476 0.000000
1641930724627130826 252.190619 0.000000
1641930724694445367 73.179005 0.000000
1641930724709942900 82.822213 0.000000
1641930724847182897 220.133544 0.000000
1641930725134466663 77.072474 0.000000
1641930725310714425 191.856233 0.000000
1641930725341582292 222.785675 0.000000
1641930725553090806 154.985533 0.000000
1641930725799944791 246.850288 0.000000
1641930726094479130 93.131139 0.000000
1641930726947910984 87.709684 0.000000
1641930727122258726 174.340648 0.000000
1641930727532594772 189.693599 0.000000
1641930727532838258 184.814712 0.000000
1641930727704696712 172.086672 0.000000
1641930727764203407 108.273917 0.000000
1641930728150406041 165.195936 0.000000
1641930728476117285 151.113556 0.000000
1641930728550246621 151.743546 0.000000
1641930728640991397 216.522665 0.000000
1641930729110790225 82.742084 0.000000
1641930729556975403 166.713127 0.000000
1641930730133403092 160.292280 0.000000
1641930730328437897 195.056666 0.000000
1641930730523952768 169.857353 0.000000
1641930730723880913 200.001112 0.000000
1641930730923558979 199.674520 0.000000
1641930730923635633 199.837084 0.000000
1641930731695193844 202.190306 0.000000
1641930732002930081 107.645568 0.000000
1641930732095705722 200.386874 0.000000
1641930732095738313 118.423652 0.000000
1641930732224934091 129.238928 0.000000
1641930732424551081 199.545185 0.000000
1641930732619909771 195.348681 0.000000
1641930732855557247 179.886754 0.000000
1641930733384032653 211.103728 0.000000
1641930733758482415 206.552012 0.000000
1641930733973086722 184.035321 0.000000
1641930733973100288 184.045731 0.000000
1641930733973144651 184.078652 0.000000
1641930734009198229 77.221063 0.000000
1641930734120946617 188.935627 0.000000
1641930734149176670 196.587242 0.000000
1641930734540185934 182.324924 0.000000
1641930734540267346 182.438557 0.000000
1641930734727651226 187.380363 0.000000
1641930735245040959 163.917787 0.000000
1641930735245069272 163.947563 0.000000
1641930735445505680 200.457628 0.000000
1641930735471177757 144.531365 0.000000
1641930735521715758 76.192736 0.000000
1641930735666735259 160.278647 0.000000
1641930735740669450 84.138991 0.000000
1641930736083465250 169.178539 0.000000
1641930736485962542 207.999536 0.000000
1641930736519383916 179.984708 0.000000
1641930736555410172 79.357548 0.000000
1641930736689207896 169.832406 0.000000
1641930737101603803 166.573756 0.000000
1641930737557298751 199.927413 0.000000
1641930737557309802 199.911774 0.000000
1641930737690388828 133.112469 0.000000
1641930737967988700 221.609108 0.000000
1641930738385998001 98.209719 0.000000
1641930738559340287 173.333349 0.000000
1641930738923607460 169.076880 0.000000
1641930739144929460 221.312542 0.000000
1641930739252873799 180.759641 0.000000
1641930739252884459 180.756265 0.000000
1641930739272309774 189.920315 0.000000
1641930739715656033 196.796163 0.000000
1641930739782007619 154.178030 0.000000
1641930739895273121 179.611538 0.000000
1641930740095561031 200.284553 0.000000
1641930740152530559 83.056673 0.000000
1641930740824883685 179.656693 0.000000
1641930741071939107 215.371186 0.000000
1641930741087568055 74.170654 0.000000
1641930741246990707 175.103337 0.000000
1641930741439164324 192.161625 0.000000
1641930741714689067 82.479220 0.000000
1641930741813050601 160.280279 0.000000
1641930741854418640 144.900287 0.000000
1641930741976014200 162.995449 0.000000
1641930741976030330 162.975441 0.000000
1641930742820483804 159.857597 0.000000
1641930742944118575 175.309083 0.000000
1641930743146015731 201.940317 0.000000
1641930743146039145 217.430115 0.000000
1641930743146041659 217.464089 0.000000
1641930743702569133 195.261658 0.000000
1641930743702581707 195.247652 0.000000
1641930743962541790 77.795618 0.000000
1641930744697815079 202.900848 0.000000
1641930744700012398 205.156366 0.000000
1641930744700101555 205.202382 0.000000
1641930744700160666 205.311798 0.000000
1641930744720433080 143.564343 0.000000
1641930744942406052 221.932796 0.000000
1641930744942503865 154.778465 0.000000
1641930744968035117 74.571155 0.000000
1641930745158187726 215.734005 0.000000
1641930745374334726 123.640613 0.000000
1641930745440560246 76.701819 0.000000
1641930745774783887 194.797366 0.000000
1641930745775077077 194.902764 0.000000
1641930746217809195 201.380348 0.000000
1641930746315772230 97.955471 0.000000
1641930746422698938 204.854497 0.000000
1641930746422708215 127.635921 0.000000
1641930746771744737 148.765853 0.000000
1641930746840403880 217.316332 0.000000
1641930746998933537 158.521642 0.000000
1641930746998938937 227.234996 0.000000
1641930747169928854 84.114016 0.000000
1641930747311529735 146.741188 0.000000
1641930747476706233 113.637470 0.000000
1641930748082857494 149.018327 0.000000
1641930748149503322 215.681227 0.000000
1641930748411289709 169.148754 0.000000
1641930748467939206 201.064265 0.000000
1641930748702437427 81.957741 0.000000
1641930748913803966 211.324841 0.000000
1641930749031303737 117.509869 0.000000
1641930749083461544 154.828949 0.000000
1641930749083473216 154.826505 0.000000
1641930749218142884 134.681059 0.000000
1641930749316038392 97.801501 0.000000
1641930749515521825 183.806373 0.000000
1641930749593287779 77.754592 0.000000
1641930749757753825 226.455394 0.000000
1641930749936828407 178.994091 0.000000
1641930750161888675 168.469210 0.000000
1641930750161898243 168.439664 0.000000
1641930750336925929 175.059455 0.000000
1641930750337001120 210.946410 0.000000
1641930750629794675 180.862403 0.000000
1641930750629813580 73.391232 0.000000
1641930750816304264 186.485805 0.000000
1641930750999354639 183.058931 0.000000
1641930751179956796 180.610182 0.000000
1641930751369578189 189.647522 0.000000
1641930751429967837 134.153051 0.000000
1641930751645051514 215.010510 0.000000
1641930751650599184 220.506382 0.000000
1641930751650660589 220.662835 0.000000
1641930752235820859 90.904604 0.000000
1641930752866560924 194.409439 0.000000
1641930753092448044 138.060555 0.000000
1641930753092470957 189.452056 0.000000
1641930753118130779 76.891896 0.000000
1641930753128657083 87.382392 0.000000
1641930753303342687 174.676908 0.000000
1641930753303416775 180.129790 0.000000
1641930753513952206 210.731368 0.000000
1641930753513981100 210.792252 0.000000
1641930753739335490 92.057235 0.000000
1641930753841726867 194.501200 0.000000
1641930754137289183 218.749879 0.000000
1641930754143000179 224.553649 0.000000
1641930754429271677 165.384527 0.000000
1641930754826143763 193.904453 0.000000
1641930755252537501 203.045520 0.000000
1641930755349912174 205.703074 0.000000
1641930756212208416 171.244674 0.000000
1641930756212227231 171.293916 0.000000
1641930756232882352 155.732394 0.000000
1641930756417543407 205.333067 0.000000
1641930756586917533 169.355171 0.000000
1641930756607642686 190.080654 0.000000
1641930756857139764 95.548789 0.000000
1641930757171728888 163.375772 0.000000
1641930757398125884 220.319452 0.000000
1641930757398225390 220.452642 0.000000
1641930757583252702 185.078147 0.000000
1641930757583388476 185.187913 0.000000
1641930758023404100 200.112139 0.000000
1641930758491165058 82.959901 0.000000
1641930758892606930 98.641007 0.000000
1641930759106380709 102.741393 0.000000
1641930759254972537 148.625512 0.000000
1641930759332317331 148.546281 0.000000
1641930759424507626 169.531462 0.000000
1641930759424572117 169.626029 0.000000
1641930759709971070 204.170720 0.000000
1641930759889673288 179.712067 0.000000
1641930759889713994 179.721785 0.000000
1641930759993841878 104.133765 0.000000
1641930759993872775 183.677391 0.000000
1641930760102927614 109.050591 0.000000
1641930760113296363 119.434378 0.000000
1641930760297232909 97.721684 0.000000
1641930760412241278 146.067424 0.000000
1641930760817729977 115.401537 0.000000
1641930761025467312 207.837933 0.000000
1641930761230968033 205.433435 0.000000
1641930761454774692 118.564476 0.000000
1641930761593855790 139.072702 0.000000
1641930761604261527 77.316601 0.000000
1641930761780920820 187.017070 0.000000
1641930762041299639 260.180106 0.000000
1641930762041315769 178.163162 0.000000
1641930762171051629 98.575835 0.000000
1641930762347849051 161.323294 0.000000
1641930762688845049 186.021665 0.000000
1641930762873006706 183.826939 0.000000
1641930762940969043 176.737941 0.000000
1641930763270976210 168.486544 0.000000
1641930763338061942 159.311373 0.000000
1641930763541293648 172.222305 0.000000
1641930763713433271 172.316825 0.000000
1641930763713470260 172.150893 0.000000
1641930763744396646 77.435745 0.000000
1641930763959355959 245.916466 0.000000
1641930763959374073 209.743265 0.000000
1641930763980124273 147.800745 0.000000
1641930764285326038 98.979431 0.000000
1641930764285341147 150.198470 0.000000
1641930764285357908 150.107378 0.000000
1641930764347204358 160.871406 0.000000
1641930764674327068 216.101244 0.000000
1641930764858140474 138.447851 0.000000
1641930765032887914 174.713707 0.000000
1641930765063432434 174.272359 0.000000
1641930765063440750 174.266358 0.000000
1641930765135483514 102.595560 0.000000
1641930765303991637 184.019232 0.000000
1641930765304071096 189.282677 0.000000
1641930765492388265 188.323891 0.000000
1641930765668766081 176.359882 0.000000
1641930765947765637 197.490295 0.000000
1641930766114294690 155.973184 0.000000
1641930766191858435 77.643013 0.000000
1641930766325253393 210.957581 0.000000
1641930766628689740 102.621579 0.000000
1641930766928900028 129.125956 0.000000
1641930766959626079 77.338663 0.000000
1641930767151564576 77.541593 0.000000
1641930767242803567 168.818185 0.000000
1641930767462912163 169.011938 0.000000
1641930767695143746 232.228698 0.000000
1641930767695172189 232.232244 0.000000
1641930768009328631 130.649241 0.000000
1641930768839039036 179.556325 0.000000
1641930768839093918 143.827447 0.000000
1641930768889600621 194.358164 0.000000
1641930769283738279 178.557000 0.000000
1641930769371897798 88.178014 0.000000
1641930769382344312 98.642211 0.000000
1641930769787097310 104.883329 0.000000
1641930770002707855 215.593593 0.000000
1641930770074945193 225.776129 0.000000
1641930770074974508 87.035149 0.000000
1641930770400181067 222.626978 0.000000
1641930770400258081 191.765182 0.000000
1641930770425382691 216.880955 0.000000
1641930770733373395 83.162681 0.000000
1641930770743740069 88.055162 0.000000
1641930770754049184 82.553569 0.000000
1641930770826663401 82.913964 0.000000
1641930770831891642 82.971923 0.000000
1641930770920289948 83.199149 0.000000
1641930770966966579 82.980049 0.000000
1641930771091423352 83.178930 0.000000
1641930771344737156 87.723129 0.000000
1641930771447436571 112.977532 0.000000
1641930771545144299 97.770004 0.000000
1641930771612431068 82.863540 0.000000
1641930771633059490 82.726784 0.000000
1641930771674885528 83.192898 0.000000
1641930771695948063 83.503810 0.000000
1641930771758257030 83.363117 0.000000
1641930771778737314 82.779893 0.000000
1641930771804372771 82.738907 0.000000
1641930771824980564 82.350107 0.000000
1641930772136581576 87.027266 0.000000
1641930772410160479 144.185927 0.000000
1641930772523428187 113.265043 0.000000
1641930772549251556 138.935395 0.000000
1641930772775871519 149.167246 0.000000
1641930772775928906 149.169029 0.000000
1641930772837708621 195.418611 0.000000
1641930772883455551 107.459849 0.000000
1641930772965274463 81.809194 0.000000
1641930773247945201 81.923508 0.000000
1641930773499891611 148.916587 0.000000
1641930773577675257 165.017990 0.000000
1641930773577729740 211.348734 0.000000
1641930773895560891 76.742024 0.000000
1641930773947056929 128.283728 0.000000
1641930773983415157 82.650591 0.000000
1641930774322768445 113.341205 0.000000
1641930774384733848 154.750453 0.000000
1641930774533092507 127.788516 0.000000
1641930774533105021 138.065463 0.000000
1641930774851225566 128.635426 0.000000
1641930774933567919 82.333096 0.000000
1641930775114091576 149.608654 0.000000
1641930775505598785 92.601666 0.000000
1641930775618522216 123.204305 0.000000
1641930775695610440 77.108783 0.000000
1641930775900397192 86.875902 0.000000
1641930776107727984 135.322702 0.000000
1641930776247600175 139.678768 0.000000
1641930776411591361 200.499887 0.000000
1641930776726900094 83.679650 0.000000
1641930776737283700 83.779087 0.000000
1641930776820222070 98.312652 0.000000
1641930777038721760 77.913891 0.000000
1641930777558926831 161.280966 0.000000
1641930777751557575 192.588876 0.000000
1641930777751585267 192.678043 0.000000
1641930778343273983 190.495971 0.000000
1641930778620758900 87.281141 0.000000
1641930778625967735 92.483533 0.000000
1641930778749409606 216.025381 0.000000
1641930778749457706 216.096595 0.000000
1641930778759797099 159.411131 0.000000
1641930778759819831 128.700578 0.000000
1641930779161658668 185.961352 0.000000
1641930779322011913 160.336123 0.000000
1641930779758195874 82.399830 0.000000
1641930779835144205 82.289934 0.000000
1641930779938270681 82.302729 0.000000
1641930780149212102 82.247886 0.000000
1641930780361223538 155.195967 0.000000
1641930780619555470 77.636692 0.000000
1641930780722630719 82.515938 0.000000
1641930780758607372 82.476574 0.000000
1641930780835965802 133.917929 0.000000
1641930780835986351 128.786109 0.000000
1641930780836038749 154.685100 0.000000
1641930780959706302 123.777921 0.000000
1641930780970061725 134.105380 0.000000
1641930780995901856 82.417113 0.000000
1641930781021796439 82.796344 0.000000
1641930781115907194 145.834799 0.000000
1641930781538800810 201.911944 0.000000
1641930781688651967 149.934032 0.000000
1641930781765936549 77.261799 0.000000
1641930781786647876 97.960182 0.000000
1641930781817720816 77.443409 0.000000
1641930782104029454 79.692324 0.000000
1641930782248878195 201.809162 0.000000
1641930782360651309 111.757224 0.000000
1641930782472868918 198.117341 0.000000
1641930782645402929 172.564869 0.000000
1641930782645460256 172.587682 0.000000
1641930782645468261 172.523041 0.000000
1641930782740061129 94.657038 0.000000
1641930783214841535 169.667908 0.000000
1641930783214889835 169.700939 0.000000
1641930783375408952 160.566646 0.000000
1641930783490312666 192.256162 0.000000
1641930783573057153 82.740890 0.000000
1641930783583364184 93.023687 0.000000
1641930783737998810 77.621553 0.000000
1641930783789698148 77.856293 0.000000
1641930784199752735 230.750176 0.000000
1641930784199801186 230.580036 0.000000
1641930784576740033 206.623625 0.000000
1641930784787311040 195.229296 0.000000
1641930784935714050 189.475296 0.000000
1641930785186394550 172.853219 0.000000
1641930785186441208 245.411693 0.000000
1641930785781211993 184.675682 0.000000
1641930786051279845 195.282716 0.000000
1641930786237316298 241.651020 0.000000
1641930786252225407 185.551303 0.000000
1641930786474031205 77.196366 0.000000
1641930787110630804 145.321096 0.000000
1641930787310942388 164.526950 0.000000
1641930787750299738 232.615422 0.000000
1641930787750477010 217.147936 0.000000
1641930787921069300 170.740788 0.000000
1641930787983233185 149.721324 0.000000
1641930788550987023 167.360551 0.000000
1641930788643459216 92.468145 0.000000
1641930788813935499 144.530664 0.000000
1641930789194215109 164.189657 0.000000
1641930789792413890 200.356859 0.000000
1641930789792443887 159.577933 0.000000
1641930789988287164 195.869626 0.000000
1641930790193063807 189.417821 0.000000
1641930790347490874 177.452240 0.000000
1641930790499814377 206.901097 0.000000
1641930790578106747 194.702518 0.000000
1641930790578165106 194.790433 0.000000
1641930790870406446 149.638569 0.000000
1641930790980526211 110.072717 0.000000
1641930791276570951 241.739707 0.000000
1641930791441340405 164.793419 0.000000
1641930791641470548 139.591745 0.000000
1641930791923399445 187.639737 0.000000
1641930792100796331 177.351401 0.000000
1641930792100795760 177.355969 0.000000
1641930792272020266 201.394753 0.000000
1641930792740057611 195.452504 0.000000
1641930792878764958 194.214383 0.000000
1641930792917145078 177.141959 0.000000
1641930793002490280 85.336987 0.000000
1641930793505351166 208.564304 0.000000
1641930793911943253 132.066538 0.000000
1641930794112802042 226.837580 0.000000
1641930794311435940 198.558958 0.000000
1641930794317359766 204.579605 0.000000
1641930794395102094 83.708514 0.000000
1641930794492494130 175.126500 0.000000
1641930794574546850 82.076865 0.000000
1641930794939755958 216.377731 0.000000
1641930794939766157 216.416354 0.000000
1641930795032141559 92.659284 0.000000
1641930795356556332 186.145026 0.000000
1641930795356602999 186.116843 0.000000
1641930795356655167 185.568545 0.000000
1641930795603126153 92.819935 0.000000
1641930795803670723 200.507461 0.000000
1641930795803818260 115.249964 0.000000
1641930796178789638 189.134821 0.000000
1641930796245823463 164.259538 0.000000
1641930796287759068 109.021107 0.000000
1641930796466359661 220.504909 0.000000
1641930796646741132 180.387262 0.000000
1641930796888004155 220.806834 0.000000
1641930796913877889 75.322845 0.000000
1641930797246489539 153.528784 0.000000
1641930797246504086 148.413714 0.000000
1641930797297808263 153.234901 0.000000
1641930797323594132 77.134991 0.000000
1641930797503790156 82.471224 0.000000
1641930797626654904 148.544018 0.000000
1641930797626683618 138.396144 0.000000
1641930797832877819 82.569589 0.000000
1641930797864028445 82.606347 0.000000
1641930797940937793 149.180161 0.000000
1641930798090101353 133.890137 0.000000
1641930798162332690 195.540229 0.000000
1641930798244685824 154.416196 0.000000
1641930798378706405 134.222419 0.000000
1641930798409629074 82.701025 0.000000
1641930798522900558 113.265082 0.000000
1641930798739580426 82.503244 0.000000
