1649639711048152413 293.077004 0.000000
1649639711719474535 671.310590 0.000000
1649639712681237871 351.981894 0.000000
1649639714693516664 346.927881 0.000000
1649639714919851306 462.584820 0.000000
1649639715146659524 453.135035 0.000000
1649639715597226717 450.593031 0.000000
1649639715818777407 521.574048 0.000000
1649639716240156645 484.246677 0.000000
1649639716364037328 608.139332 0.000000
1649639717968485322 349.331157 0.000000
1649639718458289897 560.498926 0.000000
1649639718458322789 489.864407 0.000000
1649639719379780248 478.293836 0.000000
1649639719894009107 514.277981 0.000000
1649639720405441529 511.873770 0.000000
1649639720925421436 505.610741 0.000000
1649639721940519030 1015.383650 0.000000
1649639721940629667 1015.181252 0.000000
1649639721940638534 1015.241644 0.000000
1649639721940648202 197.042950 0.000000
1649639721940876791 1015.464542 0.000000
1649639722628853323 688.211563 0.000000
1649639722825435131 196.582970 0.000000
1649639722941257668 293.174567 0.000000
1649639723643361763 303.786720 0.000000
1649639725015044193 298.669247 0.000000
1649639725527320852 384.762221 0.000000
1649639725728607900 230.534834 0.000000
1649639726525890114 415.062925 0.000000
1649639726989500736 384.358849 0.000000
1649639727011654695 316.173831 0.000000
1649639727706993149 717.741139 0.000000
1649639728042042483 334.996735 0.000000
1649639728191634112 427.476907 0.000000
1649639728792876435 481.422183 0.000000
1649639729004365238 451.670339 0.000000
1649639729194381566 401.497246 0.000000
1649639729655954258 651.580364 0.000000
1649639729655984885 651.628454 0.000000
1649639731550608677 621.577673 0.000000
1649639731701738230 344.711947 0.000000
1649639732012827580 444.063560 0.000000
1649639732291837875 309.415141 0.000000
1649639732454801842 441.995462 0.000000
1649639733221135362 457.036808 0.000000
1649639733616718129 304.802414 0.000000
1649639733997393715 380.665096 0.000000
1649639734535645366 547.870422 0.000000
1649639734651511797 462.153521 0.000000
1649639734651540160 470.820548 0.000000
1649639734690810715 155.159808 0.000000
1649639735414046704 293.698280 0.000000
1649639735698618595 306.338633 0.000000
1649639736244350039 661.962818 0.000000
1649639737209372694 412.063843 0.000000
1649639738181929544 315.146485 0.000000
1649639738365646554 359.019146 0.000000
1649639739648038762 529.404297 0.000000
1649639740067566769 419.541021 0.000000
1649639740311721024 481.628128 0.000000
1649639740706482121 638.912588 0.000000
1649639740706590765 513.884583 0.000000
1649639741315047463 608.152577 0.000000
1649639741415716915 318.244172 0.000000
1649639741653817993 409.347411 0.000000
1649639741753069889 337.321756 0.000000
1649639742051174086 346.662194 0.000000
1649639742190910913 399.959934 0.000000
1649639742534357249 530.967367 0.000000
1649639742713735898 448.516639 0.000000
1649639743979046675 455.106392 0.000000
1649639743979053558 455.075743 0.000000
1649639744057453604 533.541202 0.000000
1649639744643625717 283.625737 0.000000
1649639744733716028 369.547033 0.000000
1649639745402700258 356.294772 0.000000
1649639745872301339 350.463238 0.000000
1649639746906713521 361.680256 0.000000
1649639747588551947 313.294994 0.000000
1649639747901602483 361.210373 0.000000
1649639748219522488 498.560367 0.000000
1649639748379041337 480.823238 0.000000
1649639749226385345 989.255090 0.000000
1649639749265500060 471.298042 0.000000
1649639750115530395 370.459656 0.000000
1649639750598728384 669.312896 0.000000
1649639751953806428 276.586733 0.000000
1649639752588355676 311.170291 0.000000
1649639752728145302 393.780892 0.000000
1649639752728166983 393.773888 0.000000
1649639752765715460 384.280011 0.000000
1649639753132321000 543.959723 0.000000
1649639753243121162 477.398118 0.000000
1649639753256162379 471.578879 0.000000
1649639753574668362 433.686868 0.000000
1649639755217766169 347.295061 0.000000
1649639755661373754 481.788638 0.000000
1649639755757343307 539.562470 0.000000
1649639757058497665 495.745211 0.000000
1649639758085218339 640.022559 0.000000
1649639758462073332 958.700575 0.000000
1649639758508067580 471.582928 0.000000
1649639759380236476 476.581307 0.000000
1649639759745098557 364.869505 0.000000
1649639760467154153 415.443820 0.000000
1649639760919484890 316.384296 0.000000
1649639761069162001 451.444157 0.000000
1649639761343164057 273.998300 0.000000
1649639761949892424 327.600060 0.000000
1649639763021316188 328.157037 0.000000
1649639763152276070 415.603077 0.000000
1649639763552194628 324.055526 0.000000
1649639764123521662 639.118435 0.000000
1649639764182577226 413.897031 0.000000
1649639764681154115 468.070952 0.000000
1649639765573273318 299.134741 0.000000
1649639766004449841 444.781556 0.000000
1649639767259173472 464.337635 0.000000
1649639767259336678 385.216445 0.000000
1649639767520401473 391.470810 0.000000
1649639767829168820 308.792494 0.000000
1649639768050431973 345.455179 0.000000
1649639768325119977 434.991231 0.000000
1649639769277516975 330.185848 0.000000
1649639769370901842 399.117535 0.000000
1649639769397445150 359.387878 0.000000
1649639770024720253 190.425837 0.000000
1649639770451515622 426.837698 0.000000
1649639770637372585 338.272818 0.000000
1649639770743666351 292.216782 0.000000
1649639771149167694 511.768329 0.000000
1649639771528467759 379.323809 0.000000
1649639772176056612 647.296645 0.000000
1649639773037157449 414.268307 0.000000
1649639773372814162 335.645111 0.000000
1649639774021537281 306.425037 0.000000
1649639774560239167 278.606628 0.000000
1649639775502387424 474.365424 0.000000
1649639775502416338 474.414896 0.000000
1649639775928740394 540.285175 0.000000
1649639776411023468 482.275560 0.000000
1649639778080004115 456.179663 0.000000
1649639778137544028 394.222421 0.000000
1649639778842398051 296.279640 0.000000
1649639779096331998 348.321986 0.000000
1649639779732473512 636.102691 0.000000
1649639780229917527 269.336010 0.000000
1649639780425510300 464.964029 0.000000
1649639780425514147 464.926969 0.000000
1649639780509268551 392.977332 0.000000
1649639780557291023 381.056458 0.000000
1649639781247397999 337.782868 0.000000
1649639781762155078 227.556737 0.000000
1649639781762220541 227.611329 0.000000
1649639781762257641 585.253001 0.000000
1649639781932495085 170.246591 0.000000
1649639782154790383 392.564993 0.000000
1649639782924212902 271.332502 0.000000
1649639784790569335 312.168483 0.000000
1649639785213001344 286.372997 0.000000
1649639785363801702 437.237635 0.000000
1649639786096528952 342.645314 0.000000
1649639786982869432 682.451845 0.000000
1649639787031859647 731.380485 0.000000
1649639788367620631 172.006028 0.000000
1649639788941355530 624.604247 0.000000
1649639789582353217 565.497086 0.000000
1649639789582377382 565.490784 0.000000
1649639789798555113 337.277641 0.000000
1649639789798569059 373.815795 0.000000
1649639790233777480 285.167026 0.000000
1649639790713819083 534.369414 0.000000
1649639790968400485 575.535864 0.000000
1649639791363082494 649.259443 0.000000
1649639792353560470 527.073088 0.000000
1649639792371673193 440.429578 0.000000
1649639792611525384 473.403721 0.000000
1649639793159467101 548.112877 0.000000
1649639794218362880 419.651348 0.000000
1649639794295135285 433.327102 0.000000
1649639795479045683 410.587306 0.000000
1649639795625594981 394.651765 0.000000
1649639796230157025 439.698727 0.000000
1649639796282802013 459.923401 0.000000
1649639796916380122 434.290831 0.000000
1649639797673720361 257.048635 0.000000
1649639798836400169 678.241773 0.000000
1649639799393726119 516.601347 0.000000
1649639799657213981 439.644108 0.000000
1649639799781377971 254.644461 0.000000
1649639800014864699 357.610573 0.000000
1649639800484982199 304.980348 0.000000
1649639800485008118 305.067350 0.000000
1649639800936823870 460.173529 0.000000
1649639801109745454 172.884655 0.000000
1649639802441648002 913.717198 0.000000
1649639803244232417 457.261831 0.000000
1649639805317528605 449.768414 0.000000
1649639805733082571 435.532267 0.000000
1649639807591708673 383.578645 0.000000
1649639807802462918 374.548148 0.000000
1649639808499852787 531.928610 0.000000
1649639809176160385 418.709301 0.000000
1649639809676003667 448.175227 0.000000
1649639810346223676 200.277979 0.000000
1649639810397216505 143.307961 0.000000
1649639810418579241 164.691486 0.000000
1649639810960032357 630.896213 0.000000
1649639811208354704 248.292351 0.000000
1649639811335070291 374.924401 0.000000
1649639811500925639 540.681105 0.000000
1649639811590255945 354.194072 0.000000
1649639813369333318 340.093380 0.000000
1649639813720731871 351.429551 0.000000
1649639813749304742 330.352860 0.000000
1649639813769993595 323.564365 0.000000
1649639814038310865 317.612357 0.000000
1649639814243376407 486.151928 0.000000
1649639814366447402 328.089619 0.000000
1649639814628854945 506.998727 0.000000
1649639814737125055 464.542140 0.000000
1649639814785205455 461.272779 0.000000
1649639815692866463 740.316218 0.000000
1649639816826315326 389.730568 0.000000
1649639816826324724 389.711032 0.000000
1649639816925108792 298.790805 0.000000
1649639817540988114 356.480780 0.000000
1649639817975817892 291.590738 0.000000
1649639818099893583 323.902039 0.000000
1649639818281232155 305.415125 0.000000
1649639818597304417 531.000591 0.000000
1649639818956485390 788.776022 0.000000
1649639819872303727 570.045102 0.000000
1649639820319168617 446.896920 0.000000
1649639821184141364 470.793036 0.000000
1649639821556505417 372.191029 0.000000
1649639821556522318 372.356308 0.000000
1649639821850225558 328.177404 0.000000
1649639822280872780 268.265456 0.000000
1649639822280900823 268.269013 0.000000
1649639822979428132 386.250925 0.000000
1649639823245341357 401.444538 0.000000
1649639823352332909 372.900329 0.000000
1649639823894523756 573.098224 0.000000
1649639824172682926 503.433110 0.000000
1649639824172697403 523.038210 0.000000
1649639824396298631 501.761970 0.000000
1649639824648021864 427.731695 0.000000
1649639824667515957 447.173720 0.000000
1649639824956153480 440.233833 0.000000
1649639824956189538 434.655235 0.000000
1649639825267310737 238.259344 0.000000
1649639826556771868 333.068462 0.000000
1649639826574654781 350.924434 0.000000
1649639827036307112 341.349765 0.000000
1649639827684298219 534.502544 0.000000
1649639827907136897 559.443318 0.000000
1649639827924303357 491.172730 0.000000
1649639828088156531 403.897746 0.000000
1649639828956790480 455.479680 0.000000
1649639829035835666 519.912224 0.000000
1649639829576601511 262.948623 0.000000
1649639830434011812 410.759541 0.000000
1649639830746649303 589.113184 0.000000
1649639831599762677 657.196333 0.000000
1649639831936149711 336.399747 0.000000
1649639832369910406 631.586255 0.000000
1649639832690600454 320.758075 0.000000
1649639833135631829 445.014423 0.000000
1649639833821204646 685.540016 0.000000
1649639834076442977 423.631488 0.000000
1649639834226652249 382.476654 0.000000
1649639834332137518 203.411381 0.000000
1649639835238117434 251.566408 0.000000
1649639835238133364 225.678201 0.000000
1649639836007228126 147.182142 0.000000
1649639836089788163 229.731619 0.000000
1649639836089842855 229.801881 0.000000
1649639836566928999 559.693439 0.000000
1649639836697246018 130.272876 0.000000
1649639837617414934 423.376072 0.000000
1649639837730410721 296.911622 0.000000
1649639837862651576 342.763585 0.000000
1649639837932807820 315.413374 0.000000
1649639839985517497 408.201154 0.000000
1649639840781599101 562.868629 0.000000
1649639840961864282 324.581332 0.000000
1649639841459641031 497.702269 0.000000
1649639841465264672 503.396754 0.000000
1649639841608738155 404.559637 0.000000
1649639842237153445 385.139884 0.000000
1649639842383157661 407.683413 0.000000
1649639842459535156 332.706844 0.000000
1649639843302168014 533.103602 0.000000
1649639843817335214 515.211894 0.000000
1649639843952885824 135.546193 0.000000
1649639844145710940 328.306578 0.000000
1649639844637242330 298.528694 0.000000
1649639845153724393 516.520565 0.000000
1649639845256877111 619.715813 0.000000
1649639845933179310 250.626539 0.000000
1649639846095138595 336.837697 0.000000
1649639847177898259 670.807961 0.000000
1649639847824897316 646.995952 0.000000
1649639847838310430 660.403835 0.000000
1649639848180853081 355.973508 0.000000
1649639848719942075 539.085247 0.000000
1649639848730737411 549.945464 0.000000
1649639848833221655 102.427979 0.000000
1649639849969784997 681.422196 0.000000
1649639850539680479 480.641188 0.000000
1649639851342339425 382.080150 0.000000
1649639851413637546 453.540375 0.000000
1649639851708043281 294.397179 0.000000
1649639851708072626 365.725527 0.000000
1649639852414337474 299.286767 0.000000
1649639853178764298 520.552866 0.000000
1649639853353446842 328.663282 0.000000
1649639853435379022 410.562420 0.000000
1649639853981415716 356.885517 0.000000
1649639853981485727 356.909130 0.000000
1649639856427808071 285.399812 0.000000
1649639856520825069 378.427039 0.000000
1649639856634229033 332.006751 0.000000
1649639857354001720 306.900196 0.000000
1649639858122186629 340.087840 0.000000
1649639858465019204 316.613765 0.000000
1649639859768580859 557.227845 0.000000
