1649621992771516717 984.313150 0.000000
1649621996307277895 386.770716 0.000000
1649621996816288084 400.647802 0.000000
1649621997004735370 289.731254 0.000000
1649621997224325188 439.959971 0.000000
1649621997384748678 160.410234 0.000000
1649621998064156255 361.973398 0.000000
1649621999035738858 432.978310 0.000000
1649621999723181559 665.218066 0.000000
1649622000541279721 508.231529 0.000000
1649622001887934278 605.466178 0.000000
1649622002069123406 382.612760 0.000000
1649622002208041789 438.432718 0.000000
1649622002265011071 309.888765 0.000000
1649622002640119431 375.094685 0.000000
1649622002825312107 365.952949 0.000000
1649622003289987309 706.665807 0.000000
1649622003290052261 694.040639 0.000000
1649622003693426223 430.192468 0.000000
1649622003693899120 403.909617 0.000000
1649622003693930489 403.946266 0.000000
1649622004107364089 413.888413 0.000000
1649622004585480913 469.198724 0.000000
1649622005097167940 511.673592 0.000000
1649622005700006671 399.241704 0.000000
1649622006330709369 555.599459 0.000000
1649622007972879011 679.941126 0.000000
1649622007973147414 680.917526 0.000000
1649622008464468330 491.578269 0.000000
1649622009380805441 916.250258 0.000000
1649622009468253111 1003.484087 0.000000
1649622010790501319 597.458103 0.000000
1649622011453620298 444.727357 0.000000
1649622011640206964 369.259245 0.000000
1649622011648148322 260.097128 0.000000
1649622012448944777 502.132766 0.000000
1649622012761996238 313.041664 0.000000
1649622013353981814 320.137798 0.000000
1649622013687206073 432.148515 0.000000
1649622013687253923 333.283320 0.000000
1649622014515808134 423.021563 0.000000
1649622014882306674 398.970816 0.000000
1649622015561068838 381.129458 0.000000
1649622015862065311 300.978168 0.000000
1649622016774367025 325.819619 0.000000
1649622017042930044 268.552110 0.000000
1649622017252231063 217.375786 0.000000
1649622019478695053 380.963036 0.000000
1649622019478724728 381.042495 0.000000
1649622019596069978 498.273811 0.000000
1649622019892831310 394.656759 0.000000
1649622020492744205 299.231923 0.000000
1649622020671820129 365.497332 0.000000
1649622020816852854 372.667064 0.000000
1649622021049801555 557.065015 0.000000
1649622021275342110 225.532620 0.000000
1649622021588048164 395.382438 0.000000
1649622022059567817 471.486582 0.000000
1649622022805998991 286.919673 0.000000
1649622022933962043 268.370833 0.000000
1649622023249693651 409.208720 0.000000
1649622023261720197 381.585083 0.000000
1649622023595377437 506.450178 0.000000
1649622024307458824 222.173832 0.000000
1649622024789205259 414.434926 0.000000
1649622027348406813 402.491296 0.000000
1649622028180415287 832.033962 0.000000
1649622029135672409 290.487250 0.000000
1649622029135705400 386.371997 0.000000
1649622029702366064 629.256724 0.000000
1649622029815515405 487.865514 0.000000
1649622030365092844 662.638525 0.000000
1649622030775904207 306.919756 0.000000
1649622030957427002 303.005219 0.000000
1649622031222033920 311.978785 0.000000
1649622031362969135 349.219356 0.000000
1649622031827625297 605.542555 0.000000
1649622031827639424 605.525764 0.000000
1649622032248395149 345.327901 0.000000
1649622032672786900 424.355252 0.000000
1649622032983655319 388.950059 0.000000
1649622033541988230 557.195289 0.000000
1649622033542047351 558.399697 0.000000
1649622033591584078 406.283813 0.000000
1649622034148420156 477.823951 0.000000
1649622034268743927 366.493550 0.000000
1649622034400926099 390.856802 0.000000
1649622034400984919 390.876359 0.000000
1649622035048439548 291.176270 0.000000
1649622035818941815 361.406471 0.000000
1649622036779750823 452.883265 0.000000
1649622036952136215 402.968589 0.000000
1649622037950809094 516.089857 0.000000
1649622037950876861 516.100587 0.000000
1649622039192785808 272.192832 0.000000
1649622039316474618 261.824113 0.000000
1649622039768410797 473.175445 0.000000
1649622042124245680 448.709972 0.000000
1649622042277163943 524.963170 0.000000
1649622042323296370 571.045172 0.000000
1649622042330840823 416.412942 0.000000
1649622042743228780 412.378759 0.000000
1649622044319748623 395.886312 0.000000
1649622044633412110 349.996842 0.000000
1649622046519032074 327.560410 0.000000
1649622047386382520 367.664662 0.000000
1649622047775509159 357.996849 0.000000
1649622048043956749 482.289931 0.000000
1649622048114556914 499.042308 0.000000
1649622049130718879 183.087175 0.000000
1649622050494944309 264.885853 0.000000
1649622051675445992 501.544810 0.000000
1649622051970007558 294.532582 0.000000
1649622052003659104 328.197292 0.000000
1649622052207041145 531.620360 0.000000
1649622052630090879 364.068320 0.000000
1649622053246449009 321.936887 0.000000
1649622053455186339 275.346721 0.000000
1649622054568138686 333.813913 0.000000
1649622054991406439 423.293922 0.000000
1649622056291175221 403.022510 0.000000
1649622056390134138 220.346359 0.000000
1649622056774081336 384.002832 0.000000
1649622057282376859 508.328936 0.000000
1649622057542523859 268.573216 0.000000
1649622057702032380 361.053007 0.000000
1649622058308147916 623.282809 0.000000
1649622058471028900 589.539141 0.000000
1649622059141774889 472.346780 0.000000
1649622059592897249 157.079436 0.000000
1649622059814769704 229.947103 0.000000
1649622060236869036 378.480918 0.000000
1649622060407991129 297.878935 0.000000
1649622060955206395 831.453137 0.000000
1649622060955236752 845.168930 0.000000
1649622061265235286 310.011039 0.000000
1649622061856817719 591.552797 0.000000
1649622061977189941 540.781856 0.000000
1649622062271117728 293.936834 0.000000
1649622062518971061 296.013919 0.000000
1649622063495801986 474.672209 0.000000
1649622064288254088 381.764294 0.000000
1649622064381919785 335.090727 0.000000
1649622064746939276 365.044478 0.000000
1649622066332310755 290.876727 0.000000
1649622066469180525 271.528464 0.000000
1649622066692039760 359.754233 0.000000
1649622066692074546 359.778569 0.000000
1649622066857802144 293.212486 0.000000
1649622066866744990 302.150772 0.000000
1649622067180017635 615.446582 0.000000
1649622067547081069 367.025883 0.000000
1649622067886273862 477.484957 0.000000
1649622069328867434 328.063269 0.000000
1649622070686917400 378.260539 0.000000
1649622070686944911 378.334337 0.000000
1649622070979293263 335.918244 0.000000
1649622071223477334 462.741971 0.000000
1649622072026505283 421.465037 0.000000
1649622074668445813 528.221474 0.000000
1649622075656098261 366.758706 0.000000
1649622076046941518 418.836578 0.000000
1649622076911246587 421.844739 0.000000
1649622077606933241 478.240038 0.000000
1649622077857525577 365.743290 0.000000
1649622078265268358 407.685914 0.000000
1649622078362086342 280.546445 0.000000
1649622078736805110 471.529949 0.000000
1649622078736819346 387.242407 0.000000
1649622079205016275 333.403701 0.000000
1649622080045575596 527.232178 0.000000
1649622080045600282 486.884144 0.000000
1649622080045605932 527.341011 0.000000
1649622080229898870 301.791873 0.000000
1649622080507667288 395.543468 0.000000
1649622080797570736 430.627333 0.000000
1649622081098817250 591.136196 0.000000
1649622081871617284 424.498223 0.000000
1649622082263927260 330.082383 0.000000
1649622082582377276 306.667176 0.000000
1649622082826951200 331.009612 0.000000
1649622083051693485 224.751753 0.000000
1649622084223017776 383.387479 0.000000
1649622085119875974 169.214043 0.000000
1649622085308136611 290.905894 0.000000
1649622085362663087 345.402505 0.000000
1649622085593136817 285.024351 0.000000
1649622085825892784 415.143024 0.000000
1649622085892743605 394.411508 0.000000
1649622086126500737 520.354352 0.000000
1649622086207305801 341.242024 0.000000
1649622086330281303 334.686705 0.000000
1649622087157110230 332.668612 0.000000
1649622087157156487 332.735367 0.000000
1649622087442197108 402.999067 0.000000
1649622087518126018 360.951637 0.000000
1649622088012960857 414.348624 0.000000
1649622088231619265 391.706786 0.000000
1649622088704856303 460.166724 0.000000
1649622089258256349 687.516716 0.000000
1649622089642458744 384.265975 0.000000
1649622090523338426 387.222971 0.000000
1649622090888574273 365.194009 0.000000
1649622090935575110 298.015354 0.000000
1649622091518935525 297.828103 0.000000
1649622092194401659 631.465041 0.000000
1649622092579876741 371.866989 0.000000
1649622092647710114 439.710892 0.000000
1649622092820355958 289.407837 0.000000
1649622093386403454 738.675908 0.000000
1649622093886807314 455.495115 0.000000
1649622093984678602 553.348029 0.000000
1649622094287258644 302.524588 0.000000
1649622094820632946 178.007294 0.000000
1649622096063995231 463.334162 0.000000
1649622096296097091 403.197506 0.000000
1649622096535961186 471.958270 0.000000
1649622096715039058 518.750034 0.000000
1649622097958127678 443.757629 0.000000
1649622098312908567 369.321390 0.000000
1649622098850730786 211.248715 0.000000
1649622099431852051 306.204337 0.000000
1649622099557870240 286.649166 0.000000
1649622099708740539 276.880052 0.000000
1649622099992585727 353.591177 0.000000
1649622100311885564 351.738312 0.000000
1649622100497297872 423.248850 0.000000
1649622100510228274 420.043410 0.000000
1649622100667726348 355.850802 0.000000
1649622100667741677 355.876811 0.000000
1649622100746626680 398.715294 0.000000
1649622100796348678 428.151772 0.000000
1649622101524023291 537.303257 0.000000
1649622102211764345 352.331514 0.000000
1649622102262548924 284.741468 0.000000
1649622102362746053 215.853338 0.000000
1649622102967847546 131.675586 0.000000
1649622103193221123 304.148643 0.000000
1649622103735091733 339.277795 0.000000
1649622103863085412 319.808872 0.000000
1649622104877455836 377.789593 0.000000
1649622104886900663 387.268133 0.000000
1649622105150060601 272.588825 0.000000
1649622105353050390 381.159469 0.000000
1649622105414525985 371.989018 0.000000
1649622105522603146 372.523810 0.000000
1649622106824194166 932.323754 0.000000
1649622107356899112 679.387003 0.000000
1649622107795484762 323.106112 0.000000
1649622108734732007 195.146297 0.000000
1649622108973552673 404.580991 0.000000
1649622109823477777 218.778372 0.000000
1649622109823501561 371.321577 0.000000
1649622109853278456 248.598989 0.000000
1649622110477300632 457.100184 0.000000
1649622111228656969 418.428411 0.000000
1649622111405582166 417.658598 0.000000
1649622112699998242 271.008181 0.000000
1649622113043771822 394.794273 0.000000
1649622113043790958 400.512573 0.000000
1649622114129216584 253.410790 0.000000
1649622114129245107 253.409327 0.000000
1649622115254073383 469.617728 0.000000
1649622115296226230 271.057844 0.000000
1649622116382560878 589.697161 0.000000
1649622117217248043 418.262811 0.000000
1649622117264159482 377.558390 0.000000
1649622119014933987 322.825066 0.000000
1649622119287214334 447.927236 0.000000
1649622119287256012 444.050888 0.000000
1649622119375848344 305.425526 0.000000
1649622119681391409 333.345770 0.000000
1649622119681458525 305.617976 0.000000
1649622119803052216 245.644058 0.000000
1649622120309363708 552.555551 0.000000
1649622120471128732 368.751779 0.000000
1649622121078281890 607.145374 0.000000
1649622121078307969 576.141268 0.000000
1649622122679502465 331.528203 0.000000
1649622122792668926 427.082837 0.000000
1649622122955764705 276.265788 0.000000
1649622123103543878 323.834188 0.000000
1649622123965334866 348.430671 0.000000
1649622124250377377 285.037743 0.000000
1649622125069641146 507.145616 0.000000
1649622125115122904 198.166087 0.000000
1649622125419889474 350.269057 0.000000
1649622126200279492 780.381833 0.000000
1649622126241230997 595.563152 0.000000
1649622126496457630 255.222475 0.000000
1649622126538358455 297.139520 0.000000
1649622126698438119 228.090409 0.000000
1649622127051319934 352.789451 0.000000
1649622127601637387 780.760853 0.000000
1649622127601725092 737.714621 0.000000
1649622127601927361 597.865175 0.000000
1649622127961374519 359.421911 0.000000
1649622128090822731 489.174243 0.000000
1649622128286700497 195.884418 0.000000
1649622128286735402 195.956483 0.000000
1649622128286828336 325.448467 0.000000
1649622128958725976 407.491466 0.000000
1649622129205034710 376.848317 0.000000
1649622130100969318 487.805606 0.000000
1649622130100985859 487.819722 0.000000
1649622130503327621 397.877191 0.000000
1649622130709398838 603.866406 0.000000
1649622130970632104 511.808538 0.000000
1649622130981537338 464.311992 0.000000
1649622131380622213 399.105023 0.000000
1649622132105796293 338.498779 0.000000
1649622132105827150 459.167787 0.000000
1649622132617506205 511.639630 0.000000
1649622133083273153 589.840940 0.000000
1649622133180597435 562.998095 0.000000
1649622135762385591 510.652939 0.000000
1649622136502015289 385.049259 0.000000
1649622136633896941 279.086675 0.000000
1649622137007899471 350.970020 0.000000
1649622137007933134 365.278724 0.000000
1649622137766271840 352.966731 0.000000
1649622137771014340 357.436331 0.000000
1649622140108277968 412.404607 0.000000
1649622140294134668 345.102803 0.000000
