1652283302701940231 0.000000 160.978995 161 80 0.000000
1652283303702151605 0.000000 160.965981 161 80 0.000000
1652283304702354844 0.000000 159.967487 160 80 0.000000
1652283305702507912 0.000000 224.965563 225 80 0.000000
1652283306702682480 0.000000 177.968932 178 80 0.000000
1652283307702994644 0.000000 160.949759 161 80 0.000000
1652283308703206451 0.000000 159.966120 160 80 0.000000
1652283309703345190 0.000000 240.966569 241 80 0.000000
1652283310703527541 0.000000 161.970464 162 80 0.000000
1652283311703690487 0.000000 160.973767 161 80 0.000000
1652283312703823005 0.000000 243.967694 244 80 0.000000
1652283313703975741 0.000000 161.975247 162 80 0.000000
1652283314704152373 0.000000 159.971738 160 80 0.000000
1652283315704339412 0.000000 226.957557 227 80 0.000000
1652283316704533978 0.000000 179.964985 180 80 0.000000
1652283317444329133 426.130083 218.979539 162 80 0.000000
1652283318704507625 428.418825 166.643070 210 80 0.000000
1652283319617483207 428.455102 213.587305 195 80 0.000000
1652283320486361247 429.012842 187.598252 163 80 0.000000
1652283321348531147 425.325654 187.897985 162 80 0.000000
1652283322672862104 426.186050 184.243974 244 80 0.000000
1652283323524078003 427.079106 191.490789 163 80 0.000000
1652283324385069061 428.137397 188.155277 162 80 0.000000
1652283325678491542 422.412344 189.419933 245 80 0.000000
1652283326539317059 420.880562 190.514781 164 80 0.000000
1652283327627999040 424.197304 149.722325 163 80 0.000000
1652283328705180671 424.824249 227.445415 245 80 0.000000
1652283329577413931 432.068391 184.583636 161 80 0.000000
1652283330445700458 426.726919 187.726052 163 80 0.000000
1652283331707930223 422.080694 181.424974 229 80 0.000000
1652283332626066216 418.793195 197.138543 181 80 0.000000
1652283333497375460 422.830499 189.370198 165 80 0.000000
1652283334714525838 422.055833 148.708010 181 80 0.000000
1652283335697834150 416.261187 237.972135 234 80 0.000000
1652283336516293296 409.121411 207.707392 170 80 0.000000
1652283337683758706 414.808249 143.044915 167 80 0.000000
1652283338652715078 415.363841 252.849385 245 80 0.000000
1652283339521404523 415.920746 192.243601 167 80 0.000000
1652283340709734166 410.111754 145.582501 173 80 0.000000
1652283341694085578 408.885524 256.006129 252 80 0.000000
1652283342648347646 405.115127 180.243989 172 80 0.000000
1652283343427258630 407.037828 216.969614 169 80 0.000000
1652283344713111687 412.551617 182.758044 235 80 0.000000
1652283345596578333 414.116778 208.270464 184 80 0.000000
1652283346492843583 400.029205 191.907482 172 80 0.000000
1652283347715772353 407.081674 194.614766 238 80 0.000000
1652283348644909185 407.491655 203.414590 189 80 0.000000
1652283349634060502 412.480074 168.831599 167 80 0.000000
1652283350718990005 408.789062 171.439720 186 80 0.000000
1652283351680292373 411.014243 246.540514 237 80 0.000000
1652283352516808237 415.449262 197.246726 165 80 0.000000
1652283353724087336 418.482326 140.812509 170 80 0.000000
1652283354666815362 413.511164 259.884079 245 80 0.000000
1652283355534832485 408.584063 194.696615 169 80 0.000000
1652283356724304624 415.703194 143.761243 171 80 0.000000
1652283357692556703 401.660657 262.328337 254 80 0.000000
1652283358571082441 407.113195 191.229484 168 80 0.000000
1652283359708073924 403.495060 150.396910 171 80 0.000000
1652283360707756919 422.770478 245.077706 245 80 0.000000
1652283361569113213 411.557567 195.041247 168 80 0.000000
1652283362452340028 408.649670 192.476016 170 80 0.000000
1652283363729044235 410.996803 186.417512 238 80 0.000000
1652283364614017049 414.695910 207.915989 184 80 0.000000
1652283365482790783 413.139724 193.376003 168 80 0.000000
1652283366742063303 412.420379 185.821576 234 80 0.000000
1652283367691275777 408.731950 195.951894 186 80 0.000000
1652283368503430544 407.348268 209.319733 170 80 0.000000
1652283369741808535 411.051622 150.196468 186 80 0.000000
1652283370695686280 400.638281 253.701259 242 80 0.000000
1652283371562794577 405.238666 198.360454 172 80 0.000000
1652283372742661598 392.996551 155.949789 184 80 0.000000
1652283373705597544 413.287063 251.314743 242 80 0.000000
1652283374620591937 399.606951 192.350903 176 80 0.000000
1652283375733635458 401.716731 155.429675 173 80 0.000000
1652283376732561181 404.605100 255.274250 255 80 0.000000
1652283377625746720 396.453781 195.927922 175 80 0.000000
1652283378748754062 397.267148 155.831572 175 80 0.000000
1652283379744317690 394.408613 244.082835 243 80 0.000000
1652283380611592379 406.793710 213.311909 185 80 0.000000
1652283381489906560 401.115339 196.968231 173 80 0.000000
1652283382740420012 402.248292 191.121492 239 80 0.000000
1652283383625701246 400.813982 212.361918 188 80 0.000000
1652283384690263480 407.276981 161.568743 172 80 0.000000
1652283385756884492 402.613429 224.072110 239 80 0.000000
1652283386665576841 399.501326 206.890688 188 80 0.000000
1652283387548468207 403.026552 193.681812 171 80 0.000000
1652283388754299399 401.293059 198.203543 239 80 0.000000
1652283389655836651 389.467429 218.515652 197 80 0.000000
1652283390539712376 389.692534 199.123000 176 80 0.000000
1652283391760058336 405.572268 153.235236 187 80 0.000000
1652283392679975264 402.150448 261.980175 241 80 0.000000
1652283393556590915 407.918917 193.927637 170 80 0.000000
1652283394736470520 391.058907 158.490755 187 80 0.000000
1652283395699724564 390.596494 264.727671 255 80 0.000000
1652283396577125429 402.563205 192.614336 169 80 0.000000
1652283397762685873 399.268220 154.357387 183 80 0.000000
1652283398722009316 396.961484 256.430727 246 80 0.000000
1652283399677223831 400.546034 179.017361 171 80 0.000000
1652283400766685496 398.837187 172.562298 188 80 0.000000
1652283401701679970 406.647144 256.686017 240 80 0.000000
1652283402590291159 396.268387 199.187213 177 80 0.000000
1652283403638349410 399.556235 166.021302 174 80 0.000000
1652283404774183080 389.727179 233.308812 265 80 0.000000
1652283405589108950 387.481715 215.970580 176 80 0.000000
1652283406746857345 392.957232 155.474195 180 80 0.000000
1652283407756994323 398.968335 255.410913 258 80 0.000000
1652283408624294570 401.290150 198.316554 172 80 0.000000
1652283409692512911 389.611100 170.377139 182 80 0.000000
1652283410774895573 392.711900 225.428615 244 80 0.000000
1652283411691636197 376.216550 221.436655 203 80 0.000000
1652283412560621247 406.273916 195.630541 170 80 0.000000
1652283413782276307 383.499190 205.458976 251 80 0.000000
1652283414764618847 372.808246 209.702813 206 80 0.000000
1652283415590186493 385.429591 216.820504 179 80 0.000000
1652283416778067906 379.374779 168.366988 200 80 0.000000
1652283417716124380 391.437812 262.244333 246 80 0.000000
1652283418741722305 378.710866 180.382568 185 80 0.000000
1652283419777189109 377.633459 185.423615 192 80 0.000000
1652283420753004012 381.664508 267.468760 261 80 0.000000
1652283421631620970 382.415456 204.867432 180 80 0.000000
1652283422780415863 375.105029 169.743103 195 80 0.000000
1652283423776935999 388.539266 257.897430 257 80 0.000000
1652283424776396646 364.762420 189.101995 189 80 0.000000
1652283425774206344 366.787816 193.423664 193 80 0.000000
1652283426791549405 377.063957 262.448335 267 80 0.000000
1652283427784577123 389.248709 177.235736 176 80 0.000000
1652283428763767647 375.443745 193.016588 189 80 0.000000
1652283429757702376 390.495095 258.568284 257 80 0.000000
1652283430763413794 375.332870 183.949372 185 80 0.000000
1652283431773750150 379.520890 183.107355 185 80 0.000000
1652283432785343939 400.130302 253.065994 256 80 0.000000
1652283433659915061 401.002168 197.811238 173 80 0.000000
1652283434717589181 368.303174 177.748508 188 80 0.000000
1652283435795512209 397.275660 239.349209 258 80 0.000000
1652283436713133226 378.471065 200.518489 184 80 0.000000
1652283437721210145 352.536011 195.421599 197 80 0.000000
1652283438770463663 380.018270 236.358525 248 80 0.000000
1652283439740737851 370.937527 215.403019 209 80 0.000000
1652283440725792274 376.939700 190.852397 188 80 0.000000
1652283441782413979 376.960556 231.871085 245 80 0.000000
1652283442696275146 371.952562 224.322894 205 80 0.000000
1652283443727305230 367.036158 185.251626 191 80 0.000000
1652283444799063711 383.057710 230.462370 247 80 0.000000
1652283445744053386 375.027838 216.933585 205 80 0.000000
1652283446783687379 378.846362 179.871005 187 80 0.000000
1652283447806639903 380.382615 239.502792 245 80 0.000000
1652283448757956620 378.288557 216.541974 206 80 0.000000
1652283449768484232 371.729457 183.072680 185 80 0.000000
1652283450793771011 371.602701 197.018064 202 80 0.000000
1652283451747832383 382.008020 265.182074 253 80 0.000000
1652283452661575518 385.747922 195.897526 179 80 0.000000
1652283453811114055 392.404258 167.023544 192 80 0.000000
1652283454767991555 379.584938 267.536841 256 80 0.000000
1652283455631123025 380.358668 209.701544 181 80 0.000000
1652283456779018216 387.871126 161.164547 185 80 0.000000
1652283457815699434 383.247613 253.694161 263 80 0.000000
1652283458786468332 381.125406 187.480260 182 80 0.000000
1652283459808520164 369.968616 188.835837 193 80 0.000000
1652283460813942109 388.224106 254.619452 256 80 0.000000
1652283461782985677 382.741643 186.782104 181 80 0.000000
1652283462800426732 377.457122 183.794447 187 80 0.000000
1652283463817906970 369.758230 269.292673 274 80 0.000000
1652283464783444253 351.758014 205.067180 198 80 0.000000
1652283465823034534 377.003068 179.878564 187 80 0.000000
1652283466827588127 0.000000 261.807821 263 80 0.000000
1652283467827768207 0.000000 197.964353 198 80 0.000000
1652283468827915686 0.000000 192.971541 193 80 0.000000
1652283469828099373 0.000000 263.951513 264 80 0.000000
1652283470828307027 0.000000 189.960554 190 80 0.000000
1652283471828595088 0.000000 187.945862 188 80 0.000000
1652283472828709615 0.000000 257.970453 258 80 0.000000
1652283473828885147 0.000000 179.968408 180 80 0.000000
1652283474828980298 0.000000 193.981546 194 80 0.000000
1652283475829139929 0.000000 254.959311 255 80 0.000000
1652283476829272130 0.000000 187.975157 188 80 0.000000
1652283477829539211 0.000000 177.952456 178 80 0.000000
1652283478829697944 0.000000 244.961117 245 80 0.000000
1652283479829877885 0.000000 194.964918 195 80 0.000000
1652283480830054421 0.000000 177.968580 178 80 0.000000
