1659031810084075080 0.000000 667.946880 668 80 0.000000
1659031811084271121 0.000000 715.859619 716 80 0.000000
1659031812084508651 0.000000 770.816946 771 80 0.000000
1659031813084671995 0.000000 752.877022 753 80 0.000000
1659031814084836613 0.000000 736.878660 737 80 0.000000
1659031815085064440 0.000000 780.822146 781 80 0.000000
1659031816085225816 0.000000 746.879472 747 80 0.000000
1659031817085396482 0.000000 779.866903 780 80 0.000000
1659031818085583289 0.000000 804.849600 805 80 0.000000
1659031819085805254 0.000000 788.824956 789 80 0.000000
1659031820085961739 0.000000 794.875654 795 80 0.000000
1659031821086143432 0.000000 760.861719 761 80 0.000000
1659031822086332482 0.000000 765.855184 766 80 0.000000
1659031823086609057 0.000000 778.784591 779 80 0.000000
1659031824086807308 0.000000 821.837128 822 80 0.000000
1659031825085822428 99.628928 792.780818 792 80 0.000000
1659031826088477525 101.419006 791.897435 794 80 0.000000
1659031827078872476 99.799528 806.748854 799 80 0.000000
1659031828091667220 97.932223 815.565038 826 80 0.000000
1659031829093857474 101.419365 783.284432 785 80 0.000000
1659031830093369102 100.572606 798.389823 798 80 0.000000
1659031831090533325 99.994109 803.277941 801 80 0.000000
1659031832099450999 99.824241 798.875869 806 80 0.000000
1659031833101267511 101.036663 786.571263 788 80 0.000000
1659031834101276737 104.549450 761.992878 762 80 0.000000
1659031835100854379 97.921187 826.349090 826 80 0.000000
1659031836106375492 98.353848 808.536006 813 80 0.000000
1659031837106874128 103.037186 788.606764 789 80 0.000000
1659031838109070840 97.693223 801.239923 803 80 0.000000
1659031839105306712 98.452775 821.090616 818 80 0.000000
1659031840109955502 101.132307 788.335195 792 80 0.000000
1659031841112274518 97.679832 828.079736 830 80 0.000000
1659031842116537780 101.533566 776.688733 780 80 0.000000
1659031843116918267 100.928491 795.697288 796 80 0.000000
1659031844116199360 101.355550 801.576259 801 80 0.000000
1659031845120966150 97.554879 805.161962 809 80 0.000000
1659031846122122551 95.999196 833.036684 834 80 0.000000
1659031847122773380 98.212285 829.460130 830 80 0.000000
1659031848126084173 101.778584 769.452525 772 80 0.000000
1659031849128145072 98.651230 825.299142 827 80 0.000000
1659031850129129479 95.559400 824.188663 825 80 0.000000
1659031851128928112 98.548819 817.164525 817 80 0.000000
1659031852131804369 95.743084 832.605171 835 80 0.000000
1659031853134578348 97.394184 830.695735 833 80 0.000000
1659031854136267420 98.171688 803.642590 805 80 0.000000
1659031855134834888 101.145995 791.133220 790 80 0.000000
1659031856139106441 102.219060 779.669702 783 80 0.000000
1659031857141282057 100.318984 801.256652 803 80 0.000000
1659031858143245229 98.111121 814.401289 816 80 0.000000
1659031859144805358 99.587038 797.755423 799 80 0.000000
1659031860146846618 101.158547 799.368266 801 80 0.000000
1659031861148535141 97.400656 828.600905 830 80 0.000000
1659031862150457372 102.166287 774.511179 776 80 0.000000
1659031863152670639 97.672527 820.184737 822 80 0.000000
1659031864152329413 102.783044 773.263866 773 80 0.000000
1659031865155234105 101.069718 791.700331 794 80 0.000000
1659031866157080031 99.864751 806.511264 808 80 0.000000
1659031867158950223 100.253587 808.487892 810 80 0.000000
1659031868159120159 98.634346 800.863976 801 80 0.000000
1659031869160351981 101.016635 794.021914 795 80 0.000000
1659031870161432332 99.709494 796.139866 797 80 0.000000
1659031871164753653 101.520747 798.348452 801 80 0.000000
1659031872167154856 96.759078 822.026157 824 80 0.000000
1659031873166321614 99.077026 799.666284 799 80 0.000000
1659031874170237081 98.133175 813.813499 817 80 0.000000
1659031875172475705 101.885887 792.226566 794 80 0.000000
1659031876172166939 103.516600 759.234403 759 80 0.000000
1659031877175714553 101.914882 800.161360 803 80 0.000000
1659031878176597447 97.364890 820.275783 821 80 0.000000
1659031879171775128 98.725647 815.934656 812 80 0.000000
1659031880180735044 99.078180 808.753675 816 80 0.000000
1659031881181897565 99.305236 799.071039 800 80 0.000000
1659031882184595308 102.022065 782.887993 785 80 0.000000
1659031883182091800 99.771602 795.992710 794 80 0.000000
1659031884188632690 97.698228 825.599908 831 80 0.000000
1659031885189071165 101.384298 777.659016 778 80 0.000000
1659031886185164739 103.052678 785.066782 782 80 0.000000
1659031887193303590 99.509272 798.501063 805 80 0.000000
1659031888192524133 96.972022 843.657654 843 80 0.000000
1659031889196494996 101.243670 782.891254 786 80 0.000000
1659031890196544982 100.938510 788.960579 789 80 0.000000
1659031891198367372 101.839215 784.570199 786 80 0.000000
1659031892201704465 101.330929 782.389008 785 80 0.000000
1659031893203027325 102.371324 800.940493 802 80 0.000000
1659031894205316763 100.240882 780.213819 782 80 0.000000
1659031895205885656 98.816470 817.534910 818 80 0.000000
1659031896205164969 99.051968 804.579833 804 80 0.000000
1659031897209326632 101.739138 788.717640 792 80 0.000000
1659031898211486764 98.010695 820.228199 822 80 0.000000
1659031899213766651 97.527244 817.137020 819 80 0.000000
1659031900212663276 97.573948 821.906871 821 80 0.000000
1659031901215898672 97.046417 813.368407 816 80 0.000000
1659031902218803001 98.539999 822.610876 825 80 0.000000
1659031903217674072 97.559902 807.912003 807 80 0.000000
1659031904222306003 104.680083 768.440720 772 80 0.000000
1659031905220111785 96.253180 835.833985 834 80 0.000000
1659031906225583389 100.923977 793.657437 798 80 0.000000
1659031907226564059 100.508624 782.232864 783 80 0.000000
1659031908227661769 101.782925 809.111854 810 80 0.000000
1659031909231078957 101.658035 782.326643 785 80 0.000000
1659031910232497680 100.135611 795.870864 797 80 0.000000
1659031911234456824 100.221967 796.439668 798 80 0.000000
1659031912229503168 102.532807 772.828295 769 80 0.000000
1659031913237865064 99.003102 809.233300 816 80 0.000000
1659031914236260060 96.287100 841.350362 840 80 0.000000
1659031915240900362 99.837676 789.337237 793 80 0.000000
1659031916242976232 98.344300 822.293051 824 80 0.000000
1659031917244517454 101.828253 774.805829 776 80 0.000000
1659031918245870284 99.332342 814.897607 816 80 0.000000
1659031919246254335 98.507328 819.685191 820 80 0.000000
1659031920248688209 99.790168 789.079496 791 80 0.000000
1659031921248697964 97.839863 824.991878 825 80 0.000000
1659031922249115391 102.363442 782.673338 783 80 0.000000
1659031923254021090 99.437356 799.079946 803 80 0.000000
1659031924253730777 100.532671 792.230026 792 80 0.000000
1659031925255365404 99.859048 813.669921 815 80 0.000000
1659031926258872983 101.438493 780.263189 783 80 0.000000
1659031927259511651 96.400021 823.474008 824 80 0.000000
1659031928259334875 102.454400 793.140248 793 80 0.000000
1659031929261360648 100.973019 795.388747 797 80 0.000000
1659031930265551559 101.739314 761.807310 765 80 0.000000
1659031931265644171 96.682477 840.922138 841 80 0.000000
1659031932267583827 97.721254 827.395146 829 80 0.000000
1659031933269710704 96.267561 829.236316 831 80 0.000000
1659031934270620358 98.217450 807.265635 808 80 0.000000
1659031935271785890 98.298334 812.053550 813 80 0.000000
1659031936274908833 99.062944 820.437828 823 80 0.000000
1659031937276341117 103.017532 762.907277 764 80 0.000000
1659031938278046402 99.370893 808.621095 810 80 0.000000
1659031939279821659 103.222269 772.628362 774 80 0.000000
1659031940281399048 97.513039 834.683405 836 80 0.000000
1659031941283650759 98.406193 795.209418 797 80 0.000000
1659031942285177295 99.917415 813.757737 815 80 0.000000
1659031943287158111 101.658563 775.463980 777 80 0.000000
1659031944286928326 96.385177 835.191915 835 80 0.000000
1659031945288555324 101.211225 791.711886 793 80 0.000000
1659031946291076604 101.665872 786.018165 788 80 0.000000
1659031947293377715 98.468913 809.138156 811 80 0.000000
1659031948293898498 99.980707 810.577760 811 80 0.000000
1659031949296871617 100.637005 784.667193 787 80 0.000000
1659031950298655814 98.240061 820.535969 822 80 0.000000
1659031951300197058 98.807731 804.759685 806 80 0.000000
1659031952302048664 97.049087 830.462303 832 80 0.000000
1659031953301676834 99.482622 809.300914 809 80 0.000000
1659031954305903362 99.122481 796.633032 800 80 0.000000
1659031955307180608 94.390412 852.910606 854 80 0.000000
1659031956309081660 97.478514 814.451612 816 80 0.000000
1659031957310526151 94.775434 845.778357 847 80 0.000000
1659031958313099312 98.516728 818.892873 821 80 0.000000
1659031959314642850 100.378633 790.779307 792 80 0.000000
1659031960315653984 102.141177 779.212206 780 80 0.000000
1659031961315218985 96.798050 837.364236 837 80 0.000000
1659031962318567931 96.056070 826.233007 829 80 0.000000
1659031963321269790 100.253229 806.820086 809 80 0.000000
1659031964323328726 97.505205 813.325342 815 80 0.000000
1659031965321279395 99.141535 807.655193 806 80 0.000000
1659031966326696181 98.944184 804.641438 809 80 0.000000
1659031967329460851 100.473441 798.791629 801 80 0.000000
1659031968327337544 95.638277 843.791603 842 80 0.000000
1659031969332672861 96.909153 812.664178 817 80 0.000000
1659031970334436633 99.106717 809.572124 811 80 0.000000
1659031971336044024 100.464114 798.716143 800 80 0.000000
1659031972338119200 99.900711 792.355691 794 80 0.000000
1659031973339011796 97.345169 836.253605 837 80 0.000000
1659031974341428633 0.000000 798.071128 800 80 0.000000
1659031975341688859 0.000000 795.792889 796 80 0.000000
1659031976341941453 0.000000 798.798285 799 80 0.000000
1659031977342129076 0.000000 810.847826 811 80 0.000000
1659031978342379417 0.000000 823.793845 824 80 0.000000
1659031979342527969 0.000000 811.879394 812 80 0.000000
1659031980342707650 0.000000 801.855842 802 80 0.000000
1659031981342971540 0.000000 844.777156 845 80 0.000000
1659031982343129222 0.000000 795.874505 796 80 0.000000
1659031983343263512 0.000000 832.888126 833 80 0.000000
1659031984343526733 0.000000 784.793354 785 80 0.000000
1659031985343789354 0.000000 765.798954 766 80 0.000000
1659031986344028163 0.000000 820.803977 821 80 0.000000
1659031987344205687 0.000000 780.861378 781 80 0.000000
1659031988344355150 0.000000 772.884513 773 80 0.000000
