1659022729938556710 0.000000 695.971593 696 80 0.000000
1659022730938745546 0.000000 792.850273 793 80 0.000000
1659022731938944161 0.000000 788.843308 789 80 0.000000
1659022732939131164 0.000000 744.860672 745 80 0.000000
1659022733939308349 0.000000 838.851435 839 80 0.000000
1659022734939484252 0.000000 773.863813 774 80 0.000000
1659022735939797834 0.000000 808.746424 809 80 0.000000
1659022736939997953 0.000000 777.844300 778 80 0.000000
1659022737940270589 0.000000 824.775153 825 80 0.000000
1659022738940537074 0.000000 804.785577 805 80 0.000000
1659022739940818777 0.000000 771.782540 772 80 0.000000
1659022740941048693 0.000000 799.816173 800 80 0.000000
1659022741941241701 0.000000 771.850941 772 80 0.000000
1659022742941520230 0.000000 782.782059 783 80 0.000000
1659022743941698341 0.000000 792.858759 793 80 0.000000
1659022744941658934 102.580972 777.030582 777 80 0.000000
1659022745942944442 99.492616 809.958856 811 80 0.000000
1659022746943742015 97.663152 819.346470 820 80 0.000000
1659022747945951236 100.057329 795.243173 797 80 0.000000
1659022748945663846 97.369483 826.237444 826 80 0.000000
1659022749945073999 102.135990 776.457976 776 80 0.000000
1659022750946578248 102.455168 787.814882 789 80 0.000000
1659022751952079343 98.644226 809.546680 814 80 0.000000
1659022752954298124 103.291470 775.279770 777 80 0.000000
1659022753955101440 100.083131 789.365945 790 80 0.000000
1659022754955998002 102.517752 795.286904 796 80 0.000000
1659022755958427979 98.041474 817.014738 819 80 0.000000
1659022756960861304 101.724055 775.113912 777 80 0.000000
1659022757962583415 96.940810 826.576535 828 80 0.000000
1659022758961570457 97.964354 820.831451 820 80 0.000000
1659022759966494052 98.349667 820.957953 825 80 0.000000
1659022760968757188 101.482572 778.238678 780 80 0.000000
1659022761970249029 104.360883 765.857524 767 80 0.000000
1659022762970654583 100.685898 802.674472 803 80 0.000000
1659022763972362700 99.109579 793.644331 795 80 0.000000
1659022764974734992 104.041777 784.139823 786 80 0.000000
1659022765976604703 101.647499 773.553678 775 80 0.000000
1659022766977736770 101.333781 794.101024 795 80 0.000000
1659022767980110987 99.071776 808.081440 810 80 0.000000
1659022768981438683 100.264429 802.933948 804 80 0.000000
1659022769982319240 99.516687 803.292655 804 80 0.000000
1659022770982538507 103.644081 760.833174 761 80 0.000000
1659022771987259335 101.960483 784.297459 788 80 0.000000
1659022772989584051 98.970353 825.081927 827 80 0.000000
1659022773987853253 95.704245 824.426892 823 80 0.000000
1659022774992360973 102.479859 777.495269 781 80 0.000000
1659022775994382221 103.503025 774.434637 776 80 0.000000
1659022776992962788 100.493545 801.137233 800 80 0.000000
1659022777997591024 99.878786 796.314389 800 80 0.000000
1659022778999745984 97.981053 814.245335 816 80 0.000000
1659022780001386339 105.678644 762.748882 764 80 0.000000
1659022781001424991 100.806053 795.969210 796 80 0.000000
1659022781999062761 100.272846 801.894291 800 80 0.000000
1659022783007246928 99.322265 799.457117 806 80 0.000000
1659022784007950928 101.281383 788.444903 789 80 0.000000
1659022785009624627 98.465826 815.634889 817 80 0.000000
1659022786008519065 102.287433 771.853324 771 79 0.000000
1659022787013090228 96.855350 839.164044 843 80 0.000000
1659022788010573550 97.181582 824.073863 822 80 0.000000
1659022789014884366 97.183287 809.510430 813 80 0.000000
1659022790016571972 97.309425 821.613440 823 80 0.000000
1659022791019890968 99.830992 801.340354 804 80 0.000000
1659022792020528637 97.007364 832.469144 833 80 0.000000
1659022793021744320 98.326598 826.994661 828 80 0.000000
1659022794021836806 97.904127 796.926263 797 80 0.000000
1659022795026889004 99.490988 815.878048 820 80 0.000000
1659022796021168902 101.678801 784.487332 780 80 0.000000
1659022797029926838 100.067666 791.071859 798 80 0.000000
1659022798032633879 105.104970 763.931935 766 80 0.000000
1659022799032949356 99.496691 802.746793 803 80 0.000000
1659022800035336297 98.177428 824.033123 826 80 0.000000
1659022801034996225 97.943080 802.272790 802 80 0.000000
1659022802038624234 99.003894 826.003286 829 80 0.000000
1659022803038024816 99.613268 776.465412 776 80 0.000000
1659022804038983290 99.756416 819.214820 820 80 0.000000
1659022805036863562 100.808637 794.684515 793 80 0.000000
1659022806045131191 101.814962 775.587728 782 80 0.000000
1659022807047755960 103.143892 782.944871 785 80 0.000000
1659022808046005025 99.346541 820.436614 819 80 0.000000
1659022809049665927 98.834289 796.085601 799 80 0.000000
1659022810047276475 98.753107 804.923334 803 80 0.000000
1659022811054707538 99.817658 809.980980 816 80 0.000000
1659022812056166622 100.111801 785.853310 787 80 0.000000
1659022813056302256 100.231031 810.890049 811 80 0.000000
1659022814059342937 97.042580 822.499076 825 80 0.000000
1659022815061448014 100.209619 792.332080 794 80 0.000000
1659022816060989384 98.298854 812.372546 812 80 0.000000
1659022817064457026 100.592015 801.221602 804 80 0.000000
1659022818065613285 100.930159 801.073831 802 80 0.000000
1659022819063235306 101.577888 773.840176 772 80 0.000000
1659022820067891058 100.571108 800.274122 804 80 0.000000
1659022821071813604 96.353138 821.776544 825 80 0.000000
1659022822073261601 98.653224 817.815781 819 80 0.000000
1659022823075252115 102.521355 786.434614 788 80 0.000000
1659022824075094041 98.628157 812.128385 812 80 0.000000
1659022825076128813 99.953875 800.171996 801 80 0.000000
1659022826079888436 96.455539 831.872473 835 80 0.000000
1659022827080763490 95.454911 841.263832 842 80 0.000000
1659022828082795863 100.632424 781.411895 783 80 0.000000
1659022829084074274 104.426701 771.014327 772 80 0.000000
1659022830085791778 96.460103 820.590640 822 80 0.000000
1659022831086072509 102.239150 791.777637 792 80 0.000000
1659022832087744047 98.411302 802.658398 804 80 0.000000
1659022833090272954 99.905018 802.969373 805 80 0.000000
1659022834091107704 100.088650 805.327761 806 80 0.000000
1659022835092287601 100.158264 799.057187 800 80 0.000000
1659022836095117883 104.123435 757.855041 760 80 0.000000
1659022837090425229 100.148084 806.785976 803 80 0.000000
1659022838097947521 99.655812 806.930045 813 80 0.000000
1659022839100718102 98.387624 815.739902 818 80 0.000000
1659022840102457970 98.478244 811.587968 813 80 0.000000
1659022841103506523 97.315960 811.149467 812 80 0.000000
1659022842100592536 96.614551 830.419766 828 80 0.000000
1659022843107462264 102.622317 780.637289 786 80 0.000000
1659022844107283827 102.986896 778.138857 778 80 0.000000
1659022845110561130 97.634903 820.311590 823 80 0.000000
1659022846111374994 99.066832 795.352691 796 79 0.000000
1659022847110126120 102.520230 785.981513 785 80 0.000000
1659022848115697706 101.400938 794.572968 799 80 0.000000
1659022849117151370 98.509162 807.825774 809 80 0.000000
1659022850110971000 98.483616 811.012356 806 80 0.000000
1659022851121197926 99.140393 816.648199 825 79 0.000000
1659022852120745737 96.746901 822.371859 822 80 0.000000
1659022853124078045 100.157650 800.333044 803 80 0.000000
1659022854122569135 99.673182 807.217995 806 80 0.000000
1659022855126926916 102.523076 776.615709 780 80 0.000000
1659022856128755826 96.942806 827.486611 829 80 0.000000
1659022857128986639 98.789124 804.814230 805 80 0.000000
1659022858129730605 101.386970 788.413384 789 80 0.000000
1659022859134726183 99.943128 800.003495 804 80 0.000000
1659022860132872418 98.312013 818.517430 817 80 0.000000
1659022861134308052 99.282294 801.848839 803 80 0.000000
1659022862140447225 99.188028 811.020978 816 80 0.000000
1659022863141928875 96.502470 824.777918 826 80 0.000000
1659022864142265999 100.705402 793.732397 794 80 0.000000
1659022865138986933 99.300232 820.691183 818 79 0.000000
1659022866147796264 96.398522 817.795750 825 80 0.000000
1659022867147624525 102.284500 785.134862 785 80 0.000000
1659022868150803279 100.715626 788.493573 791 80 0.000000
1659022869152245005 97.258124 812.828052 814 80 0.000000
1659022870154532828 99.159305 820.123776 822 80 0.000000
1659022871156569251 98.537067 812.345704 814 80 0.000000
1659022872156910544 97.233616 824.718529 825 80 0.000000
1659022873157568162 100.433824 771.492599 772 80 0.000000
1659022874160241639 101.365665 812.826998 815 80 0.000000
1659022875162436229 98.279274 809.224078 811 80 0.000000
1659022876157574227 105.001808 759.693609 756 80 0.000000
1659022877165480648 96.536370 829.442115 836 80 0.000000
1659022878166963293 101.083637 788.830444 790 80 0.000000
1659022879168321215 99.203256 799.913779 801 80 0.000000
1659022880170077914 101.586489 802.590091 804 80 0.000000
1659022881170168109 98.368422 814.926498 815 80 0.000000
1659022882174062628 98.617439 802.873195 806 80 0.000000
1659022883174341648 100.965587 788.779820 789 80 0.000000
1659022884176345391 99.565923 806.384310 808 80 0.000000
1659022885176383419 96.564835 831.968286 832 80 0.000000
1659022886179356431 99.351382 801.616856 804 80 0.000000
1659022887180468483 96.088513 827.080235 828 80 0.000000
1659022888183491069 97.695260 810.550027 813 80 0.000000
1659022889184276789 100.226206 808.364851 809 80 0.000000
1659022890186021118 97.096080 817.573818 819 80 0.000000
1659022891186702915 97.583321 846.423004 847 80 0.000000
1659022892189738996 99.100001 786.611775 789 80 0.000000
1659022893188272013 99.251892 814.194418 813 80 0.000000
1659022894193307885 0.000000 831.811106 836 80 0.000000
1659022895193500315 0.000000 797.846470 798 80 0.000000
1659022896193628253 0.000000 817.895327 818 80 0.000000
1659022897193791008 0.000000 795.870501 796 80 0.000000
1659022898193996643 0.000000 796.836063 797 80 0.000000
1659022899194255247 0.000000 797.793742 798 80 0.000000
1659022900194440214 0.000000 800.851806 801 80 0.000000
1659022901194862005 0.000000 788.667355 789 80 0.000000
1659022902195106023 0.000000 820.799792 821 80 0.000000
1659022903195295218 0.000000 819.844816 820 80 0.000000
1659022904195548764 0.000000 809.794728 810 80 0.000000
1659022905195713604 0.000000 783.870787 784 80 0.000000
1659022906195920041 0.000000 814.831813 815 80 0.000000
1659022907196072839 0.000000 765.882975 766 80 0.000000
1659022908196219971 0.000000 800.882164 801 80 0.000000
