1641928997991541530 145.250948 0.000000
1641928998209547294 145.013423 0.000000
1641928998297438544 145.471100 0.000000
1641928998355236393 145.130421 0.000000
1641928998483584027 177.147667 0.000000
1641928998587943796 144.861078 0.000000
1641928998733034603 145.021468 0.000000
1641928998806316367 145.058156 0.000000
1641928998927068844 177.123011 0.000000
1641928999156094295 145.205232 0.000000
1641928999169127014 144.899890 0.000000
1641928999495653507 145.059700 0.000000
1641928999636374413 177.410249 0.000000
1641928999677438937 144.942209 0.000000
1641928999724916122 177.143821 0.000000
1641928999737657535 144.903878 0.000000
1641928999750427251 144.812196 0.000000
1641928999751131872 144.887487 0.000000
1641928999822636113 145.195222 0.000000
1641928999882767729 145.106727 0.000000
1641928999883145557 144.999616 0.000000
1641929000079511348 177.132177 0.000000
1641929000168078043 177.160230 0.000000
1641929000319113445 145.121095 0.000000
1641929000434071629 177.304611 0.000000
1641929000464569396 145.454169 0.000000
1641929000595360159 177.017744 0.000000
1641929000694495374 144.987244 0.000000
1641929000695445606 145.438440 0.000000
1641929000840427399 144.659930 0.000000
1641929000876010328 144.922382 0.000000
1641929000913086877 144.976012 0.000000
1641929000949573851 176.976256 0.000000
1641929000985058696 144.974270 0.000000
1641929001143444826 177.031509 0.000000
1641929001202646807 144.919746 0.000000
1641929001238714475 144.915118 0.000000
1641929001264133091 145.184933 0.000000
1641929001264165632 145.227233 0.000000
1641929001409193994 145.056474 0.000000
1641929001421652165 145.140800 0.000000
1641929001659315046 177.577864 0.000000
1641929002063700603 144.847160 0.000000
1641929002075110290 144.734800 0.000000
1641929002147225498 144.879411 0.000000
1641929002147630998 145.159576 0.000000
1641929002220970030 144.770207 0.000000
1641929002295741667 177.020479 0.000000
1641929002354488957 145.077994 0.000000
1641929002499809966 145.139128 0.000000
1641929002583941146 144.766870 0.000000
1641929002790484464 144.890682 0.000000
1641929002801812890 145.543316 0.000000
1641929002874111802 144.987945 0.000000
1641929002935663719 145.177591 0.000000
1641929003237602542 145.172530 0.000000
1641929003308292067 176.963702 0.000000
1641929003448671244 176.964374 0.000000
1641929003491390971 144.981793 0.000000
1641929003590006091 144.903136 0.000000
1641929003803211227 176.716179 0.000000
1641929004072099789 144.775818 0.000000
1641929004181234509 144.978167 0.000000
1641929004181902090 144.620005 0.000000
1641929004471645354 145.113510 0.000000
1641929004825899011 144.815021 0.000000
1641929005043845414 145.250908 0.000000
1641929005161951850 145.038771 0.000000
1641929005334535161 145.095177 0.000000
1641929005489517350 144.840288 0.000000
1641929005625471041 145.356085 0.000000
1641929005753015368 177.151243 0.000000
1641929005880011929 176.967319 0.000000
1641929005998120398 144.788950 0.000000
1641929006196701072 177.130645 0.000000
1641929006196757768 177.229120 0.000000
1641929006507241399 144.769546 0.000000
1641929006551138373 177.193544 0.000000
1641929006579426698 144.902926 0.000000
1641929006615191336 145.125312 0.000000
1641929006652983378 144.856770 0.000000
1641929006934689247 145.154037 0.000000
1641929007014783360 145.100917 0.000000
1641929007079866555 145.127015 0.000000
1641929007160988075 144.691830 0.000000
1641929007340713585 145.061123 0.000000
1641929007451260200 144.825731 0.000000
1641929007515695723 145.051965 0.000000
1641929007515817371 145.020296 0.000000
1641929007615636248 177.114706 0.000000
1641929007741544418 144.867228 0.000000
1641929007886939286 144.697731 0.000000
1641929007958802431 145.106067 0.000000
1641929008096649220 177.207379 0.000000
1641929008325322230 176.863905 0.000000
1641929008358014961 144.875954 0.000000
1641929008388992578 145.479567 0.000000
1641929008578922946 177.150603 0.000000
1641929008613343666 144.871918 0.000000
1641929008685182545 144.879511 0.000000
1641929008758667671 144.704714 0.000000
1641929008825451215 145.264915 0.000000
1641929008830733787 144.789414 0.000000
1641929009034775245 177.047319 0.000000
1641929009189135447 145.288487 0.000000
1641929009261765260 145.187909 0.000000
1641929009625384553 144.977446 0.000000
1641929009625415270 145.009727 0.000000
1641929009625456307 145.021077 0.000000
1641929009702179391 144.747815 0.000000
1641929009702186314 144.773552 0.000000
1641929009770677446 145.291571 0.000000
1641929010011396258 177.116188 0.000000
1641929010061241081 145.074959 0.000000
1641929010100212281 177.021381 0.000000
1641929010137856220 145.126091 0.000000
1641929010175384267 177.122619 0.000000
1641929010277523034 177.263545 0.000000
1641929010283611536 144.959684 0.000000
1641929010428456503 144.738798 0.000000
1641929010530051510 177.196400 0.000000
1641929010570559980 145.150498 0.000000
1641929010570571532 145.099503 0.000000
1641929010647431975 144.984368 0.000000
1641929010790834789 144.801175 0.000000
1641929010810026492 177.173525 0.000000
1641929010861125126 145.015657 0.000000
1641929010898471120 176.931773 0.000000
1641929011075814003 177.019096 0.000000
1641929011082693358 144.656384 0.000000
1641929011117733829 144.759376 0.000000
1641929011226818666 144.723329 0.000000
1641929011227273709 144.780206 0.000000
1641929011328136402 177.146896 0.000000
1641929011517121759 144.673396 0.000000
1641929011589650041 144.809831 0.000000
1641929011661267816 145.437457 0.000000
1641929011952075505 144.922502 0.000000
1641929012088110778 176.971506 0.000000
1641929012098782562 144.798961 0.000000
1641929012533676727 145.248504 0.000000
1641929012533729526 145.176399 0.000000
1641929012607853128 145.072934 0.000000
1641929012797780450 177.056276 0.000000
1641929012897868241 145.477582 0.000000
1641929012897911653 145.242933 0.000000
1641929013115440432 144.989047 0.000000
1641929013188005503 144.862859 0.000000
1641929013188706767 145.041705 0.000000
1641929013293870193 177.082817 0.000000
1641929013382629660 177.317676 0.000000
1641929013624499456 144.667083 0.000000
1641929013625652257 145.105434 0.000000
1641929013696838293 145.074497 0.000000
1641929013769348862 144.847943 0.000000
1641929013914917896 145.102130 0.000000
1641929013988494533 145.024353 0.000000
1641929014003722567 176.887510 0.000000
1641929014060230359 144.925367 0.000000
1641929014134611364 145.201215 0.000000
1641929014205123216 144.891405 0.000000
1641929014314189266 144.683804 0.000000
1641929014351965647 144.596982 0.000000
1641929014498020472 145.275043 0.000000
1641929014642844009 144.879121 0.000000
1641929014699366749 177.359314 0.000000
1641929014979203703 176.844139 0.000000
1641929015113362169 145.138417 0.000000
1641929015142609552 177.187080 0.000000
1641929015150377362 144.742615 0.000000
1641929015192937399 177.230211 0.000000
1641929015224641368 145.261197 0.000000
1641929015245407644 176.883943 0.000000
1641929015295697330 145.082813 0.000000
1641929015296821807 145.436425 0.000000
1641929015296871040 144.838615 0.000000
1641929015319571551 176.959985 0.000000
1641929015331529395 145.435645 0.000000
1641929015368644617 144.686309 0.000000
1641929015442412242 145.006069 0.000000
1641929015586318209 145.185335 0.000000
1641929015587133517 144.983036 0.000000
1641929015659032659 145.032759 0.000000
1641929015659136604 145.009956 0.000000
1641929015763219415 177.118122 0.000000
1641929015804119218 144.876184 0.000000
1641929015877960071 144.709433 0.000000
1641929016023263898 144.729861 0.000000
1641929016095892549 145.198139 0.000000
1641929016313191437 145.176658 0.000000
1641929016386328470 145.182990 0.000000
1641929016522714150 177.139471 0.000000
1641929016604365844 145.296293 0.000000
1641929016677955065 144.865596 0.000000
1641929016750630763 144.889941 0.000000
1641929017148767897 145.197127 0.000000
1641929017284873271 177.106589 0.000000
1641929017332040676 144.800714 0.000000
1641929017476275549 145.153626 0.000000
1641929017476606019 144.920980 0.000000
1641929017675649809 177.000501 0.000000
1641929017912837419 144.738248 0.000000
1641929017994167507 176.896273 0.000000
1641929018058798859 145.221733 0.000000
1641929018069511449 177.109496 0.000000
1641929018203432589 145.249875 0.000000
1641929018204335391 144.739859 0.000000
1641929018275685424 144.865073 0.000000
1641929018276365739 145.096296 0.000000
1641929018296024730 177.042610 0.000000
1641929018348636560 145.201677 0.000000
1641929018423947819 176.800627 0.000000
1641929018566698970 144.961034 0.000000
1641929018567352104 145.029693 0.000000
1641929018640112842 144.819029 0.000000
1641929018711752818 145.051894 0.000000
1641929018712144051 144.790374 0.000000
1641929018713690791 144.846129 0.000000
1641929018784391518 145.146763 0.000000
1641929018858168400 144.904389 0.000000
1641929019076132004 145.063645 0.000000
1641929019076404875 144.899107 0.000000
1641929019148240380 145.508791 0.000000
1641929019149511913 145.361685 0.000000
1641929019439307074 144.847982 0.000000
1641929019584596713 145.000477 0.000000
1641929019657839807 144.786639 0.000000
1641929019730726350 145.269354 0.000000
1641929019857813390 177.114083 0.000000
1641929019875470387 144.960624 0.000000
1641929019947869337 145.079096 0.000000
1641929020238647501 145.098935 0.000000
1641929020239249700 144.821114 0.000000
1641929020301939369 177.328487 0.000000
1641929020384606616 145.074617 0.000000
1641929020390104622 176.810225 0.000000
1641929020565319005 145.053187 0.000000
1641929020567497819 176.963642 0.000000
1641929020744700448 177.201247 0.000000
1641929020833528324 177.172504 0.000000
1641929021038538638 145.317290 0.000000
1641929021402944706 144.800092 0.000000
1641929021474432878 144.821643 0.000000
1641929021547343426 144.739980 0.000000
1641929021631449100 177.183114 0.000000
1641929021692715281 144.909368 0.000000
1641929021911005468 145.148125 0.000000
1641929021983216365 144.873300 0.000000
1641929022055842892 144.782812 0.000000
1641929022075123522 176.975576 0.000000
1641929022252547577 176.976646 0.000000
1641929022328355597 177.144391 0.000000
1641929022419926373 144.753485 0.000000
1641929022491967812 144.859996 0.000000
1641929022928592941 144.954984 0.000000
1641929023000792015 144.901873 0.000000
1641929023254305178 145.180918 0.000000
1641929023393398604 177.307727 0.000000
1641929023570523679 177.123582 0.000000
1641929023654089781 145.094465 0.000000
1641929023727566039 144.913867 0.000000
1641929023759783490 177.255741 0.000000
1641929023848593451 177.180950 0.000000
1641929023945216267 144.918616 0.000000
1641929024017979118 145.196848 0.000000
1641929024114481348 177.061405 0.000000
1641929024308162157 144.937551 0.000000
1641929024381320238 177.036451 0.000000
1641929024382313641 145.729356 0.000000
1641929024527624150 144.721104 0.000000
1641929024673503668 144.796909 0.000000
1641929024735536983 177.074895 0.000000
1641929024745072307 145.342752 0.000000
1641929024817970087 144.705568 0.000000
1641929024853331364 145.019978 0.000000
1641929025035399630 144.760091 0.000000
1641929025035470273 144.785109 0.000000
1641929025035863880 145.034476 0.000000
1641929025036889253 145.040708 0.000000
1641929025037396393 145.409139 0.000000
1641929025038212163 177.101196 0.000000
1641929025078820018 177.102484 0.000000
1641929025356768824 177.134574 0.000000
1641929025445469407 176.999953 0.000000
1641929025546447656 144.687468 0.000000
1641929025690924240 144.663624 0.000000
1641929025763931472 144.851726 0.000000
1641929025835011181 144.753711 0.000000
1641929025907962420 145.035521 0.000000
1641929026198919694 144.662435 0.000000
1641929026199987495 144.709483 0.000000
1641929026244077819 177.020083 0.000000
1641929026344182329 144.796171 0.000000
1641929026379753203 145.004383 0.000000
1641929026598784379 176.942975 0.000000
1641929026742836837 145.040811 0.000000
1641929026852830003 145.098866 0.000000
1641929026953263935 177.097696 0.000000
1641929027070507266 144.747683 0.000000
1641929027142710812 144.911849 0.000000
1641929027506485400 145.045598 0.000000
1641929027542206265 144.881112 0.000000
1641929027651588972 145.119361 0.000000
1641929027652426692 145.115544 0.000000
1641929027723943370 144.818454 0.000000
1641929028017654485 177.152221 0.000000
1641929028088364142 144.611987 0.000000
1641929028142504025 177.139234 0.000000
1641929028160741694 144.789350 0.000000
1641929028232337179 145.037823 0.000000
1641929028378823891 144.891461 0.000000
1641929028461307680 176.967161 0.000000
1641929028596543180 145.098549 0.000000
1641929028597013441 144.965780 0.000000
1641929028669630554 144.629511 0.000000
1641929028742085080 145.070527 0.000000
1641929028742873648 144.741290 0.000000
1641929028815510967 144.665797 0.000000
1641929029031930378 144.988121 0.000000
1641929029033317378 144.785221 0.000000
1641929029177870173 145.301037 0.000000
1641929029178019683 144.821449 0.000000
1641929029259054367 177.016975 0.000000
1641929029323731103 144.893676 0.000000
1641929029324019123 144.951745 0.000000
1641929029467957286 145.008920 0.000000
1641929029468939888 145.407697 0.000000
1641929029702790476 177.252487 0.000000
1641929029759590366 144.874609 0.000000
1641929029795736327 144.894025 0.000000
1641929029832161442 144.934642 0.000000
1641929029904841131 144.878817 0.000000
1641929029905318616 144.707446 0.000000
1641929029978438169 145.127312 0.000000
1641929030195502910 145.047664 0.000000
1641929030268132976 144.798106 0.000000
1641929030413711525 144.785111 0.000000
1641929030486712455 144.951201 0.000000
1641929030766821673 176.864609 0.000000
1641929030777638931 144.687768 0.000000
1641929030850050589 144.964078 0.000000
1641929030922947574 144.844524 0.000000
1641929030936446851 177.163099 0.000000
1641929031067703612 144.777658 0.000000
1641929031122097962 176.930483 0.000000
1641929031158370590 177.153581 0.000000
1641929031379531870 176.984675 0.000000
1641929031431928496 144.940483 0.000000
1641929031503591309 145.048075 0.000000
1641929031601686422 177.205888 0.000000
1641929031796320924 145.108889 0.000000
1641929032012558162 145.255472 0.000000
1641929032012696171 145.123334 0.000000
1641929032013128902 144.874668 0.000000
1641929032085521233 144.912069 0.000000
1641929032086371908 144.782957 0.000000
1641929032157808817 144.679034 0.000000
1641929032363528499 177.033194 0.000000
1641929032448930018 144.840205 0.000000
1641929032453045253 176.757921 0.000000
1641929032665773974 144.887384 0.000000
1641929032666266327 145.024791 0.000000
1641929032666306232 145.054026 0.000000
1641929032718187280 177.139654 0.000000
1641929032718906187 177.155703 0.000000
1641929032738614895 144.844652 0.000000
1641929032798923814 177.303632 0.000000
1641929032957696667 144.806672 0.000000
1641929033102569513 144.870543 0.000000
1641929033174067977 145.054396 0.000000
1641929033174679573 145.098599 0.000000
1641929033241963558 177.161816 0.000000
1641929033247824405 144.885840 0.000000
1641929033392448564 145.101385 0.000000
1641929033392944765 144.762910 0.000000
1641929033419097693 177.131860 0.000000
1641929033683625770 145.501094 0.000000
1641929033756497909 144.871843 0.000000
1641929033829003974 144.997329 0.000000
1641929033829272036 145.304765 0.000000
1641929033829394395 144.842910 0.000000
1641929033901436981 144.937489 0.000000
1641929034046898019 144.971350 0.000000
1641929034119575373 144.774141 0.000000
1641929034482769977 144.696206 0.000000
1641929034581347243 176.939859 0.000000
1641929034627951541 144.747380 0.000000
1641929034700728180 144.825948 0.000000
1641929034926469077 177.166275 0.000000
1641929034936359378 177.519267 0.000000
1641929034954749593 145.008250 0.000000
1641929034992000745 144.676968 0.000000
1641929035063758324 144.740315 0.000000
1641929035064264793 144.717772 0.000000
1641929035136348467 144.934712 0.000000
1641929035208965138 145.186967 0.000000
1641929035245274264 145.110281 0.000000
1641929035282034938 145.095704 0.000000
1641929035291123627 177.159904 0.000000
1641929035426889039 145.153772 0.000000
1641929035547167609 177.039418 0.000000
1641929035556947624 177.052794 0.000000
1641929035645472326 144.612006 0.000000
1641929035717535189 145.043686 0.000000
1641929035791337142 144.916849 0.000000
1641929035864182241 144.923871 0.000000
1641929036008538127 145.047733 0.000000
1641929036089262718 177.055277 0.000000
1641929036373005456 144.966392 0.000000
1641929036445546546 145.050560 0.000000
1641929036517363206 144.865131 0.000000
1641929036808167173 145.364458 0.000000
1641929037099533280 144.733072 0.000000
1641929037143128277 177.045578 0.000000
1641929037170976213 145.231790 0.000000
1641929037316822544 145.224575 0.000000
1641929037461452203 144.890749 0.000000
1641929037570436331 144.986429 0.000000
1641929037680233292 144.747983 0.000000
1641929037752106859 144.815749 0.000000
1641929037752790761 144.820357 0.000000
1641929037933486473 145.260613 0.000000
1641929038188181577 145.209658 0.000000
1641929038260708148 144.945662 0.000000
1641929038333264857 144.823824 0.000000
1641929038369146473 144.986199 0.000000
1641929038384647451 177.229723 0.000000
1641929038406686798 144.922199 0.000000
1641929038429025555 176.944128 0.000000
1641929038551628389 145.088106 0.000000
1641929038551685767 144.829161 0.000000
1641929038624728799 144.901538 0.000000
1641929038827939337 177.073589 0.000000
1641929038843308960 144.978235 0.000000
1641929038843774353 144.864302 0.000000
1641929038915173622 144.954229 0.000000
1641929039017382018 176.886682 0.000000
1641929039133584285 144.888073 0.000000
1641929039205630297 144.831840 0.000000
1641929039279055252 144.876313 0.000000
1641929039279341569 144.701685 0.000000
1641929039350681487 145.049467 0.000000
1641929039423632124 144.775534 0.000000
1641929039461000186 176.930202 0.000000
1641929039713716912 144.957897 0.000000
1641929039726883484 177.155677 0.000000
1641929039815706425 177.076797 0.000000
1641929040149742825 144.997176 0.000000
1641929040170628870 177.331263 0.000000
1641929040223690664 144.900898 0.000000
1641929040367865159 144.947274 0.000000
1641929040436281457 177.236357 0.000000
1641929040512787448 145.122043 0.000000
1641929040585746211 145.112024 0.000000
1641929040803939166 144.854543 0.000000
1641929040877627747 144.796603 0.000000
1641929041173877562 145.630727 0.000000
1641929041244069527 146.488344 0.000000
1641929041244111676 146.406721 0.000000
1641929041973064407 144.904465 0.000000
1641929042190907406 145.193957 0.000000
1641929042262466354 145.366592 0.000000
1641929042331597892 177.210758 0.000000
1641929042481290984 177.270840 0.000000
1641929042481475791 144.839414 0.000000
1641929042553298523 145.352024 0.000000
1641929042626832474 144.715802 0.000000
1641929042627048539 144.914023 0.000000
1641929042699773863 144.806401 0.000000
1641929042771479095 145.069053 0.000000
1641929042775525501 177.301829 0.000000
1641929042827653803 177.066528 0.000000
1641929042844396280 145.455608 0.000000
1641929042845381216 144.652773 0.000000
1641929043062256201 145.282053 0.000000
1641929043062897653 144.906639 0.000000
1641929043093445960 177.074893 0.000000
1641929043280644702 144.969117 0.000000
1641929043353474433 145.052904 0.000000
1641929043359183455 177.037795 0.000000
1641929043425779389 145.046572 0.000000
1641929043499603343 145.000395 0.000000
1641929043571688738 145.104901 0.000000
1641929043573262588 177.082398 0.000000
1641929043715943475 144.722233 0.000000
1641929043716415219 144.872465 0.000000
1641929043716483878 145.008340 0.000000
1641929043934836664 144.952736 0.000000
1641929043980206947 176.965588 0.000000
1641929043989467006 177.057070 0.000000
1641929044078644302 177.006244 0.000000
1641929044115339393 145.127563 0.000000
1641929044152256930 145.099901 0.000000
1641929044344276269 177.200117 0.000000
1641929044371151872 144.623439 0.000000
1641929044371453327 144.843882 0.000000
1641929044515185563 144.988421 0.000000
1641929044623660216 145.125790 0.000000
1641929044660373131 144.712828 0.000000
1641929044806111899 144.824545 0.000000
1641929044841443483 145.054946 0.000000
1641929045023730959 144.905457 0.000000
1641929045044802842 176.948507 0.000000
1641929045315085677 144.768070 0.000000
1641929045459572129 145.367925 0.000000
1641929045488511099 177.273386 0.000000
1641929045605462442 144.853810 0.000000
1641929045749980901 145.033284 0.000000
1641929045823250789 144.917881 0.000000
1641929045895766440 144.937068 0.000000
1641929045969883393 145.387961 0.000000
1641929046041350879 145.124597 0.000000
1641929046057624768 177.076878 0.000000
1641929046114779062 145.275631 0.000000
1641929046186731768 145.086948 0.000000
1641929046187486924 145.667837 0.000000
1641929046295649541 144.972002 0.000000
1641929046332575163 144.846025 0.000000
1641929046383645172 176.962843 0.000000
1641929046478530168 145.371802 0.000000
1641929046550103392 144.759623 0.000000
1641929046695027093 144.921687 0.000000
1641929046768377620 145.390056 0.000000
1641929046768828766 144.814146 0.000000
1641929047058881453 145.086075 0.000000
1641929047058915376 144.841156 0.000000
1641929047359253866 177.116371 0.000000
1641929047422046200 144.798538 0.000000
1641929047639723939 145.036683 0.000000
1641929047641255551 144.685435 0.000000
1641929047713055420 144.980166 0.000000
1641929047713872903 177.000936 0.000000
1641929047713893471 176.930042 0.000000
1641929047881646148 177.051609 0.000000
1641929047931097072 145.049978 0.000000
1641929048004727663 144.919572 0.000000
1641929048076437484 144.868587 0.000000
1641929048147248060 176.911127 0.000000
1641929048223022039 144.953988 0.000000
1641929048294725759 145.164473 0.000000
1641929048424218001 177.137240 0.000000
1641929048440427728 144.651781 0.000000
1641929048512249099 145.010525 0.000000
1641929048657130350 145.282674 0.000000
1641929048658765545 144.725058 0.000000
1641929048729931045 144.864781 0.000000
1641929049034118761 177.228611 0.000000
1641929049094157934 145.362875 0.000000
1641929049240414883 145.205028 0.000000
1641929049240488602 145.153872 0.000000
1641929049311673770 144.970730 0.000000
1641929049456861696 145.189559 0.000000
1641929049576829884 177.027884 0.000000
1641929049665580140 177.030872 0.000000
1641929049893883900 144.719749 0.000000
1641929049894276897 145.134737 0.000000
1641929050039493637 144.803225 0.000000
1641929050184979973 144.925845 0.000000
1641929050257084243 145.147571 0.000000
1641929050402554549 144.917259 0.000000
1641929050402719839 144.924072 0.000000
1641929050547251956 145.049727 0.000000
1641929050620224463 144.933991 0.000000
1641929050620275990 145.236668 0.000000
1641929050692311031 145.084693 0.000000
1641929050728520641 145.075646 0.000000
1641929050758075095 177.030530 0.000000
1641929050946376154 145.201012 0.000000
1641929050996189817 176.883144 0.000000
1641929051128761242 144.881382 0.000000
1641929051128899632 144.863078 0.000000
1641929051129387957 144.915065 0.000000
1641929051173451821 176.903411 0.000000
1641929051346298007 144.913071 0.000000
1641929051346597038 144.850554 0.000000
1641929051418984078 145.183427 0.000000
1641929051419167392 145.004733 0.000000
1641929051491315273 145.016134 0.000000
1641929051492222724 145.115420 0.000000
1641929051492624407 144.779861 0.000000
1641929051564107584 145.122434 0.000000
1641929051606094966 176.911918 0.000000
1641929051637314301 144.694923 0.000000
1641929051637886844 144.746089 0.000000
1641929051872025071 177.161696 0.000000
1641929051928068052 145.131721 0.000000
1641929052000545091 144.965409 0.000000
1641929052000766486 144.854110 0.000000
1641929052048995459 176.967181 0.000000
1641929052060826999 177.550966 0.000000
1641929052073208899 144.747600 0.000000
1641929052073510695 144.979114 0.000000
1641929052219033881 145.559203 0.000000
1641929052237848783 176.969746 0.000000
1641929052291105350 144.967944 0.000000
1641929052415150080 177.237749 0.000000
1641929052654611837 145.163931 0.000000
1641929052727697658 144.709239 0.000000
1641929052764045697 145.124477 0.000000
1641929052982028448 145.070787 0.000000
1641929053090883694 144.904745 0.000000
1641929053164139984 145.029720 0.000000
1641929053164213392 145.014743 0.000000
1641929053236782643 145.199738 0.000000
1641929053237202640 145.219074 0.000000
1641929053417856633 145.061939 0.000000
1641929053479394055 176.933999 0.000000
1641929053599830300 144.818463 0.000000
1641929053600190656 144.974646 0.000000
1641929053656942846 177.546898 0.000000
1641929053923013947 177.187024 0.000000
1641929054011393176 176.872975 0.000000
1641929054109121102 144.644637 0.000000
1641929054109496236 144.690775 0.000000
1641929054254953096 145.228963 0.000000
1641929054400334485 144.765374 0.000000
1641929054444601099 177.683243 0.000000
1641929054472050257 144.931125 0.000000
1641929054632523779 176.951492 0.000000
1641929054690486057 144.618208 0.000000
1641929054721278453 177.052712 0.000000
1641929054763520471 144.929112 0.000000
1641929054836695609 144.813665 0.000000
1641929055075690381 177.160093 0.000000
1641929055076076405 177.125970 0.000000
1641929055191566899 177.064454 0.000000
1641929055198814916 145.388192 0.000000
1641929055199237448 145.366752 0.000000
1641929055253298734 177.221708 0.000000
1641929055416915789 144.580819 0.000000
1641929055634832776 145.161937 0.000000
1641929055780241427 144.933059 0.000000
1641929055853280821 144.940042 0.000000
1641929056361506064 144.674174 0.000000
1641929056433333886 145.009601 0.000000
1641929056652605704 145.196713 0.000000
1641929056724092557 145.205490 0.000000
1641929056724352184 144.953408 0.000000
1641929056875446172 176.821659 0.000000
1641929057026560268 176.926535 0.000000
1641929057160583184 145.014111 0.000000
1641929057269807150 145.223853 0.000000
1641929057306243346 144.837730 0.000000
1641929057380104148 145.326175 0.000000
1641929057777974657 145.167299 0.000000
1641929057887723848 144.975359 0.000000
1641929057888137623 144.996479 0.000000
1641929058028979112 177.308252 0.000000
1641929058032625948 144.900787 0.000000
1641929058178519437 145.179560 0.000000
1641929058252127186 144.836628 0.000000
1641929058323526996 144.949420 0.000000
1641929058395634983 144.992540 0.000000
1641929058542614128 144.695103 0.000000
1641929058686410946 144.854391 0.000000
1641929058687468448 145.100141 0.000000
1641929058879415722 176.900436 0.000000
1641929058978914507 145.002909 0.000000
1641929059012897554 145.060016 0.000000
1641929059050554828 144.743575 0.000000
1641929059051757823 144.811352 0.000000
1641929059157787501 177.215086 0.000000
1641929059196843749 145.084553 0.000000
1641929059268439736 144.931887 0.000000
1641929059339836530 144.950762 0.000000
1641929059413020924 144.706292 0.000000
1641929059512598218 177.402798 0.000000
1641929059703958832 145.031223 0.000000
1641929059705460226 144.776846 0.000000
1641929059775938848 145.205730 0.000000
1641929059775958705 145.017767 0.000000
1641929059849691068 144.714128 0.000000
1641929059921726610 144.940323 0.000000
1641929059922764676 144.835397 0.000000
1641929059923244245 144.851968 0.000000
1641929059993694514 144.996979 0.000000
1641929059995119846 145.475555 0.000000
1641929060431419074 144.685445 0.000000
1641929060488533474 177.435350 0.000000
1641929060503062361 144.919965 0.000000
1641929060564930892 177.083119 0.000000
1641929060648643524 144.797955 0.000000
1641929060665620039 177.085353 0.000000
1641929060756878406 145.014441 0.000000
1641929061020277106 177.127772 0.000000
1641929061085759973 144.723445 0.000000
1641929061157292001 144.827881 0.000000
1641929061158426287 144.904244 0.000000
1641929061186008305 177.244913 0.000000
1641929061198010935 176.912629 0.000000
1641929061448214479 144.927168 0.000000
1641929061449045006 144.692629 0.000000
1641929061463933666 177.186561 0.000000
1641929061666817022 145.216060 0.000000
1641929061884742386 144.836268 0.000000
1641929061884929036 145.275442 0.000000
1641929061886069213 145.048606 0.000000
1641929062174746001 144.813385 0.000000
1641929062176838403 145.029469 0.000000
1641929062321933977 144.765816 0.000000
1641929062465016553 145.125726 0.000000
1641929062516748534 177.076635 0.000000
1641929062528309648 176.853187 0.000000
1641929062756912549 144.898915 0.000000
1641929062903219713 144.932538 0.000000
1641929062974892945 145.064165 0.000000
1641929063048927715 177.256294 0.000000
1641929063118908264 144.793117 0.000000
1641929063237621189 176.899565 0.000000
1641929063482261633 144.752950 0.000000
1641929063629484254 145.099451 0.000000
1641929063845292588 145.030583 0.000000
1641929063845517901 144.838021 0.000000
1641929064124541393 177.042723 0.000000
1641929064137725367 144.641992 0.000000
1641929064208557043 144.714639 0.000000
1641929064213635743 177.157860 0.000000
1641929064498655155 145.081697 0.000000
1641929064573392260 144.894906 0.000000
1641929064646282654 145.057531 0.000000
1641929064655949757 176.912789 0.000000
1641929064791138088 144.711975 0.000000
1641929064970579117 145.051831 0.000000
1641929065088755536 176.954627 0.000000
1641929065227260244 144.848921 0.000000
1641929065297754956 145.085213 0.000000
1641929065297942979 144.915526 0.000000
1641929065366067899 176.907650 0.000000
1641929065371579782 144.708037 0.000000
1641929065454822383 176.935071 0.000000
1641929065515861549 145.137060 0.000000
1641929065551811093 145.062992 0.000000
1641929065621216884 177.154332 0.000000
1641929065630946113 177.169420 0.000000
1641929065880966502 144.863468 0.000000
1641929065897973605 177.071226 0.000000
1641929065922930912 177.080304 0.000000
1641929065953489920 144.910768 0.000000
1641929065986614617 176.971560 0.000000
1641929066025739512 144.772298 0.000000
1641929066244105561 144.718175 0.000000
1641929066315510802 145.117915 0.000000
1641929066387750706 145.335505 0.000000
1641929066388229434 144.737093 0.000000
1641929066388307129 144.791104 0.000000
1641929066496098901 145.164493 0.000000
1641929066607016733 144.971701 0.000000
1641929066679233544 145.156087 0.000000
1641929066969128074 145.044376 0.000000
1641929067187324346 144.802804 0.000000
1641929067333555087 144.771355 0.000000
1641929067550604880 144.900568 0.000000
1641929067551644088 145.260944 0.000000
1641929067623404824 144.847438 0.000000
1641929067658966600 145.130940 0.000000
1641929067696528325 176.849300 0.000000
1641929067768104405 144.808695 0.000000
1641929067839322925 177.158530 0.000000
1641929067937773896 176.836757 0.000000
1641929068204681263 144.953428 0.000000
1641929068277000306 145.375177 0.000000
1641929068277977297 144.786634 0.000000
1641929068380834699 176.874177 0.000000
1641929068381178553 176.990204 0.000000
1641929068422726922 144.748693 0.000000
1641929068495015197 144.962934 0.000000
1641929068639861753 144.845413 0.000000
1641929068902801591 176.761915 0.000000
1641929068913315231 177.158848 0.000000
1641929069003966822 144.830827 0.000000
1641929069221009011 145.163671 0.000000
1641929069512322021 144.706334 0.000000
1641929069585927013 145.080724 0.000000
1641929069876149789 145.166746 0.000000
1641929069876408605 145.376400 0.000000
1641929069876709088 145.181835 0.000000
1641929069947950731 144.853689 0.000000
1641929069948519387 144.864309 0.000000
1641929070094503136 145.272536 0.000000
1641929070167097524 144.964317 0.000000
1641929070243958241 176.869288 0.000000
1641929070311389963 145.054918 0.000000
1641929070312906927 144.832732 0.000000
1641929070332183002 177.022805 0.000000
1641929070499234474 177.221567 0.000000
1641929070509356640 176.949447 0.000000
1641929070530084788 144.860704 0.000000
1641929070675415682 144.822591 0.000000
1641929070710164395 145.046010 0.000000
1641929070748700366 145.173921 0.000000
1641929070748867870 144.979366 0.000000
1641929070820523228 145.106855 0.000000
1641929070893423538 144.555317 0.000000
1641929071257459920 144.988152 0.000000
1641929071547532013 145.203815 0.000000
1641929071619090061 144.865993 0.000000
1641929071620851733 145.478682 0.000000
1641929071750691127 176.905777 0.000000
1641929071764175365 144.696415 0.000000
1641929071910585302 144.826398 0.000000
1641929072055530564 145.154915 0.000000
1641929072055575818 144.989214 0.000000
1641929072096116597 177.213202 0.000000
1641929072193933790 177.268807 0.000000
1641929072418445912 145.028737 0.000000
1641929072725692522 177.125848 0.000000
1641929072744454053 145.120299 0.000000
1641929072814546951 177.087495 0.000000
1641929072854766971 144.791513 0.000000
1641929073000988455 144.853820 0.000000
1641929073072335255 144.873307 0.000000
1641929073168848273 176.847186 0.000000
1641929073194098849 177.224573 0.000000
1641929073218297743 144.816400 0.000000
1641929073435101545 177.249250 0.000000
1641929073435891916 145.080986 0.000000
1641929073436559808 144.824124 0.000000
1641929073508079973 144.801091 0.000000
1641929073523768324 177.639802 0.000000
1641929073581038745 144.902542 0.000000
1641929073834867636 145.480246 0.000000
1641929073979953160 145.083861 0.000000
1641929074090334035 145.052802 0.000000
1641929074235482157 144.943207 0.000000
1641929074581540385 177.323910 0.000000
1641929074962326024 145.055798 0.000000
1641929075322879656 177.253449 0.000000
1641929075326910482 144.852638 0.000000
1641929075398622075 144.956271 0.000000
1641929075472064724 144.737332 0.000000
1641929075474542940 176.829884 0.000000
1641929075616639632 144.930223 0.000000
1641929075616959031 145.102026 0.000000
1641929075651419251 176.875169 0.000000
1641929075740925124 176.964166 0.000000
1641929075761449129 144.808264 0.000000
1641929075823842304 176.880107 0.000000
1641929075834885817 145.099851 0.000000
1641929075979929443 145.043185 0.000000
1641929075980868223 145.148933 0.000000
1641929076053332638 144.967012 0.000000
1641929076088222995 145.186704 0.000000
1641929076197455077 144.975438 0.000000
1641929076198438450 145.144714 0.000000
1641929076208533085 176.828702 0.000000
1641929076344312093 144.939050 0.000000
1641929076706672901 145.007287 0.000000
1641929076706728204 144.683659 0.000000
1641929076706840966 144.902691 0.000000
1641929076707107085 144.621153 0.000000
1641929076707493840 144.989383 0.000000
1641929076829551986 177.334909 0.000000
1641929076980490263 177.081645 0.000000
1641929076997627119 144.980568 0.000000
1641929077105538955 144.993431 0.000000
1641929077288580213 145.363826 0.000000
1641929077360873458 145.149524 0.000000
1641929077360934883 144.914224 0.000000
1641929077468428105 145.022486 0.000000
1641929077506098444 144.684092 0.000000
1641929077942188259 145.078712 0.000000
1641929077942567370 144.722735 0.000000
1641929078232880715 144.865111 0.000000
1641929078304883313 144.767366 0.000000
1641929078305802627 145.471116 0.000000
1641929078307183375 145.161766 0.000000
1641929078379558445 144.840085 0.000000
1641929078413117986 145.167488 0.000000
1641929078742639732 144.862083 0.000000
1641929078780093145 177.001104 0.000000
1641929078960895766 144.879346 0.000000
1641929079031645067 145.101554 0.000000
1641929079104025225 144.790172 0.000000
1641929079105133913 144.835187 0.000000
1641929079322441969 144.852199 0.000000
1641929079373622515 177.010835 0.000000
1641929079395377277 144.962874 0.000000
1641929079400715695 176.969787 0.000000
1641929079467949434 145.487248 0.000000
1641929079468620412 144.572833 0.000000
1641929079612863588 144.910597 0.000000
1641929079613407638 144.909475 0.000000
1641929079639300728 176.973363 0.000000
1641929079685796231 145.651154 0.000000
1641929079728141042 177.067929 0.000000
1641929079757939474 145.291490 0.000000
1641929079904317350 144.902630 0.000000
1641929079977310077 144.690474 0.000000
1641929079993794259 177.121210 0.000000
1641929080048454278 145.162340 0.000000
1641929080082216007 176.943848 0.000000
1641929080266330760 144.842870 0.000000
1641929080287517397 177.198415 0.000000
1641929080339177120 144.987470 0.000000
1641929080340437993 144.852155 0.000000
1641929080486997461 145.340182 0.000000
1641929080525652226 177.094911 0.000000
1641929080630851287 145.368896 0.000000
1641929080776985307 145.245805 0.000000
1641929080921883239 145.498368 0.000000
1641929080993887813 145.308192 0.000000
1641929080994322668 145.316026 0.000000
1641929080994577395 144.582121 0.000000
1641929081067446480 144.891521 0.000000
1641929081146398576 177.003939 0.000000
1641929081211890572 144.790982 0.000000
1641929081238122608 177.148792 0.000000
1641929081429695610 144.910878 0.000000
1641929081681557692 177.000614 0.000000
1641929081720625180 145.349860 0.000000
1641929081721846219 145.136981 0.000000
1641929081767068174 177.185751 0.000000
1641929081865891803 145.253069 0.000000
1641929081866456642 145.231007 0.000000
1641929082302486746 177.104740 0.000000
1641929082448452931 144.998000 0.000000
1641929082448897234 145.477579 0.000000
1641929082476300696 176.944318 0.000000
1641929082594707407 144.985056 0.000000
1641929082653680862 177.085694 0.000000
1641929082834417980 176.913150 0.000000
1641929082847870729 145.077158 0.000000
1641929082919383270 177.133142 0.000000
1641929083031189578 144.883556 0.000000
1641929083176140750 144.957634 0.000000
1641929083176408412 145.283956 0.000000
1641929083321334517 144.925674 0.000000
1641929083321447599 144.895598 0.000000
1641929083455357844 177.035690 0.000000
1641929083466920230 144.990778 0.000000
1641929083466969562 145.140828 0.000000
1641929083502143020 144.777458 0.000000
1641929083539186212 145.122173 0.000000
1641929083717698751 176.981188 0.000000
1641929083903014973 145.204299 0.000000
1641929083903255494 144.944812 0.000000
1641929084120385857 144.810409 0.000000
1641929084265271437 144.885028 0.000000
1641929084410344198 145.101505 0.000000
1641929084483805702 144.938168 0.000000
1641929084484625579 145.080515 0.000000
1641929084556231024 144.814576 0.000000
1641929084556694022 145.545256 0.000000
1641929084556980740 145.571796 0.000000
1641929084628345734 145.179300 0.000000
1641929084629777979 144.988232 0.000000
1641929084773467636 145.014562 0.000000
1641929084774928645 144.690874 0.000000
1641929084919385551 145.005584 0.000000
1641929084992446683 145.121553 0.000000
1641929084992509972 144.983474 0.000000
1641929084993189356 145.505703 0.000000
1641929085052126384 177.164092 0.000000
1641929085077662645 177.115860 0.000000
1641929085210395603 145.066379 0.000000
1641929085314009682 177.045499 0.000000
1641929085355754519 144.866914 0.000000
1641929085491118299 176.890407 0.000000
1641929085646623827 144.750867 0.000000
1641929085863968171 144.815007 0.000000
1641929085936570113 144.856553 0.000000
1641929086009469125 145.024310 0.000000
1641929086189737013 144.794518 0.000000
1641929086288917451 176.779288 0.000000
1641929086289118898 177.031201 0.000000
1641929086808821529 145.147702 0.000000
1641929086882417586 144.972073 0.000000
1641929087004774401 178.557311 0.000000
1641929087100394556 144.860653 0.000000
1641929087181807125 177.031843 0.000000
1641929087250092818 145.090254 0.000000
1641929087392418506 177.091622 0.000000
1641929087467048182 145.074333 0.000000
1641929087540848130 144.742512 0.000000
1641929087569493952 177.074144 0.000000
1641929087613426219 144.777506 0.000000
1641929087623266857 177.088539 0.000000
1641929088048528253 145.063392 0.000000
1641929088155769583 177.023808 0.000000
1641929088194986059 145.129857 0.000000
1641929088263826752 145.053595 0.000000
1641929088338923482 145.018690 0.000000
1641929088484486020 145.090153 0.000000
1641929088701907769 144.716121 0.000000
1641929088703051773 144.559256 0.000000
1641929089308628648 176.887251 0.000000
1641929089308648786 177.062701 0.000000
1641929089464523533 145.073800 0.000000
1641929089751547905 176.983961 0.000000
1641929089790955551 145.068833 0.000000
1641929089790982522 145.087758 0.000000
1641929089791899240 144.916616 0.000000
1641929089792786474 145.218243 0.000000
1641929089864843856 144.658694 0.000000
1641929089900362762 145.060329 0.000000
1641929090009289099 145.465565 0.000000
1641929090083343827 145.017899 0.000000
1641929090301361203 145.070807 0.000000
1641929090445861327 145.320652 0.000000
1641929090460364355 176.908278 0.000000
1641929090460891714 176.729003 0.000000
1641929090519443339 144.798747 0.000000
1641929090673795425 177.113988 0.000000
1641929090772188328 145.215249 0.000000
1641929090850961169 177.164711 0.000000
1641929090883090281 145.209899 0.000000
1641929090992202066 177.032293 0.000000
1641929091101010133 144.838261 0.000000
1641929091135541096 145.246587 0.000000
1641929091245197151 145.130126 0.000000
1641929091246143675 144.919071 0.000000
1641929091258295957 177.008046 0.000000
1641929091318512063 145.112305 0.000000
1641929091391300385 145.315487 0.000000
1641929091391440628 145.316259 0.000000
1641929091524569988 177.102586 0.000000
1641929091682116802 144.709538 0.000000
1641929091827210230 144.783929 0.000000
1641929091972084230 144.980559 0.000000
1641929091972354286 145.178261 0.000000
1641929092007902956 145.572636 0.000000
1641929092263581585 145.069788 0.000000
1641929092335458910 144.999152 0.000000
1641929092408464429 145.148501 0.000000
1641929092500108700 176.803415 0.000000
1641929092734500452 144.787204 0.000000
1641929092844207903 144.740577 0.000000
1641929092989068448 144.916881 0.000000
1641929093062447376 145.083068 0.000000
1641929093096837918 144.861125 0.000000
1641929093120593181 177.239403 0.000000
1641929093120646591 177.017628 0.000000
1641929093280327836 145.009433 0.000000
1641929093352147563 145.031383 0.000000
1641929093497449103 145.042304 0.000000
1641929093570287710 144.972744 0.000000
1641929093571215338 145.400115 0.000000
1641929093571407208 145.411596 0.000000
1641929093571762654 145.468392 0.000000
1641929093716068886 144.686023 0.000000
1641929093860785360 144.971572 0.000000
1641929093860878485 145.101306 0.000000
1641929094007415929 144.833360 0.000000
1641929094187056163 145.318271 0.000000
1641929094224928010 144.921537 0.000000
1641929094369188697 144.837027 0.000000
1641929094370424393 144.831136 0.000000
1641929094450467926 176.992829 0.000000
1641929094515063712 145.105042 0.000000
1641929094659895641 144.831157 0.000000
1641929094660689750 144.746529 0.000000
1641929094950676983 144.781504 0.000000
1641929094982904487 176.907709 0.000000
1641929095160087334 176.793977 0.000000
1641929095314920662 144.745147 0.000000
1641929095532286567 144.779081 0.000000
1641929095533038907 145.098900 0.000000
1641929095551882321 177.062559 0.000000
1641929095604755971 145.015443 0.000000
1641929095605307846 144.785973 0.000000
1641929095677935226 145.648981 0.000000
1641929095678472784 145.004241 0.000000
1641929095712631578 145.103265 0.000000
1641929095896194625 144.659605 0.000000
1641929095906657840 177.558490 0.000000
1641929096046618615 176.883992 0.000000
1641929096113665697 144.881853 0.000000
1641929096185871347 144.630654 0.000000
1641929096186615392 144.785274 0.000000
1641929096259107038 144.741039 0.000000
1641929096261105335 176.957255 0.000000
1641929096367008496 145.116523 0.000000
1641929096404073981 144.989976 0.000000
1641929096840578331 145.095390 0.000000
1641929096840716921 144.884225 0.000000
1641929096882046891 177.213983 0.000000
1641929096985143432 144.812495 0.000000
1641929097093003251 144.979946 0.000000
1641929097288673624 176.871973 0.000000
1641929097348125145 144.833693 0.000000
1641929097377418570 176.945101 0.000000
1641929097502231009 176.910655 0.000000
1641929097554523669 176.859490 0.000000
1641929097566072678 144.858838 0.000000
1641929097731875191 176.816659 0.000000
1641929097856071645 144.782546 0.000000
1641929098366368062 145.075125 0.000000
1641929098707046562 177.256211 0.000000
1641929098947317277 144.902121 0.000000
1641929098972704508 177.291258 0.000000
1641929099150433147 177.069343 0.000000
1641929099163952762 145.135558 0.000000
1641929099275940850 177.254310 0.000000
1641929099309041713 144.743443 0.000000
1641929099311347776 144.812713 0.000000
1641929099382288754 144.814856 0.000000
1641929099593858715 176.879138 0.000000
1641929099599340831 144.880489 0.000000
1641929099673965574 144.733242 0.000000
1641929099674141614 144.852215 0.000000
1641929099747046587 144.915525 0.000000
1641929099891389559 144.692647 0.000000
1641929099891631222 144.695222 0.000000
1641929099962837760 144.908572 0.000000
1641929100254875248 144.868781 0.000000
1641929100400130159 144.734836 0.000000
1641929100481102684 177.099138 0.000000
1641929100763144602 144.773288 0.000000
1641929100908543415 144.655219 0.000000
1641929100980766948 144.782436 0.000000
1641929101190581677 177.412145 0.000000
1641929101272218658 144.774501 0.000000
1641929101279860574 177.418128 0.000000
1641929101415683253 144.850142 0.000000
1641929101417009329 144.789479 0.000000
1641929101561718548 145.230907 0.000000
1641929101706691111 144.806481 0.000000
1641929101779237129 144.603241 0.000000
1641929101851792645 144.823362 0.000000
1641929101852624435 144.637244 0.000000
1641929101887401239 145.118676 0.000000
1641929102254891172 176.980125 0.000000
1641929102433759728 144.750546 0.000000
1641929102520423192 176.865112 0.000000
1641929102579624984 144.623799 0.000000
1641929102608700160 176.924102 0.000000
1641929102723655331 144.665277 0.000000
1641929102786185874 176.752359 0.000000
1641929102903355476 144.765094 0.000000
1641929103014279208 144.971611 0.000000
1641929103140993653 177.071246 0.000000
1641929103176591856 177.061858 0.000000
1641929103266491937 145.164351 0.000000
1641929103304904719 144.757430 0.000000
1641929103318105956 177.110550 0.000000
1641929103448990759 145.022917 0.000000
1641929103449260013 145.004622 0.000000
1641929103449626060 145.223753 0.000000
1641929103494969723 176.862625 0.000000
1641929103495407714 176.763239 0.000000
1641929103523926264 145.380214 0.000000
1641929103594803666 144.743382 0.000000
1641929103668294035 145.551181 0.000000
1641929103708830998 177.096757 0.000000
1641929103739858764 145.342877 0.000000
1641929103740897261 144.723326 0.000000
1641929103812428877 144.742120 0.000000
1641929103938934390 177.152969 0.000000
1641929104030330165 145.077198 0.000000
1641929104030358008 144.947115 0.000000
1641929104102892984 145.025321 0.000000
1641929104104079568 145.280619 0.000000
1641929104115712486 177.093457 0.000000
1641929104175797826 145.034889 0.000000
1641929104394449681 144.780573 0.000000
1641929104429535424 145.064094 0.000000
1641929104466366329 145.162508 0.000000
1641929104466414479 145.166145 0.000000
1641929104595885442 177.136438 0.000000
1641929104611538376 145.131320 0.000000
1641929104683791474 144.979364 0.000000
1641929104737093097 177.159422 0.000000
1641929104792364251 144.959688 0.000000
1641929104830368415 144.788308 0.000000
1641929104903247979 144.865061 0.000000
1641929105047127492 145.064003 0.000000
1641929105047570522 144.801401 0.000000
1641929105092022845 177.214394 0.000000
1641929105192021007 144.971732 0.000000
1641929105193023987 144.894497 0.000000
1641929105268987190 177.103395 0.000000
1641929105411882279 144.786635 0.000000
1641929105557122252 144.624960 0.000000
1641929105774874131 145.553653 0.000000
1641929105847168707 144.947415 0.000000
1641929105992212263 145.206130 0.000000
1641929106064833962 144.780663 0.000000
1641929106210172692 145.049277 0.000000
1641929106211167096 145.141299 0.000000
1641929106422556135 176.777024 0.000000
1641929106427484644 144.773148 0.000000
1641929106572904657 144.751820 0.000000
1641929106573964233 145.002099 0.000000
1641929106645364834 144.973284 0.000000
1641929106646211341 145.173690 0.000000
1641929106688506098 177.075463 0.000000
1641929107082812164 144.673653 0.000000
1641929107154886287 144.700753 0.000000
1641929107444894710 144.923240 0.000000
1641929107662589952 144.969476 0.000000
1641929107954806265 144.805820 0.000000
1641929108026243053 144.639297 0.000000
1641929108099372266 145.346123 0.000000
1641929108315679995 144.848489 0.000000
1641929108461461795 144.926146 0.000000
1641929108681010462 145.162859 0.000000
1641929108753231271 145.213154 0.000000
1641929108787197433 145.130587 0.000000
1641929108825277351 144.979555 0.000000
1641929108898749306 145.229464 0.000000
1641929109170171627 176.953265 0.000000
1641929109189205859 144.871723 0.000000
1641929109332072353 145.059585 0.000000
1641929109334690401 144.766746 0.000000
1641929109348443123 177.112784 0.000000
1641929109408083508 144.739456 0.000000
1641929109695387943 144.953416 0.000000
1641929109790633894 176.759992 0.000000
1641929109915761846 144.987993 0.000000
1641929109986197798 144.875279 0.000000
1641929110348967184 144.886031 0.000000
1641929110412216702 177.652324 0.000000
1641929110641479981 145.015975 0.000000
1641929110821151782 145.254451 0.000000
1641929110943371411 176.915083 0.000000
1641929111003966465 144.957173 0.000000
1641929111038687114 144.932507 0.000000
1641929111222809389 144.709400 0.000000
1641929111386391998 177.026832 0.000000
1641929111513141369 144.892422 0.000000
1641929111729243585 144.957795 0.000000
1641929111802217484 145.119036 0.000000
1641929111909863462 144.884098 0.000000
1641929112092177337 144.820187 0.000000
1641929112092983589 145.010995 0.000000
1641929112165383321 144.715922 0.000000
1641929112238548511 144.754304 0.000000
1641929112238888018 145.138012 0.000000
1641929112715882825 177.063742 0.000000
1641929113000023379 144.785833 0.000000
1641929113037183519 145.129085 0.000000
1641929113038388498 144.871292 0.000000
1641929113109552157 144.711534 0.000000
1641929113255391814 144.955990 0.000000
1641929113328467232 144.815816 0.000000
1641929113336164912 176.978511 0.000000
1641929113400304043 144.911868 0.000000
1641929113401119772 144.663051 0.000000
1641929113508624256 144.877718 0.000000
1641929113690934664 177.047602 0.000000
1641929113908746140 145.088186 0.000000
1641929113909590292 144.804234 0.000000
1641929113910298320 144.900544 0.000000
1641929114045796695 176.901258 0.000000
1641929114055173322 144.874451 0.000000
1641929114126382064 144.825137 0.000000
1641929114128265725 145.321928 0.000000
1641929114417319830 144.937186 0.000000
1641929114440918838 177.150945 0.000000
1641929114491023808 144.986761 0.000000
1641929114707686114 144.749037 0.000000
1641929114780194699 144.945880 0.000000
1641929114781455723 144.962401 0.000000
1641929114781789759 144.951591 0.000000
1641929114795372222 177.101191 0.000000
1641929114853520502 144.760875 0.000000
1641929115144013912 144.781784 0.000000
1641929115198568725 177.324962 0.000000
1641929115289112572 145.243181 0.000000
1641929115416002938 177.194287 0.000000
1641929115435029586 145.217804 0.000000
1641929115508121488 144.874530 0.000000
1641929115580815222 144.711131 0.000000
1641929115642096714 177.231106 0.000000
1641929115798850202 145.218373 0.000000
1641929115819628173 177.050968 0.000000
1641929115871427308 144.724046 0.000000
1641929115872381447 145.094982 0.000000
1641929116089103554 144.782746 0.000000
1641929116089701315 144.906549 0.000000
1641929116306470761 145.139345 0.000000
1641929116351363938 177.018295 0.000000
1641929116379750574 144.761005 0.000000
1641929116440242406 177.060596 0.000000
1641929116528580348 176.950070 0.000000
1641929116597838833 144.838883 0.000000
1641929116670802915 145.258368 0.000000
1641929116670989274 144.738714 0.000000
1641929116882779155 177.008187 0.000000
1641929116960873346 145.091647 0.000000
1641929116961172226 144.761889 0.000000
1641929116972119067 177.151727 0.000000
1641929117106224708 145.051671 0.000000
1641929117179942132 144.915387 0.000000
1641929117237653240 177.047121 0.000000
1641929117542556285 144.729336 0.000000
1641929117616210020 144.747340 0.000000
1641929117833570585 144.921778 0.000000
1641929117906547289 144.745837 0.000000
1641929117978443767 144.802992 0.000000
1641929118036023381 177.062108 0.000000
1641929118196136545 145.190709 0.000000
1641929118390691861 177.331467 0.000000
1641929118479557222 177.099099 0.000000
1641929118479566569 177.071577 0.000000
1641929118560688044 144.655099 0.000000
1641929118656581858 177.021781 0.000000
1641929118924532633 145.753045 0.000000
1641929119011497091 176.982180 0.000000
1641929119012105642 176.857667 0.000000
1641929119188581041 177.082347 0.000000
1641929119287849625 145.152370 0.000000
1641929119496534354 176.973623 0.000000
1641929119505864876 144.831789 0.000000
1641929119650452367 144.745768 0.000000
1641929119651113636 145.311969 0.000000
1641929119723714146 144.914854 0.000000
1641929119758858029 144.745106 0.000000
1641929119904079137 145.220717 0.000000
1641929119986922770 177.435138 0.000000
1641929120075697762 177.054415 0.000000
1641929120158583022 144.873869 0.000000
1641929120163835088 176.910635 0.000000
1641929120377036015 144.854644 0.000000
1641929120449756710 144.793466 0.000000
1641929120518496563 177.030811 0.000000
1641929120523415083 144.900917 0.000000
1641929120595480731 145.110521 0.000000
1641929120596043857 145.305247 0.000000
1641929120695660723 176.896177 0.000000
1641929120740749449 144.705061 0.000000
1641929120741052427 144.867976 0.000000
1641929120784759962 176.821717 0.000000
1641929120827055863 177.178688 0.000000
1641929120958830634 145.103848 0.000000
1641929121103750678 144.774551 0.000000
1641929121139377875 144.894505 0.000000
1641929121248755400 144.741660 0.000000
1641929121394567666 145.351311 0.000000
1641929121405233551 177.159892 0.000000
1641929121582580012 177.054764 0.000000
1641929121625131352 177.155404 0.000000
1641929121648540316 145.261794 0.000000
1641929121757380443 144.990677 0.000000
1641929121758459306 144.834014 0.000000
1641929121760086907 176.846707 0.000000
1641929121831306868 144.832769 0.000000
1641929121866353880 145.027908 0.000000
1641929121937505633 177.393288 0.000000
1641929121938115266 177.268064 0.000000
1641929122115052502 176.935924 0.000000
1641929122120704377 144.839593 0.000000
1641929122292138866 176.862464 0.000000
1641929122339503268 144.720509 0.000000
1641929122412092387 144.995305 0.000000
1641929122484776362 144.851924 0.000000
1641929122775360024 144.817140 0.000000
1641929122867005568 177.016843 0.000000
1641929123210430117 144.662039 0.000000
1641929123284832266 144.823994 0.000000
1641929123429809517 144.976721 0.000000
1641929123503143472 144.836356 0.000000
1641929123574625847 144.805028 0.000000
1641929123623221697 177.018016 0.000000
1641929123665466050 177.122522 0.000000
1641929123793344427 144.889637 0.000000
1641929123866015800 144.695062 0.000000
1641929123931555474 177.271142 0.000000
1641929124082895132 145.142050 0.000000
1641929124155038395 176.878104 0.000000
1641929124229072872 144.912057 0.000000
1641929124374034124 144.845114 0.000000
1641929124445710252 144.964989 0.000000
1641929124510932411 177.006284 0.000000
1641929124599244315 176.953115 0.000000
1641929124663852422 145.234122 0.000000
1641929124736386789 144.792585 0.000000
1641929124737407021 144.825927 0.000000
1641929124737439342 144.738684 0.000000
1641929124737862445 144.843481 0.000000
1641929124775510181 177.051950 0.000000
1641929124809312319 144.550612 0.000000
1641929124818487518 177.205077 0.000000
1641929124882634171 144.771095 0.000000
1641929124954156860 144.844011 0.000000
1641929125027035602 144.766876 0.000000
1641929125131075521 177.094370 0.000000
1641929125218522913 176.914062 0.000000
1641929125245991045 144.886359 0.000000
1641929125389836484 145.026123 0.000000
1641929125485893969 177.052981 0.000000
1641929125528302030 177.131269 0.000000
1641929125571129035 145.186784 0.000000
1641929125574713465 176.999593 0.000000
1641929125680918401 145.451131 0.000000
1641929125750147601 176.951701 0.000000
1641929125752012247 176.981487 0.000000
1641929125825927102 145.007899 0.000000
1641929126117226025 144.870762 0.000000
1641929126189220174 144.729604 0.000000
1641929126372858464 177.100243 0.000000
1641929126407370363 144.970320 0.000000
1641929126480479085 144.846106 0.000000
1641929126624723613 144.768940 0.000000
1641929126698411171 144.654196 0.000000
1641929126842647954 145.208734 0.000000
1641929126858039658 177.042503 0.000000
1641929126901782360 177.101052 0.000000
1641929126915423022 144.644397 0.000000
1641929126916207463 144.828453 0.000000
1641929127078929609 177.143742 0.000000
1641929127133647746 144.892694 0.000000
1641929127206217887 144.767165 0.000000
1641929127206384449 144.855541 0.000000
1641929127278548694 144.766406 0.000000
1641929127348354736 177.124135 0.000000
1641929127424718110 145.007288 0.000000
1641929127436788237 177.102465 0.000000
1641929127525225606 176.866952 0.000000
1641929127643484190 144.871353 0.000000
1641929127715946310 144.596837 0.000000
1641929127716008908 144.606947 0.000000
1641929127787519074 145.074172 0.000000
1641929127860067968 145.085815 0.000000
1641929127933318166 145.192204 0.000000
1641929127968457238 176.858947 0.000000
1641929128258885690 145.142741 0.000000
1641929128441348473 144.809076 0.000000
1641929128442269159 144.640460 0.000000
1641929128515145426 144.698598 0.000000
1641929128732039186 144.822712 0.000000
1641929128951117991 145.126063 0.000000
1641929129028289929 176.910033 0.000000
1641929129094769416 144.982711 0.000000
1641929129095987360 144.753271 0.000000
1641929129168224488 145.035762 0.000000
1641929129168312924 144.888756 0.000000
1641929129168337520 144.580218 0.000000
1641929129298817013 177.048673 0.000000
1641929129421354358 145.142923 0.000000
1641929129458566667 144.862355 0.000000
1641929129531614566 144.774572 0.000000
1641929129603137586 145.115640 0.000000
1641929129737094068 177.066436 0.000000
1641929129749617145 144.937488 0.000000
1641929129750414289 144.785352 0.000000
1641929129820762027 145.002960 0.000000
1641929129823501452 145.007498 0.000000
1641929130185955414 144.864148 0.000000
1641929130258049977 144.989826 0.000000
1641929130330277768 145.057413 0.000000
1641929130403071168 145.143770 0.000000
1641929130475813827 145.263357 0.000000
1641929130476111796 144.891531 0.000000
1641929130549269781 145.372505 0.000000
1641929130694729234 144.789688 0.000000
1641929130766944134 144.895819 0.000000
1641929130839190659 145.017256 0.000000
