1649622804409710243 176.979036 0.000000
1649622804573619128 145.170114 0.000000
1649622804674716727 177.014082 0.000000
1649622804675736298 176.811823 0.000000
1649622804763979910 176.838452 0.000000
1649622804791721448 145.326366 0.000000
1649622804797980863 176.924834 0.000000
1649622804941383643 177.076008 0.000000
1649622805296280997 176.986050 0.000000
1649622805447279967 145.429810 0.000000
1649622805474177553 177.381100 0.000000
1649622805507485075 176.940324 0.000000
1649622805561788089 176.816132 0.000000
1649622805651053306 177.080096 0.000000
1649622805738105133 145.266915 0.000000
1649622805739868820 176.858780 0.000000
1649622805916461963 176.860094 0.000000
1649622805924545647 144.721462 0.000000
1649622806182336613 177.146970 0.000000
1649622806449918384 177.253972 0.000000
1649622806450856343 177.798402 0.000000
1649622806484364251 177.240666 0.000000
1649622806661603705 177.231940 0.000000
1649622806804777146 177.124588 0.000000
1649622806838697357 177.090987 0.000000
1649622807070175674 176.903875 0.000000
1649622807071823483 177.083992 0.000000
1649622807105400200 177.339873 0.000000
1649622807193733420 176.999273 0.000000
1649622807247289683 176.630493 0.000000
1649622807282251216 177.065559 0.000000
1649622807337462313 176.983786 0.000000
1649622807425466956 176.848662 0.000000
1649622807514049413 177.245023 0.000000
1649622807548381196 177.273047 0.000000
1649622807636985284 177.035392 0.000000
1649622807691668189 176.955402 0.000000
1649622807773599297 145.091956 0.000000
1649622807902865275 176.995097 0.000000
1649622808045528809 177.340764 0.000000
1649622808169168739 177.081337 0.000000
1649622808223972461 177.013702 0.000000
1649622808322354009 144.782687 0.000000
1649622808400989549 177.014663 0.000000
1649622808757510807 176.818135 0.000000
1649622808879190853 177.210571 0.000000
1649622809022075271 176.671700 0.000000
1649622809287001103 177.414302 0.000000
1649622809376264286 177.125031 0.000000
1649622809411718464 145.000316 0.000000
1649622809464574764 176.752692 0.000000
1649622809466815685 176.719450 0.000000
1649622809553678739 176.897343 0.000000
1649622809555155057 176.810040 0.000000
1649622809556937468 145.217872 0.000000
1649622809557188890 144.965820 0.000000
1649622809729973723 177.040312 0.000000
1649622809907546642 176.774933 0.000000
1649622809909020756 176.891442 0.000000
1649622809996297035 176.911620 0.000000
1649622810065970543 145.113828 0.000000
1649622810356443438 144.996868 0.000000
1649622810530464630 176.948189 0.000000
1649622810574621812 145.346273 0.000000
1649622810616841332 177.323433 0.000000
1649622810616846041 177.298295 0.000000
1649622810719722776 145.099151 0.000000
1649622810752720087 144.994293 0.000000
1649622810883305868 177.006518 0.000000
1649622810885543112 177.110242 0.000000
1649622811009816090 177.321638 0.000000
1649622811062639028 176.594315 0.000000
1649622811151295074 177.080517 0.000000
1649622811228665550 145.040738 0.000000
1649622811301288990 145.009031 0.000000
1649622811333662571 145.013489 0.000000
1649622811364818681 177.033549 0.000000
1649622811416663074 177.087490 0.000000
1649622811542161910 177.006768 0.000000
1649622811542215571 176.931057 0.000000
1649622811592584437 177.189712 0.000000
1649622811808130907 177.245176 0.000000
1649622811858632063 177.195503 0.000000
1649622812162888799 177.139528 0.000000
1649622812251686821 177.128307 0.000000
1649622812340141928 177.095022 0.000000
1649622812428637052 177.061800 0.000000
1649622812428693769 177.005836 0.000000
1649622812464169656 144.919093 0.000000
1649622812713872490 145.038658 0.000000
1649622812925713922 176.857117 0.000000
1649622812931617670 145.101304 0.000000
1649622813192122454 176.743815 0.000000
1649622813222326007 144.958927 0.000000
1649622813457750843 176.971863 0.000000
1649622813545485581 177.050189 0.000000
1649622813626768976 144.826250 0.000000
1649622813636026581 177.149717 0.000000
1649622813901189887 176.670688 0.000000
1649622813989901156 176.934182 0.000000
1649622814027571146 177.210930 0.000000
1649622814077126138 177.216020 0.000000
1649622814207895474 144.986318 0.000000
1649622814344067909 176.812233 0.000000
1649622814648832568 177.028628 0.000000
1649622814700176022 176.727825 0.000000
1649622814748031518 145.003771 0.000000
1649622814876575963 176.681989 0.000000
1649622814876854906 176.678393 0.000000
1649622815143196812 176.782046 0.000000
1649622815409170839 176.716934 0.000000
1649622815443001684 145.000988 0.000000
1649622815584907647 177.181917 0.000000
1649622815625029313 177.485855 0.000000
1649622815802329833 177.267979 0.000000
1649622815851757104 176.977122 0.000000
1649622816030831509 176.856757 0.000000
1649622816068446868 177.216151 0.000000
1649622816068717505 176.975620 0.000000
1649622816208355116 177.125240 0.000000
1649622816294236439 176.976782 0.000000
1649622816460604473 144.746379 0.000000
1649622816490821802 145.065978 0.000000
1649622816689093636 177.115943 0.000000
1649622816853836153 145.104401 0.000000
1649622816917648163 176.917722 0.000000
1649622816955333571 177.007379 0.000000
1649622816969105050 145.197104 0.000000
1649622817004384809 176.976571 0.000000
1649622817004411769 176.821711 0.000000
1649622817041779784 144.800569 0.000000
1649622817094538061 176.889538 0.000000
1649622817094611468 176.875260 0.000000
1649622817144228566 145.021676 0.000000
1649622817259715793 145.004623 0.000000
1649622817270320123 177.256446 0.000000
1649622817332451933 144.844233 0.000000
1649622817447878845 177.069345 0.000000
1649622817537614415 176.703490 0.000000
1649622817627714739 177.051845 0.000000
1649622817664557658 177.090885 0.000000
1649622817753206319 176.875221 0.000000
1649622817804580351 176.865261 0.000000
1649622817986742243 145.191092 0.000000
1649622818306289525 145.062101 0.000000
1649622818425721156 176.896970 0.000000
1649622818514402068 176.741632 0.000000
1649622818601307611 177.081900 0.000000
1649622818641065416 145.617563 0.000000
1649622818727891550 176.921107 0.000000
1649622818859256745 145.006559 0.000000
1649622819044122485 177.033868 0.000000
1649622819149613511 145.073342 0.000000
1649622819222336948 177.301090 0.000000
1649622819399643387 177.296210 0.000000
1649622819400462452 176.986619 0.000000
1649622819665053917 176.841879 0.000000
1649622819665314636 176.990227 0.000000
1649622819667340213 176.770625 0.000000
1649622819876052170 144.853280 0.000000
1649622819880873518 177.119379 0.000000
1649622819976341114 145.070918 0.000000
1649622820019640417 176.854151 0.000000
1649622820021458285 176.751911 0.000000
1649622820146942322 176.948668 0.000000
1649622820197921835 176.748694 0.000000
1649622820463767261 176.818064 0.000000
1649622820551700050 176.662081 0.000000
1649622820553272608 176.772769 0.000000
1649622820730229012 176.841288 0.000000
1649622820818431737 177.378785 0.000000
1649622820908027033 177.165525 0.000000
1649622821261033401 176.847620 0.000000
1649622821261701032 176.743845 0.000000
1649622821389828977 177.088231 0.000000
1649622821475345776 144.985907 0.000000
1649622821527428639 176.888598 0.000000
1649622821704260117 176.830867 0.000000
1649622821765968462 145.235245 0.000000
1649622821793989654 177.196023 0.000000
1649622822059899049 177.365140 0.000000
1649622822188248950 177.131403 0.000000
1649622822237796528 176.956545 0.000000
1649622822414442509 176.996408 0.000000
1649622822591176576 177.042675 0.000000
1649622822680124949 176.738876 0.000000
1649622822680616781 176.978125 0.000000
1649622822945545678 176.982982 0.000000
1649622823027136928 145.016523 0.000000
1649622823389757802 176.765346 0.000000
1649622823429609052 177.457293 0.000000
1649622823478452980 176.651211 0.000000
1649622823480524323 177.018059 0.000000
1649622823695556108 177.184843 0.000000
1649622823727868835 144.930835 0.000000
1649622823921372169 177.154595 0.000000
1649622824187338922 177.002050 0.000000
1649622824363892921 176.551554 0.000000
1649622824452958835 176.886282 0.000000
1649622824453785294 176.749115 0.000000
1649622824599406923 145.160135 0.000000
1649622824625549233 145.142089 0.000000
1649622824629853352 176.892824 0.000000
1649622824630436856 176.650129 0.000000
1649622824631977714 176.821631 0.000000
1649622824670926131 176.987241 0.000000
1649622824717828591 176.799850 0.000000
1649622824770699358 145.147570 0.000000
1649622824807456638 177.018780 0.000000
1649622824896593415 176.713408 0.000000
1649622825025907131 177.157730 0.000000
1649622825025919554 177.142511 0.000000
1649622825108533192 145.011756 0.000000
1649622825161250032 176.813075 0.000000
1649622825161835870 177.041253 0.000000
1649622825203120958 176.890250 0.000000
1649622825427520764 177.353327 0.000000
1649622825427996616 177.099191 0.000000
1649622825473805145 181.825071 0.000000
1649622825473824481 181.801086 0.000000
1649622825693269030 176.937280 0.000000
1649622825787452434 176.994064 0.000000
1649622825917073888 177.085875 0.000000
1649622825964687751 176.714260 0.000000
1649622825980025384 144.754063 0.000000
1649622826140945995 176.882194 0.000000
1649622826368705009 145.110441 0.000000
1649622826407313089 176.848631 0.000000
1649622826415777187 145.258138 0.000000
1649622826757362463 177.160857 0.000000
1649622826758167372 176.899637 0.000000
1649622826939170372 176.805671 0.000000
1649622827069121854 176.858529 0.000000
1649622827240636908 145.212795 0.000000
1649622827246543761 176.893266 0.000000
1649622827289659791 177.109440 0.000000
1649622827559427549 176.847769 0.000000
1649622827690146631 177.315637 0.000000
1649622827733065322 177.169363 0.000000
1649622827822589434 176.771665 0.000000
1649622828257768014 145.029381 0.000000
1649622828356520915 176.699942 0.000000
1649622828400177089 177.240176 0.000000
1649622828530989063 177.270012 0.000000
1649622828532245429 176.908153 0.000000
1649622828621947455 176.667982 0.000000
1649622828799653734 177.074444 0.000000
1649622828843619087 177.047825 0.000000
1649622828885963311 176.726463 0.000000
1649622828886281728 144.946905 0.000000
1649622828886593272 176.684244 0.000000
1649622829031566736 145.283175 0.000000
1649622829177062660 145.493600 0.000000
1649622829330749118 176.807264 0.000000
1649622829464513429 177.140589 0.000000
1649622829464600743 177.107888 0.000000
1649622829553389176 177.066270 0.000000
1649622829684912797 177.228135 0.000000
1649622829685114706 176.863371 0.000000
1649622829772716813 177.307211 0.000000
1649622829775118746 176.597771 0.000000
1649622829996273609 177.073834 0.000000
1649622830038937482 176.675376 0.000000
1649622830041343092 177.117175 0.000000
1649622830129696510 177.017678 0.000000
1649622830173311225 177.034740 0.000000
1649622830394045750 176.710572 0.000000
1649622830481779097 176.822815 0.000000
1649622830661500072 176.848009 0.000000
1649622830775983235 144.906999 0.000000
1649622830882666416 176.874479 0.000000
1649622831014268233 176.729848 0.000000
1649622831149028781 177.270933 0.000000
1649622831368741510 176.809899 0.000000
1649622831429951091 145.091877 0.000000
1649622831457375935 176.689624 0.000000
1649622831723407549 176.869841 0.000000
1649622832229223401 145.043125 0.000000
1649622832254451017 177.060820 0.000000
1649622832302043097 145.271522 0.000000
1649622832302198749 177.017307 0.000000
1649622832522938564 176.773169 0.000000
1649622832523707035 176.831229 0.000000
1649622832788191528 176.822191 0.000000
1649622832955566179 144.890409 0.000000
1649622833028086053 144.815538 0.000000
1649622833100717107 177.174062 0.000000
1649622833123486302 144.937027 0.000000
1649622833278223390 176.990376 0.000000
1649622833278235913 177.096666 0.000000
1649622833455636841 177.379657 0.000000
1649622833464176510 145.241827 0.000000
1649622833544088744 176.962987 0.000000
1649622833673853466 177.129989 0.000000
1649622833763574707 177.126613 0.000000
1649622833851144657 177.239354 0.000000
1649622834044962630 144.767429 0.000000
1649622834068292858 145.019110 0.000000
1649622834119235231 176.768582 0.000000
1649622834262222511 145.095803 0.000000
1649622834294457022 176.935845 0.000000
1649622834296408049 177.145538 0.000000
1649622834341485647 176.814648 0.000000
1649622834560283360 177.135568 0.000000
1649622834739763787 176.781987 0.000000
1649622835061722928 145.017977 0.000000
1649622835091948824 177.025083 0.000000
1649622835279677161 144.749924 0.000000
1649622835359498223 176.884248 0.000000
1649622835493305654 177.077249 0.000000
1649622835715912750 177.579392 0.000000
1649622835788107224 144.900268 0.000000
1649622835892400565 177.227372 0.000000
1649622835893143537 176.813966 0.000000
1649622835979487698 177.182987 0.000000
1649622836068301018 176.913062 0.000000
1649622836069540141 177.139055 0.000000
1649622836069623888 176.973736 0.000000
1649622836069996777 176.904155 0.000000
1649622836247634428 144.981339 0.000000
1649622836337063662 176.985248 0.000000
1649622836369426894 145.006837 0.000000
1649622836588165918 145.543062 0.000000
1649622836689756772 176.936146 0.000000
1649622836733079240 144.901921 0.000000
1649622836734843317 176.864511 0.000000
1649622836779568023 177.145988 0.000000
1649622836911936246 177.017718 0.000000
1649622836955388426 177.011727 0.000000
1649622837132485563 177.114339 0.000000
1649622837132522423 177.132614 0.000000
1649622837177767415 177.191435 0.000000
1649622837309937856 176.918362 0.000000
1649622837311615591 176.801643 0.000000
1649622837443812844 176.855203 0.000000
1649622837488594999 176.978295 0.000000
1649622837578120893 176.628428 0.000000
1649622837887135960 177.330074 0.000000
1649622837887194940 177.110252 0.000000
1649622837896046715 144.914043 0.000000
1649622837930286966 177.174192 0.000000
1649622838021468455 176.730009 0.000000
1649622838041001274 144.952205 0.000000
1649622838186256797 145.255183 0.000000
1649622838195954598 177.068965 0.000000
1649622838419632631 177.255404 0.000000
1649622838461837213 177.107467 0.000000
1649622838550413998 176.886241 0.000000
1649622838730574889 177.399594 0.000000
1649622838730817324 176.960261 0.000000
1649622838816406619 177.213825 0.000000
1649622838904939153 176.924373 0.000000
1649622838908081233 176.852017 0.000000
1649622839170991708 177.145008 0.000000
1649622839173432313 176.897374 0.000000
1649622839217837769 177.138383 0.000000
1649622839226578645 145.061970 0.000000
1649622839276084555 144.913853 0.000000
1649622839395320730 177.069906 0.000000
1649622839615063094 177.190361 0.000000
1649622839639480000 144.966712 0.000000
1649622839794145423 176.830127 0.000000
1649622839927647973 177.317230 0.000000
1649622839970937899 176.791805 0.000000
1649622840059524374 177.111614 0.000000
1649622840282497064 177.297352 0.000000
1649622840326678602 176.718918 0.000000
1649622840371174169 176.945793 0.000000
1649622840414001568 176.887915 0.000000
1649622840656983150 145.326306 0.000000
1649622840679218695 177.029049 0.000000
1649622840681252788 176.666289 0.000000
1649622840858989765 177.001858 0.000000
1649622840903256252 176.971031 0.000000
1649622841122824069 176.871772 0.000000
1649622841124247788 176.740667 0.000000
1649622841169495546 177.162801 0.000000
1649622841435355257 177.002579 0.000000
1649622841478252598 176.831479 0.000000
1649622841524320662 177.223384 0.000000
1649622841566398125 176.938439 0.000000
1649622841745761822 176.927800 0.000000
1649622841878710393 177.000796 0.000000
1649622842009978734 177.748127 0.000000
1649622842010007979 177.057423 0.000000
1649622842010547811 176.937047 0.000000
1649622842277009682 176.989406 0.000000
1649622842277834157 176.881513 0.000000
1649622842410729087 177.038687 0.000000
1649622842453566605 177.198185 0.000000
1649622842719973493 176.677350 0.000000
1649622842858588316 145.059715 0.000000
1649622843003554146 144.964908 0.000000
1649622843252438434 176.816662 0.000000
1649622843429333953 176.962454 0.000000
1649622843520326638 176.778500 0.000000
1649622843520452644 176.972323 0.000000
1649622843563476753 177.008532 0.000000
1649622843636538372 145.018909 0.000000
1649622843695616928 177.504350 0.000000
1649622843927199741 144.939200 0.000000
1649622843963016386 176.930233 0.000000
1649622843963664000 176.686096 0.000000
1649622844227682740 177.290368 0.000000
1649622844228862422 176.678792 0.000000
1649622844230328701 177.055860 0.000000
1649622844272982375 177.283368 0.000000
1649622844273086070 176.891643 0.000000
1649622844363776097 145.342336 0.000000
1649622844405179367 177.495174 0.000000
1649622844450353525 177.368995 0.000000
1649622844528096090 145.041632 0.000000
1649622844582933124 176.751298 0.000000
1649622844584662656 176.871714 0.000000
1649622844627498371 177.061019 0.000000
1649622844760791589 177.138205 0.000000
1649622844893692009 177.019361 0.000000
1649622844938369396 176.911457 0.000000
1649622845036270774 145.107375 0.000000
1649622845247962486 177.020383 0.000000
1649622845292161316 177.067832 0.000000
1649622845382664875 177.019111 0.000000
1649622845425627026 177.249151 0.000000
1649622845472087076 176.880050 0.000000
1649622845526770682 144.924111 0.000000
1649622845736834943 176.915987 0.000000
1649622845826078058 176.853118 0.000000
1649622845913802407 176.966011 0.000000
1649622846090824193 177.130640 0.000000
1649622846090872473 177.190722 0.000000
1649622846135513332 177.002990 0.000000
1649622846343609323 144.969777 0.000000
1649622846472185537 145.336104 0.000000
1649622846534575330 177.494702 0.000000
1649622846535172990 176.988282 0.000000
1649622846622990774 177.026364 0.000000
1649622846667767197 177.168992 0.000000
1649622846712602740 177.313643 0.000000
1649622847066337463 177.230788 0.000000
1649622847066765736 176.836098 0.000000
1649622847243730194 177.390747 0.000000
1649622847332437936 176.717256 0.000000
1649622847432533176 144.963075 0.000000
1649622847561933775 145.200759 0.000000
1649622847577712667 145.178048 0.000000
1649622847598438471 177.138945 0.000000
1649622847598786534 176.974827 0.000000
1649622847778611705 177.220088 0.000000
1649622847864550015 177.036734 0.000000
1649622847925163107 144.975488 0.000000
1649622847925521829 145.176615 0.000000
1649622847955523725 176.911579 0.000000
1649622847998298005 177.009523 0.000000
1649622847998604209 176.970480 0.000000
1649622848085556078 144.917408 0.000000
1649622848132327472 177.066690 0.000000
1649622848142977497 144.921115 0.000000
1649622848264795732 177.265873 0.000000
1649622848288356553 145.378625 0.000000
1649622848573520313 176.921768 0.000000
1649622848593510078 145.064575 0.000000
1649622848619412077 177.085726 0.000000
1649622848885190176 177.167499 0.000000
1649622849019805862 176.962705 0.000000
1649622849062152279 176.913382 0.000000
1649622849108967484 176.718276 0.000000
1649622849283960036 176.757230 0.000000
1649622849305793137 144.949109 0.000000
1649622849594128193 177.024050 0.000000
1649622849640480521 177.025693 0.000000
1649622849727175419 176.861846 0.000000
1649622849814641312 145.292531 0.000000
1649622849817729853 176.980498 0.000000
1649622850082312250 176.847671 0.000000
1649622850169844308 177.151019 0.000000
1649622850170157034 177.150878 0.000000
1649622850348744234 176.980969 0.000000
1649622850524426869 177.276663 0.000000
1649622850525142951 176.946765 0.000000
1649622850703928443 176.930034 0.000000
1649622850746452734 177.206160 0.000000
1649622850878978955 177.159686 0.000000
1649622850880199172 176.766438 0.000000
1649622850969580896 177.294837 0.000000
1649622850989863229 145.118767 0.000000
1649622851056839371 176.977441 0.000000
1649622851058131573 176.662971 0.000000
1649622851410988410 176.845074 0.000000
1649622851588828139 176.792075 0.000000
1649622851767002736 177.310758 0.000000
1649622851810229514 176.886743 0.000000
1649622851943291467 176.823774 0.000000
1649622852164936238 177.192956 0.000000
1649622852430843227 177.158762 0.000000
1649622852441338233 145.111693 0.000000
1649622852475259105 177.109610 0.000000
1649622852563789314 177.000977 0.000000
1649622852653936184 176.831519 0.000000
1649622852697026355 177.219867 0.000000
1649622852962510613 177.132904 0.000000
1649622853006554462 176.815048 0.000000
1649622853006858342 176.884368 0.000000
1649622853140267997 177.212041 0.000000
1649622853156128723 144.741360 0.000000
1649622853239547389 144.911459 0.000000
1649622853406159699 177.062420 0.000000
1649622853583147961 176.986088 0.000000
1649622853717266005 177.192035 0.000000
1649622853717402961 177.276272 0.000000
1649622853807079068 176.731030 0.000000
1649622853895001879 176.725631 0.000000
1649622853937855146 177.280520 0.000000
1649622854338194930 176.814457 0.000000
1649622854340394623 177.256385 0.000000
1649622854381309727 177.178148 0.000000
1649622854427717619 176.738655 0.000000
1649622854604479357 176.761257 0.000000
1649622854870355400 177.222202 0.000000
1649622854972692712 144.751117 0.000000
1649622855002078021 176.999824 0.000000
1649622855045279651 144.962363 0.000000
1649622855047544357 177.004471 0.000000
1649622855055270642 144.987380 0.000000
1649622855090838041 177.007439 0.000000
1649622855090938359 177.122534 0.000000
1649622855179587622 177.022317 0.000000
1649622855200324246 145.053013 0.000000
1649622855315196038 176.935443 0.000000
1649622855403153844 176.867636 0.000000
1649622855698724935 144.977390 0.000000
1649622855756289573 176.655318 0.000000
1649622855989741030 145.313343 0.000000
1649622855999836305 145.022367 0.000000
1649622856062109560 145.295790 0.000000
1649622856217999528 145.214445 0.000000
1649622856288192290 176.887785 0.000000
1649622856570291224 145.010464 0.000000
1649622856715565223 145.273457 0.000000
1649622857131410212 176.930043 0.000000
1649622857163431454 145.223653 0.000000
1649622857224699353 145.115391 0.000000
1649622857265342368 176.847880 0.000000
1649622857440733355 177.240545 0.000000
1649622857530908999 176.959158 0.000000
1649622857531795481 177.083641 0.000000
1649622857707015589 176.777157 0.000000
1649622857733574640 145.109449 0.000000
1649622857753101226 176.843130 0.000000
1649622857884016846 177.000175 0.000000
1649622857885463628 176.787185 0.000000
1649622858024747766 145.573268 0.000000
1649622858063284140 177.104671 0.000000
1649622858150968695 176.819527 0.000000
1649622858327764809 176.795704 0.000000
1649622858374314494 177.105061 0.000000
1649622858374361172 177.185743 0.000000
1649622858545191060 145.270482 0.000000
1649622858762998245 145.098549 0.000000
1649622859300988256 176.773934 0.000000
1649622859301831497 176.606851 0.000000
1649622859478337232 145.054664 0.000000
1649622859478614983 176.782354 0.000000
1649622859567657091 176.785823 0.000000
1649622859623433376 145.095061 0.000000
1649622859635559329 145.325775 0.000000
1649622859696021410 145.263220 0.000000
1649622859704593821 177.137154 0.000000
1649622859744072761 176.857027 0.000000
1649622859744583989 177.078302 0.000000
1649622859921028662 176.974837 0.000000
1649622860100041380 177.150296 0.000000
1649622860236689035 176.995916 0.000000
1649622860236728098 177.010594 0.000000
1649622860275660806 177.165745 0.000000
1649622860455977309 177.056060 0.000000
1649622860640689541 144.903182 0.000000
1649622860679789823 177.037334 0.000000
1649622861076229075 144.811472 0.000000
1649622861123000146 176.830557 0.000000
1649622861252949814 177.204146 0.000000
1649622861388275301 176.877936 0.000000
1649622861388538695 176.753843 0.000000
1649622861431604611 176.615784 0.000000
1649622861512344876 145.135618 0.000000
1649622861520014594 176.844583 0.000000
1649622861694797854 176.806844 0.000000
1649622861874166228 176.807643 0.000000
1649622861875622158 145.047223 0.000000
1649622861875687350 145.255293 0.000000
1649622862140485621 177.098379 0.000000
1649622862166456108 145.198627 0.000000
1649622862185834617 177.053835 0.000000
1649622862228608366 176.971039 0.000000
1649622862311729664 145.026382 0.000000
1649622862317379356 176.893325 0.000000
1649622862404191985 176.890479 0.000000
1649622862451877843 177.007760 0.000000
1649622862584123816 176.866945 0.000000
1649622862619374811 145.192625 0.000000
1649622862847294206 177.190011 0.000000
1649622862847851090 177.344230 0.000000
1649622862910083637 145.237089 0.000000
1649622863027073781 176.791163 0.000000
1649622863183526084 144.946554 0.000000
1649622863205785604 176.927058 0.000000
1649622863346124800 145.233802 0.000000
1649622863470583164 176.666418 0.000000
1649622863471346695 176.679973 0.000000
1649622863693375576 177.122785 0.000000
1649622863733696296 177.094211 0.000000
1649622863734920080 176.911338 0.000000
1649622863782255761 145.143071 0.000000
1649622863927348018 145.091285 0.000000
1649622864087950371 177.034397 0.000000
1649622864267282678 177.062301 0.000000
1649622864314086783 177.016736 0.000000
1649622864445028150 176.701936 0.000000
1649622864491217261 177.128564 0.000000
1649622864580183137 176.840757 0.000000
1649622864637016132 144.860483 0.000000
1649622864934411744 176.934872 0.000000
1649622864975924949 177.036812 0.000000
1649622865377841178 177.462201 0.000000
1649622865420372241 176.659816 0.000000
1649622865466593994 177.385207 0.000000
1649622865509810402 177.269990 0.000000
1649622865595924612 177.069335 0.000000
1649622865776045497 177.357765 0.000000
1649622865862448117 176.839752 0.000000
1649622866087194312 176.882694 0.000000
1649622866307310797 176.867245 0.000000
1649622866307915140 177.021704 0.000000
1649622866353308329 177.107556 0.000000
1649622866483479623 176.763852 0.000000
1649622866526009715 144.813504 0.000000
1649622866574711177 177.059786 0.000000
1649622866707795892 177.137773 0.000000
1649622866839212321 176.924273 0.000000
1649622866840840724 177.086737 0.000000
1649622866884984210 177.185833 0.000000
1649622866927861433 176.904756 0.000000
1649622867108099547 145.065226 0.000000
1649622867193232046 177.075385 0.000000
1649622867195362651 176.795611 0.000000
1649622867272599297 145.244552 0.000000
1649622867372580273 177.424590 0.000000
1649622867398684432 145.055449 0.000000
1649622867471717097 144.888785 0.000000
1649622867726818488 176.668644 0.000000
1649622867835352298 145.118355 0.000000
1649622867902502717 176.928140 0.000000
1649622867904239794 176.707187 0.000000
1649622867906209356 177.015534 0.000000
1649622868038820843 177.302010 0.000000
1649622868082575392 176.760596 0.000000
1649622868127262927 177.085675 0.000000
1649622868215998391 177.028618 0.000000
1649622868218346804 145.126480 0.000000
1649622868257095937 177.227952 0.000000
1649622868271508667 144.949970 0.000000
1649622868614945072 177.200701 0.000000
1649622868615450329 177.037155 0.000000
1649622868791802329 176.854261 0.000000
1649622868799769204 145.075615 0.000000
1649622868881162774 176.929412 0.000000
1649622868966507190 176.913752 0.000000
1649622869308794021 145.170433 0.000000
1649622869322810507 176.909225 0.000000
1649622869322838469 176.788429 0.000000
1649622869499646234 176.797195 0.000000
1649622869546477448 177.097736 0.000000
1649622869817564468 145.104650 0.000000
1649622869942407995 176.892753 0.000000
1649622869944063900 176.763331 0.000000
1649622870035526846 145.168960 0.000000
1649622870119383122 176.947695 0.000000
1649622870161598155 144.817251 0.000000
1649622870180643489 145.115911 0.000000
1649622870209643615 176.948277 0.000000
1649622870234331547 144.832760 0.000000
1649622870325877209 145.232889 0.000000
1649622870433340022 177.066960 0.000000
1649622870543779975 145.216680 0.000000
1649622870652883062 176.857397 0.000000
1649622870653253867 176.727954 0.000000
1649622870918837632 177.000366 0.000000
1649622871141797898 176.918502 0.000000
1649622871185122979 176.752761 0.000000
1649622871273105902 176.854482 0.000000
1649622871584925065 176.826530 0.000000
1649622871832674422 144.890558 0.000000
1649622872158416216 176.897842 0.000000
1649622872159239960 176.685074 0.000000
1649622872205829031 176.985537 0.000000
1649622872248418744 176.674033 0.000000
1649622872338100902 176.790941 0.000000
1649622872361074171 145.064635 0.000000
1649622872423943614 176.997821 0.000000
1649622872514614014 177.390467 0.000000
1649622872603424278 176.747440 0.000000
1649622872778689881 177.109329 0.000000
1649622872779984107 176.835406 0.000000
1649622872780711311 176.727143 0.000000
1649622872826820602 176.847509 0.000000
1649622872867114441 176.855413 0.000000
1649622872870001433 145.117603 0.000000
1649622872915194808 177.147571 0.000000
1649622873140404431 145.130027 0.000000
1649622873223775038 177.042274 0.000000
1649622873224721402 177.388092 0.000000
1649622873487642604 177.163171 0.000000
1649622873535421896 177.221469 0.000000
1649622873649758194 145.405273 0.000000
1649622873712309149 176.885359 0.000000
1649622873712326411 176.794919 0.000000
1649622873801145652 176.706354 0.000000
1649622873844585409 176.663594 0.000000
1649622873867390803 144.836006 0.000000
1649622873889745962 176.930273 0.000000
1649622874067038675 177.291180 0.000000
1649622874108448357 177.063193 0.000000
1649622874230255852 144.913493 0.000000
1649622874244306131 177.264531 0.000000
1649622874463147377 177.200432 0.000000
1649622874471417652 145.423149 0.000000
1649622874552257972 177.027135 0.000000
1649622874729168359 176.908043 0.000000
1649622874739230151 144.969305 0.000000
1649622874819856472 176.837188 0.000000
1649622874820229802 176.682368 0.000000
1649622874865104631 177.282234 0.000000
1649622874906345836 177.213404 0.000000
1649622875528716782 176.749675 0.000000
1649622875618708381 176.817554 0.000000
1649622875705916030 177.198907 0.000000
1649622875756425761 144.903932 0.000000
1649622875972444644 176.759282 0.000000
1649622876106688794 177.009511 0.000000
1649622876106701307 176.969045 0.000000
1649622876237156745 176.816932 0.000000
1649622876239064341 177.115822 0.000000
1649622876239601569 177.161849 0.000000
1649622876415344164 176.982229 0.000000
1649622876550137753 177.100201 0.000000
1649622876580839070 145.180482 0.000000
1649622876591526656 177.063684 0.000000
1649622876591574726 177.041152 0.000000
1649622876702064222 144.995946 0.000000
1649622876727305452 176.939983 0.000000
1649622876771919411 177.283336 0.000000
1649622876774920087 145.077790 0.000000
1649622876816416339 176.970098 0.000000
1649622876946120166 177.163530 0.000000
1649622877016704973 145.004491 0.000000
1649622877284234353 145.463172 0.000000
1649622877437194310 177.350361 0.000000
1649622877569084046 176.618499 0.000000
1649622877614636023 177.014863 0.000000
1649622877656121235 177.115321 0.000000
1649622877744816253 176.945602 0.000000
1649622877969270279 176.991818 0.000000
1649622878010964014 176.790302 0.000000
1649622878227745767 145.041231 0.000000
1649622878366877970 176.721091 0.000000
1649622878456677488 177.106574 0.000000
1649622878471457787 145.079042 0.000000
1649622878543706232 176.827901 0.000000
1649622878634042948 177.150507 0.000000
1649622878721103190 177.050388 0.000000
1649622878722273354 176.922098 0.000000
1649622878808856423 176.673903 0.000000
1649622879026822927 144.874017 0.000000
1649622879032927260 177.090995 0.000000
1649622879172103476 145.072068 0.000000
1649622879429480474 177.065427 0.000000
1649622879430927897 177.546518 0.000000
1649622879476151479 177.054486 0.000000
1649622879518427746 177.113829 0.000000
1649622879606700991 177.161246 0.000000
1649622879696228430 176.899545 0.000000
1649622879742258683 176.827421 0.000000
1649622879780116155 145.120549 0.000000
1649622879785669576 177.046812 0.000000
1649622879872362511 176.914864 0.000000
1649622879898113046 144.774631 0.000000
1649622880008488858 177.107676 0.000000
1649622880316900041 177.424280 0.000000
1649622880317575988 176.980628 0.000000
1649622880406425507 144.895569 0.000000
1649622880451919373 177.134045 0.000000
1649622880496111661 177.001186 0.000000
1649622880580441125 145.412196 0.000000
1649622880761676388 177.022045 0.000000
1649622880806588626 177.108447 0.000000
1649622880871446065 145.241757 0.000000
1649622880983635027 177.027957 0.000000
1649622881089490034 145.259068 0.000000
1649622881115140392 176.819075 0.000000
1649622881116041751 176.840956 0.000000
1649622881161480387 177.081157 0.000000
1649622881205295547 145.009842 0.000000
1649622881292211529 177.070727 0.000000
1649622881338385753 176.903602 0.000000
1649622881338845615 176.882924 0.000000
1649622881495693038 145.034768 0.000000
1649622881560094222 176.888595 0.000000
1649622881640649750 144.897450 0.000000
1649622881693585430 176.923531 0.000000
1649622881736974832 177.012727 0.000000
1649622882004567682 176.815077 0.000000
1649622882268743927 176.854792 0.000000
1649622882270514646 176.933049 0.000000
1649622882294775438 145.108858 0.000000
1649622882448532931 177.492930 0.000000
1649622882579315679 176.981870 0.000000
1649622882668093713 176.994325 0.000000
1649622882890659910 177.133825 0.000000
1649622882907014409 145.171765 0.000000
1649622883067957724 176.802576 0.000000
1649622883124896506 145.237036 0.000000
1649622883415398266 145.234254 0.000000
1649622883706072484 145.183818 0.000000
1649622883820795156 144.952655 0.000000
1649622883820819521 176.988654 0.000000
1649622883821061194 177.167108 0.000000
1649622883866998596 176.976883 0.000000
1649622884038848784 144.982530 0.000000
1649622884397433838 177.059216 0.000000
1649622884574653854 177.218894 0.000000
1649622884692657757 144.805789 0.000000
1649622884752626381 176.881522 0.000000
1649622884929018225 176.785863 0.000000
1649622884929821341 177.186855 0.000000
1649622885056370846 144.996037 0.000000
1649622885108303353 176.709098 0.000000
1649622885196273131 176.957424 0.000000
1649622885273918984 145.102645 0.000000
1649622885284940467 176.996558 0.000000
1649622885377898226 144.913211 0.000000
1649622885636804530 144.991246 0.000000
1649622885772021715 176.965611 0.000000
1649622885860830214 177.021284 0.000000
1649622885905141625 176.906738 0.000000
1649622885927547420 145.157629 0.000000
1649622886081764534 176.949451 0.000000
1649622886105172596 145.044107 0.000000
1649622886170595985 176.993953 0.000000
1649622886259094184 177.141838 0.000000
1649622886259094204 177.707027 0.000000
1649622886261620240 176.806850 0.000000
1649622886436036942 144.827019 0.000000
1649622886704778544 176.687868 0.000000
1649622886747114201 176.939691 0.000000
1649622886871978215 144.864169 0.000000
1649622887089236824 144.673071 0.000000
1649622887101820254 177.322089 0.000000
1649622887190267756 177.049456 0.000000
1649622887235064717 176.605283 0.000000
1649622887341407190 145.142000 0.000000
1649622887367259755 176.849642 0.000000
1649622887500460268 176.869638 0.000000
1649622887502856430 176.934630 0.000000
1649622887525017486 144.858629 0.000000
1649622887632269031 145.286620 0.000000
1649622887678080314 176.913431 0.000000
1649622887766996757 176.769753 0.000000
1649622887857975345 176.803295 0.000000
1649622887899853715 177.121010 0.000000
1649622887944226143 177.228234 0.000000
1649622888121503555 177.293231 0.000000
1649622888165767467 177.032956 0.000000
1649622888286574205 145.305847 0.000000
1649622888342846861 177.077270 0.000000
1649622888387292472 177.092455 0.000000
1649622888478883030 177.058676 0.000000
1649622888541531396 144.680735 0.000000
1649622888919734517 177.495573 0.000000
1649622889407973376 176.859172 0.000000
1649622889496743734 177.096955 0.000000
1649622889631537713 176.907069 0.000000
1649622889848290764 144.823701 0.000000
1649622889898110100 176.698877 0.000000
1649622889921387669 144.981438 0.000000
1649622889985579029 176.784800 0.000000
1649622890028895294 177.013930 0.000000
1649622890073125863 176.838621 0.000000
1649622890075720167 176.744795 0.000000
1649622890252906440 176.755255 0.000000
1649622890284278503 144.938625 0.000000
1649622890428866886 176.917369 0.000000
1649622890430097643 177.889752 0.000000
1649622890561274812 177.182645 0.000000
1649622890606897191 176.935553 0.000000
1649622890696060967 176.699440 0.000000
1649622890756763757 144.974446 0.000000
1649622890782834022 176.898764 0.000000
1649622891010666572 144.782626 0.000000
1649622891491802884 176.770132 0.000000
1649622891518999218 144.920894 0.000000
1649622891672192312 176.742301 0.000000
1649622891936823429 176.734667 0.000000
1649622891980519226 176.991678 0.000000
1649622892027091956 177.257086 0.000000
1649622892202885940 177.308764 0.000000
1649622892204469379 176.734748 0.000000
1649622892317581360 144.746498 0.000000
1649622892381753264 177.088930 0.000000
1649622892469354751 176.736360 0.000000
1649622892512608993 177.200713 0.000000
1649622892732936400 177.223351 0.000000
1649622892753575324 145.088821 0.000000
1649622892778542990 176.922880 0.000000
1649622892824338285 176.819517 0.000000
1649622892971351069 144.828039 0.000000
1649622893008442426 145.001446 0.000000
1649622893310846767 176.852719 0.000000
1649622893488419804 177.071988 0.000000
1649622893754106451 176.977122 0.000000
1649622893770427117 144.771735 0.000000
1649622893797161004 177.132591 0.000000
1649622893887956630 176.637074 0.000000
1649622894153617808 177.130638 0.000000
1649622894170479068 144.876372 0.000000
1649622894197822529 177.165134 0.000000
1649622894206254597 145.121651 0.000000
1649622894419126229 177.016846 0.000000
1649622894509559295 176.879007 0.000000
1649622894595532881 177.341916 0.000000
1649622894684544662 176.928950 0.000000
1649622894684974047 176.949930 0.000000
1649622894686201639 176.641903 0.000000
1649622894772664652 177.276693 0.000000
1649622894860406155 144.880352 0.000000
1649622895041668097 176.673570 0.000000
1649622895115113344 145.028085 0.000000
1649622895150638884 145.015863 0.000000
1649622895368963940 144.991988 0.000000
1649622895440142229 177.315085 0.000000
1649622895483078702 177.024688 0.000000
1649622895551051633 145.111142 0.000000
1649622895571221144 176.821008 0.000000
1649622895617385279 176.924442 0.000000
1649622895659972016 176.700933 0.000000
1649622895660740306 176.691144 0.000000
1649622895748298463 177.076398 0.000000
1649622895882997064 176.918311 0.000000
1649622895914546911 145.029869 0.000000
1649622896237365073 177.126112 0.000000
1649622896280938860 176.979265 0.000000
1649622896350388668 145.055156 0.000000
1649622896370102556 176.846417 0.000000
1649622896530597959 144.748383 0.000000
1649622896679933590 176.748984 0.000000
1649622896813081363 176.816239 0.000000
1649622896903343708 177.076177 0.000000
1649622897080627674 176.820306 0.000000
1649622897167396272 176.847288 0.000000
1649622897169083194 177.046782 0.000000
1649622897256262109 176.746579 0.000000
1649622897478640837 176.845507 0.000000
1649622897611240662 177.623103 0.000000
1649622897659216892 144.909201 0.000000
1649622897877515200 177.158660 0.000000
1649622897965123628 177.258198 0.000000
1649622898054133336 176.983210 0.000000
1649622898054921954 176.741527 0.000000
1649622898098508767 176.805689 0.000000
1649622898231224721 177.021324 0.000000
1649622898232636949 177.263779 0.000000
1649622898322344046 176.694812 0.000000
1649622898499183756 176.839299 0.000000
1649622898630301225 177.161398 0.000000
1649622898940714410 176.738455 0.000000
1649622899029366345 176.811730 0.000000
1649622899029813243 176.950821 0.000000
1649622899162658232 177.092510 0.000000
1649622899339933131 176.847067 0.000000
1649622899473178745 176.920244 0.000000
1649622899562175750 176.818134 0.000000
1649622899605766579 177.215138 0.000000
1649622899694535996 176.885346 0.000000
1649622900137642172 176.900147 0.000000
1649622900181902838 177.188738 0.000000
1649622900271187220 177.230867 0.000000
1649622900403427162 177.129477 0.000000
1649622900450250823 176.668933 0.000000
1649622900537841600 176.866854 0.000000
1649622900743879742 144.819355 0.000000
1649622900803058014 177.184921 0.000000
1649622900804193432 176.824975 0.000000
1649622900961793559 144.743324 0.000000
1649622900981061180 177.037035 0.000000
1649622901071600766 176.921950 0.000000
1649622901202580833 177.402888 0.000000
1649622901246589156 176.823330 0.000000
1649622901601688145 176.795431 0.000000
1649622901833153525 144.895388 0.000000
1649622901867663320 177.065617 0.000000
1649622901869848307 177.095253 0.000000
1649622901911927723 176.970719 0.000000
1649622901955999184 177.276129 0.000000
1649622902177771313 177.107376 0.000000
1649622902178175321 177.059546 0.000000
1649622902195953128 144.885990 0.000000
1649622902269301595 145.556336 0.000000
1649622902311085048 177.013149 0.000000
1649622902400411150 176.791955 0.000000
1649622902579643196 176.748881 0.000000
1649622902621229538 177.101072 0.000000
1649622902665798653 176.597750 0.000000
1649622902709957848 176.902461 0.000000
1649622902843869174 176.738223 0.000000
1649622902845411625 177.076106 0.000000
1649622902845422065 176.764532 0.000000
1649622902976064481 177.083320 0.000000
1649622903020620781 176.750976 0.000000
1649622903064340363 177.150545 0.000000
1649622903110942107 176.734275 0.000000
1649622903374791198 176.899435 0.000000
1649622903418950664 177.087307 0.000000
1649622903818589421 176.750767 0.000000
1649622903867540290 144.773106 0.000000
1649622903907365500 176.894133 0.000000
1649622903908816961 177.044756 0.000000
1649622904085204488 145.149632 0.000000
1649622904441003939 177.183840 0.000000
1649622904529092037 177.132692 0.000000
1649622904569547960 145.210257 0.000000
1649622904617840474 176.836064 0.000000
1649622904666753392 144.855061 0.000000
1649622904706421128 177.018789 0.000000
1649622904812058167 144.909704 0.000000
1649622904973313784 178.234147 0.000000
1649622905105135582 177.012427 0.000000
1649622905150044655 176.730481 0.000000
1649622905151207906 176.749356 0.000000
1649622905282196329 177.060156 0.000000
1649622905393028337 144.623085 0.000000
1649622905610640436 144.953033 0.000000
1649622905682981386 177.227953 0.000000
1649622905725992408 177.357895 0.000000
1649622905811093047 145.088629 0.000000
1649622905995844081 180.815466 0.000000
1649622906084399227 180.559797 0.000000
1649622906265928311 145.203583 0.000000
1649622906392145743 177.155857 0.000000
1649622906480232219 177.114309 0.000000
1649622906571957016 177.163109 0.000000
1649622906660421491 176.700642 0.000000
1649622906684020502 145.139514 0.000000
1649622906747614623 176.748392 0.000000
1649622906793777776 177.120440 0.000000
1649622906882214799 176.944149 0.000000
1649622906924729481 176.903693 0.000000
1649622906926195710 177.054806 0.000000
1649622906970649328 176.871011 0.000000
1649622907013052852 177.242478 0.000000
1649622907047812106 145.254039 0.000000
1649622907103647381 176.875641 0.000000
1649622907280803458 176.856275 0.000000
1649622907283531392 144.811089 0.000000
1649622907428896118 145.364355 0.000000
1649622907428901608 144.797322 0.000000
1649622907646565504 145.011855 0.000000
1649622907768982320 176.982811 0.000000
1649622907864310012 144.940299 0.000000
1649622907987992441 177.028827 0.000000
1649622907991513442 176.907590 0.000000
1649622908035077832 176.946914 0.000000
1649622908123542538 176.881642 0.000000
1649622908212279344 176.883946 0.000000
1649622908256758109 176.754143 0.000000
1649622908344807576 176.906479 0.000000
1649622908434509882 177.031323 0.000000
1649622908445336077 145.038563 0.000000
1649622908522930775 176.721031 0.000000
1649622908648319773 145.262484 0.000000
1649622908743492665 176.928890 0.000000
1649622909009610438 176.955780 0.000000
1649622909054007339 176.931656 0.000000
1649622909229702496 176.923619 0.000000
1649622909409335286 176.705752 0.000000
1649622909497067668 176.750335 0.000000
1649622909585427939 176.921948 0.000000
1649622909608492197 144.921044 0.000000
1649622909666843759 145.329320 0.000000
1649622909683266057 146.931455 0.000000
1649622909988399594 176.958567 0.000000
1649622910031239385 177.111251 0.000000
1649622910119209805 177.129314 0.000000
1649622910119886373 176.915743 0.000000
1649622910385441882 176.645669 0.000000
1649622910700600112 145.222030 0.000000
1649622910964236784 177.419478 0.000000
1649622911183834927 176.828993 0.000000
1649622911185291568 177.044668 0.000000
1649622911499634308 144.655336 0.000000
1649622911499653434 145.095070 0.000000
1649622911644756761 145.120689 0.000000
1649622911715020114 176.895995 0.000000
1649622911716896231 176.941730 0.000000
1649622911803600506 177.226106 0.000000
1649622911805900037 177.001905 0.000000
1649622911862551653 145.173499 0.000000
1649622911892571000 177.070575 0.000000
1649622911893691711 176.666348 0.000000
1649622912225763289 145.154803 0.000000
1649622912589031552 145.067529 0.000000
1649622912781213296 176.867665 0.000000
1649622912955621280 177.168860 0.000000
1649622913045592931 176.914573 0.000000
1649622913093703204 177.189748 0.000000
1649622913182790677 177.271733 0.000000
1649622913399708666 177.071729 0.000000
1649622913401746897 176.875731 0.000000
1649622913537573402 177.147602 0.000000
1649622913537695762 177.222502 0.000000
1649622913537802301 177.429890 0.000000
1649622913750329870 144.713278 0.000000
1649622913753648531 177.039369 0.000000
1649622913803651030 177.292912 0.000000
1649622913892271527 177.139922 0.000000
1649622914020412083 176.962934 0.000000
1649622914246745332 176.967994 0.000000
1649622914331139516 144.830503 0.000000
1649622914464002887 177.470606 0.000000
1649622914465716219 177.009241 0.000000
1649622914867866393 176.919933 0.000000
1649622914912446499 144.804048 0.000000
1649622914985037395 145.074522 0.000000
1649622914996685020 177.479160 0.000000
1649622914997074390 176.934258 0.000000
1649622915045394366 176.935001 0.000000
1649622915130176990 145.139195 0.000000
1649622915175652131 176.722332 0.000000
1649622915264636874 177.053365 0.000000
1649622915399502307 176.958675 0.000000
1649622915488164832 176.843560 0.000000
1649622915488252706 176.981008 0.000000
1649622915619542176 177.076867 0.000000
1649622915706530053 177.096093 0.000000
1649622915796030972 177.635776 0.000000
1649622915796822566 176.886952 0.000000
1649622915842648246 176.899535 0.000000
1649622915931415528 176.975467 0.000000
1649622916071991526 145.002768 0.000000
1649622916108982545 177.033337 0.000000
1649622916150309941 176.958636 0.000000
1649622916239413524 176.624841 0.000000
1649622916580655495 145.164121 0.000000
1649622916681958297 176.741648 0.000000
1649622916771479593 176.932676 0.000000
1649622916818298135 176.977672 0.000000
1649622916859039793 177.080414 0.000000
1649622916944903963 144.868354 0.000000
1649622916949399140 177.089090 0.000000
1649622917084324917 176.889045 0.000000
1649622917162576948 144.741339 0.000000
1649622917214421371 176.920255 0.000000
1649622917234561968 145.046530 0.000000
1649622917391275921 176.853608 0.000000
1649622917525193066 144.989312 0.000000
1649622917569749176 176.713356 0.000000
1649622917570928487 176.854661 0.000000
1649622917743062107 145.241636 0.000000
1649622917746333951 176.919061 0.000000
1649622917794392146 177.253539 0.000000
1649622917888539725 144.860311 0.000000
1649622918013382429 177.235765 0.000000
1649622918100236648 176.917343 0.000000
1649622918106355619 145.111555 0.000000
1649622918545082632 176.633567 0.000000
1649622918834061483 144.837408 0.000000
1649622919036633747 177.134105 0.000000
1649622919052389534 145.012768 0.000000
1649622919075925097 177.081577 0.000000
1649622919342229088 177.056879 0.000000
1649622919342865852 176.866122 0.000000
1649622919344496008 176.768018 0.000000
1649622919391234410 176.975878 0.000000
1649622919415716597 145.117121 0.000000
1649622919657227950 177.092116 0.000000
1649622919785364599 176.961751 0.000000
1649622919785782513 176.859790 0.000000
1649622919923181455 176.994233 0.000000
1649622919962543407 177.175912 0.000000
1649622919997168700 145.338788 0.000000
1649622920141883327 176.971750 0.000000
1649622920318123215 177.262586 0.000000
1649622920366562364 177.106342 0.000000
1649622920497389146 176.860631 0.000000
1649622920583816483 176.942636 0.000000
1649622920584110775 177.036152 0.000000
1649622920585999225 176.795620 0.000000
1649622920762937282 176.936344 0.000000
1649622920850112881 177.375357 0.000000
1649622920939970508 176.794698 0.000000
1649622920987547912 177.242878 0.000000
1649622920987551849 177.170984 0.000000
1649622921116498557 176.850334 0.000000
1649622921294761497 176.829322 0.000000
1649622921295103789 176.763810 0.000000
1649622921696962757 177.245934 0.000000
1649622921737066213 177.051882 0.000000
1649622921785925268 177.234244 0.000000
1649622921826932123 176.782898 0.000000
1649622921827200386 176.691887 0.000000
1649622922268613285 177.050116 0.000000
1649622922539073338 144.791190 0.000000
1649622922624632897 176.979354 0.000000
1649622922801752227 177.118459 0.000000
1649622922829367778 144.752170 0.000000
1649622922889127548 176.902410 0.000000
1649622923117790514 177.073590 0.000000
1649622923120036895 145.152029 0.000000
1649622923244471755 176.742199 0.000000
1649622923265335738 145.296358 0.000000
1649622923383482068 176.921476 0.000000
1649622923410849106 144.790302 0.000000
1649622923688503806 176.913502 0.000000
1649622923737789662 176.998431 0.000000
1649622924065233493 145.071636 0.000000
1649622924132438232 176.950190 0.000000
1649622924209819201 145.090855 0.000000
1649622924269888912 177.229102 0.000000
1649622924487453662 176.830146 0.000000
1649622924500415001 145.237879 0.000000
1649622924576733757 176.844112 0.000000
1649622925082565873 145.226838 0.000000
1649622925196600638 176.773460 0.000000
1649622925549781817 177.025000 0.000000
1649622925551973926 177.177315 0.000000
1649622925590797349 144.944388 0.000000
1649622925601863334 177.348297 0.000000
1649622925639023289 176.729346 0.000000
1649622925778930363 177.032333 0.000000
1649622925993092665 177.185100 0.000000
1649622926260826958 176.780872 0.000000
1649622926437775858 177.065819 0.000000
1649622926524986130 177.058503 0.000000
1649622926576954926 177.120209 0.000000
1649622926701734282 176.778209 0.000000
1649622926754467270 177.093128 0.000000
1649622926879393071 176.964347 0.000000
1649622926931610792 176.954759 0.000000
1649622927234847064 177.079734 0.000000
1649622927324642272 176.990035 0.000000
1649622927406896125 144.947394 0.000000
1649622927479601925 144.887140 0.000000
1649622927769062830 176.628157 0.000000
1649622927857205261 176.742942 0.000000
1649622927857329344 176.865021 0.000000
1649622927915127648 144.882712 0.000000
1649622928033844188 176.514223 0.000000
1649622928120977817 176.698495 0.000000
1649622928123261589 176.730405 0.000000
1649622928174759802 177.163447 0.000000
1649622928209579279 177.240433 0.000000
1649622928440828043 176.923069 0.000000
1649622928529554709 177.188475 0.000000
1649622928795287311 176.997620 0.000000
1649622928859689154 144.906476 0.000000
1649622929275052499 176.601566 0.000000
1649622929452229094 177.047863 0.000000
1649622929513289585 145.567406 0.000000
1649622929542404947 176.765051 0.000000
1649622929593288648 177.063121 0.000000
1649622929630813238 176.709289 0.000000
1649622929949168650 144.946993 0.000000
1649622929984637774 176.563845 0.000000
1649622930161015620 177.136358 0.000000
1649622930427243340 177.531036 0.000000
1649622930457611681 144.809856 0.000000
1649622930747585217 144.735517 0.000000
1649622930784648530 176.820096 0.000000
1649622930820291130 144.815448 0.000000
1649622930871184329 177.222510 0.000000
1649622930871597083 176.879156 0.000000
1649622930872007652 177.015181 0.000000
1649622931329642473 144.904783 0.000000
1649622931403971420 176.773628 0.000000
1649622931494795136 176.812772 0.000000
1649622931671916156 176.773819 0.000000
1649622932055651649 144.871782 0.000000
1649622932115082032 176.726900 0.000000
1649622932128343484 144.880669 0.000000
1649622932202363039 176.909524 0.000000
1649622932258066437 177.528353 0.000000
1649622932380244004 176.718115 0.000000
1649622932556376911 176.938147 0.000000
1649622932612787074 177.248779 0.000000
1649622932709177117 144.790730 0.000000
1649622932734253968 176.934760 0.000000
1649622932736584688 176.752730 0.000000
1649622932789830910 177.040901 0.000000
1649622932825613330 176.831558 0.000000
1649622933090273511 176.870571 0.000000
1649622933144587644 144.976068 0.000000
1649622933356152285 177.241886 0.000000
1649622933445228778 176.842358 0.000000
1649622933499473331 177.017596 0.000000
1649622933499888649 176.972712 0.000000
1649622933621909345 176.935435 0.000000
1649622933854660133 176.865902 0.000000
1649622933944314948 144.717891 0.000000
1649622933979182634 177.273312 0.000000
1649622934031681625 177.019759 0.000000
1649622934032138161 176.983942 0.000000
1649622934067399024 176.915324 0.000000
1649622934380138881 144.907681 0.000000
1649622934564265774 177.022425 0.000000
1649622934597619373 144.993610 0.000000
1649622934598477412 176.878817 0.000000
1649622934774145968 177.094369 0.000000
1649622934863611531 176.932137 0.000000
1649622934864818994 176.835716 0.000000
1649622934952157617 176.749583 0.000000
1649622935041889428 177.069432 0.000000
1649622935217136645 176.740957 0.000000
1649622935217640981 176.843480 0.000000
1649622935218076798 177.164322 0.000000
1649622935324057921 144.863004 0.000000
1649622935362414459 176.899073 0.000000
1649622935396448542 144.940270 0.000000
1649622935894492228 176.933448 0.000000
1649622935928940158 176.977210 0.000000
1649622936015338879 177.506880 0.000000
1649622936016249517 176.707212 0.000000
1649622936122838600 144.829694 0.000000
1649622936193618301 177.226678 0.000000
1649622936267959579 145.119095 0.000000
1649622936281706021 176.869048 0.000000
1649622936337870542 177.198945 0.000000
1649622936337878287 177.056378 0.000000
1649622936550090513 176.759913 0.000000
1649622936635768283 176.880288 0.000000
1649622936636503972 177.138153 0.000000
1649622936637987914 176.947585 0.000000
1649622936958984148 176.870941 0.000000
1649622937067052014 144.837989 0.000000
1649622937079269548 176.679773 0.000000
1649622937081474662 176.868497 0.000000
1649622937139342457 144.977831 0.000000
1649622937139765860 144.822880 0.000000
1649622937284382303 144.936413 0.000000
1649622937502720664 144.824703 0.000000
1649622937524913008 176.823852 0.000000
1649622937612972407 176.742093 0.000000
1649622937700047675 176.960970 0.000000
1649622937879722533 176.933178 0.000000
1649622937966667249 177.107444 0.000000
1649622938022559539 177.105560 0.000000
1649622938111280765 177.071648 0.000000
1649622938143302366 177.169550 0.000000
1649622938321140071 176.850534 0.000000
1649622938410781101 176.815978 0.000000
1649622938411484860 176.598480 0.000000
1649622938586939966 176.735998 0.000000
1649622938675263938 177.047692 0.000000
1649622938675983708 176.538659 0.000000
1649622938677842032 176.696455 0.000000
1649622938737092519 144.933578 0.000000
1649622938767041495 176.986388 0.000000
1649622938821142838 177.114458 0.000000
1649622938852463416 177.198566 0.000000
1649622938854090636 176.842909 0.000000
1649622939087279777 177.191973 0.000000
1649622939118721262 176.786013 0.000000
1649622939119214196 176.811862 0.000000
1649622939207901668 176.677149 0.000000
1649622939245566799 144.990896 0.000000
1649622939619665695 177.434298 0.000000
1649622939650212420 177.321936 0.000000
1649622939651110504 176.975377 0.000000
1649622939681024243 144.846805 0.000000
1649622939741612939 176.610282 0.000000
1649622939899091315 145.324260 0.000000
1649622939916863713 177.103187 0.000000
1649622940006209041 177.212904 0.000000
1649622940063385789 177.224664 0.000000
1649622940262219046 145.128587 0.000000
1649622940360834428 176.971931 0.000000
1649622940628602825 176.728875 0.000000
1649622940715094171 176.862375 0.000000
1649622940773785880 177.088258 0.000000
1649622940951280931 177.192804 0.000000
1649622941061022325 145.076888 0.000000
1649622941071295524 176.947475 0.000000
1649622941217398584 177.286881 0.000000
1649622941217430364 177.266664 0.000000
1649622941247783266 177.183877 0.000000
1649622941248410512 177.524205 0.000000
1649622941249945900 176.974685 0.000000
1649622941278832684 145.225264 0.000000
1649622941394546033 177.114126 0.000000
1649622941424159249 145.123354 0.000000
1649622941426653716 176.707224 0.000000
1649622941513875861 177.071145 0.000000
1649622941569309764 145.148902 0.000000
1649622941603380598 176.625152 0.000000
1649622941749232385 177.115258 0.000000
1649622941868835588 176.894737 0.000000
1649622941958461619 176.552525 0.000000
1649622942104101461 177.067339 0.000000
1649622942312970670 176.961172 0.000000
1649622942314650499 177.066960 0.000000
1649622942547392811 177.146948 0.000000
1649622942668093310 176.804467 0.000000
1649622942902559385 177.036723 0.000000
1649622943095640555 144.995654 0.000000
1649622943111524853 177.020772 0.000000
1649622943376520141 177.265860 0.000000
1649622943435485374 176.831527 0.000000
1649622943458830128 144.784719 0.000000
1649622943676873856 144.813672 0.000000
1649622943966957007 177.184759 0.000000
1649622943998657766 176.894014 0.000000
1649622944056303224 176.956141 0.000000
1649622944263935604 176.749082 0.000000
1649622944265260938 176.885317 0.000000
1649622944621009101 176.753430 0.000000
1649622944707738113 176.909053 0.000000
1649622944798249636 177.239973 0.000000
1649622944887712883 177.178318 0.000000
1649622945209467918 177.265741 0.000000
1649622945241698583 176.836226 0.000000
1649622945330112312 176.926778 0.000000
1649622945420381010 177.846339 0.000000
1649622945598473290 177.965653 0.000000
1649622945773959614 177.229622 0.000000
1649622945774396994 177.153008 0.000000
1649622945776157815 177.024958 0.000000
1649622945783725683 144.729776 0.000000
1649622945864745611 176.912739 0.000000
1649622946041700830 176.872984 0.000000
1649622946042535745 177.034066 0.000000
1649622946146397686 144.808403 0.000000
1649622946485657320 176.911399 0.000000
1649622946510113127 145.270339 0.000000
1649622946926839494 176.990983 0.000000
1649622946928740027 176.965937 0.000000
1649622947016461051 176.734929 0.000000
1649622947016847495 176.953367 0.000000
1649622947018979582 145.421305 0.000000
1649622947340208830 177.018337 0.000000
1649622947370500808 176.724906 0.000000
1649622947372879337 176.809716 0.000000
1649622947373129837 176.737190 0.000000
1649622947428683804 176.987419 0.000000
1649622947461747622 176.776927 0.000000
1649622947517505841 177.137081 0.000000
1649622947724627382 177.112844 0.000000
1649622947815490533 177.113606 0.000000
1649622947889848593 144.723765 0.000000
1649622947904416182 176.646630 0.000000
1649622947960917455 176.973473 0.000000
1649622948049907415 177.258146 0.000000
1649622948079250254 177.043274 0.000000
1649622948081661555 176.863617 0.000000
1649622948107612425 145.176202 0.000000
1649622948253331255 144.927075 0.000000
1649622948315846202 177.133533 0.000000
1649622948345785740 177.040919 0.000000
1649622948347750283 176.584934 0.000000
1649622948434440572 176.734525 0.000000
1649622948493261624 177.005113 0.000000
1649622948543634608 144.780540 0.000000
1649622948670389688 177.126340 0.000000
1649622948688714952 145.078280 0.000000
1649622948688745990 145.221428 0.000000
1649622948847939430 177.072437 0.000000
1649622949051820398 145.154122 0.000000
1649622949115637996 177.000003 0.000000
1649622949196954741 145.098666 0.000000
1649622949292605337 176.962563 0.000000
1649622949380240508 177.051149 0.000000
1649622949411729711 176.705892 0.000000
1649622949500786907 176.912749 0.000000
1649622949646080018 177.177304 0.000000
1649622949735919561 177.171865 0.000000
1649622949765212527 177.568498 0.000000
1649622949851478230 144.960499 0.000000
1649622949911825703 176.824233 0.000000
1649622949943239354 176.592189 0.000000
1649622950298029892 176.940690 0.000000
1649622950577088966 144.706502 0.000000
1649622950887974073 177.323118 0.000000
1649622950919093643 176.734895 0.000000
1649622950976479074 176.920814 0.000000
1649622951155165519 177.286951 0.000000
1649622951242357568 177.100631 0.000000
1649622951272461264 176.856664 0.000000
1649622951508297557 176.998440 0.000000
1649622951539177668 177.132931 0.000000
1649622951739896256 145.122602 0.000000
1649622951739940579 145.196991 0.000000
1649622951895238688 177.246926 0.000000
1649622951983575953 176.653943 0.000000
1649622952102495282 144.855431 0.000000
1649622952248822533 177.082418 0.000000
1649622952426961039 176.977399 0.000000
1649622952484271790 177.179018 0.000000
1649622953016945898 177.128334 0.000000
1649622953046650675 144.862826 0.000000
1649622953224103286 176.861063 0.000000
1649622953264818575 145.022324 0.000000
1649622953264931777 145.110029 0.000000
1649622953400740611 177.085444 0.000000
1649622953460660812 177.250373 0.000000
1649622953490229574 176.992709 0.000000
1649622953492060476 177.075244 0.000000
