1641928996552992329 144.973378 0.000000
1641928996697207375 145.073946 0.000000
1641928996697289819 144.833946 0.000000
1641928996988227232 144.960344 0.000000
1641928996988672436 144.986993 0.000000
1641928997313507658 177.267131 0.000000
1641928997351519210 145.100636 0.000000
1641928997410558117 145.152484 0.000000
1641928997490531333 177.021632 0.000000
1641928997507835049 145.090627 0.000000
1641928997533048260 145.085929 0.000000
1641928997569597859 144.989186 0.000000
1641928997570052852 144.583095 0.000000
1641928997628541478 145.014333 0.000000
1641928997725444049 144.999327 0.000000
1641928997773813546 177.356399 0.000000
1641928997846295881 145.121985 0.000000
1641928997932997279 145.224446 0.000000
1641928997951080516 177.266098 0.000000
1641928997951106565 177.312335 0.000000
1641928998006630334 145.071202 0.000000
1641928998015756230 145.011339 0.000000
1641928998369349779 144.932912 0.000000
1641928998370057445 144.720083 0.000000
1641928998377672459 177.184327 0.000000
1641928998483562787 177.299141 0.000000
1641928998554733635 177.060053 0.000000
1641928998838261698 177.068408 0.000000
1641928998841751459 145.095326 0.000000
1641928998841783049 144.981623 0.000000
1641928998878021375 145.028390 0.000000
1641928999096295113 145.151051 0.000000
1641928999192830866 176.958703 0.000000
1641928999241350654 145.203500 0.000000
1641928999277870881 145.065832 0.000000
1641928999641206721 144.978537 0.000000
1641928999665156855 145.049631 0.000000
1641928999749856001 144.983086 0.000000
1641928999830951210 144.980731 0.000000
1641929000028265759 145.140189 0.000000
1641929000173278321 145.011018 0.000000
1641929000319043103 145.051194 0.000000
1641929000404867768 145.042487 0.000000
1641929000418108177 177.215465 0.000000
1641929000440211999 144.969059 0.000000
1641929000477055001 145.115424 0.000000
1641929000549034503 145.088994 0.000000
1641929000622732588 144.945475 0.000000
1641929000683555679 176.816507 0.000000
1641929000730910634 144.998053 0.000000
1641929000839459394 144.895050 0.000000
1641929000860593540 177.036678 0.000000
1641929000912363791 144.863050 0.000000
1641929000912742641 145.202307 0.000000
1641929000984711245 145.251089 0.000000
1641929001094222780 145.117108 0.000000
1641929001129787706 145.073836 0.000000
1641929001336696899 145.061903 0.000000
1641929001348905274 145.296523 0.000000
1641929001421948680 144.623241 0.000000
1641929001428306188 145.059549 0.000000
1641929001493967017 145.004586 0.000000
1641929001554524861 144.842752 0.000000
1641929001638928373 144.929156 0.000000
1641929001639382714 144.597453 0.000000
1641929001856567680 145.124300 0.000000
1641929001918344399 145.081672 0.000000
1641929001965689105 145.067615 0.000000
1641929002013912998 177.127839 0.000000
1641929002029866864 176.844309 0.000000
1641929002063630481 144.911881 0.000000
1641929002209126209 145.263923 0.000000
1641929002220428605 144.837213 0.000000
1641929002365232075 144.801165 0.000000
1641929002384374316 177.151715 0.000000
1641929002583331583 144.866657 0.000000
1641929002645022251 145.010487 0.000000
1641929002662100333 144.845988 0.000000
1641929002790408522 145.385419 0.000000
1641929002801934808 144.968699 0.000000
1641929002812187898 177.247304 0.000000
1641929002874065666 145.164947 0.000000
1641929002874089751 145.222786 0.000000
1641929002947208699 145.304117 0.000000
1641929003201017105 145.049841 0.000000
1641929003226222131 145.076681 0.000000
1641929003371262574 145.038320 0.000000
1641929003491423862 145.015236 0.000000
1641929003590552826 145.063677 0.000000
1641929003745462960 145.092893 0.000000
1641929003781832903 144.990108 0.000000
1641929003963103079 145.095957 0.000000
1641929003963453015 144.808979 0.000000
1641929003967916983 144.845659 0.000000
1641929004036471676 144.875755 0.000000
1641929004144757262 144.696397 0.000000
1641929004317438358 145.052606 0.000000
1641929004398867314 144.934825 0.000000
1641929004398910515 145.118139 0.000000
1641929004423964258 177.034906 0.000000
1641929004435120079 144.910610 0.000000
1641929004512676576 176.950458 0.000000
1641929004545005195 144.814320 0.000000
1641929004586635468 177.094988 0.000000
1641929004617638624 145.056825 0.000000
1641929004689623808 176.946511 0.000000
1641929004835725179 144.836751 0.000000
1641929004983348213 144.885102 0.000000
1641929005052923980 145.009996 0.000000
1641929005125781420 145.100226 0.000000
1641929005261831822 145.263972 0.000000
1641929005344208995 145.301043 0.000000
1641929005625450833 145.245940 0.000000
1641929005635611458 145.249384 0.000000
1641929005816409207 145.415906 0.000000
1641929005925097150 144.854645 0.000000
1641929006142830694 144.948953 0.000000
1641929006352936729 145.162881 0.000000
1641929006360752740 145.120131 0.000000
1641929006434102532 145.529940 0.000000
1641929006498440432 145.082313 0.000000
1641929006542379966 144.975722 0.000000
1641929006798003824 144.763925 0.000000
1641929007015008321 144.837032 0.000000
1641929007172115513 177.175841 0.000000
1641929007443167621 145.198620 0.000000
1641929007451293913 144.749748 0.000000
1641929007632421030 145.508352 0.000000
1641929007741924500 144.717839 0.000000
1641929008059518039 177.131687 0.000000
1641929008250122410 144.856568 0.000000
1641929008394681390 145.256769 0.000000
1641929008534217747 145.282827 0.000000
1641929008539516870 144.834589 0.000000
1641929008541097884 144.922253 0.000000
1641929008667319412 176.817077 0.000000
1641929008680053711 177.163195 0.000000
1641929008758664716 145.451855 0.000000
1641929008793793113 144.837053 0.000000
1641929008903864346 144.703221 0.000000
1641929009194246819 144.761690 0.000000
1641929009288147352 177.236673 0.000000
1641929009339021794 144.771920 0.000000
1641929009374660559 144.886816 0.000000
1641929009479660968 144.958230 0.000000
1641929009519889114 145.227142 0.000000
1641929009629531085 145.006400 0.000000
1641929009737717126 144.902707 0.000000
1641929009770409835 145.181425 0.000000
1641929010011395727 177.140644 0.000000
1641929010134102343 145.139266 0.000000
1641929010210748597 144.936989 0.000000
1641929010356259611 144.877838 0.000000
1641929010366338965 177.176822 0.000000
1641929010428926464 144.746663 0.000000
1641929010497803091 145.190005 0.000000
1641929010646310513 144.930578 0.000000
1641929010795791570 176.990803 0.000000
1641929010987035240 176.906566 0.000000
1641929011154641342 144.684005 0.000000
1641929011155586754 144.818727 0.000000
1641929011262035898 144.895232 0.000000
1641929011297391192 145.072784 0.000000
1641929011370155094 145.079716 0.000000
1641929011371462675 144.806654 0.000000
1641929011430381007 177.322866 0.000000
1641929011593875812 176.964875 0.000000
1641929011661289727 145.103151 0.000000
1641929011734525475 145.266116 0.000000
1641929011735097857 144.747183 0.000000
1641929012051909791 177.168917 0.000000
1641929012170254403 144.710154 0.000000
1641929012243558640 144.690177 0.000000
1641929012424359835 144.633119 0.000000
1641929012461479375 145.292205 0.000000
1641929012461642541 145.364170 0.000000
1641929012497179173 144.902745 0.000000
1641929012533982099 144.996872 0.000000
1641929012672900757 177.038243 0.000000
1641929012678516985 144.614094 0.000000
1641929012752264252 145.324877 0.000000
1641929012823807805 145.290108 0.000000
1641929012969967878 145.224029 0.000000
1641929013027799503 177.003659 0.000000
1641929013115448006 144.689395 0.000000
1641929013205292057 177.099888 0.000000
1641929013405860775 145.276797 0.000000
1641929013406539478 145.070320 0.000000
1641929013624070021 144.951326 0.000000
1641929013648667357 177.120987 0.000000
1641929013697614899 145.181157 0.000000
1641929013878982556 145.468065 0.000000
1641929013914984511 177.013656 0.000000
1641929014279071620 144.854184 0.000000
1641929014424312979 145.238764 0.000000
1641929014447207545 177.441047 0.000000
1641929014459832249 145.258402 0.000000
1641929014496884652 144.953290 0.000000
1641929014569246051 144.931228 0.000000
1641929014677616007 145.014425 0.000000
1641929014716017438 144.961685 0.000000
1641929014860343865 144.795997 0.000000
1641929014860972954 144.871768 0.000000
1641929014890941489 177.160092 0.000000
1641929014979264487 176.570926 0.000000
1641929015006070694 145.130181 0.000000
1641929015296277888 144.828055 0.000000
1641929015296317773 144.866958 0.000000
1641929015296895856 144.869974 0.000000
1641929015334033560 176.838949 0.000000
1641929015694872911 145.191197 0.000000
1641929015803808706 145.020665 0.000000
1641929015804483901 145.418891 0.000000
1641929015805214851 144.780184 0.000000
1641929015950308436 144.850268 0.000000
1641929016022948096 145.030405 0.000000
1641929016168468770 144.885252 0.000000
1641929016241162952 145.134348 0.000000
1641929016241776943 144.797256 0.000000
1641929016295363690 177.255730 0.000000
1641929016386870415 144.807457 0.000000
1641929016459742713 144.726947 0.000000
1641929016567282421 145.011278 0.000000
1641929016603969161 145.026497 0.000000
1641929016604063548 145.107389 0.000000
1641929016604579455 144.829318 0.000000
1641929016676415298 145.003314 0.000000
1641929016749226541 144.947259 0.000000
1641929016752375053 177.003158 0.000000
1641929016967529773 144.994587 0.000000
1641929017041056686 145.385189 0.000000
1641929017075997812 145.321691 0.000000
1641929017184960860 145.028691 0.000000
1641929017221651926 144.953591 0.000000
1641929017373441919 176.923536 0.000000
1641929017549597308 144.928334 0.000000
1641929017621685906 145.055151 0.000000
1641929017694101045 145.010477 0.000000
1641929017911961397 144.924696 0.000000
1641929018093868735 145.350583 0.000000
1641929018421752183 145.251721 0.000000
1641929018568535673 145.530611 0.000000
1641929018640042570 144.775497 0.000000
1641929018778744482 177.334607 0.000000
1641929018930396158 144.851328 0.000000
1641929018931485180 144.960694 0.000000
1641929019004126744 144.827735 0.000000
1641929019075906922 144.994135 0.000000
1641929019148381544 177.014658 0.000000
1641929019220907342 144.834058 0.000000
1641929019325552034 176.834630 0.000000
1641929019366576493 145.101557 0.000000
1641929019438719132 145.204300 0.000000
1641929019511605935 144.699644 0.000000
1641929019730733703 145.047969 0.000000
1641929020124043830 177.224652 0.000000
1641929020457211882 144.652025 0.000000
1641929020601892882 144.678265 0.000000
1641929020602449736 144.780126 0.000000
1641929020675119593 144.839267 0.000000
1641929020819837852 145.221162 0.000000
1641929020921971518 177.152657 0.000000
1641929020965679888 144.984979 0.000000
1641929021074430437 144.798360 0.000000
1641929021256337236 145.254416 0.000000
1641929021257453158 145.256881 0.000000
1641929021329934491 144.727727 0.000000
1641929021474373888 144.943462 0.000000
1641929021475272692 144.915639 0.000000
1641929021618632386 177.184287 0.000000
1641929021619312160 144.653258 0.000000
1641929021800962875 145.138127 0.000000
1641929021839054558 144.938942 0.000000
1641929022273633973 145.119021 0.000000
1641929022273790947 144.777121 0.000000
1641929022274614872 144.577496 0.000000
1641929022340985993 177.038353 0.000000
1641929022418829567 145.010497 0.000000
1641929022455259172 145.387764 0.000000
1641929022492149743 144.741664 0.000000
1641929022637493684 145.165647 0.000000
1641929022638389604 144.662444 0.000000
1641929022855263628 144.963399 0.000000
1641929022999911444 145.235698 0.000000
1641929023001251967 144.634742 0.000000
1641929023254335966 145.002372 0.000000
1641929023437228418 144.956984 0.000000
1641929023508848400 145.131584 0.000000
1641929023508873918 144.947519 0.000000
1641929023581670201 145.033462 0.000000
1641929023872405034 145.356926 0.000000
1641929023944844390 145.238035 0.000000
1641929024017981022 145.179745 0.000000
1641929024163093370 144.875765 0.000000
1641929024308720684 145.061453 0.000000
1641929024308757082 145.120814 0.000000
1641929024381051655 177.080683 0.000000
1641929024381574956 145.197809 0.000000
1641929024382080253 145.646961 0.000000
1641929024454050579 145.373017 0.000000
1641929024455277038 144.924245 0.000000
1641929024469602591 177.049083 0.000000
1641929024526772824 145.061683 0.000000
1641929024600928282 144.950620 0.000000
1641929024672938228 144.946449 0.000000
1641929024744657880 145.037479 0.000000
1641929024889970464 144.933915 0.000000
1641929024890815418 145.260627 0.000000
1641929025037289563 145.307418 0.000000
1641929025268063614 177.343427 0.000000
1641929025362683802 145.132893 0.000000
1641929025399779685 145.164372 0.000000
1641929025399911983 144.829064 0.000000
1641929025471722722 144.949599 0.000000
1641929025546645788 144.941154 0.000000
1641929025763827166 144.900228 0.000000
1641929025907929859 145.210539 0.000000
1641929025944209781 145.152579 0.000000
1641929025966718808 177.675820 0.000000
1641929025978097800 177.353075 0.000000
1641929026089085200 144.830635 0.000000
1641929026200040845 144.718050 0.000000
1641929026234061121 144.974448 0.000000
1641929026270821484 145.153563 0.000000
1641929026332887084 177.039686 0.000000
1641929026524932394 145.253480 0.000000
1641929026598434783 176.915905 0.000000
1641929026634720518 145.326326 0.000000
1641929026707620029 144.891451 0.000000
1641929026707739783 144.803917 0.000000
1641929026779483538 144.788208 0.000000
1641929026781037060 144.884939 0.000000
1641929026852529620 144.908018 0.000000
1641929026852529630 144.907137 0.000000
1641929026888624757 144.958014 0.000000
1641929026925618589 144.902861 0.000000
1641929026997822557 144.886765 0.000000
1641929027042206331 177.198919 0.000000
1641929027070388383 144.693631 0.000000
1641929027432911346 144.943159 0.000000
1641929027433651654 145.010113 0.000000
1641929027542017371 145.080726 0.000000
1641929027542404527 144.866985 0.000000
1641929027662955799 177.270453 0.000000
1641929027687197353 145.177056 0.000000
1641929027725258806 145.176345 0.000000
1641929027870090563 144.831186 0.000000
1641929028050460736 144.947617 0.000000
1641929028050487386 145.185603 0.000000
1641929028305052756 144.862747 0.000000
1641929028305224098 145.362674 0.000000
1641929028461284727 177.095933 0.000000
1641929028670811678 145.758447 0.000000
1641929028727509184 177.051639 0.000000
1641929028742467126 144.759163 0.000000
1641929028777841110 145.121913 0.000000
1641929028814303774 144.972371 0.000000
1641929028814590221 144.848439 0.000000
1641929028923088857 145.246504 0.000000
1641929029082031601 177.203014 0.000000
1641929029105177452 145.419582 0.000000
1641929029178682686 144.704018 0.000000
1641929029258886312 176.914193 0.000000
1641929029322930623 144.876826 0.000000
1641929029541352386 144.936324 0.000000
1641929029542608711 144.907530 0.000000
1641929029687361923 145.252088 0.000000
1641929029702821284 177.326254 0.000000
1641929030195931944 144.872445 0.000000
1641929030413501201 144.808325 0.000000
1641929030415006733 144.980878 0.000000
1641929030500941640 177.174960 0.000000
1641929030558809572 145.134134 0.000000
1641929030559873477 144.924062 0.000000
1641929030670336356 177.007127 0.000000
1641929030678194328 176.865812 0.000000
1641929030855823190 177.504008 0.000000
1641929031067678595 145.252758 0.000000
1641929031068344092 144.935834 0.000000
1641929031113338581 176.865511 0.000000
1641929031285601273 145.191022 0.000000
1641929031285684790 145.251456 0.000000
1641929031467976052 145.187937 0.000000
1641929031576392154 145.073822 0.000000
1641929031794234703 145.137833 0.000000
1641929031794457881 144.832692 0.000000
1641929032012699998 144.840494 0.000000
1641929032013249739 144.784870 0.000000
1641929032013632316 144.624680 0.000000
1641929032085877090 144.723425 0.000000
1641929032119210720 145.007940 0.000000
1641929032411496282 145.015485 0.000000
1641929032447632405 145.063654 0.000000
1641929032556468705 144.968856 0.000000
1641929032593175828 144.688810 0.000000
1641929032774295264 145.155135 0.000000
1641929032844815916 144.814830 0.000000
1641929033101989356 144.609884 0.000000
1641929033102506425 145.211311 0.000000
1641929033174048520 145.106063 0.000000
1641929033466168124 144.797535 0.000000
1641929033537842256 144.781824 0.000000
1641929033538069973 144.903012 0.000000
1641929033606116627 177.636195 0.000000
1641929033610299809 145.046551 0.000000
1641929033610966099 144.797324 0.000000
1641929033682909968 145.094252 0.000000
1641929033862266830 176.956281 0.000000
1641929033973690981 144.981008 0.000000
1641929033973919058 145.161628 0.000000
1641929034049634569 177.003339 0.000000
1641929034191638627 145.110862 0.000000
1641929034226513214 176.877994 0.000000
1641929034265261174 144.684373 0.000000
1641929034370075264 145.071970 0.000000
1641929034409857902 144.798657 0.000000
1641929034482419029 145.014322 0.000000
1641929034628672513 144.905106 0.000000
1641929034629078824 144.803595 0.000000
1641929034773316269 145.052222 0.000000
1641929034773381141 144.707486 0.000000
1641929035063730011 145.113374 0.000000
1641929035103743163 177.044576 0.000000
1641929035209326425 144.904146 0.000000
1641929035282577516 144.803346 0.000000
1641929035354644797 144.745968 0.000000
1641929035355398009 144.957966 0.000000
1641929035427524089 145.316427 0.000000
1641929035468738362 177.216458 0.000000
1641929035499595559 144.949320 0.000000
1641929035677799980 145.038928 0.000000
1641929035717583650 144.887814 0.000000
1641929035936757835 145.290930 0.000000
1641929036080896254 145.128155 0.000000
1641929036082570162 145.127203 0.000000
1641929036186184401 145.202812 0.000000
1641929036434163857 177.025330 0.000000
1641929036444770581 144.904716 0.000000
1641929036589501170 145.003350 0.000000
1641929036698158421 145.029687 0.000000
1641929036735357658 145.180971 0.000000
1641929036953096133 144.689411 0.000000
1641929037130831064 145.367362 0.000000
1641929037316404069 144.790311 0.000000
1641929037317504442 145.029550 0.000000
1641929037508797589 177.065476 0.000000
1641929037686155934 177.356462 0.000000
1641929037752274684 144.791323 0.000000
1641929037857050841 145.199046 0.000000
1641929037952231553 177.231587 0.000000
1641929038002264015 145.212093 0.000000
1641929038042893662 144.728444 0.000000
1641929038043659969 145.051741 0.000000
1641929038115028450 144.862055 0.000000
1641929038188200322 145.305577 0.000000
1641929038260851397 144.839213 0.000000
1641929038407309345 144.848821 0.000000
1641929038479733946 145.526822 0.000000
1641929038480357454 145.515571 0.000000
1641929038551426811 144.887890 0.000000
1641929038624351371 145.028637 0.000000
1641929038655868887 145.023759 0.000000
1641929038659989031 144.957254 0.000000
1641929038751535667 177.030481 0.000000
1641929038769251709 144.763611 0.000000
1641929038770361329 144.620984 0.000000
1641929038842308835 144.867789 0.000000
1641929038844234305 145.271125 0.000000
1641929038987467678 145.156459 0.000000
1641929039061218214 144.676707 0.000000
1641929039134599749 144.922318 0.000000
1641929039164909059 145.326606 0.000000
1641929039182471562 177.083671 0.000000
1641929039278978719 144.983012 0.000000
1641929039283324646 177.526730 0.000000
1641929039350880230 145.369538 0.000000
1641929039351761843 144.633799 0.000000
1641929039423226724 144.735659 0.000000
1641929039496777175 145.014551 0.000000
1641929039497539935 144.993663 0.000000
1641929039641306325 144.805398 0.000000
1641929039714180240 144.801233 0.000000
1641929039815597280 176.985796 0.000000
1641929039859109983 145.145557 0.000000
1641929039859665404 144.685124 0.000000
1641929040004297629 145.025622 0.000000
1641929040295271763 144.629702 0.000000
1641929040295663317 144.959961 0.000000
1641929040513186867 145.206321 0.000000
1641929040513474005 145.255523 0.000000
1641929040586775340 144.951953 0.000000
1641929040731712897 144.631564 0.000000
1641929040803802670 145.242140 0.000000
1641929040876921182 144.918351 0.000000
1641929041022147600 145.621720 0.000000
1641929041318036650 145.702782 0.000000
1641929041504729433 176.929310 0.000000
1641929041535750076 145.095172 0.000000
1641929041536812127 144.949199 0.000000
1641929041593567192 177.114176 0.000000
1641929041608752971 144.846387 0.000000
1641929041682690828 145.122063 0.000000
1641929041827704709 145.012799 0.000000
1641929041971396501 145.095614 0.000000
1641929041972792578 144.948608 0.000000
1641929042044531302 145.010473 0.000000
1641929042118448411 144.816129 0.000000
1641929042262915777 144.970519 0.000000
1641929042335760175 144.867928 0.000000
1641929042481108382 144.981390 0.000000
1641929042627481270 145.327067 0.000000
1641929042735979536 145.076428 0.000000
1641929042917657649 145.069986 0.000000
1641929043063497999 144.784661 0.000000
1641929043098450762 144.795891 0.000000
1641929043135339055 144.975909 0.000000
1641929043135530524 144.768039 0.000000
1641929043190993117 176.917959 0.000000
1641929043353238641 144.826319 0.000000
1641929043524205593 144.889887 0.000000
1641929043644873323 144.944560 0.000000
1641929043717594360 144.790141 0.000000
1641929043723817656 177.144403 0.000000
1641929043742133542 145.213054 0.000000
1641929043861398743 145.053495 0.000000
1641929044260390864 144.894096 0.000000
1641929044424381648 177.141248 0.000000
1641929044805563451 144.746388 0.000000
1641929044806638456 144.651501 0.000000
1641929044831623024 145.041813 0.000000
1641929044867210277 176.920594 0.000000
1641929044880325454 145.093670 0.000000
1641929044951882068 144.956804 0.000000
1641929045170603733 144.981198 0.000000
1641929045231088772 176.965298 0.000000
1641929045316227938 144.938740 0.000000
1641929045388144676 144.664344 0.000000
1641929045533585848 145.440572 0.000000
1641929045823993130 144.727854 0.000000
1641929045851880509 177.154843 0.000000
1641929045895664629 145.323953 0.000000
1641929045896808273 144.969529 0.000000
1641929045897402567 145.030944 0.000000
1641929045969336648 144.882143 0.000000
1641929046020724282 177.009089 0.000000
1641929046041032913 145.359848 0.000000
1641929046042284069 144.880800 0.000000
1641929046405640485 145.039518 0.000000
1641929046478575012 145.209528 0.000000
1641929046623065240 145.348527 0.000000
1641929046623577200 145.120339 0.000000
1641929046995380341 177.042152 0.000000
1641929047155743406 144.905347 0.000000
1641929047182174735 176.932426 0.000000
1641929047204264144 144.945192 0.000000
1641929047518535422 144.921265 0.000000
1641929047567996826 145.004272 0.000000
1641929047568317608 144.618629 0.000000
1641929047713884254 145.017998 0.000000
1641929047714469271 145.556257 0.000000
1641929047736216849 144.912450 0.000000
1641929047859124128 144.836368 0.000000
1641929047881622454 176.991136 0.000000
1641929047980499324 177.472379 0.000000
1641929048003737828 144.816159 0.000000
1641929048026615426 145.060889 0.000000
1641929048149612863 144.924553 0.000000
1641929048222985861 144.871393 0.000000
1641929048257467622 144.908924 0.000000
1641929048367603679 144.715491 0.000000
1641929048440617934 144.534530 0.000000
1641929048511651478 144.914865 0.000000
1641929048601536662 176.952745 0.000000
1641929048658336621 144.999643 0.000000
1641929048802445786 145.093790 0.000000
1641929048875397655 144.912080 0.000000
1641929048948000249 145.018068 0.000000
1641929049165740646 145.068562 0.000000
1641929049166630404 144.790050 0.000000
1641929049312447280 144.754594 0.000000
1641929049529674604 144.946733 0.000000
1641929049529706294 144.908613 0.000000
1641929049748538939 144.867967 0.000000
1641929050038663301 145.042624 0.000000
1641929050256765035 144.854883 0.000000
1641929050275642212 177.198233 0.000000
1641929050329257393 144.880911 0.000000
1641929050401979411 144.838241 0.000000
1641929050402782577 145.033187 0.000000
1641929050495132891 145.046822 0.000000
1641929050552747027 177.038355 0.000000
1641929050837802537 144.814226 0.000000
1641929050984141831 144.825577 0.000000
1641929051003212732 144.838841 0.000000
1641929051275231422 144.855273 0.000000
1641929051346128800 145.003941 0.000000
1641929051347751291 144.951343 0.000000
1641929051419538077 145.192485 0.000000
1641929051492952733 144.752249 0.000000
1641929051517562017 177.079312 0.000000
1641929051564131298 145.159734 0.000000
1641929051710441839 144.682879 0.000000
1641929051794464933 177.168239 0.000000
1641929051872000075 177.115119 0.000000
1641929051928080726 145.137392 0.000000
1641929051928646326 144.944099 0.000000
1641929052000588072 144.966171 0.000000
1641929052074091995 144.640098 0.000000
1641929052237473419 144.652824 0.000000
1641929052436841454 144.820778 0.000000
1641929052582925841 144.830997 0.000000
1641929052656069449 145.170122 0.000000
1641929052673172772 144.871564 0.000000
1641929052727413635 145.012698 0.000000
1641929052727890720 144.640230 0.000000
1641929052945853493 144.998341 0.000000
1641929053090867313 145.266984 0.000000
1641929053091266662 144.816901 0.000000
1641929053125058640 177.494010 0.000000
1641929053290595123 177.084541 0.000000
1641929053309150258 144.870402 0.000000
1641929053527051345 145.282543 0.000000
1641929053599831041 144.835805 0.000000
1641929053744800870 144.968716 0.000000
1641929053745952980 144.680366 0.000000
1641929053781263353 145.031552 0.000000
1641929053890344903 145.071056 0.000000
1641929053963709697 145.562789 0.000000
1641929054108178976 145.056119 0.000000
1641929054109268429 144.730639 0.000000
1641929054217179624 145.071959 0.000000
1641929054254993712 144.851396 0.000000
1641929054326642388 144.957584 0.000000
1641929054400633736 144.950281 0.000000
1641929054415469849 144.938178 0.000000
1641929054472619755 145.203096 0.000000
1641929054690111445 144.813825 0.000000
1641929054763756223 144.896359 0.000000
1641929055052928349 144.904504 0.000000
1641929055344334304 144.781956 0.000000
1641929055432084906 144.746239 0.000000
1641929055607981510 177.213833 0.000000
1641929055633743614 145.162118 0.000000
1641929055634090675 144.772938 0.000000
1641929055634314264 144.932937 0.000000
1641929055650077575 145.360450 0.000000
1641929055852515426 144.592921 0.000000
1641929055873654885 177.035931 0.000000
1641929055997468241 144.918471 0.000000
1641929056288307593 145.260553 0.000000
1641929056360697058 144.885009 0.000000
1641929056433835897 144.917649 0.000000
1641929056651255332 144.838441 0.000000
1641929057015152522 144.914383 0.000000
1641929057233477144 144.826958 0.000000
1641929057269980795 145.327537 0.000000
1641929057293054872 177.359647 0.000000
1641929057307654541 145.374075 0.000000
1641929057379234708 144.718145 0.000000
1641929057451505281 145.032916 0.000000
1641929057596580255 145.074623 0.000000
1641929057669841905 144.747150 0.000000
1641929057725914532 177.035049 0.000000
1641929057961606973 144.867587 0.000000
1641929058032786459 145.111132 0.000000
1641929058105866669 145.143663 0.000000
1641929058106691886 145.037274 0.000000
1641929058264004231 145.029559 0.000000
1641929058447363546 177.602603 0.000000
1641929058469329152 145.094500 0.000000
1641929058541827884 145.120400 0.000000
1641929058542124900 144.732964 0.000000
1641929058760625582 144.870782 0.000000
1641929058795062399 144.905637 0.000000
1641929058906414324 144.663022 0.000000
1641929058940099272 145.034679 0.000000
1641929058978042232 144.971240 0.000000
1641929059157814913 177.226267 0.000000
1641929059268252735 144.798928 0.000000
1641929059268949692 144.805070 0.000000
1641929059341089248 144.840705 0.000000
1641929059413208466 144.953296 0.000000
1641929059486049328 144.978164 0.000000
1641929059487871924 144.909274 0.000000
1641929059521524430 145.118686 0.000000
1641929059560109865 144.890009 0.000000
1641929059703545166 145.147120 0.000000
1641929059922216538 144.835747 0.000000
1641929060066914646 144.951814 0.000000
1641929060211960106 145.043366 0.000000
1641929060286167548 144.810739 0.000000
1641929060357508938 144.970539 0.000000
1641929060358630120 144.643595 0.000000
1641929060430307681 145.006688 0.000000
1641929060564916736 177.040499 0.000000
1641929060575704648 144.816820 0.000000
1641929060577554295 145.459774 0.000000
1641929060720959501 144.857138 0.000000
1641929060721327922 144.788389 0.000000
1641929060722204926 145.192446 0.000000
1641929060939642735 145.098729 0.000000
1641929061012801903 144.865452 0.000000
1641929061013053745 144.718366 0.000000
1641929061230069994 144.934492 0.000000
1641929061312737497 144.893544 0.000000
1641929061520539022 145.142212 0.000000
1641929061522018225 144.937248 0.000000
1641929061666788689 145.309714 0.000000
1641929061847682081 144.991229 0.000000
1641929061884976084 145.076378 0.000000
1641929061907697759 177.459133 0.000000
1641929062030068281 145.091506 0.000000
1641929062102143236 144.834003 0.000000
1641929062111164187 144.950581 0.000000
1641929062176802065 145.126952 0.000000
1641929062210749484 145.071470 0.000000
1641929062321071410 144.940844 0.000000
1641929062321573311 144.770725 0.000000
1641929062351182507 177.225726 0.000000
1641929062466193159 145.121258 0.000000
1641929062516735750 177.102594 0.000000
1641929062683165119 144.803207 0.000000
1641929062755741504 144.621425 0.000000
1641929062756418633 145.206461 0.000000
1641929062756498713 144.754965 0.000000
1641929062794068944 176.709088 0.000000
1641929062901840298 145.027837 0.000000
1641929062902978551 145.326997 0.000000
1641929063120462738 144.823745 0.000000
1641929063120711855 145.039840 0.000000
1641929063149012747 177.376077 0.000000
1641929063264103744 144.847297 0.000000
1641929063300226242 144.941377 0.000000
1641929063336821595 144.830918 0.000000
1641929063481956671 145.004381 0.000000
1641929063483084085 145.094120 0.000000
1641929063483335666 144.730418 0.000000
1641929063503946605 177.173457 0.000000
1641929063554657420 145.167317 0.000000
1641929063773686313 144.876634 0.000000
1641929063780294450 144.867155 0.000000
1641929063845949560 145.003031 0.000000
1641929063990423539 144.874299 0.000000
1641929064209174450 144.987570 0.000000
1641929064281860070 144.834525 0.000000
1641929064360996553 145.072029 0.000000
1641929064427031105 144.871844 0.000000
1641929064535236312 145.119369 0.000000
1641929064744519713 176.880729 0.000000
1641929064790043516 144.805180 0.000000
1641929064861577928 144.982612 0.000000
1641929064868419653 144.767387 0.000000
1641929064911583992 177.209887 0.000000
1641929065007845357 145.153281 0.000000
1641929065013295945 144.875060 0.000000
1641929065080292621 144.946344 0.000000
1641929065100166388 176.921467 0.000000
1641929065152446564 145.051210 0.000000
1641929065225911515 145.230627 0.000000
1641929065516442408 144.978863 0.000000
1641929065734707538 145.000123 0.000000
1641929065880374192 145.110682 0.000000
1641929065952536011 145.067231 0.000000
1641929066025177549 144.802595 0.000000
1641929066098887449 144.894476 0.000000
1641929066242430400 144.903112 0.000000
1641929066243072765 145.171845 0.000000
1641929066315258900 144.786524 0.000000
1641929066388647107 144.763121 0.000000
1641929066429527092 177.225687 0.000000
1641929066429882669 176.765033 0.000000
1641929066597026364 177.138982 0.000000
1641929066605446740 145.021655 0.000000
1641929066605901372 144.784520 0.000000
1641929066823474135 144.665187 0.000000
1641929066896425233 145.015133 0.000000
1641929066952120431 177.222351 0.000000
1641929066968918100 145.292611 0.000000
1641929067043846606 144.704791 0.000000
1641929067228080349 177.315805 0.000000
1641929067477328743 145.043015 0.000000
1641929067477702453 144.816601 0.000000
1641929067695435637 145.140778 0.000000
1641929067760072839 176.985477 0.000000
1641929067840353146 144.844803 0.000000
1641929067841209030 144.992200 0.000000
1641929067937189731 177.114969 0.000000
1641929067986134313 145.364816 0.000000
1641929068058876048 145.060375 0.000000
1641929068131437668 145.289308 0.000000
1641929068132620074 145.448176 0.000000
1641929068204670353 144.830147 0.000000
1641929068350877921 145.020743 0.000000
1641929068380798671 177.002988 0.000000
1641929068531475737 144.953065 0.000000
1641929068548463043 177.129254 0.000000
1641929068567702370 144.665798 0.000000
1641929068568558095 144.572103 0.000000
1641929068641106697 144.936435 0.000000
1641929068712686746 144.983945 0.000000
1641929068858394506 144.947335 0.000000
1641929068858590203 145.109749 0.000000
1641929069004801247 144.827641 0.000000
1641929069075810355 145.247510 0.000000
1641929069075845871 144.895039 0.000000
1641929069076175329 144.996790 0.000000
1641929069257010431 176.925754 0.000000
1641929069439037067 144.806411 0.000000
1641929069439139870 144.768761 0.000000
1641929069445161779 176.944890 0.000000
1641929069585361222 144.613248 0.000000
1641929069693128178 145.203254 0.000000
1641929069730327464 144.779401 0.000000
1641929069875817897 144.990205 0.000000
1641929069876281196 145.421555 0.000000
1641929069888583769 177.300676 0.000000
1641929070166406829 145.014981 0.000000
1641929070239150388 145.083620 0.000000
1641929070409738902 177.188396 0.000000
1641929070509314841 177.128804 0.000000
1641929070602783162 144.681627 0.000000
1641929070676246490 144.943538 0.000000
1641929070892580287 144.569655 0.000000
1641929070892827180 144.819553 0.000000
1641929070928254655 144.940401 0.000000
1641929071038968016 144.657705 0.000000
1641929071207637031 177.059415 0.000000
1641929071473276392 176.994833 0.000000
1641929071475227429 144.837371 0.000000
1641929071619694544 145.073351 0.000000
1641929071691186114 145.058614 0.000000
1641929071838658654 144.656691 0.000000
1641929071911712144 144.752220 0.000000
1641929072127923455 144.916908 0.000000
1641929072127954153 144.980037 0.000000
1641929072128395279 144.945441 0.000000
1641929072202344006 144.642814 0.000000
1641929072274769931 145.158432 0.000000
1641929072371255768 177.208134 0.000000
1641929072491585483 145.407137 0.000000
1641929072492077826 145.045239 0.000000
1641929072599750786 145.372103 0.000000
1641929072637094863 176.938659 0.000000
1641929072708965845 144.700632 0.000000
1641929072709752219 144.825747 0.000000
1641929072853765263 144.763992 0.000000
1641929072999298127 145.027005 0.000000
1641929073253106728 144.932086 0.000000
1641929073290765785 144.937247 0.000000
1641929073364450178 144.747832 0.000000
1641929073435050309 177.485283 0.000000
1641929073436728034 144.706124 0.000000
1641929073580699079 144.845925 0.000000
1641929073654558409 145.328380 0.000000
1641929073689417066 176.917247 0.000000
1641929073726775230 144.750957 0.000000
1641929073872790848 144.794098 0.000000
1641929073878013940 176.930093 0.000000
1641929073944254939 144.936395 0.000000
1641929074017766116 145.562639 0.000000
1641929074044145177 177.029939 0.000000
1641929074235309544 144.763892 0.000000
1641929074525848482 145.246846 0.000000
1641929074816868042 144.987451 0.000000
1641929074962039497 145.187355 0.000000
1641929075253165175 145.017317 0.000000
1641929075289134045 145.258711 0.000000
1641929075326982176 144.772627 0.000000
1641929075475109382 176.901989 0.000000
1641929075543985051 144.661250 0.000000
1641929075617018903 144.998682 0.000000
1641929075740098043 176.953926 0.000000
1641929075762448993 145.008690 0.000000
1641929075835068129 145.214647 0.000000
1641929075979821130 144.670096 0.000000
1641929076125260575 144.776582 0.000000
1641929076234015906 144.823303 0.000000
1641929076488938526 144.998952 0.000000
1641929076561719465 144.811300 0.000000
1641929076562390603 144.689372 0.000000
1641929076707029058 144.817591 0.000000
1641929076780663257 145.643740 0.000000
1641929076852453489 145.193959 0.000000
1641929076852701384 144.919194 0.000000
1641929076924772712 145.090985 0.000000
1641929076925691424 144.783087 0.000000
1641929076982453784 177.310334 0.000000
1641929077337018648 177.083619 0.000000
1641929077360328998 144.867937 0.000000
1641929077361956508 144.875000 0.000000
1641929077502893586 177.031732 0.000000
1641929077689476052 177.085613 0.000000
1641929077724525998 144.898172 0.000000
1641929077724561645 144.866994 0.000000
1641929077724764836 144.758701 0.000000
1641929077942423810 144.895459 0.000000
1641929078122561024 144.993120 0.000000
1641929078596865809 145.212854 0.000000
1641929078741010938 144.818401 0.000000
1641929078742929705 144.629827 0.000000
1641929078813788553 144.881542 0.000000
1641929078886797469 145.014453 0.000000
1641929078888258118 144.852100 0.000000
1641929078958783696 144.900917 0.000000
1641929078959806674 144.744493 0.000000
1641929079106294870 144.791695 0.000000
1641929079322414908 145.035674 0.000000
1641929079376077868 177.061650 0.000000
1641929079468053710 145.520209 0.000000
1641929079613904419 144.877875 0.000000
1641929079730599490 177.059343 0.000000
1641929079831159676 144.956983 0.000000
1641929079977970345 144.835917 0.000000
1641929080048756795 144.881093 0.000000
1641929080194393262 144.970238 0.000000
1641929080267177427 145.043396 0.000000
1641929080268291405 145.008480 0.000000
1641929080375297995 144.920425 0.000000
1641929080412295761 145.066697 0.000000
1641929080614387303 177.093659 0.000000
1641929080630434055 145.245615 0.000000
1641929080811653097 145.000354 0.000000
1641929080920833361 145.299826 0.000000
1641929080921943973 145.515480 0.000000
1641929080972179858 177.108025 0.000000
1641929080993803345 145.336866 0.000000
1641929080994310806 145.298493 0.000000
1641929081212755563 145.177427 0.000000
1641929081358217533 144.898313 0.000000
1641929081393240519 145.090805 0.000000
1641929081405886916 177.181483 0.000000
1641929081575247458 145.205299 0.000000
1641929081575867560 144.883336 0.000000
1641929081866893401 145.043866 0.000000
1641929082157339786 144.916827 0.000000
1641929082302765659 145.173760 0.000000
1641929082381535805 177.010071 0.000000
1641929082387854591 177.378272 0.000000
1641929082449083754 144.659305 0.000000
1641929082520705288 145.249971 0.000000
1641929082741982897 176.926816 0.000000
1641929082884670667 144.861335 0.000000
1641929082885638170 144.704130 0.000000
1641929083102437843 145.074864 0.000000
1641929083175336051 145.092868 0.000000
1641929083321048401 145.709594 0.000000
1641929083539127132 145.076116 0.000000
1641929083612302009 145.248690 0.000000
1641929083901987778 144.793579 0.000000
1641929083902133050 144.794680 0.000000
1641929083987929238 177.679536 0.000000
1641929084011714406 144.977170 0.000000
1641929084046895820 144.903644 0.000000
1641929084047251367 144.968365 0.000000
1641929084048036679 144.933791 0.000000
1641929084049069364 144.912971 0.000000
1641929084120813940 144.898484 0.000000
1641929084265159106 144.970118 0.000000
1641929084266682422 144.900167 0.000000
1641929084483739378 144.891100 0.000000
1641929084557013050 145.410824 0.000000
1641929084774401647 144.723936 0.000000
1641929085211154195 144.796643 0.000000
1641929085356231012 145.076166 0.000000
1641929085390589723 145.008961 0.000000
1641929085427630601 144.632213 0.000000
1641929085790515904 144.869500 0.000000
1641929085791477587 145.079332 0.000000
1641929085850482079 177.166063 0.000000
1641929085937122699 145.063481 0.000000
1641929086009961057 144.938068 0.000000
1641929086023259146 177.655162 0.000000
1641929086082833516 144.892032 0.000000
1641929086228464904 144.845885 0.000000
1641929086373288498 144.835416 0.000000
1641929086808642444 145.207034 0.000000
1641929086880548192 145.123547 0.000000
1641929086882509438 145.144656 0.000000
1641929086954116756 144.968324 0.000000
1641929087099981522 144.911208 0.000000
1641929087176428743 144.990395 0.000000
1641929087249442028 145.283226 0.000000
1641929087249502270 145.103778 0.000000
1641929087250548151 145.396387 0.000000
1641929087613420929 144.778277 0.000000
1641929087624881744 176.967462 0.000000
1641929087757776947 144.904506 0.000000
1641929087758169042 145.238001 0.000000
1641929087903501910 144.854872 0.000000
1641929087975983707 144.982670 0.000000
1641929088049334394 144.755725 0.000000
1641929088155983984 177.320193 0.000000
1641929088194004569 144.669263 0.000000
1641929088195092959 144.985856 0.000000
1641929088446988055 145.302983 0.000000
1641929088557726481 144.914595 0.000000
1641929088557863658 144.848541 0.000000
1641929088599388823 177.001306 0.000000
1641929088599426424 177.128084 0.000000
1641929088774545068 144.846636 0.000000
1641929088865188603 176.990005 0.000000
1641929088919690405 145.143965 0.000000
1641929088992976742 144.996078 0.000000
1641929089065438662 144.845133 0.000000
1641929089066128255 145.128325 0.000000
1641929089138619651 145.115350 0.000000
1641929089219528727 177.111802 0.000000
1641929089500234741 144.887493 0.000000
1641929089574429361 144.781233 0.000000
1641929089645482572 145.165357 0.000000
1641929089646693862 145.083172 0.000000
1641929089662747566 177.161658 0.000000
1641929089865181118 145.074123 0.000000
1641929089928731122 177.075005 0.000000
1641929090009322481 145.456488 0.000000
1641929090010447019 144.851894 0.000000
1641929090228235517 144.854241 0.000000
1641929090283226346 177.056789 0.000000
1641929090300256201 145.097226 0.000000
1641929090374147652 144.877335 0.000000
1641929090445705745 145.237576 0.000000
1641929090590803254 145.095957 0.000000
1641929090772588939 144.819968 0.000000
1641929090882225199 144.902452 0.000000
1641929090954744376 144.772367 0.000000
1641929090992240999 176.998360 0.000000
1641929091172387330 145.025412 0.000000
1641929091244883924 145.014669 0.000000
1641929091245137649 145.151396 0.000000
1641929091245175691 144.940931 0.000000
1641929091245216447 144.859619 0.000000
1641929091390648242 145.167179 0.000000
1641929091462902524 145.045629 0.000000
1641929091535490290 144.937476 0.000000
1641929091613506894 176.754513 0.000000
1641929091680612612 144.701373 0.000000
1641929091825710639 145.057000 0.000000
1641929091862395622 145.061459 0.000000
1641929091899182125 145.313011 0.000000
1641929091967799809 177.205809 0.000000
1641929092045110158 144.708427 0.000000
1641929092117805594 144.646769 0.000000
1641929092335032961 144.870350 0.000000
1641929092335748222 144.742832 0.000000
1641929092411026873 177.186633 0.000000
1641929092411547749 177.075945 0.000000
1641929092480125239 144.998953 0.000000
1641929092553049766 145.135338 0.000000
1641929092553112734 144.937838 0.000000
1641929092553264098 145.260583 0.000000
1641929092554060891 145.061771 0.000000
1641929092625538778 144.871293 0.000000
1641929092626606309 144.941805 0.000000
1641929092770822544 145.108327 0.000000
1641929092916714079 145.365680 0.000000
1641929092988562299 145.086438 0.000000
1641929093062425295 144.988692 0.000000
1641929093169905954 144.998643 0.000000
1641929093206881540 145.080234 0.000000
1641929093279042767 144.994074 0.000000
1641929093279159806 144.785083 0.000000
1641929093424591710 145.367113 0.000000
1641929093425235678 144.910367 0.000000
1641929093642837054 145.149444 0.000000
1641929093678157053 144.974363 0.000000
1641929093714789628 144.877713 0.000000
1641929093787775011 144.936775 0.000000
1641929093788172085 144.932197 0.000000
1641929094041655306 145.121854 0.000000
1641929094078389972 145.220899 0.000000
1641929094223896216 144.946815 0.000000
1641929094296390766 145.263558 0.000000
1641929094370025997 144.705131 0.000000
1641929094588535285 144.931176 0.000000
1641929094716186255 176.859669 0.000000
1641929094733185273 144.794969 0.000000
1641929094733591344 144.833932 0.000000
1641929094768664313 144.870632 0.000000
1641929094805223970 144.930573 0.000000
1641929094805267191 145.102075 0.000000
1641929094913843834 145.177558 0.000000
1641929094950126421 144.926817 0.000000
1641929094951486771 145.035269 0.000000
1641929095023315425 145.119458 0.000000
1641929095024260547 144.882704 0.000000
1641929095058991204 145.144213 0.000000
1641929095096622891 144.981570 0.000000
1641929095241152302 144.901419 0.000000
1641929095241705990 145.106273 0.000000
1641929095241724886 144.783478 0.000000
1641929095313282781 144.804438 0.000000
1641929095314342989 144.712084 0.000000
1641929095387300819 144.948667 0.000000
1641929095458296381 145.010013 0.000000
1641929095460639734 144.941404 0.000000
1641929095531877510 144.771086 0.000000
1641929095531890414 144.718527 0.000000
1641929095532345988 144.904165 0.000000
1641929095602564913 177.173779 0.000000
1641929095676612076 144.725349 0.000000
1641929095677962878 145.665912 0.000000
1641929095678293398 144.954639 0.000000
1641929095749736518 144.977712 0.000000
1641929095822468826 145.126452 0.000000
1641929095823118945 145.153913 0.000000
1641929096113085709 145.187425 0.000000
1641929096134980545 177.507804 0.000000
1641929096185386689 144.856698 0.000000
1641929096403190635 144.966172 0.000000
1641929096512467440 145.054315 0.000000
1641929096621110036 145.184921 0.000000
1641929096667207213 176.872835 0.000000
1641929096911534250 145.045000 0.000000
1641929096984673130 144.941917 0.000000
1641929097057464549 144.840796 0.000000
1641929097111339014 176.779409 0.000000
1641929097202738495 145.034437 0.000000
1641929097202960311 144.773669 0.000000
1641929097420924287 145.193827 0.000000
1641929097493725324 144.994744 0.000000
1641929097494328865 144.701634 0.000000
1641929097565394577 144.996727 0.000000
1641929097565695391 144.713867 0.000000
1641929097710858332 144.626927 0.000000
1641929097783274366 144.964790 0.000000
1641929097855711029 145.176124 0.000000
1641929097856503405 144.769171 0.000000
1641929097908793861 177.190950 0.000000
1641929098074891547 145.055560 0.000000
1641929098086043632 176.989523 0.000000
1641929098147244572 145.264681 0.000000
1641929098219973534 144.839823 0.000000
1641929098220134616 145.016445 0.000000
1641929098365503130 145.472409 0.000000
1641929098441393678 177.479445 0.000000
1641929098583884668 144.976149 0.000000
1641929098656522419 145.279849 0.000000
1641929098800693749 144.963435 0.000000
1641929098947480012 144.820919 0.000000
1641929099054396803 145.017606 0.000000
1641929099092867152 144.944220 0.000000
1641929099237273252 145.010654 0.000000
1641929099382707189 144.811880 0.000000
1641929099672914784 144.976337 0.000000
1641929099673532452 144.948044 0.000000
1641929099744801028 144.781234 0.000000
1641929099817877300 144.752773 0.000000
1641929099818330861 144.686439 0.000000
1641929099818731792 144.807115 0.000000
1641929099891049031 144.915956 0.000000
1641929099964575868 144.728996 0.000000
1641929100035820466 144.881642 0.000000
1641929100326267092 144.879678 0.000000
1641929100392103763 177.005173 0.000000
1641929100399269866 145.260461 0.000000
1641929100688789063 144.788998 0.000000
1641929100690111783 144.910777 0.000000
1641929100690984449 144.855674 0.000000
1641929100834341081 145.009902 0.000000
1641929100979057303 145.194469 0.000000
1641929100981198617 144.758952 0.000000
1641929101088358914 144.850894 0.000000
1641929101190643153 177.088508 0.000000
1641929101190998198 177.432192 0.000000
1641929101198300989 145.045670 0.000000
1641929101198712019 144.801642 0.000000
1641929101199421789 144.761126 0.000000
1641929101270315020 145.219226 0.000000
1641929101343235449 144.924752 0.000000
1641929101416567140 144.799678 0.000000
1641929101456344349 177.137921 0.000000
1641929101488773282 145.094962 0.000000
1641929101706156629 145.071177 0.000000
1641929101778661430 144.764073 0.000000
1641929101851852497 144.664053 0.000000
1641929101852117905 144.908653 0.000000
1641929102165282025 176.875988 0.000000
1641929102215635532 145.093899 0.000000
1641929102359157985 144.683339 0.000000
1641929102360013599 144.916296 0.000000
1641929102432765183 144.797434 0.000000
1641929102504899831 144.885230 0.000000
1641929102506509168 144.709911 0.000000
1641929102613262162 145.025944 0.000000
1641929102650320743 144.935734 0.000000
1641929102650824949 144.761517 0.000000
1641929102697119876 177.162016 0.000000
1641929102723764826 144.754253 0.000000
1641929102785876173 176.886900 0.000000
1641929102874333849 176.823952 0.000000
1641929103013410860 144.947236 0.000000
1641929103121514326 145.130418 0.000000
1641929103232139950 144.962914 0.000000
1641929103375462810 144.800811 0.000000
1641929103484436187 144.895821 0.000000
1641929103521461493 144.974693 0.000000
1641929103594744776 145.031423 0.000000
1641929103665941676 145.139919 0.000000
1641929103811263002 145.183047 0.000000
1641929103813405929 144.629660 0.000000
1641929103847844730 145.125850 0.000000
1641929103957575075 145.051600 0.000000
1641929103957934348 145.021433 0.000000
1641929104104035636 145.393371 0.000000
1641929104176187827 145.097206 0.000000
1641929104204677114 176.987488 0.000000
1641929104321545592 144.783889 0.000000
1641929104394966570 145.259210 0.000000
1641929104538397994 145.316617 0.000000
1641929104538725598 145.003791 0.000000
1641929104539344879 145.022266 0.000000
1641929104829628188 144.660629 0.000000
1641929104976344448 145.010332 0.000000
1641929105047720664 144.938628 0.000000
1641929105048479687 144.682549 0.000000
1641929105265304416 145.179991 0.000000
1641929105269451351 177.567797 0.000000
1641929105358069158 176.842077 0.000000
1641929105482375067 144.980998 0.000000
1641929105555528815 144.879007 0.000000
1641929105774246544 145.019342 0.000000
1641929105810011531 144.913181 0.000000
1641929105920180949 144.761806 0.000000
1641929106136123122 144.888632 0.000000
1641929106137226150 144.945338 0.000000
1641929106156453946 177.577663 0.000000
1641929106210727151 144.819446 0.000000
1641929106211223983 145.045199 0.000000
1641929106333737172 177.279399 0.000000
1641929106428041338 144.743443 0.000000
1641929106499897273 145.268679 0.000000
1641929106573240757 145.198307 0.000000
1641929106646440220 144.763310 0.000000
1641929106646502567 144.743543 0.000000
1641929107372651781 144.843020 0.000000
1641929107373291330 144.748393 0.000000
1641929107575794241 176.925364 0.000000
1641929107625578689 145.219545 0.000000
1641929107661439235 144.899435 0.000000
1641929108027496563 144.833791 0.000000
1641929108316152270 145.101644 0.000000
1641929108535215808 144.877554 0.000000
1641929108606741454 145.432626 0.000000
1641929108606749920 144.949991 0.000000
1641929108860398692 145.068632 0.000000
1641929108897051463 145.075385 0.000000
1641929108970933385 145.483250 0.000000
1641929109189869213 144.877775 0.000000
1641929109259914953 144.640599 0.000000
1641929109334627954 144.758310 0.000000
1641929109405289119 145.103578 0.000000
1641929109513665987 145.068321 0.000000
1641929109613310256 177.116041 0.000000
1641929109622667406 144.886520 0.000000
1641929109769824724 145.094291 0.000000
1641929109842634518 144.907200 0.000000
1641929109968268106 176.921415 0.000000
1641929109987922511 144.757619 0.000000
1641929110021894126 144.944650 0.000000
1641929110056672233 176.991839 0.000000
1641929110058810492 144.848019 0.000000
1641929110132215048 144.937366 0.000000
1641929110203733020 144.965709 0.000000
1641929110422711797 144.926155 0.000000
1641929110457674020 145.139795 0.000000
1641929110496598368 144.908431 0.000000
1641929110567162362 144.911830 0.000000
1641929110567453157 144.772939 0.000000
1641929110569694679 144.786284 0.000000
1641929110640014173 144.954239 0.000000
1641929110714783398 145.022315 0.000000
1641929110748328234 145.228724 0.000000
1641929110785621947 145.056631 0.000000
1641929110786153243 144.661570 0.000000
1641929110854997361 176.854900 0.000000
1641929111075279812 144.879267 0.000000
1641929111076202482 145.091474 0.000000
1641929111120874947 176.897950 0.000000
1641929111222676680 145.024660 0.000000
1641929111298771419 177.128933 0.000000
1641929111366436048 145.033125 0.000000
1641929111510709551 145.007699 0.000000
1641929111584589549 144.915606 0.000000
1641929111731057515 144.943979 0.000000
1641929111803453381 144.741429 0.000000
1641929111803498766 144.584855 0.000000
1641929112019848294 145.003989 0.000000
1641929112165902575 144.935603 0.000000
1641929112238057802 144.979095 0.000000
1641929112311503627 144.867267 0.000000
1641929112312029603 144.723557 0.000000
1641929112455633278 145.125268 0.000000
1641929112715715812 177.065956 0.000000
1641929112746903619 145.030602 0.000000
1641929112819169010 145.051581 0.000000
1641929112892367300 144.903762 0.000000
1641929112892821802 177.104347 0.000000
1641929112893034150 176.794366 0.000000
1641929113111141316 145.145157 0.000000
1641929113111185699 144.734196 0.000000
1641929113328530020 144.776713 0.000000
1641929113399493954 145.261873 0.000000
1641929113424788383 177.142009 0.000000
1641929113473898186 145.097340 0.000000
1641929113545503842 145.117445 0.000000
1641929113653986568 144.994673 0.000000
1641929113835957280 145.003090 0.000000
1641929113836489177 144.932507 0.000000
1641929113908027122 145.221695 0.000000
1641929113909684509 144.949355 0.000000
1641929113981327637 145.212581 0.000000
1641929114128283288 145.157430 0.000000
1641929114271947648 144.758331 0.000000
1641929114272870368 144.763741 0.000000
1641929114273688511 145.292322 0.000000
1641929114563456681 144.828299 0.000000
1641929114707431106 144.998935 0.000000
1641929114708292050 144.781287 0.000000
1641929114781010378 145.006494 0.000000
1641929114854478958 144.804767 0.000000
1641929114927048932 144.808748 0.000000
1641929115071326862 144.714198 0.000000
1641929115144156209 144.703447 0.000000
1641929115289840988 145.005796 0.000000
1641929115361939416 144.751807 0.000000
1641929115507274540 145.334622 0.000000
1641929115726387880 145.018880 0.000000
1641929115797580942 145.087699 0.000000
1641929115908237002 177.015060 0.000000
1641929115943759105 144.871223 0.000000
1641929115944320778 144.938669 0.000000
1641929115944793834 144.636203 0.000000
1641929116088946029 144.834634 0.000000
1641929116161123155 144.914334 0.000000
1641929116234997754 144.952485 0.000000
1641929116415304585 145.039748 0.000000
1641929116525568332 144.894166 0.000000
1641929116597176832 145.011045 0.000000
1641929116597202661 144.865302 0.000000
1641929116597593694 144.827310 0.000000
1641929116706362978 176.924371 0.000000
1641929116743662041 144.813244 0.000000
1641929116815353696 144.843290 0.000000
1641929116888060035 145.290057 0.000000
1641929116888844416 144.803725 0.000000
1641929116971966921 176.999582 0.000000
1641929117106433629 145.054887 0.000000
1641929117179605391 144.672552 0.000000
1641929117397245108 144.961132 0.000000
1641929117543349382 144.656259 0.000000
1641929117614903902 145.039879 0.000000
1641929117761443661 144.642903 0.000000
1641929117905622195 145.453213 0.000000
1641929118196462887 144.828891 0.000000
1641929118196645770 145.033775 0.000000
1641929118197319533 144.714377 0.000000
1641929118301954058 177.107123 0.000000
1641929118302176485 177.040618 0.000000
1641929118413965809 145.014891 0.000000
1641929118559841948 144.768011 0.000000
1641929118633732593 145.172965 0.000000
1641929118656591696 176.964925 0.000000
1641929118704923433 145.140796 0.000000
1641929118705550599 144.924642 0.000000
1641929118705850681 144.731189 0.000000
1641929118922862162 145.183638 0.000000
1641929118924560766 145.358986 0.000000
1641929119099908501 176.994602 0.000000
1641929119188548800 176.865000 0.000000
1641929119214797608 145.058364 0.000000
1641929119359088281 145.130568 0.000000
1641929119396361767 144.880981 0.000000
1641929119431884480 144.966361 0.000000
1641929119577220583 145.293313 0.000000
1641929119577601186 145.079502 0.000000
1641929119650435525 144.911187 0.000000
1641929119686910823 145.587355 0.000000
1641929119867795547 145.093247 0.000000
1641929119898567144 177.111151 0.000000
1641929120013924457 144.921546 0.000000
1641929120075599167 177.031432 0.000000
1641929120158429995 145.254243 0.000000
1641929120158623638 144.885982 0.000000
1641929120232236374 144.650036 0.000000
1641929120267487499 144.939039 0.000000
1641929120450620369 144.863357 0.000000
1641929120703195408 145.091035 0.000000
1641929120813393451 144.750175 0.000000
1641929120886338267 144.838993 0.000000
1641929121030204163 145.106341 0.000000
1641929121176069380 144.894789 0.000000
1641929121248635205 145.054506 0.000000
1641929121321969902 144.914944 0.000000
1641929121393690642 145.057921 0.000000
1641929121539548906 144.993372 0.000000
1641929121540656793 144.779341 0.000000
1641929121684692870 145.142812 0.000000
1641929121685387873 145.031904 0.000000
1641929121757021991 145.399273 0.000000
1641929121757406812 144.971151 0.000000
1641929121902612142 145.587756 0.000000
1641929121975917082 144.995045 0.000000
1641929122026349986 177.046781 0.000000
1641929122193964525 144.752290 0.000000
1641929122338696175 145.175793 0.000000
1641929122703084564 144.732832 0.000000
1641929122846606958 144.857427 0.000000
1641929122920961818 144.694603 0.000000
1641929122992066431 144.807642 0.000000
1641929122993810661 144.866762 0.000000
1641929123101392993 145.029293 0.000000
1641929123179521814 177.198244 0.000000
1641929123282552623 145.070456 0.000000
1641929123284028409 144.834104 0.000000
1641929123284523688 144.953547 0.000000
1641929123429584856 145.060477 0.000000
1641929123445765369 177.038114 0.000000
1641929123501222111 145.463794 0.000000
1641929123574260953 144.795751 0.000000
1641929123720492425 145.163170 0.000000
1641929124191171640 144.939228 0.000000
1641929124228711855 144.648423 0.000000
1641929124372767820 144.902862 0.000000
1641929124445776837 144.904345 0.000000
1641929124592432735 144.727203 0.000000
1641929124664507470 144.878786 0.000000
1641929124687970966 176.804406 0.000000
1641929124808522178 144.993072 0.000000
1641929124809300066 144.792195 0.000000
1641929124810265095 144.687869 0.000000
1641929124953737554 177.137560 0.000000
1641929124955850556 144.793918 0.000000
1641929125028127088 144.668041 0.000000
1641929125131119423 176.954006 0.000000
1641929125243720017 145.327466 0.000000
1641929125317344318 145.112313 0.000000
1641929125317732235 144.831447 0.000000
1641929125389435963 145.033657 0.000000
1641929125462630890 144.606367 0.000000
1641929125463402477 145.251777 0.000000
1641929125534944531 145.284818 0.000000
1641929125680799899 145.316177 0.000000
1641929125681170554 145.147340 0.000000
1641929125753042788 145.093999 0.000000
1641929125825842894 145.193737 0.000000
1641929125898479461 144.936074 0.000000
1641929125898479471 144.934321 0.000000
1641929126043562611 144.777657 0.000000
1641929126188953755 145.309721 0.000000
1641929126195493575 177.168256 0.000000
1641929126261100367 144.922818 0.000000
1641929126261293639 144.748611 0.000000
1641929126262292121 144.862384 0.000000
1641929126284035062 176.888573 0.000000
1641929126297307514 144.831428 0.000000
1641929126407050303 145.017227 0.000000
1641929126407069960 144.776907 0.000000
1641929126624819884 144.911027 0.000000
1641929126625040537 145.237218 0.000000
1641929126697246949 144.806471 0.000000
1641929126816165088 177.191592 0.000000
1641929126842455213 144.988161 0.000000
1641929126904803474 176.850101 0.000000
1641929126951019824 144.993111 0.000000
1641929126988224818 144.791612 0.000000
1641929127060721284 144.890477 0.000000
1641929127279521287 145.041882 0.000000
1641929127279986730 144.653144 0.000000
1641929127351573841 145.181547 0.000000
1641929127352822942 145.032918 0.000000
1641929127791480060 176.738774 0.000000
1641929127859690230 145.208415 0.000000
1641929127860865643 144.968224 0.000000
1641929127932868122 145.175472 0.000000
1641929128151086554 144.932457 0.000000
1641929128152355513 144.953166 0.000000
1641929128224455674 145.117563 0.000000
1641929128368430287 144.852669 0.000000
1641929128369557410 144.780854 0.000000
1641929128441339456 144.935202 0.000000
1641929128515245223 144.730919 0.000000
1641929128658991888 144.984605 0.000000
1641929128731730998 144.968495 0.000000
1641929128805436807 144.698104 0.000000
1641929128876915677 144.930853 0.000000
1641929128949778480 144.946096 0.000000
1641929129023256213 144.738823 0.000000
1641929129095385702 145.635495 0.000000
1641929129121429494 176.964866 0.000000
1641929129385945487 144.998440 0.000000
1641929129457841077 144.951803 0.000000
1641929129605409696 145.186363 0.000000
1641929129676433491 145.078972 0.000000
1641929129677243960 144.920956 0.000000
1641929129748568439 144.945172 0.000000
1641929129821639181 144.977562 0.000000
1641929129968154846 144.837960 0.000000
1641929130003098181 145.226737 0.000000
1641929130039507767 145.306249 0.000000
1641929130112525058 144.799938 0.000000
1641929130112980311 144.824183 0.000000
1641929130186139519 177.167487 0.000000
1641929130257343092 145.124348 0.000000
1641929130257777316 144.796394 0.000000
1641929130331067499 144.754384 0.000000
1641929130403176255 145.115257 0.000000
1641929130477073509 145.216810 0.000000
1641929130548256742 145.301912 0.000000
1641929130548961493 145.783054 0.000000
1641929130766704514 145.024629 0.000000
1641929130766849817 144.991097 0.000000
1641929130767349974 144.997549 0.000000
