1641930458582645744 201.856562 0.000000
1641930458800884669 182.296144 0.000000
1641930459334858515 169.512006 0.000000
1641930459903252772 200.277982 0.000000
1641930459955000822 179.600701 0.000000
1641930460281897072 198.315255 0.000000
1641930460318100560 183.119287 0.000000
1641930460750092729 200.279186 0.000000
1641930460917722407 193.526196 0.000000
1641930461191176440 185.705254 0.000000
1641930461330877753 206.313899 0.000000
1641930461515294309 184.413330 0.000000
1641930461578580190 160.952922 0.000000
1641930461873379037 112.593775 0.000000
1641930461873401970 112.663145 0.000000
1641930462075131885 201.727400 0.000000
1641930462305361627 113.830864 0.000000
1641930462484332647 178.964547 0.000000
1641930462643708051 221.304480 0.000000
1641930462853744578 210.036517 0.000000
1641930463179529393 186.129689 0.000000
1641930463377027504 197.491658 0.000000
1641930463470246178 182.199662 0.000000
1641930463597914543 184.548125 0.000000
1641930463737594705 179.174851 0.000000
1641930463778800903 180.922298 0.000000
1641930463827954910 209.532512 0.000000
1641930464086327641 258.407306 0.000000
1641930464086369219 258.409971 0.000000
1641930464086449660 238.156813 0.000000
1641930464138213078 177.195261 0.000000
1641930464179470502 93.163459 0.000000
1641930464594857020 179.264842 0.000000
1641930464954220534 190.726838 0.000000
1641930465030169242 250.890594 0.000000
1641930465030206441 240.605043 0.000000
1641930465298456880 180.213650 0.000000
1641930465452235532 313.446476 0.000000
1641930465452256651 297.728480 0.000000
1641930465842806950 180.843079 0.000000
1641930466283225915 205.526793 0.000000
1641930466884785684 282.701489 0.000000
1641930467983872717 254.745501 0.000000
1641930468101971141 183.983556 0.000000
1641930468163652924 179.752295 0.000000
1641930468713856698 185.881836 0.000000
1641930468749826509 190.780337 0.000000
1641930469473292531 174.225403 0.000000
1641930469530084136 174.639129 0.000000
1641930469883698111 177.709054 0.000000
1641930469965453184 195.236992 0.000000
1641930470191609150 252.010745 0.000000
1641930470783605220 178.204483 0.000000
1641930471328297672 148.370664 0.000000
1641930471549750610 221.465471 0.000000
1641930471549758104 221.490950 0.000000
1641930471944666593 214.309618 0.000000
1641930471955018570 97.245142 0.000000
1641930472463712447 123.269468 0.000000
1641930472606407632 142.694594 0.000000
1641930472740254116 181.129735 0.000000
1641930472930246649 143.408242 0.000000
1641930473119272659 189.014418 0.000000
1641930473180732625 133.315511 0.000000
1641930473367452471 186.738521 0.000000
1641930473367460546 186.723793 0.000000
1641930473494806095 137.649005 0.000000
1641930473703659524 208.887883 0.000000
1641930474017052028 184.015877 0.000000
1641930474017078959 184.075519 0.000000
1641930474464690497 206.335509 0.000000
1641930474632234385 203.570044 0.000000
1641930474817223676 184.914762 0.000000
1641930474849444901 201.535070 0.000000
1641930474849485537 216.920432 0.000000
1641930474870310045 206.919424 0.000000
1641930475018807517 169.331889 0.000000
1641930475049747519 200.249919 0.000000
1641930475080670840 194.876337 0.000000
1641930475111529379 92.718996 0.000000
1641930475414098622 209.586763 0.000000
1641930475634977636 210.417552 0.000000
1641930475819359919 184.368177 0.000000
1641930475829799480 194.830400 0.000000
1641930475840130628 205.131742 0.000000
1641930476418810384 228.985089 0.000000
1641930476609205450 190.391298 0.000000
1641930476738382793 221.948176 0.000000
1641930476764211744 181.104459 0.000000
1641930476779534188 180.731349 0.000000
1641930476989399624 225.173964 0.000000
1641930477174812961 185.407445 0.000000
1641930477174839350 185.412275 0.000000
1641930477216078980 190.391468 0.000000
1641930477226465892 92.816018 0.000000
1641930477934163904 316.847841 0.000000
1641930478200897909 266.527227 0.000000
1641930478201522380 267.139365 0.000000
1641930478262863934 92.260777 0.000000
1641930478739279841 167.820375 0.000000
1641930479115753990 180.133236 0.000000
1641930479126117217 190.504800 0.000000
1641930479573005412 93.222039 0.000000
1641930479978847347 200.750459 0.000000
1641930480029366383 188.706821 0.000000
1641930480239913226 210.528909 0.000000
1641930480239976345 220.827486 0.000000
1641930480444637995 204.690705 0.000000
1641930480742236190 205.280441 0.000000
1641930480937769238 93.186613 0.000000
1641930481469558030 181.101183 0.000000
1641930481705260852 235.743819 0.000000
1641930481715410028 178.648856 0.000000
1641930481931326427 225.985034 0.000000
1641930482115364226 184.024874 0.000000
1641930482141272455 195.026468 0.000000
1641930482162053682 215.808978 0.000000
1641930482365810937 177.854155 0.000000
1641930482588120051 227.513380 0.000000
1641930483355569836 220.889522 0.000000
1641930483360735711 210.435885 0.000000
1641930484098577432 177.772122 0.000000
1641930484502056508 207.061761 0.000000
1641930484697947786 180.254195 0.000000
1641930484931746298 171.981085 0.000000
1641930485635012432 177.874794 0.000000
1641930485943690537 231.424130 0.000000
1641930486068283187 124.566882 0.000000
1641930486371282106 196.054135 0.000000
1641930487298541440 220.000004 0.000000
1641930487298615980 220.186394 0.000000
1641930487298634885 220.218513 0.000000
1641930487592081387 267.681621 0.000000
1641930487817046239 224.993486 0.000000
1641930487817045858 260.881695 0.000000
1641930487857943507 261.107488 0.000000
1641930488033122999 216.070458 0.000000
1641930488500693654 185.337685 0.000000
1641930489144913015 205.994770 0.000000
1641930489524001746 220.473472 0.000000
1641930489653810734 181.251064 0.000000
1641930490264686868 175.787582 0.000000
1641930490489607346 199.071922 0.000000
1641930490489620511 193.862486 0.000000
1641930490618436177 210.829224 0.000000
1641930490820880671 192.430071 0.000000
1641930490866887608 186.902069 0.000000
1641930491042960564 176.091933 0.000000
1641930491182154375 175.155206 0.000000
1641930491774634863 185.948249 0.000000
1641930491774681089 185.986680 0.000000
1641930491953536342 178.894697 0.000000
1641930492549128574 235.613785 0.000000
1641930492758893752 180.118462 0.000000
1641930492800158058 196.001367 0.000000
1641930493145527377 201.572409 0.000000
1641930493166362446 170.857469 0.000000
1641930493191949573 191.238196 0.000000
1641930493222998008 90.646001 0.000000
1641930493396387654 178.562673 0.000000
1641930493679013872 282.615948 0.000000
1641930493950613157 271.550624 0.000000
1641930494186451013 235.826574 0.000000
1641930494987756716 210.281446 0.000000
1641930495044150185 179.432417 0.000000
1641930495214768757 252.556267 0.000000
1641930495230267721 180.870090 0.000000
1641930495458697289 244.011899 0.000000
1641930496016001203 276.669622 0.000000
1641930496124026804 128.108589 0.000000
1641930496323427572 235.275821 0.000000
1641930496695567066 181.132472 0.000000
1641930496705947847 165.654465 0.000000
1641930496881651481 180.916717 0.000000
1641930496992785890 224.549834 0.000000
1641930497138962150 201.353930 0.000000
1641930497378328730 234.213911 0.000000
1641930497378344420 107.917399 0.000000
1641930497806477503 201.476890 0.000000
1641930497837251503 180.335567 0.000000
1641930498195218659 292.578424 0.000000
1641930498468840607 180.581058 0.000000
1641930498586048461 189.577213 0.000000
1641930498766330427 180.229918 0.000000
1641930498945878228 179.543643 0.000000
1641930498991949236 225.684822 0.000000
1641930499306049436 205.642869 0.000000
1641930499306061439 92.731119 0.000000
1641930499326826997 93.067620 0.000000
1641930499419203972 180.243805 0.000000
1641930499603584052 184.387403 0.000000
1641930499675759416 168.895491 0.000000
1641930499788224059 184.636049 0.000000
1641930499849787198 174.405981 0.000000
1641930499854956048 179.510951 0.000000
1641930500204559525 303.463800 0.000000
1641930500204630498 139.064148 0.000000
1641930500251203965 185.649948 0.000000
1641930500426257813 221.638346 0.000000
1641930500509293897 93.413749 0.000000
1641930500672656526 194.411675 0.000000
1641930501665760266 246.237131 0.000000
1641930501953086304 266.755265 0.000000
1641930502066419585 113.315558 0.000000
1641930502148700854 195.595234 0.000000
1641930502410244699 205.484553 0.000000
1641930502630694054 220.652085 0.000000
1641930502630746913 123.844294 0.000000
1641930502702952385 196.084922 0.000000
1641930503021802400 185.201549 0.000000
1641930503186073832 180.069468 0.000000
1641930503386347888 180.032770 0.000000
1641930503448072389 179.853102 0.000000
1641930503759723749 178.937707 0.000000
1641930503997329288 181.020521 0.000000
1641930504190972343 214.445582 0.000000
1641930504355728805 180.057888 0.000000
1641930504566093135 179.307199 0.000000
1641930504612544436 164.170543 0.000000
1641930504612569763 179.799943 0.000000
1641930505101150575 180.465401 0.000000
1641930505219356300 93.109469 0.000000
1641930505463964307 197.982029 0.000000
1641930505788184718 222.098508 0.000000
1641930505829427244 176.103573 0.000000
1641930506004040374 159.215665 0.000000
1641930506004060111 174.629611 0.000000
1641930506004061874 174.631284 0.000000
1641930506250885843 169.140961 0.000000
1641930506682942101 108.287944 0.000000
1641930506682969363 206.333035 0.000000
1641930506975653135 292.680035 0.000000
1641930507087745760 240.200444 0.000000
1641930507284588703 196.734450 0.000000
1641930507381012624 210.229238 0.000000
1641930507503671097 219.030958 0.000000
1641930507810773409 215.746290 0.000000
1641930507960248213 185.687371 0.000000
1641930508139309532 179.097908 0.000000
1641930508381217436 210.966961 0.000000
1641930508572111807 190.846823 0.000000
1641930508797444478 178.693509 0.000000
1641930508972567204 226.248289 0.000000
1641930508982937414 190.710066 0.000000
1641930509075456215 200.442981 0.000000
1641930509152694239 180.136194 0.000000
1641930509173430243 200.920277 0.000000
1641930509255843269 180.365564 0.000000
1641930509514504290 181.459384 0.000000
1641930509627178576 185.047701 0.000000
1641930509981735247 188.715568 0.000000
1641930510178100596 191.156544 0.000000
1641930510178130101 196.377301 0.000000
1641930510544737855 180.998120 0.000000
1641930510924743535 181.227880 0.000000
1641930511355799857 181.153600 0.000000
1641930511676507354 158.598498 0.000000
1641930511893911773 217.400161 0.000000
1641930512176578035 184.730767 0.000000
1641930512565889200 101.361990 0.000000
1641930512571071054 106.505172 0.000000
1641930512750866268 169.330286 0.000000
1641930512791658089 189.494377 0.000000
1641930512965974872 184.614066 0.000000
1641930513146639938 180.683291 0.000000
1641930513162020101 196.029099 0.000000
1641930513516049895 200.381346 0.000000
1641930513614026267 97.969349 0.000000
1641930514108354553 212.291734 0.000000
1641930514380526702 246.361003 0.000000
1641930514561216403 180.716000 0.000000
1641930514602762198 222.170123 0.000000
1641930514613160851 223.409767 0.000000
1641930514833256976 230.468098 0.000000
1641930514833271393 230.341551 0.000000
1641930515073739258 173.676795 0.000000
1641930515552729069 222.127592 0.000000
1641930515846995557 200.889126 0.000000
1641930516160066168 212.287215 0.000000
1641930516170325742 217.366367 0.000000
1641930516425001071 223.546613 0.000000
1641930516609880105 184.855941 0.000000
1641930516812134693 186.589031 0.000000
1641930516992718175 180.634027 0.000000
1641930517033282148 221.106379 0.000000
1641930517612580804 184.787432 0.000000
1641930517666679261 89.983178 0.000000
1641930517821513421 198.682542 0.000000
1641930518000146667 178.625691 0.000000
1641930518000147138 168.477507 0.000000
1641930518193469782 198.579739 0.000000
1641930518501485926 246.658219 0.000000
1641930518907239184 118.040234 0.000000
1641930519283695972 205.836713 0.000000
1641930519314316004 220.911554 0.000000
1641930520287079512 200.879180 0.000000
1641930520510302968 223.217034 0.000000
1641930520796522522 178.254385 0.000000
1641930520914722967 210.819403 0.000000
1641930521094155381 194.991893 0.000000
1641930521295770560 196.169420 0.000000
1641930521422305951 188.417277 0.000000
1641930521473897467 178.154940 0.000000
1641930521994658956 184.356514 0.000000
1641930522046298132 184.074758 0.000000
1641930522153687981 179.672684 0.000000
1641930522240981716 194.680037 0.000000
1641930522381651594 196.915098 0.000000
1641930522418266014 177.275491 0.000000
1641930522607579953 236.077445 0.000000
1641930522623008646 204.732704 0.000000
1641930522824245125 201.217794 0.000000
1641930523037751807 182.856503 0.000000
1641930523218827132 196.626688 0.000000
1641930523353354474 180.823954 0.000000
1641930523759769633 184.339484 0.000000
1641930523760213124 184.708896 0.000000
1641930523790996192 127.955713 0.000000
1641930523935090219 175.344341 0.000000
1641930524150118172 184.073094 0.000000
1641930524160491128 173.986204 0.000000
1641930524330454431 200.781045 0.000000
1641930524570310598 239.645042 0.000000
1641930524672975610 102.834660 0.000000
1641930524900384484 201.880967 0.000000
1641930525198445806 205.076097 0.000000
1641930525286396754 169.350264 0.000000
1641930525439171625 240.718475 0.000000
1641930525665735454 205.829110 0.000000
1641930526029638787 107.546132 0.000000
1641930526169558339 216.792302 0.000000
1641930526452371757 257.047026 0.000000
1641930526899440166 180.581949 0.000000
1641930527120947546 216.379116 0.000000
1641930527306553484 159.734549 0.000000
1641930527496383911 189.838612 0.000000
1641930527496415460 189.856365 0.000000
1641930527548355068 185.569738 0.000000
1641930527666111582 216.020655 0.000000
1641930527857004831 190.904530 0.000000
1641930528237137037 155.756508 0.000000
1641930528482393539 194.489210 0.000000
1641930528812461193 108.785214 0.000000
1641930529115681677 134.496607 0.000000
1641930529208043564 221.748182 0.000000
1641930529336158796 220.464766 0.000000
1641930529516230890 128.540299 0.000000
1641930530081945770 97.168137 0.000000
1641930530189769823 113.094483 0.000000
1641930530205262627 123.306418 0.000000
1641930530210555760 123.264258 0.000000
1641930530399541243 209.722658 0.000000
1641930530559614463 180.622795 0.000000
1641930530621497935 180.686254 0.000000
1641930530995903347 189.825799 0.000000
1641930531176712792 206.532277 0.000000
1641930531228086631 211.270910 0.000000
1641930531660534702 184.037668 0.000000
1641930532101580010 239.348166 0.000000
1641930532399017123 185.216688 0.000000
1641930532791447775 210.378969 0.000000
1641930533301526568 205.765480 0.000000
1641930533301539362 226.539625 0.000000
1641930533410319437 182.239306 0.000000
1641930533664718317 182.099024 0.000000
1641930533732172681 184.224387 0.000000
1641930533839510813 210.640379 0.000000
1641930533839584481 210.757979 0.000000
1641930534128630381 196.116820 0.000000
1641930534128798296 191.076451 0.000000
1641930534373378902 244.657209 0.000000
1641930534842141100 164.811905 0.000000
1641930535582102862 205.782190 0.000000
1641930535793136198 211.021965 0.000000
1641930536021762324 228.621607 0.000000
1641930536650310896 200.133782 0.000000
1641930536845785434 195.370924 0.000000
1641930537402351935 171.045943 0.000000
1641930537606450799 167.875939 0.000000
1641930537606464515 167.911876 0.000000
1641930537992427602 220.304355 0.000000
1641930538250869262 231.457032 0.000000
1641930538508115992 257.229197 0.000000
1641930538728834263 220.797189 0.000000
1641930538728840945 220.403271 0.000000
1641930538791217549 159.621053 0.000000
1641930539137787700 196.194318 0.000000
1641930539137814780 180.743493 0.000000
1641930539247882810 228.603543 0.000000
1641930539448737594 133.785904 0.000000
1641930539494647879 179.690229 0.000000
1641930539664502118 169.853858 0.000000
1641930540042091296 212.952341 0.000000
1641930540322169778 279.842469 0.000000
1641930540604869162 173.972529 0.000000
1641930540604898527 194.589859 0.000000
1641930541288570466 185.173997 0.000000
1641930541360852420 93.331585 0.000000
1641930541458905066 191.390562 0.000000
1641930541931475934 186.819553 0.000000
1641930542261694390 180.856434 0.000000
1641930542533465016 91.784114 0.000000
1641930542794943869 137.867875 0.000000
1641930542794960229 245.960652 0.000000
1641930543736315276 117.149335 0.000000
1641930544250706412 206.634057 0.000000
1641930544451483991 91.812777 0.000000
1641930544544742168 93.210238 0.000000
1641930544755274594 303.701005 0.000000
1641930544755311002 288.492534 0.000000
1641930544971174432 215.854493 0.000000
1641930545203691290 207.072310 0.000000
1641930545381880784 178.429214 0.000000
1641930545591378470 188.722540 0.000000
1641930545755778114 190.235226 0.000000
1641930545827894727 174.871664 0.000000
1641930546001485229 209.583716 0.000000
1641930546001501540 219.915696 0.000000
1641930546073761553 143.164995 0.000000
1641930546073765590 143.190032 0.000000
1641930546073780528 143.185243 0.000000
1641930546207266188 205.761513 0.000000
1641930546465713778 155.162327 0.000000
1641930546670294246 93.680518 0.000000
1641930546670323190 93.663607 0.000000
1641930546874681883 261.519349 0.000000
1641930547261342919 180.712785 0.000000
1641930547277212659 180.810868 0.000000
1641930547465328301 188.131381 0.000000
1641930547949823934 207.802057 0.000000
1641930548102721714 204.364805 0.000000
1641930548266971186 174.734207 0.000000
1641930548461565664 205.002730 0.000000
1641930548683332069 221.726581 0.000000
1641930549138108508 186.134038 0.000000
1641930549443760881 175.631078 0.000000
1641930549546593396 179.770167 0.000000
1641930549660168179 185.497393 0.000000
1641930550394039546 230.557666 0.000000
1641930550466339624 179.256636 0.000000
1641930550629784096 189.339436 0.000000
1641930551070072465 184.672948 0.000000
1641930551153785797 237.612560 0.000000
1641930551153905622 191.611134 0.000000
1641930551694746714 232.330760 0.000000
1641930551786234762 91.467911 0.000000
1641930551987329015 283.272999 0.000000
1641930552029685359 310.134245 0.000000
1641930552461116864 236.784880 0.000000
1641930552461135869 236.811159 0.000000
1641930552465491885 225.645428 0.000000
1641930552465524547 209.833907 0.000000
1641930552465587194 204.750396 0.000000
1641930553092298673 223.345397 0.000000
1641930553437448318 251.704629 0.000000
1641930553540303166 102.835541 0.000000
1641930553837578755 169.417569 0.000000
1641930553904641524 179.629673 0.000000
1641930554095119455 180.062957 0.000000
1641930554454384785 183.274156 0.000000
1641930555125999711 303.408577 0.000000
1641930555399229763 273.119505 0.000000
1641930555686933959 287.747156 0.000000
1641930555938619192 261.805676 0.000000
1641930555953836289 266.375662 0.000000
1641930556315327951 93.683313 0.000000
1641930556658246054 190.200300 0.000000
1641930556658263537 200.531146 0.000000
1641930556865082171 186.052735 0.000000
1641930556865094163 201.522496 0.000000
1641930557025254999 175.481897 0.000000
1641930557117426650 180.003043 0.000000
1641930557452466724 209.914427 0.000000
1641930558254395635 91.783954 0.000000
1641930558454518255 214.946451 0.000000
1641930558685213870 246.193178 0.000000
1641930558749066521 186.221460 0.000000
1641930558958582833 209.507335 0.000000
1641930558979227835 183.287671 0.000000
1641930559247002510 180.461102 0.000000
1641930559637909245 195.612646 0.000000
1641930559844376848 227.216559 0.000000
1641930559947336896 102.988461 0.000000
1641930560070162110 225.830758 0.000000
1641930560126801309 179.458804 0.000000
1641930560191655669 121.461749 0.000000
1641930560222274809 106.855156 0.000000
1641930560392604349 260.721944 0.000000
1641930560485419124 92.825696 0.000000
1641930560495808000 103.201968 0.000000
1641930560952471687 169.427559 0.000000
1641930561049962639 97.468269 0.000000
1641930561301870208 175.263690 0.000000
1641930561302003568 267.426543 0.000000
1641930561415801059 113.794335 0.000000
1641930561590179910 288.213050 0.000000
1641930561590247537 278.078782 0.000000
1641930561775386568 185.102022 0.000000
1641930561775414691 185.096131 0.000000
1641930561867797838 92.365173 0.000000
1641930562268911066 180.009978 0.000000
1641930562438942988 241.937170 0.000000
1641930562728800100 123.465195 0.000000
1641930562870700644 178.093984 0.000000
1641930563106850103 200.323798 0.000000
1641930563106879979 200.379051 0.000000
1641930563598156343 203.191514 0.000000
