1641930445483841220 87.364458 0.000000
1641930445758534467 155.808709 0.000000
1641930445758715216 155.746613 0.000000
1641930445826161594 72.809282 0.000000
1641930445978234750 214.257981 0.000000
1641930446165134172 176.430387 0.000000
1641930446363257947 198.173738 0.000000
1641930446476832301 113.535861 0.000000
1641930446616804069 82.906031 0.000000
1641930446715553531 83.174573 0.000000
1641930446884369834 158.422077 0.000000
1641930447023758340 82.524424 0.000000
1641930447039384634 82.728428 0.000000
1641930447173439482 118.485230 0.000000
1641930447240552275 82.423486 0.000000
1641930447440689133 101.837891 0.000000
1641930447523238436 184.399607 0.000000
1641930447523354974 107.100758 0.000000
1641930447628434001 198.080684 0.000000
1641930448015886954 149.563271 0.000000
1641930448057160077 149.528175 0.000000
1641930448108633281 92.731299 0.000000
1641930448149872611 92.722874 0.000000
1641930448170437543 113.322300 0.000000
1641930448257864239 82.346963 0.000000
1641930448517174347 144.188935 0.000000
1641930448650103684 132.908698 0.000000
1641930448766708157 116.594194 0.000000
1641930448766733274 116.582312 0.000000
1641930448982967480 216.279330 0.000000
1641930449332460711 116.778029 0.000000
1641930449332481891 116.725601 0.000000
1641930449389466818 173.698626 0.000000
1641930449928490293 108.081426 0.000000
1641930449943945206 123.612191 0.000000
1641930450292666650 82.395484 0.000000
1641930450353969051 97.287631 0.000000
1641930450359315994 76.958631 0.000000
1641930450554926828 102.657136 0.000000
1641930450597903024 79.041726 0.000000
1641930450684150178 149.911534 0.000000
1641930450894317038 143.841062 0.000000
1641930450894360099 149.167788 0.000000
1641930451101588783 144.371246 0.000000
1641930451333230773 148.879779 0.000000
1641930451512908037 221.195337 0.000000
1641930451616161131 103.246482 0.000000
1641930451930973747 143.927605 0.000000
1641930451956819910 149.303092 0.000000
1641930451982476087 149.241718 0.000000
1641930452204006811 169.747498 0.000000
1641930452334307490 116.429646 0.000000
1641930452465469585 151.954623 0.000000
1641930452562728242 97.233380 0.000000
1641930452567908143 102.431204 0.000000
1641930452604187884 98.724776 0.000000
1641930452702209922 155.312238 0.000000
1641930452919492101 149.780387 0.000000
1641930452919506198 165.267920 0.000000
1641930453102741924 183.245043 0.000000
1641930453422548191 172.897545 0.000000
1641930453422594057 126.269302 0.000000
1641930453458828414 162.501085 0.000000
1641930453674463807 174.365706 0.000000
1641930453883703250 209.415533 0.000000
1641930454068907012 179.899068 0.000000
1641930454068930897 164.275649 0.000000
1641930454167455008 226.714893 0.000000
1641930454167556698 98.706542 0.000000
1641930454275256408 107.685934 0.000000
1641930454550679703 105.166151 0.000000
1641930454591619982 113.684100 0.000000
1641930454606999022 82.393229 0.000000
1641930454637841762 81.943856 0.000000
1641930454803091288 129.178595 0.000000
1641930454803112999 124.119811 0.000000
1641930454931208134 76.442713 0.000000
1641930455758923308 87.779226 0.000000
1641930456091367147 176.122930 0.000000
1641930456517555064 186.875749 0.000000
1641930456660647243 112.479841 0.000000
1641930457113300002 210.106768 0.000000
1641930457528253758 168.090984 0.000000
1641930457631516783 77.601968 0.000000
1641930457789719778 142.789482 0.000000
1641930457877680766 87.977599 0.000000
1641930458036261952 168.889922 0.000000
1641930458326498025 175.706279 0.000000
1641930458403564538 77.033000 0.000000
1641930458528035880 83.125913 0.000000
1641930458696196001 178.492651 0.000000
1641930458773163931 76.981075 0.000000
1641930458829692553 113.001541 0.000000
1641930458834811069 118.103676 0.000000
1641930458964917364 83.395609 0.000000
1641930459130548355 144.613681 0.000000
1641930459544755863 82.483288 0.000000
1641930459678894397 128.960376 0.000000
1641930459678915216 123.918154 0.000000
1641930459725586940 77.705893 0.000000
1641930459863313610 106.409391 0.000000
1641930459863312858 137.697546 0.000000
1641930459863353455 95.975130 0.000000
1641930459972089358 108.713912 0.000000
1641930460049432730 82.504337 0.000000
1641930460236891291 187.452830 0.000000
1641930460236905247 166.665641 0.000000
1641930460458093349 200.509748 0.000000
1641930460458149565 200.590169 0.000000
1641930460553513550 95.330082 0.000000
1641930460558413225 100.272166 0.000000
1641930460761062343 78.902215 0.000000
1641930461036915283 82.779874 0.000000
1641930461259706861 129.873139 0.000000
1641930461383519387 88.977643 0.000000
1641930461654354180 87.797892 0.000000
1641930461947004299 154.822028 0.000000
1641930462131097560 142.945733 0.000000
1641930462208746677 77.661780 0.000000
1641930462405814722 82.739478 0.000000
1641930462484360068 140.454804 0.000000
1641930462815135388 152.588381 0.000000
1641930462846000791 82.448324 0.000000
1641930462856252800 92.681718 0.000000
1641930463125338604 150.137738 0.000000
1641930463504665742 166.937069 0.000000
1641930463504711608 166.854043 0.000000
1641930463525565663 187.845215 0.000000
1641930463525565913 187.495669 0.000000
1641930463639725233 114.142309 0.000000
1641930463751986305 143.999410 0.000000
1641930463823653306 86.965170 0.000000
1641930464050119573 174.880331 0.000000
1641930464106601517 149.292211 0.000000
1641930464106632806 149.292643 0.000000
1641930464282197148 175.631558 0.000000
1641930464493016754 200.435409 0.000000
1641930464493065525 210.820347 0.000000
1641930464729499398 143.935530 0.000000
1641930464819004539 99.681728 0.000000
1641930465024683277 82.488128 0.000000
1641930465024698857 82.561285 0.000000
1641930465040134553 97.999465 0.000000
1641930465381118592 218.021436 0.000000
1641930465469684272 88.664966 0.000000
1641930465490865108 77.835425 0.000000
1641930465490872623 77.865482 0.000000
1641930465511497828 98.430584 0.000000
1641930465614799043 82.630624 0.000000
1641930465672287825 83.463275 0.000000
1641930465728801779 82.567726 0.000000
1641930465759670908 82.166034 0.000000
1641930465769859047 81.991936 0.000000
1641930465795396642 81.898041 0.000000
1641930465800562716 81.944047 0.000000
1641930466002871988 186.763669 0.000000
1641930466085364873 82.426000 0.000000
1641930466318994408 79.566260 0.000000
1641930466324185009 84.782428 0.000000
1641930466368805738 76.302010 0.000000
1641930466562561924 172.907823 0.000000
1641930466593200351 77.758201 0.000000
1641930466942748644 210.299108 0.000000
1641930467025041526 82.292781 0.000000
1641930467580310906 139.684560 0.000000
1641930467791058146 211.032584 0.000000
1641930468242474567 236.647884 0.000000
1641930468346393751 103.894587 0.000000
1641930468606906743 212.952222 0.000000
1641930468674640702 153.263658 0.000000
1641930468674711895 187.843673 0.000000
1641930468874080370 199.432535 0.000000
1641930469010221050 120.664136 0.000000
1641930469421818415 168.376871 0.000000
1641930469586004247 108.679607 0.000000
1641930470028521796 98.228896 0.000000
1641930470054203791 82.622369 0.000000
1641930470258274054 78.252317 0.000000
1641930470305322503 125.225615 0.000000
1641930470487892549 307.813535 0.000000
1641930470801689702 77.536925 0.000000
1641930471140698337 189.327954 0.000000
1641930471510391615 221.029174 0.000000
1641930471817805050 193.385971 0.000000
1641930472079759306 156.106978 0.000000
1641930472086094552 152.078956 0.000000
1641930472590841481 169.650026 0.000000
1641930472605747755 91.988968 0.000000
1641930472632075720 97.744678 0.000000
1641930472914993365 86.922440 0.000000
1641930472925303974 97.258357 0.000000
1641930473130042148 97.914397 0.000000
1641930473245306148 120.402192 0.000000
1641930473296901782 151.371940 0.000000
1641930473544112438 88.181019 0.000000
1641930473662672978 180.663031 0.000000
1641930473806551712 143.858716 0.000000
1641930473806616012 108.123345 0.000000
1641930473943656998 137.092522 0.000000
1641930473943682726 137.092702 0.000000
1641930473948720991 142.115609 0.000000
1641930474041605868 97.958168 0.000000
1641930474640027665 77.276958 0.000000
1641930474722725455 82.691318 0.000000
1641930474826403896 82.931088 0.000000
1641930475113046042 178.170388 0.000000
1641930475159724990 141.741598 0.000000
1641930475349202014 189.489808 0.000000
1641930475462226647 148.942637 0.000000
1641930475677878901 215.609755 0.000000
1641930475738125924 85.452945 0.000000
1641930475975142008 78.782600 0.000000
1641930476406084037 155.841720 0.000000
1641930476573681685 97.954722 0.000000
1641930476645457470 82.227408 0.000000
1641930476751463014 162.281482 0.000000
1641930476751475418 172.769805 0.000000
1641930476798180493 152.714648 0.000000
1641930477085191511 76.387911 0.000000
1641930477293809619 177.725455 0.000000
1641930477293875111 208.644057 0.000000
1641930477577997434 82.936358 0.000000
1641930477670716340 139.175667 0.000000
1641930477924808556 74.694137 0.000000
1641930477940475216 90.404049 0.000000
1641930477971435074 77.385541 0.000000
1641930478033800299 98.627794 0.000000
1641930478192419986 122.478375 0.000000
1641930478254455511 88.035767 0.000000
1641930478290557952 98.155729 0.000000
1641930478407936997 215.568227 0.000000
1641930478408231329 158.894854 0.000000
1641930478680454815 194.449668 0.000000
1641930478862002274 83.204009 0.000000
1641930478960218676 103.494387 0.000000
1641930478960234396 113.907098 0.000000
1641930479771008961 162.629225 0.000000
1641930479771012207 100.693356 0.000000
1641930479867566944 96.524270 0.000000
1641930480034300041 166.716005 0.000000
1641930480256885663 181.236457 0.000000
1641930480256902194 176.177624 0.000000
1641930480405403413 189.640871 0.000000
1641930480523846654 118.418504 0.000000
1641930480707634954 76.911212 0.000000
1641930480888409875 105.680494 0.000000
1641930480888449409 105.763460 0.000000
1641930480980592456 92.326841 0.000000
1641930481431054299 98.316821 0.000000
1641930481666284925 240.425094 0.000000
1641930481666346601 157.714751 0.000000
1641930481666373100 152.536935 0.000000
1641930481824119642 157.843453 0.000000
1641930481824139689 157.789943 0.000000
1641930482456424647 72.801237 0.000000
1641930482577432586 84.725932 0.000000
1641930482788770021 102.973049 0.000000
1641930482799024745 113.203618 0.000000
1641930482814405098 128.569614 0.000000
1641930483021527712 134.860026 0.000000
1641930483240235274 149.989660 0.000000
1641930483316007782 168.636416 0.000000
1641930483516311171 77.424443 0.000000
1641930483542261600 103.359834 0.000000
1641930483659562369 174.161593 0.000000
1641930484013176595 157.034015 0.000000
1641930484090145916 77.012071 0.000000
1641930484560885782 169.907218 0.000000
1641930484811285966 147.227671 0.000000
1641930484981360548 170.059013 0.000000
1641930485460136510 98.607927 0.000000
1641930485470280406 108.798140 0.000000
1641930485532073908 82.302339 0.000000
1641930486109307774 204.859892 0.000000
1641930486543894515 149.909699 0.000000
1641930486564678027 77.724005 0.000000
1641930486626360490 82.478919 0.000000
1641930486631615993 87.719033 0.000000
1641930487039574706 104.609959 0.000000
1641930487039641691 212.748560 0.000000
1641930487117370647 77.815848 0.000000
1641930487127729696 88.097923 0.000000
1641930487565630080 179.087578 0.000000
1641930488385374079 147.441842 0.000000
1641930488831272917 247.560260 0.000000
1641930488831376581 237.303823 0.000000
1641930488924662730 93.283795 0.000000
1641930488955376278 123.798350 0.000000
1641930489246989202 157.771086 0.000000
1641930489262414980 126.680441 0.000000
1641930489396676074 134.494742 0.000000
1641930489496007206 99.371417 0.000000
1641930489628224428 137.448940 0.000000
1641930489900714113 98.113409 0.000000
1641930490066069698 139.427729 0.000000
1641930490192382171 152.273922 0.000000
1641930490253942415 141.218687 0.000000
1641930490362679808 170.214831 0.000000
1641930490527509520 164.841383 0.000000
1641930490760961713 155.931899 0.000000
1641930490952979150 150.933498 0.000000
1641930491025242589 87.786019 0.000000
1641930491415370064 231.514850 0.000000
1641930491415436729 231.609177 0.000000
1641930491594586665 76.840099 0.000000
1641930491857139249 128.860888 0.000000
1641930491857168845 164.818417 0.000000
1641930491888170082 149.559161 0.000000
1641930491934427450 77.343905 0.000000
1641930492335176287 241.716667 0.000000
1641930492705287096 195.696282 0.000000
1641930493068167705 199.222074 0.000000
1641930493149883103 81.722462 0.000000
1641930493155080737 86.909005 0.000000
1641930493414113294 108.443474 0.000000
1641930493434927614 129.216156 0.000000
1641930493445161078 139.417069 0.000000
1641930493995048218 88.066264 0.000000
1641930494036596507 97.920577 0.000000
1641930494200631486 143.300368 0.000000
1641930494299285699 124.110525 0.000000
1641930494464545776 134.116794 0.000000
1641930494465083764 119.428528 0.000000
1641930494530948999 97.441771 0.000000
1641930494598093351 82.581612 0.000000
1641930494696656653 145.100183 0.000000
1641930494696667473 150.364362 0.000000
1641930495365670075 190.650294 0.000000
1641930495653566963 195.389348 0.000000
1641930495758353060 104.793792 0.000000
1641930496184188887 80.921020 0.000000
1641930496391313854 77.841775 0.000000
1641930496422444795 103.629259 0.000000
1641930496469020289 77.698921 0.000000
1641930496624744278 145.398022 0.000000
1641930497104806239 156.172980 0.000000
1641930497230666384 255.846044 0.000000
1641930497436286360 205.679107 0.000000
1641930497565845390 129.637708 0.000000
1641930497642873861 76.994137 0.000000
1641930497648077636 82.123824 0.000000
1641930497766398548 200.489809 0.000000
1641930497962428838 77.443921 0.000000
1641930497998767761 113.728061 0.000000
1641930498299537922 149.468993 0.000000
1641930498304763398 118.445144 0.000000
1641930498376737154 77.209712 0.000000
1641930498397207649 97.647325 0.000000
1641930498541867246 154.871000 0.000000
1641930498653678293 117.123166 0.000000
1641930498874963568 221.152976 0.000000
1641930499127048330 190.377683 0.000000
1641930499563780594 161.198673 0.000000
1641930499635404565 76.346735 0.000000
1641930499691518709 127.733197 0.000000
1641930499722230944 81.644205 0.000000
1641930499798906354 86.811241 0.000000
1641930499814459241 86.954841 0.000000
1641930499995583245 145.342017 0.000000
1641930500164900517 195.042568 0.000000
1641930500164911357 210.389338 0.000000
1641930500576716712 199.825976 0.000000
1641930500788433048 211.727857 0.000000
1641930500973846825 169.883684 0.000000
1641930501091571829 117.731296 0.000000
1641930501540156820 207.058682 0.000000
1641930501913561017 187.344477 0.000000
1641930502481766848 81.412670 0.000000
1641930503008741575 77.761055 0.000000
1641930503054942746 98.141882 0.000000
1641930503166497374 157.751991 0.000000
1641930503176919882 142.431309 0.000000
1641930503259276352 92.811179 0.000000
1641930503279821087 102.895344 0.000000
1641930503285002970 108.055097 0.000000
1641930503464895818 77.401030 0.000000
1641930503552914463 82.893557 0.000000
1641930503700796571 184.262629 0.000000
1641930503716535687 153.097676 0.000000
1641930503936933717 75.125705 0.000000
1641930504095685142 158.736447 0.000000
1641930504300899218 205.252067 0.000000
1641930504531892191 153.575381 0.000000
1641930505085895407 116.428153 0.000000
1641930505394391179 82.098485 0.000000
1641930506252416523 76.435870 0.000000
1641930506303880762 103.141806 0.000000
1641930506308937482 108.092527 0.000000
1641930506319212213 118.407103 0.000000
1641930506437266524 154.056473 0.000000
1641930506561113964 134.300025 0.000000
1641930506561324118 124.070338 0.000000
1641930506729448093 168.375947 0.000000
1641930506920025351 190.622963 0.000000
1641930507120248479 184.246477 0.000000
1641930507353697727 233.423579 0.000000
1641930507353710802 233.461080 0.000000
1641930507551364285 135.449540 0.000000
1641930507551392718 197.663692 0.000000
1641930507551421963 197.747860 0.000000
1641930507551448302 197.720588 0.000000
1641930507740436371 189.010460 0.000000
1641930507817693131 77.490508 0.000000
1641930508100464480 190.840942 0.000000
1641930508126480692 165.512590 0.000000
1641930508655382371 108.379214 0.000000
1641930508865415882 210.022841 0.000000
1641930508891148692 148.817532 0.000000
1641930508917139546 97.998093 0.000000
1641930509035886856 170.392968 0.000000
1641930509325501445 155.909167 0.000000
1641930509325517354 150.830907 0.000000
1641930509330817930 130.049508 0.000000
1641930509702780813 214.517176 0.000000
1641930509753839712 197.625170 0.000000
1641930509962255971 77.740327 0.000000
1641930510075439932 82.203493 0.000000
1641930510080597671 82.121389 0.000000
1641930510116527217 82.133883 0.000000
1641930510303373028 161.192450 0.000000
1641930510411485582 108.213753 0.000000
1641930510590291641 135.984683 0.000000
1641930510872044302 148.397294 0.000000
1641930510892690165 158.695368 0.000000
1641930511206847933 175.426844 0.000000
1641930511206889761 195.948216 0.000000
1641930511320714024 113.835273 0.000000
1641930511588388221 129.388921 0.000000
1641930511641262813 84.014799 0.000000
1641930511838806459 166.448143 0.000000
1641930512050014702 200.684965 0.000000
1641930512137062156 92.245849 0.000000
1641930512306917026 154.105525 0.000000
1641930512552832393 100.965486 0.000000
1641930512687551154 83.025405 0.000000
1641930512787738701 157.423054 0.000000
1641930513045432198 237.123094 0.000000
1641930513266448879 133.350346 0.000000
1641930513383458641 117.117906 0.000000
1641930514068343366 211.012426 0.000000
1641930514068815290 155.126157 0.000000
1641930514182184238 113.895345 0.000000
1641930514341281521 169.430014 0.000000
1641930514341292562 174.629380 0.000000
1641930514515603515 174.335539 0.000000
1641930514597888862 82.264407 0.000000
1641930514643813535 128.233975 0.000000
1641930514789847939 156.309997 0.000000
1641930514795038609 151.222250 0.000000
1641930514908003510 123.387709 0.000000
1641930514923546168 128.505024 0.000000
1641930515035155457 162.639664 0.000000
1641930515171240951 120.433211 0.000000
1641930515181540058 110.070054 0.000000
1641930515318648739 183.808188 0.000000
1641930515318685077 173.461511 0.000000
1641930515329203025 137.391642 0.000000
1641930515707240375 82.953220 0.000000
1641930515753770273 77.724847 0.000000
1641930515927275024 77.352160 0.000000
1641930516120611033 177.772392 0.000000
1641930516773152964 201.959824 0.000000
1641930516778508524 145.802789 0.000000
1641930516892161686 119.016055 0.000000
1641930517312336759 230.017584 0.000000
1641930517605581934 149.489131 0.000000
1641930517791884137 82.910839 0.000000
1641930517939009827 188.606923 0.000000
1641930518206832452 76.977237 0.000000
1641930518289404316 82.567295 0.000000
1641930518580683795 118.160390 0.000000
1641930518750477540 195.495136 0.000000
1641930518752816244 146.261149 0.000000
1641930519040411015 192.688995 0.000000
1641930519040822617 182.827047 0.000000
1641930519200591239 159.767470 0.000000
1641930519252088499 133.905136 0.000000
1641930519400061858 147.968811 0.000000
1641930519457171196 148.051103 0.000000
1641930519467581011 77.717441 0.000000
1641930519572303372 135.907423 0.000000
1641930519696118723 123.831841 0.000000
1641930519706436175 134.161777 0.000000
1641930519783978389 129.283612 0.000000
1641930519783987797 118.944099 0.000000
1641930519985079594 150.065239 0.000000
1641930520067990274 173.730956 0.000000
1641930520244225765 171.009023 0.000000
1641930520442683395 97.565062 0.000000
1641930520473672168 82.420571 0.000000
1641930520602411580 118.264986 0.000000
1641930520663507234 158.807219 0.000000
1641930520720241902 117.781009 0.000000
1641930520829447414 150.620752 0.000000
1641930520855066973 134.814391 0.000000
1641930520916985558 87.531372 0.000000
1641930521219608723 152.010727 0.000000
1641930521260973128 146.557164 0.000000
1641930521378840529 86.915107 0.000000
1641930521569660490 82.726103 0.000000
1641930522084166743 149.106103 0.000000
1641930522480264119 148.263864 0.000000
1641930522919081922 153.866086 0.000000
1641930522924416022 143.672206 0.000000
1641930522986277431 77.610353 0.000000
1641930523143637707 147.036663 0.000000
1641930523164381024 141.653131 0.000000
1641930523231195417 97.936397 0.000000
1641930523351672110 141.216052 0.000000
1641930523404841394 89.352636 0.000000
1641930523404853136 89.386279 0.000000
1641930524426131112 160.015154 0.000000
1641930524530198603 227.961059 0.000000
1641930524530210625 186.443738 0.000000
1641930524530213971 104.100101 0.000000
1641930524679671623 149.359508 0.000000
1641930524679776940 149.588086 0.000000
1641930524889154922 209.389684 0.000000
1641930525121485902 82.495380 0.000000
1641930525219359523 149.232400 0.000000
1641930525255238844 118.348984 0.000000
1641930525432799148 177.545507 0.000000
1641930525510060507 172.690455 0.000000
1641930525520522259 87.775719 0.000000
1641930525921280753 146.160651 0.000000
1641930526004680399 98.668149 0.000000
1641930526191660511 181.773722 0.000000
1641930526288811558 97.193416 0.000000
1641930526515336945 102.251647 0.000000
1641930526955857068 87.849679 0.000000
1641930526966152769 98.147945 0.000000
1641930526981811855 103.235872 0.000000
1641930527069543872 82.579047 0.000000
1641930527194507205 192.027876 0.000000
1641930527317627824 123.111141 0.000000
1641930527322868088 118.025778 0.000000
1641930527626837386 226.863441 0.000000
1641930527627019788 149.842473 0.000000
1641930527792225652 82.631066 0.000000
1641930527891979816 140.999716 0.000000
1641930527892012949 177.200911 0.000000
1641930528197229395 159.413636 0.000000
1641930528243557904 161.609611 0.000000
1641930528363473726 166.192614 0.000000
1641930528458898955 95.473028 0.000000
1641930528582294750 218.929929 0.000000
1641930528659403302 77.120504 0.000000
1641930528814399346 139.461222 0.000000
1641930528814409235 134.303934 0.000000
1641930528941245159 126.843578 0.000000
1641930528941316903 219.474820 0.000000
1641930529166983090 148.649237 0.000000
1641930529322296559 98.801659 0.000000
1641930529419644503 97.370837 0.000000
1641930529543336854 164.450468 0.000000
1641930529543348556 169.657209 0.000000
1641930529543424158 221.153668 0.000000
1641930529759090668 210.505185 0.000000
1641930529856827471 97.694243 0.000000
1641930530267833225 153.741622 0.000000
1641930530267865315 143.500854 0.000000
1641930530396988527 103.323966 0.000000
1641930530545860960 122.907337 0.000000
1641930531097988411 144.433243 0.000000
1641930531549554091 217.058501 0.000000
1641930531678900491 129.243558 0.000000
1641930531860831509 77.857046 0.000000
1641930532090921539 82.156445 0.000000
1641930532485247324 156.104542 0.000000
1641930532564127717 79.218256 0.000000
1641930532610941839 125.948781 0.000000
1641930532626374740 141.138316 0.000000
1641930532673033168 82.797277 0.000000
1641930532802409455 150.160059 0.000000
1641930532852367718 158.471249 0.000000
1641930532930134435 77.805218 0.000000
1641930533048652515 154.815997 0.000000
1641930533188437895 139.805017 0.000000
1641930533642766745 174.233657 0.000000
1641930533800310185 157.575029 0.000000
1641930533876224698 75.908062 0.000000
1641930533886522213 86.157235 0.000000
1641930534261552226 165.351407 0.000000
1641930534574558335 93.286962 0.000000
1641930534724596123 160.513998 0.000000
1641930534750102579 165.133518 0.000000
1641930534938652495 152.427348 0.000000
1641930535150001402 195.905525 0.000000
1641930535310298303 82.887387 0.000000
1641930535620810115 77.515945 0.000000
1641930536718520065 199.325527 0.000000
1641930536723824930 153.062600 0.000000
1641930536919117081 200.553495 0.000000
1641930537113990055 184.491422 0.000000
1641930537296690927 182.722332 0.000000
1641930537473997726 177.324703 0.000000
1641930537706901010 232.871584 0.000000
1641930537734821169 108.450347 0.000000
1641930537919515378 184.765332 0.000000
1641930537919992783 138.609736 0.000000
1641930538002245578 82.766798 0.000000
1641930538159314948 110.234530 0.000000
1641930538159404316 136.504237 0.000000
1641930538592275782 117.878041 0.000000
1641930538802877037 112.746761 0.000000
1641930538808128231 117.955106 0.000000
1641930539217158503 82.375366 0.000000
1641930539737046253 152.540861 0.000000
1641930539783992099 199.496646 0.000000
1641930539835150655 98.080056 0.000000
1641930540002113982 161.910745 0.000000
1641930540295180152 178.780873 0.000000
1641930540945937487 203.169132 0.000000
1641930540945967213 244.326078 0.000000
1641930541115380135 169.415186 0.000000
1641930541240495563 125.101161 0.000000
1641930541240567357 125.220676 0.000000
1641930541405069953 82.663796 0.000000
1641930541415404176 82.641955 0.000000
1641930541517135508 138.029077 0.000000
1641930541633359708 116.236002 0.000000
1641930541820385086 186.970375 0.000000
1641930541820423368 186.939036 0.000000
1641930542041608965 221.065231 0.000000
1641930542118828996 77.182470 0.000000
1641930542153726747 112.113765 0.000000
1641930542282831985 93.106342 0.000000
1641930542779702506 219.366145 0.000000
1641930542780509890 220.263939 0.000000
1641930542902193234 122.416729 0.000000
1641930542917460285 136.961346 0.000000
1641930543087028417 164.505241 0.000000
1641930543112575819 76.837704 0.000000
1641930543128011666 92.232624 0.000000
1641930543272851080 144.829385 0.000000
1641930543364447172 220.843366 0.000000
1641930543460131717 187.434695 0.000000
1641930543460194244 187.437200 0.000000
1641930543460210164 187.373160 0.000000
1641930543490784350 126.330556 0.000000
1641930543521574681 157.092464 0.000000
1641930543637079944 176.846997 0.000000
1641930543849953469 93.321506 0.000000
1641930543870804186 83.216782 0.000000
1641930544079037863 187.397215 0.000000
1641930544156200767 77.308087 0.000000
1641930544335703061 158.831874 0.000000
1641930544520125079 189.591659 0.000000
1641930544525418493 189.611988 0.000000
1641930544904757272 83.114961 0.000000
1641930544914927228 82.986532 0.000000
1641930545194506271 180.967481 0.000000
1641930545204746288 154.768106 0.000000
1641930545588296533 98.033459 0.000000
1641930545709688270 136.849715 0.000000
1641930545786654216 76.974993 0.000000
1641930545906150520 140.229552 0.000000
1641930545906232634 114.421591 0.000000
1641930545957930310 160.893972 0.000000
1641930545963102234 160.955647 0.000000
1641930545968332760 140.472337 0.000000
1641930545983778636 77.668632 0.000000
1641930546040917011 72.581546 0.000000
1641930546040941266 77.829945 0.000000
1641930546046149750 77.839743 0.000000
1641930546150069484 83.118608 0.000000
1641930546160461605 83.282386 0.000000
1641930546181153616 83.133137 0.000000
1641930546371887245 144.162975 0.000000
1641930546402810156 87.467672 0.000000
1641930546583082124 149.235445 0.000000
1641930546753878528 143.957661 0.000000
1641930546842253741 232.345298 0.000000
1641930547077237534 138.948060 0.000000
1641930547222923335 72.737959 0.000000
1641930547374561726 187.749216 0.000000
1641930547374581222 182.624197 0.000000
1641930547425778568 187.155171 0.000000
1641930547476857735 102.292773 0.000000
1641930547676405107 199.537714 0.000000
1641930547676462104 118.029134 0.000000
1641930547676590304 118.196828 0.000000
1641930547759642639 201.195292 0.000000
1641930548207038282 139.408022 0.000000
1641930548207053401 180.642624 0.000000
1641930548248969278 145.554946 0.000000
1641930548458564938 92.053398 0.000000
1641930548642673968 168.631976 0.000000
1641930548758918657 223.143658 0.000000
1641930548954466572 159.373189 0.000000
1641930548959551825 164.434647 0.000000
1641930548959581450 164.434648 0.000000
1641930549135201087 175.577138 0.000000
1641930549317563454 146.359744 0.000000
1641930549379243252 102.526512 0.000000
1641930549394554486 117.854317 0.000000
1641930550196202059 82.552377 0.000000
1641930550221974984 77.214360 0.000000
1641930550474866058 119.907145 0.000000
1641930550485125601 113.916364 0.000000
1641930550595050822 141.017528 0.000000
1641930550610597598 135.722583 0.000000
1641930550812031217 144.538100 0.000000
1641930551142056881 149.066328 0.000000
1641930551287408635 114.169148 0.000000
1641930551302904725 83.167029 0.000000
1641930551422329474 192.214184 0.000000
1641930551422600983 129.996137 0.000000
1641930551505214836 82.882267 0.000000
1641930551683699905 173.219026 0.000000
1641930551735143042 80.802687 0.000000
1641930551786924876 103.256560 0.000000
1641930551971260803 199.896688 0.000000
1641930551971312910 179.192704 0.000000
1641930552056552896 85.381661 0.000000
1641930552449953326 254.698942 0.000000
1641930552450070255 169.932745 0.000000
1641930552609353787 82.967065 0.000000
1641930552614407230 82.844856 0.000000
1641930552780003807 149.951768 0.000000
1641930552780307186 139.945600 0.000000
1641930552929219445 149.306418 0.000000
1641930553159711558 142.752291 0.000000
1641930553719862548 167.328904 0.000000
1641930553776896377 224.407587 0.000000
1641930553987699170 169.148066 0.000000
1641930553988105792 133.630271 0.000000
1641930554044976154 82.811934 0.000000
1641930554075882993 88.168304 0.000000
1641930554179365949 82.821041 0.000000
1641930554287371221 128.675452 0.000000
1641930554287413571 149.418999 0.000000
1641930554495591212 208.174596 0.000000
1641930554495914959 151.727206 0.000000
1641930554778180800 180.255126 0.000000
1641930554879495821 101.255519 0.000000
1641930555009380740 213.001223 0.000000
1641930555086832295 197.073585 0.000000
1641930555359337778 190.093349 0.000000
1641930555366310340 145.647719 0.000000
1641930555448657292 89.314856 0.000000
1641930555628655768 190.392260 0.000000
1641930555847197939 171.764219 0.000000
1641930555932491866 85.290020 0.000000
1641930556157200867 209.065666 0.000000
1641930556576274596 123.630955 0.000000
1641930556627456364 87.015103 0.000000
1641930556793587603 83.986656 0.000000
1641930556834966885 87.988628 0.000000
1641930557006177306 150.446255 0.000000
1641930557042325210 149.951096 0.000000
1641930557182952579 207.869013 0.000000
1641930557203563066 197.406619 0.000000
1641930557203567184 197.419293 0.000000
1641930557366635851 183.691337 0.000000
1641930557592825608 226.138772 0.000000
1641930557592900549 215.803176 0.000000
1641930557839611337 159.795501 0.000000
1641930557963763420 108.482357 0.000000
1641930558077226714 108.206279 0.000000
1641930558217209083 82.766829 0.000000
1641930558547314245 149.707179 0.000000
1641930558706101848 158.784957 0.000000
1641930558851654859 205.820161 0.000000
1641930559196478385 107.520724 0.000000
1641930559278939782 82.452460 0.000000
1641930559325126486 82.425670 0.000000
1641930559361084394 82.135316 0.000000
1641930559397036071 82.088868 0.000000
1641930559584934065 167.588150 0.000000
1641930559805366600 137.881680 0.000000
1641930559805385606 143.092850 0.000000
1641930559919694876 114.947667 0.000000
1641930559966369194 83.006249 0.000000
1641930560152062285 159.726712 0.000000
1641930560152075600 170.069772 0.000000
1641930560493445721 119.121742 0.000000
1641930560503854384 129.552216 0.000000
1641930560645661283 173.014122 0.000000
1641930560896936727 76.795906 0.000000
1641930561283837363 262.801732 0.000000
1641930561376592597 92.781433 0.000000
1641930561514266717 230.077755 0.000000
1641930561622131368 107.889027 0.000000
1641930561642574060 92.480200 0.000000
1641930561735782995 185.633289 0.000000
1641930561977078340 194.816914 0.000000
1641930562242193660 108.663847 0.000000
1641930562673950455 108.361249 0.000000
1641930562981854219 155.370096 0.000000
1641930562982119246 155.605387 0.000000
1641930563067683888 85.807137 0.000000
1641930563162223168 94.560810 0.000000
1641930563413189073 167.874477 0.000000
1641930563590501352 177.308672 0.000000
