1649622266537586512 391.403596 0.000000
1649622266635221463 452.513050 0.000000
1649622266635253644 452.602939 0.000000
1649622267187457050 552.232482 0.000000
1649622267187568179 552.311259 0.000000
1649622267910930776 723.387234 0.000000
1649622268231230558 320.280747 0.000000
1649622268441136010 402.066214 0.000000
1649622269946151775 290.756396 0.000000
1649622269974234945 318.994827 0.000000
1649622270672922752 180.204669 0.000000
1649622271090457558 417.526160 0.000000
1649622271848578798 464.730787 0.000000
1649622272504043283 655.455789 0.000000
1649622272891734579 609.484614 0.000000
1649622272891765547 613.702321 0.000000
1649622272891819237 709.844524 0.000000
1649622273139536205 247.766851 0.000000
1649622273263964088 372.217246 0.000000
1649622273577653949 685.955278 0.000000
1649622273577715946 685.928328 0.000000
1649622273855843213 278.082824 0.000000
1649622274270128197 414.234278 0.000000
1649622274836787313 341.094148 0.000000
1649622274836808112 341.088437 0.000000
1649622274970949605 475.175277 0.000000
1649622274970949615 475.215282 0.000000
1649622275193414540 356.621867 0.000000
1649622275346846056 375.887684 0.000000
1649622277253089333 572.044263 0.000000
1649622277942313438 591.877765 0.000000
1649622278099436635 345.239560 0.000000
1649622278219360582 378.423440 0.000000
1649622279907191959 421.427892 0.000000
1649622280350093180 222.199660 0.000000
1649622280519916627 333.776910 0.000000
1649622280591767059 405.658370 0.000000
1649622280615601882 429.491640 0.000000
1649622282007163818 479.966970 0.000000
1649622282007179477 515.156421 0.000000
1649622282821232404 271.084967 0.000000
1649622283278677189 469.924431 0.000000
1649622283401086507 407.299946 0.000000
1649622283686831196 408.177501 0.000000
1649622283869551322 345.765826 0.000000
1649622284459101191 589.596686 0.000000
1649622287674634599 368.946925 0.000000
1649622288309242753 178.306460 0.000000
1649622288873524940 564.285182 0.000000
1649622288873556399 564.284431 0.000000
1649622288958793618 85.255092 0.000000
1649622290014320397 606.642744 0.000000
1649622290021361157 613.704704 0.000000
1649622290752287161 498.880706 0.000000
1649622290752293563 498.911865 0.000000
1649622291306754790 449.952549 0.000000
1649622291510768726 262.998938 0.000000
1649622291614398876 307.641170 0.000000
1649622292175082879 527.927010 0.000000
1649622292251342196 453.655232 0.000000
1649622292864966429 454.465087 0.000000
1649622293733869645 379.726073 0.000000
1649622293888821391 534.659124 0.000000
1649622296004994718 452.923908 0.000000
1649622296471559611 456.709747 0.000000
1649622298437473777 97.264315 0.000000
1649622298767931565 330.454111 0.000000
1649622299235440336 775.533912 0.000000
1649622300116576015 334.201645 0.000000
1649622300421568570 633.505825 0.000000
1649622300514356444 397.775660 0.000000
1649622300922462551 319.615250 0.000000
1649622300922489512 342.182677 0.000000
1649622301678378242 398.049482 0.000000
1649622302413119773 363.011780 0.000000
1649622302585836879 448.413270 0.000000
1649622302712512616 440.406701 0.000000
1649622304141919255 388.837794 0.000000
1649622304518142428 376.199889 0.000000
1649622304518407455 376.345663 0.000000
1649622304819138731 301.006351 0.000000
1649622305137160032 518.777889 0.000000
1649622305692069528 429.937235 0.000000
1649622306687536868 458.181764 0.000000
1649622306687580369 392.790813 0.000000
1649622308197764073 344.127452 0.000000
1649622308442222302 327.490162 0.000000
1649622308676643844 434.741231 0.000000
1649622309592480396 357.495904 0.000000
1649622309743192825 343.959979 0.000000
1649622310127048357 383.840925 0.000000
1649622310127056282 383.884857 0.000000
1649622310854140921 709.085036 0.000000
1649622312277722528 444.527406 0.000000
1649622312696022986 524.673971 0.000000
1649622313164865537 580.913957 0.000000
1649622313416607170 338.164984 0.000000
1649622313483006211 404.537996 0.000000
1649622313801304391 384.676151 0.000000
1649622314097639013 594.893907 0.000000
1649622314097652638 296.379625 0.000000
1649622314097657778 296.373244 0.000000
1649622315280908353 244.106708 0.000000
1649622315902604426 270.253055 0.000000
1649622316557233200 715.658138 0.000000
1649622316557297580 715.679448 0.000000
1649622317032078866 474.724309 0.000000
1649622317126781829 569.424356 0.000000
1649622318235479879 281.659782 0.000000
1649622318998154520 448.693927 0.000000
1649622318998166623 448.668590 0.000000
1649622319130102610 568.300621 0.000000
1649622319269631580 271.448466 0.000000
1649622319477548221 347.445402 0.000000
1649622319877383913 93.192705 0.000000
1649622320495150077 320.091720 0.000000
1649622320711371798 353.867874 0.000000
1649622320711393058 353.890235 0.000000
1649622321527756550 666.656580 0.000000
1649622321746293013 554.224891 0.000000
1649622321746309163 218.566269 0.000000
1649622322296732267 412.975705 0.000000
1649622322593942460 452.063564 0.000000
1649622323588867133 450.364260 0.000000
1649622323938676976 349.832376 0.000000
1649622324370876380 432.223178 0.000000
1649622324370901447 328.919350 0.000000
1649622325875428133 546.193143 0.000000
1649622326369655663 133.028805 0.000000
1649622326853989677 171.643157 0.000000
1649622327298678103 444.705248 0.000000
1649622328947451805 499.065129 0.000000
1649622329934222672 744.635675 0.000000
1649622330293915271 704.633428 0.000000
1649622331836537154 451.064070 0.000000
1649622332598077167 442.398163 0.000000
1649622333358358260 478.908382 0.000000
1649622334285531237 786.175312 0.000000
1649622334285575910 806.601826 0.000000
1649622334845168511 559.601126 0.000000
1649622336431766152 355.548320 0.000000
1649622336681728700 435.041334 0.000000
1649622336681742597 405.012676 0.000000
1649622336681756923 355.555673 0.000000
1649622337463787649 443.411915 0.000000
1649622337463801565 521.226021 0.000000
1649622337463817084 443.449465 0.000000
1649622337595660984 390.471363 0.000000
1649622337965348130 423.939228 0.000000
1649622337965400799 369.737040 0.000000
1649622338082364822 331.562752 0.000000
1649622338082434513 117.132049 0.000000
1649622338488101543 522.703359 0.000000
1649622338749347456 384.336203 0.000000
1649622338749370599 384.397599 0.000000
1649622339220795372 471.394375 0.000000
1649622340149136180 324.355410 0.000000
1649622340306489564 481.690860 0.000000
1649622340571664241 422.520287 0.000000
1649622341050680156 359.691978 0.000000
1649622341164067143 405.923201 0.000000
1649622341424449276 438.073947 0.000000
1649622341424462481 373.782325 0.000000
1649622341699440036 274.968748 0.000000
1649622341795750118 371.326139 0.000000
1649622342210374903 406.146049 0.000000
1649622342210484037 392.941214 0.000000
1649622342997286257 536.411441 0.000000
1649622344115727250 606.921822 0.000000
1649622344124552735 525.731747 0.000000
1649622344219463715 314.011288 0.000000
1649622344870081126 453.664466 0.000000
1649622344870147220 343.983518 0.000000
1649622345670189703 426.593224 0.000000
1649622346007635460 337.415791 0.000000
1649622346179588678 258.074345 0.000000
1649622346300474274 205.942197 0.000000
1649622346493404227 313.824906 0.000000
1649622348072477730 267.826269 0.000000
1649622348072565274 267.827331 0.000000
1649622348166958190 362.288544 0.000000
1649622348778042185 611.076441 0.000000
1649622348778079725 611.113961 0.000000
1649622349628002192 349.651643 0.000000
1649622349628004646 349.669275 0.000000
1649622350397142919 1118.780638 0.000000
1649622350761806447 364.648511 0.000000
1649622352181255746 824.968534 0.000000
1649622353439522230 257.427142 0.000000
1649622353990220844 388.278179 0.000000
1649622354590742907 427.094885 0.000000
1649622354987323031 637.928864 0.000000
1649622358512285551 415.877331 0.000000
1649622358552918409 389.423097 0.000000
1649622358552923158 330.963597 0.000000
1649622359029560312 453.529501 0.000000
1649622359029746321 402.523296 0.000000
1649622359066707645 327.402429 0.000000
1649622359903797141 296.417981 0.000000
1649622360457227084 714.069399 0.000000
1649622360633557337 501.304600 0.000000
1649622361116773424 200.351337 0.000000
1649622361340008041 348.049749 0.000000
1649622361660380382 477.923547 0.000000
1649622362470204160 258.543623 0.000000
1649622362470241951 258.597344 0.000000
1649622362672180252 258.768122 0.000000
1649622362953610577 483.371031 0.000000
1649622362980384550 348.058145 0.000000
1649622363034311572 167.835165 0.000000
1649622365351962786 598.734189 0.000000
1649622365474449760 538.725752 0.000000
1649622365721433364 369.436664 0.000000
1649622365987899461 591.066003 0.000000
1649622365988200305 266.711487 0.000000
1649622366362811148 374.909603 0.000000
1649622366582201912 374.744787 0.000000
1649622366582202964 236.161777 0.000000
1649622366617824907 255.011224 0.000000
1649622366661370455 298.572282 0.000000
1649622367141012352 347.621556 0.000000
1649622367161125990 324.255851 0.000000
1649622367508005345 346.872562 0.000000
1649622367645320501 484.153944 0.000000
1649622370673029881 312.587686 0.000000
1649622371273522937 172.564762 0.000000
1649622371581552717 480.566180 0.000000
1649622371736931107 532.513307 0.000000
1649622372313587154 732.069572 0.000000
1649622372366948405 629.999996 0.000000
1649622372469653936 156.032818 0.000000
1649622372739382700 425.829780 0.000000
1649622374009220234 346.112016 0.000000
1649622374009259578 346.188019 0.000000
1649622374009292990 346.128957 0.000000
1649622374009307708 346.259252 0.000000
1649622374328853467 319.575716 0.000000
1649622375885246761 334.265897 0.000000
1649622376695256855 370.668553 0.000000
1649622377746691029 476.591755 0.000000
1649622377940265240 234.986509 0.000000
1649622378269216290 480.720536 0.000000
1649622378594021090 650.345407 0.000000
1649622380721151912 333.076175 0.000000
1649622380721180165 342.296841 0.000000
1649622381748673896 752.800420 0.000000
1649622382697697689 949.019886 0.000000
1649622382697746751 570.696552 0.000000
1649622382697916128 249.306215 0.000000
1649622383029387205 331.709294 0.000000
1649622383206035173 508.285226 0.000000
1649622383554622959 348.605389 0.000000
1649622383978372049 628.472972 0.000000
1649622384236581655 444.502037 0.000000
1649622384813918596 311.027389 0.000000
1649622385361901196 299.420750 0.000000
1649622385362251914 548.330062 0.000000
1649622387720180237 283.068782 0.000000
1649622387733847621 296.704948 0.000000
1649622387976107165 427.165402 0.000000
1649622388714406445 227.970284 0.000000
1649622388885412244 398.897095 0.000000
1649622388923878681 437.486793 0.000000
1649622389702025948 453.322020 0.000000
1649622389702039423 453.322310 0.000000
1649622390143186609 556.672963 0.000000
1649622391177746524 1034.466890 0.000000
1649622391339311903 574.909119 0.000000
1649622391891241070 338.598599 0.000000
1649622392340230617 310.174560 0.000000
1649622393400419895 455.169408 0.000000
1649622393880896193 391.853012 0.000000
1649622395032271129 739.099853 0.000000
1649622395308866514 1015.717309 0.000000
1649622396057507381 666.032024 0.000000
1649622396057617337 665.880730 0.000000
1649622397639029630 570.327560 0.000000
1649622397639124769 534.861579 0.000000
1649622397639323451 535.030185 0.000000
1649622397916038570 277.012446 0.000000
1649622397916036917 276.906878 0.000000
1649622398050753372 262.603875 0.000000
1649622398314591661 398.455318 0.000000
1649622398357560788 306.827214 0.000000
1649622398435097735 384.334284 0.000000
1649622398742935892 307.859807 0.000000
1649622399309653564 543.790267 0.000000
1649622400009400267 699.738958 0.000000
1649622401197367814 400.576573 0.000000
1649622401197404373 413.062061 0.000000
1649622402780143582 381.053512 0.000000
1649622402780158640 161.802104 0.000000
1649622403535227378 755.047258 0.000000
1649622403907024197 372.141435 0.000000
1649622404420927772 343.548809 0.000000
1649622404420958940 343.605776 0.000000
1649622404420975060 343.565200 0.000000
1649622404493507794 193.528673 0.000000
1649622404542441343 242.443267 0.000000
1649622404542581485 131.606765 0.000000
1649622406518248517 354.789713 0.000000
1649622406820326456 508.270105 0.000000
1649622406820349870 302.108827 0.000000
1649622408340851377 787.637929 0.000000
1649622408711597192 370.796360 0.000000
1649622409171736070 460.066963 0.000000
1649622409171776816 460.215491 0.000000
1649622409972165962 758.085005 0.000000
1649622410645381611 673.153643 0.000000
1649622410826768761 181.361021 0.000000
1649622410861146412 215.475879 0.000000
1649622410886564205 240.910734 0.000000
1649622411466044442 299.608560 0.000000
1649622411583195384 359.281283 0.000000
1649622411848740172 331.807967 0.000000
1649622412406854423 322.810829 0.000000
1649622412406885781 322.885638 0.000000
1649622413512559817 698.363778 0.000000
1649622413512581167 698.452224 0.000000
1649622413740665163 228.118952 0.000000
1649622414930336303 418.936954 0.000000
1649622415345730184 320.318336 0.000000
