1658859992613720261 0.000000 159.979648 160 80 0.000000
1658859993613942065 0.000000 159.964521 160 80 0.000000
1658859994614070284 0.000000 159.979484 160 80 0.000000
1658859995614264256 0.000000 239.953456 240 80 0.000000
1658859996614448220 0.000000 159.970573 160 80 0.000000
1658859997614648494 0.000000 159.967959 160 80 0.000000
1658859998614835758 0.000000 239.955075 240 80 0.000000
1658859999615009364 0.000000 159.972225 160 80 0.000000
1658860000615078735 0.000000 159.988904 160 80 0.000000
1658860001615894050 0.000000 223.817512 224 80 0.000000
1658860002616074050 0.000000 175.968326 176 80 0.000000
1658860003616242127 0.000000 160.972944 161 80 0.000000
1658860004616403495 0.000000 208.966296 209 80 0.000000
1658860005616529445 0.000000 191.975809 192 80 0.000000
1658860006616736617 0.000000 161.966442 162 80 0.000000
1658860007261429217 426.754583 251.282561 162 80 0.000000
1658860008563977936 431.149975 185.789596 242 80 0.000000
1658860009416475375 421.427920 190.029910 162 80 0.000000
1658860010277703545 424.020924 188.103442 162 80 0.000000
1658860011576646492 430.996938 186.305346 242 80 0.000000
1658860012443342020 430.315072 185.763031 161 80 0.000000
1658860013310577958 429.236552 186.800373 162 80 0.000000
1658860014618394090 431.459804 185.041315 242 80 0.000000
1658860015476725106 422.533513 188.738360 162 80 0.000000
1658860016344301130 432.534596 185.574526 161 80 0.000000
1658860017623963910 427.160054 178.171932 228 80 0.000000
1658860018517240082 427.246653 200.385977 179 80 0.000000
1658860019384374551 424.996160 187.975453 163 80 0.000000
1658860020623802228 420.454120 157.330682 195 80 0.000000
1658860021536456985 424.077011 233.385073 213 80 0.000000
1658860022407064743 427.498150 187.225531 163 80 0.000000
1658860023592707397 424.318683 138.321601 164 80 0.000000
1658860024572726119 425.266356 248.974851 244 80 0.000000
1658860025444457947 432.590516 184.689816 161 80 0.000000
1658860026622929283 428.624336 138.314778 163 80 0.000000
1658860027612848031 424.740093 246.484889 244 80 0.000000
1658860028486539785 425.281688 187.709223 164 80 0.000000
1658860029343106098 418.818338 191.462097 164 80 0.000000
1658860030621947648 426.702071 179.068318 229 80 0.000000
1658860031519331503 416.753872 202.811775 182 80 0.000000
1658860032408402096 406.095355 193.460453 172 80 0.000000
1658860033621115889 403.727032 155.024205 188 80 0.000000
1658860034548518157 419.140666 250.161147 232 80 0.000000
1658860035489015108 412.410933 179.692234 169 80 0.000000
1658860036627900724 405.328386 160.683380 183 80 0.000000
1658860037567211189 416.307567 249.118935 234 80 0.000000
1658860038432749541 409.671133 194.098847 168 80 0.000000
1658860039592249855 409.881379 147.477312 171 80 0.000000
1658860040594094551 415.170474 248.541534 249 80 0.000000
1658860041513707097 426.082261 178.335938 164 80 0.000000
1658860042628788241 406.589224 153.352086 171 80 0.000000
1658860043619456553 410.134335 252.354900 250 80 0.000000
1658860044485196572 407.540135 195.208728 169 80 0.000000
1658860045637077030 411.666752 147.584751 170 80 0.000000
1658860046627435372 408.124539 250.414428 248 80 0.000000
1658860047504430811 398.999669 197.264404 173 80 0.000000
1658860048643742788 409.777463 150.090587 171 80 0.000000
1658860049643315162 402.014266 256.109537 256 80 0.000000
1658860050565197894 398.556485 188.744161 174 80 0.000000
1658860051372444262 398.481740 213.070044 172 80 0.000000
1658860052625552163 411.750342 185.937698 233 80 0.000000
1658860053592546850 387.843229 204.758092 198 80 0.000000
1658860054439384390 397.629964 203.108615 172 80 0.000000
1658860055650181843 398.849492 198.216472 240 80 0.000000
1658860056552405134 407.536903 206.157386 186 80 0.000000
1658860057391850930 388.301079 210.853405 177 80 0.000000
1658860058652740545 392.668202 194.307263 245 80 0.000000
1658860059538521366 381.412657 224.660556 199 80 0.000000
1658860060437776700 398.737799 194.605438 175 80 0.000000
1658860061640061174 399.915904 157.200735 189 80 0.000000
1658860062649813285 389.541181 250.556560 253 80 0.000000
1658860063434466946 401.675506 215.381647 169 80 0.000000
1658860064626185607 399.394018 151.881486 181 80 0.000000
1658860065590971591 384.814310 269.489788 260 80 0.000000
1658860066489376509 381.724708 203.694348 183 80 0.000000
1658860067617581921 377.946350 165.749963 187 80 0.000000
1658860068645594620 395.855855 250.969658 258 80 0.000000
1658860069603733032 386.559070 189.951683 182 80 0.000000
1658860070403882859 378.312276 228.707167 183 80 0.000000
1658860071654917252 393.181314 209.426703 262 80 0.000000
1658860072545872077 391.808705 198.663253 177 80 0.000000
1658860073392275511 398.536153 205.575730 174 80 0.000000
1658860074650141218 390.290376 195.569368 246 80 0.000000
1658860075553366632 381.123773 224.750105 203 80 0.000000
1658860076657988363 388.550102 160.235839 177 80 0.000000
1658860077669945703 357.540863 211.471386 214 80 0.000000
1658860078595608262 394.501074 263.594959 244 80 0.000000
1658860079633263981 366.843686 183.105058 190 80 0.000000
1658860080653184890 386.364848 186.288955 190 80 0.000000
1658860081602171310 379.742205 269.761497 256 80 0.000000
1658860082667248059 381.077181 171.818596 183 80 0.000000
1658860083674257579 384.055117 189.670501 191 80 0.000000
1658860084652510018 368.313596 273.957911 268 80 0.000000
1658860085597537300 382.393975 192.587030 182 80 0.000000
1658860086674034233 408.053610 167.209037 180 80 0.000000
1658860087669716263 385.772558 255.101521 254 80 0.000000
1658860088488260828 395.970960 210.129045 172 80 0.000000
1658860089648555505 368.388213 168.060763 195 80 0.000000
1658860090676432558 381.040187 255.867162 263 80 0.000000
1658860091621175248 381.203020 191.586558 181 80 0.000000
1658860092654948043 379.668646 177.988832 184 80 0.000000
1658860093671708173 389.274406 258.664730 263 80 0.000000
1658860094565181784 383.086781 203.699371 182 80 0.000000
1658860095472936252 391.246046 197.189886 179 80 0.000000
1658860096636942142 400.771994 214.775546 250 80 0.000000
1658860097629734804 374.823264 192.386582 191 80 0.000000
1658860098666452528 389.068335 170.731153 177 80 0.000000
1658860099658836425 385.676893 266.026082 264 80 0.000000
1658860100568793933 380.147137 203.306197 185 80 0.000000
1658860101598843902 371.310998 182.515417 188 80 0.000000
1658860102690211067 400.175188 233.651889 255 80 0.000000
1658860103605385061 373.211662 206.518093 189 80 0.000000
1658860104426274513 379.217994 218.056155 179 80 0.000000
1658860105694523913 390.889792 195.545137 248 80 0.000000
1658860106652131771 364.384122 223.473521 214 80 0.000000
1658860107461045851 398.028943 211.394523 171 80 0.000000
1658860108673895830 369.781898 166.549866 202 80 0.000000
1658860109624660415 393.479583 260.842685 248 80 0.000000
1658860110683761180 367.551178 181.285867 192 80 0.000000
1658860111694387720 386.617935 190.970656 193 80 0.000000
1658860112654232205 387.473789 260.458838 250 80 0.000000
1658860113568382647 382.261996 200.185873 183 80 0.000000
1658860114575108808 380.608794 184.757300 186 80 0.000000
1658860115661149336 387.829504 238.480974 259 80 0.000000
1658860116524809058 378.390327 208.415404 180 80 0.000000
1658860117692061658 368.581228 171.342517 200 80 0.000000
1658860118663619605 372.691498 273.787086 266 80 0.000000
1658860119628703769 395.709625 182.367512 176 80 0.000000
1658860120531863242 381.897850 195.978663 177 80 0.000000
1658860121701355318 393.785432 222.318738 260 80 0.000000
1658860122700711769 393.888204 173.111400 173 80 0.000000
1658860123661531352 387.704997 193.584751 186 80 0.000000
1658860124659582756 400.703666 248.484190 248 80 0.000000
1658860125558228515 399.130678 194.737453 175 80 0.000000
1658860126705116873 372.834852 164.793725 189 80 0.000000
1658860127712287880 387.413630 261.127448 263 80 0.000000
1658860128575288706 374.582274 214.368279 185 80 0.000000
1658860129657216858 381.934421 169.142464 183 80 0.000000
1658860130713300587 371.789791 259.449150 274 80 0.000000
1658860131655550070 376.981355 197.399936 186 80 0.000000
1658860132715978620 374.737320 178.229840 189 80 0.000000
1658860133700560405 387.445393 261.024535 257 80 0.000000
1658860134697563250 378.521211 187.562139 187 80 0.000000
1658860135658597196 376.876940 190.419921 183 80 0.000000
1658860136716907408 408.494329 234.335833 248 80 0.000000
1658860137658704666 369.799272 201.741923 190 80 0.000000
1658860138511932510 371.565038 219.167718 187 80 0.000000
1658860139722760842 377.523608 219.684327 266 80 0.000000
1658860140605792660 370.729261 211.770391 187 80 0.000000
1658860141638757693 373.758565 182.968431 189 80 0.000000
1658860142723075916 395.168752 224.103963 243 80 0.000000
1658860143643632186 379.448556 218.346254 201 80 0.000000
1658860144714540969 374.059893 177.419393 190 80 0.000000
1658860145713335925 393.758846 185.223213 185 80 0.000000
1658860146693516192 391.857950 255.055130 250 80 0.000000
1658860147709621689 369.508846 186.988456 190 80 0.000000
1658860148729801776 368.155185 196.043803 200 80 0.000000
1658860149647931860 384.243887 273.381767 251 80 0.000000
1658860150560916749 374.402580 204.822667 187 80 0.000000
1658860151600973345 381.425887 179.797899 187 80 0.000000
1658860152714492047 381.922935 237.086285 264 80 0.000000
1658860153592789998 369.012766 216.327483 190 80 0.000000
1658860154721602874 390.902373 163.003109 184 80 0.000000
1658860155732680105 383.224553 255.173370 258 80 0.000000
1658860156737289084 0.000000 188.132901 189 80 0.000000
1658860157737472367 0.000000 182.966465 183 80 0.000000
1658860158737629215 0.000000 265.958280 266 80 0.000000
1658860159737837101 0.000000 180.962384 181 80 0.000000
1658860160738032409 0.000000 182.964260 183 80 0.000000
1658860161738128555 0.000000 281.972915 282 80 0.000000
1658860162738278310 0.000000 181.972738 182 80 0.000000
1658860163738434249 0.000000 191.970064 192 80 0.000000
1658860164738588362 0.000000 245.962109 246 80 0.000000
1658860165738760242 0.000000 179.969049 180 80 0.000000
1658860166738943181 0.000000 188.965437 189 80 0.000000
1658860167739123657 0.000000 243.955976 244 80 0.000000
1658860168739330395 0.000000 200.958442 201 80 0.000000
1658860169739539882 0.000000 179.962309 180 80 0.000000
1658860170739729053 0.000000 242.954040 243 80 0.000000
