1652283511538828637 0.000000 317.967958 318 318 0.000000
1652283512539090842 0.000000 504.867631 505 823 0.000000
1652283513539311068 0.000000 495.890802 496 1319 0.000000
1652283514539534100 0.000000 498.888717 499 1818 0.000000
1652283515539714551 0.000000 497.910206 498 2317 0.000000
1652283516539869545 0.000000 528.917973 529 2845 0.000000
1652283517540088069 0.000000 530.884000 531 3376 0.000000
1652283518540303236 0.000000 513.889402 514 3890 0.000000
1652283519540574007 0.000000 502.863854 503 4393 0.000000
1652283520540747195 0.000000 527.908615 528 4921 0.000000
1652283521540873846 0.000000 510.935249 511 5432 0.000000
1652283522541090606 0.000000 508.889688 509 5941 0.000000
1652283523541313267 0.000000 518.884465 519 6460 0.000000
1652283524541541619 0.000000 508.883790 509 6970 0.000000
1652283525541759972 0.000000 521.886081 522 7491 0.000000
1652283526541540483 154.326106 528.115931 528 8020 0.000000
1652283527541176172 154.467287 512.186539 512 8533 0.000000
1652283528540216543 157.961229 503.483202 503 9034 0.000000
1652283529543254481 157.012642 517.428070 519 9554 0.000000
1652283530546826282 153.458171 508.184890 510 10063 0.000000
1652283531546687164 157.769234 515.071609 515 10578 0.000000
1652283532546956172 157.427934 503.864456 504 11083 0.000000
1652283533547010337 156.479250 515.972088 516 11598 0.000000
1652283534551754610 152.647384 514.558767 517 12115 0.000000
1652283535543213002 156.357535 517.419611 513 12629 0.000000
1652283536549947011 155.611671 511.555162 515 13144 0.000000
1652283537555785008 156.347597 516.981892 520 13664 0.000000
1652283538557148562 155.804064 506.309584 507 14170 0.000000
1652283539558376692 154.091900 523.357254 524 14695 0.000000
1652283540558966032 155.216296 514.696674 515 15213 0.000000
1652283541560993252 151.909041 528.927742 530 15739 0.000000
1652283542559789655 154.227268 523.630214 523 16262 0.000000
1652283543563877235 154.483334 508.919790 511 16773 0.000000
1652283544562382772 154.998401 519.776787 519 17292 0.000000
1652283545566213859 157.230913 514.030729 516 17808 0.000000
1652283546564091818 152.731793 519.101503 518 18326 0.000000
1652283547567941711 155.451584 509.040285 511 18838 0.000000
1652283548562991068 153.495162 534.646862 532 19369 0.000000
1652283549572027220 148.445017 534.173114 539 19909 0.000000
1652283550573209975 154.832537 514.391606 515 20424 0.000000
1652283551573880909 153.720008 524.648006 525 20950 0.000000
1652283552574818843 157.425259 508.522972 509 21457 0.000000
1652283553576755795 157.584037 504.023751 505 21962 0.000000
1652283554578728262 158.392440 503.007793 504 22468 0.000000
1652283555579034571 154.597140 518.841142 519 22986 0.000000
1652283556577792101 153.984636 521.648126 521 23507 0.000000
1652283557573402081 153.137746 523.297265 521 24027 0.000000
1652283558582504097 154.853283 504.408892 509 24537 0.000000
1652283559585543719 155.470656 522.412023 524 25062 0.000000
1652283560577227796 155.636978 515.285087 511 25571 0.000000
1652283561587848515 156.189151 508.598365 514 26085 0.000000
1652283562589867049 157.010922 517.954486 519 26604 0.000000
1652283563590564964 153.582880 518.638035 519 27123 0.000000
1652283564593371558 157.087662 505.581014 507 27630 0.000000
1652283565587918571 158.709612 511.790799 509 28139 0.000000
1652283566590424521 153.467077 520.695137 522 28663 0.000000
1652283567597271694 156.241619 498.586135 502 29166 0.000000
1652283568597958167 155.170202 522.641184 523 29686 0.000000
1652283569598832873 154.931720 529.536848 530 30216 0.000000
1652283570600803307 156.364588 496.022605 497 30714 0.000000
1652283571601169038 156.509522 511.812814 512 31225 0.000000
1652283572603507954 155.356967 520.781903 522 31748 0.000000
1652283573604616500 154.569310 511.433059 512 32259 0.000000
1652283574608343042 155.061416 511.095422 513 32773 0.000000
1652283575607847886 153.982257 526.260560 526 33298 0.000000
1652283576609398111 155.006322 513.204392 514 33813 0.000000
1652283577610865541 153.346025 519.238055 520 34334 0.000000
1652283578611976231 152.783466 535.405368 536 34868 0.000000
1652283579609467935 156.700483 503.262321 502 35370 0.000000
1652283580612996876 156.307183 505.217098 507 35882 0.000000
1652283581611891344 151.821271 534.591002 534 36415 0.000000
1652283582616415834 154.372496 517.657909 520 36931 0.000000
1652283583620458741 156.669567 514.918239 517 37448 0.000000
1652283584620585363 154.586978 517.934413 518 37967 0.000000
1652283585622826636 153.447740 518.837144 520 38491 0.000000
1652283586621604866 155.221031 509.622586 509 38996 0.000000
1652283587623029856 156.896502 516.264385 517 39512 0.000000
1652283588625925378 156.141407 507.530434 509 40021 0.000000
1652283589627082044 156.582190 513.406150 514 40536 0.000000
1652283590628465326 157.886750 503.303789 504 41039 0.000000
1652283591623420686 157.674823 514.595920 512 41551 0.000000
1652283592631224616 151.703931 528.872682 533 42085 0.000000
1652283593630487797 153.633268 516.380510 516 42600 0.000000
1652283594632244771 153.737287 522.082756 523 43123 0.000000
1652283595630498956 157.894028 507.886661 507 43630 0.000000
1652283596636601931 156.008329 511.875992 515 44146 0.000000
1652283597637556569 151.011244 531.492676 532 44678 0.000000
1652283598639972630 153.884287 513.758692 515 45194 0.000000
1652283599638887096 160.952853 496.539030 496 45688 0.000000
1652283600642657731 154.730506 520.039138 522 46210 0.000000
1652283601640899214 154.200536 516.908993 516 46727 0.000000
1652283602644412375 150.969004 526.151492 528 47254 0.000000
1652283603645972299 155.158465 516.194811 517 47771 0.000000
1652283604644699584 156.385862 512.652461 512 48285 0.000000
1652283605648081419 153.764865 523.230495 525 48809 0.000000
1652283606650234777 153.938578 516.886957 518 49326 0.000000
1652283607649743539 156.528000 508.249646 508 49835 0.000000
1652283608649345476 155.054847 519.206703 519 50355 0.000000
1652283609655179738 159.286582 504.059227 507 50861 0.000000
1652283610654769672 156.804946 510.209204 510 51371 0.000000
1652283611657963404 154.402356 515.354097 517 51888 0.000000
1652283612658346168 156.336607 514.802952 515 52402 0.000000
1652283613659715784 153.690651 521.286038 522 52924 0.000000
1652283614655666885 156.966170 512.073302 510 53434 0.000000
1652283615658236175 157.593512 505.700738 507 53941 0.000000
1652283616664191043 156.184160 503.998719 507 54448 0.000000
1652283617665612276 155.475990 520.260646 521 54970 0.000000
1652283618665064342 154.905846 515.282284 515 55485 0.000000
1652283619666245795 154.232118 519.386374 520 56005 0.000000
1652283620669940749 152.954609 524.063536 526 56531 0.000000
1652283621670348219 155.734639 516.789528 517 57048 0.000000
1652283622672460580 156.291953 510.920756 512 57559 0.000000
1652283623673645300 155.618352 513.391770 514 58073 0.000000
1652283624674621659 157.952659 507.504514 508 58582 0.000000
1652283625674017068 154.047961 519.313951 519 59100 0.000000
1652283626674614004 154.057200 515.692170 516 59618 0.000000
1652283627677093896 157.256037 510.733446 512 60128 0.000000
1652283628679517503 159.146064 496.795922 498 60626 0.000000
1652283629679427348 157.849147 513.046295 513 61139 0.000000
1652283630682025612 156.366814 504.688625 506 61646 0.000000
1652283631683524793 156.592379 525.212627 526 62171 0.000000
1652283632685006120 154.286376 514.238276 515 62686 0.000000
1652283633682823686 154.725341 513.119850 512 63201 0.000000
1652283634685209090 153.814374 521.755402 523 63722 0.000000
1652283635686325251 156.001156 514.425792 515 64236 0.000000
1652283636684861107 155.037342 513.752249 513 64750 0.000000
1652283637689653522 154.396221 518.515066 521 65270 0.000000
1652283638693035368 154.662375 516.254088 518 65788 0.000000
1652283639695825603 155.585276 516.558680 518 66306 0.000000
1652283640691513751 153.109179 526.269163 524 66830 0.000000
1652283641690364287 155.799033 505.581142 505 67336 0.000000
1652283642700222165 153.534133 519.875186 525 67860 0.000000
1652283643701330922 153.308974 532.409666 533 68393 0.000000
1652283644699373391 157.632392 496.972804 496 68889 0.000000
1652283645702350197 155.364328 511.477431 513 69403 0.000000
1652283646704843133 154.638601 518.706954 520 69922 0.000000
1652283647706395394 157.467646 512.204909 513 70435 0.000000
1652283648705064419 158.782394 502.669040 502 70937 0.000000
1652283649705198797 152.652964 529.928789 530 71468 0.000000
1652283650710024154 153.934225 521.483676 524 71991 0.000000
1652283651710102376 153.448521 508.960142 509 72503 0.000000
1652283652709193445 158.709817 507.461273 507 73009 0.000000
1652283653713768662 151.270777 531.567982 534 73541 0.000000
1652283654714421834 153.182378 522.658562 523 74064 0.000000
1652283655714341859 153.265807 512.040997 512 74578 0.000000
1652283656715966205 152.754810 535.130746 536 75112 0.000000
1652283657716122905 155.917878 505.920722 506 75618 0.000000
1652283658719974534 154.758968 523.981822 526 76148 0.000000
1652283659718417064 151.972063 530.826741 530 76676 0.000000
1652283660722109263 154.541613 511.112885 513 77188 0.000000
1652283661723576805 154.088900 521.235050 522 77709 0.000000
1652283662725056048 154.086774 521.228981 522 78231 0.000000
1652283663724667183 158.405374 504.196059 504 78735 0.000000
1652283664720564174 152.125990 525.154715 523 79258 0.000000
1652283665727493863 155.451644 509.469524 513 79772 0.000000
1652283666730624979 156.221465 516.383170 518 80289 0.000000
1652283667726189244 153.328250 519.303435 517 80807 0.000000
1652283668732600099 155.471668 518.674866 522 81328 0.000000
1652283669726297258 155.632190 515.247549 512 81841 0.000000
1652283670735890639 155.309864 511.096832 516 82356 0.000000
1652283671729959346 152.086345 529.138492 526 82882 0.000000
1652283672737474175 157.414975 502.225869 506 83390 0.000000
1652283673737791666 152.129380 530.831460 531 83920 0.000000
1652283674737332510 160.258253 503.231032 503 84422 0.000000
1652283675743363391 0.000000 498.990651 502 84925 0.000000
1652283676743495715 0.000000 528.930005 529 85453 0.000000
1652283677743722397 0.000000 516.882822 517 85970 0.000000
1652283678743867525 0.000000 513.925472 514 86485 0.000000
1652283679744021680 0.000000 508.921501 509 86993 0.000000
1652283680744236099 0.000000 517.888945 518 87511 0.000000
1652283681744466347 0.000000 517.880764 518 88029 0.000000
1652283682744708118 0.000000 502.878424 503 88532 0.000000
1652283683744871089 0.000000 510.916740 511 89043 0.000000
1652283684745068536 0.000000 524.896382 525 89568 0.000000
1652283685745258158 0.000000 521.901005 522 90090 0.000000
1652283686745505548 0.000000 510.873609 511 90601 0.000000
1652283687745670504 0.000000 507.916257 508 91110 0.000000
1652283688745830000 0.000000 523.916406 524 91633 0.000000
1652283689746075276 0.000000 520.872237 521 92155 0.000000
