1658266675831534067 0.000000 297.971900 298 298 0.000000
1658266676831752672 0.000000 484.894029 485 783 0.000000
1658266677831924920 0.000000 494.914752 495 1278 0.000000
1658266678832062893 0.000000 481.933520 482 1760 0.000000
1658266679832231555 0.000000 476.919553 477 2237 0.000000
1658266680832362236 0.000000 489.935984 490 2727 0.000000
1658266681832555322 0.000000 478.907487 479 3206 0.000000
1658266682832759490 0.000000 480.901849 481 3687 0.000000
1658266683832925347 0.000000 479.920363 480 4167 0.000000
1658266684833123274 0.000000 479.905047 480 4647 0.000000
1658266685833250959 0.000000 495.936691 496 5143 0.000000
1658266686833404783 0.000000 491.924291 492 5635 0.000000
1658266687833610424 0.000000 488.899462 489 6124 0.000000
1658266688833754580 0.000000 492.928981 493 6618 0.000000
1658266689833907613 0.000000 488.925134 489 7106 0.000000
1658266690833164919 160.926935 495.367902 495 7603 0.000000
1658266691834524921 159.774980 502.316843 503 8104 0.000000
1658266692833754505 168.886660 482.371612 482 8586 0.000000
1658266693833909853 164.241244 483.924799 484 9070 0.000000
1658266694834997956 167.165779 471.487063 472 9543 0.000000
1658266695839475483 165.766302 491.797961 494 10036 0.000000
1658266696840658193 163.201367 485.425843 486 10522 0.000000
1658266697833008412 166.817337 486.723346 483 11005 0.000000
1658266698840265712 165.966237 476.541562 480 11486 0.000000
1658266699843884312 166.030560 491.222453 493 11978 0.000000
1658266700844484472 165.607173 478.712758 479 12458 0.000000
1658266701846014653 162.644801 489.251357 490 12948 0.000000
1658266702847773692 164.604119 479.157144 480 13428 0.000000
1658266703847419306 165.124177 491.174065 491 13918 0.000000
1658266704847764069 165.540179 485.832488 486 14405 0.000000
1658266705849811378 163.329606 479.019314 480 14884 0.000000
1658266706852216847 167.912482 488.824144 490 15374 0.000000
1658266707852787693 166.026126 474.728974 475 15849 0.000000
1658266708852169794 169.194881 471.291220 471 16320 0.000000
1658266709854807579 164.361898 484.721390 486 16806 0.000000
1658266710854058845 161.563933 508.380688 508 17314 0.000000
1658266711855562898 164.743412 479.279100 480 17794 0.000000
1658266712859243684 164.011540 486.210393 488 18282 0.000000
1658266713857089491 165.297474 490.055670 489 18771 0.000000
1658266714861632651 165.088071 477.829122 480 19252 0.000000
1658266715862760170 162.474102 494.442546 495 19746 0.000000
1658266716862083551 160.950274 494.334476 494 20240 0.000000
1658266717861979174 165.314791 488.050941 488 20728 0.000000
1658266718865120702 168.130655 471.518668 473 21201 0.000000
1658266719864352302 167.358129 476.366068 476 21679 0.000000
1658266720868122896 165.032641 485.170618 487 22164 0.000000
1658266721862934905 164.527390 490.544943 488 22652 0.000000
1658266722869442984 163.969445 490.805797 494 23146 0.000000
1658266723871190503 165.812039 480.160876 481 23627 0.000000
1658266724867100597 161.807773 490.004120 488 24116 0.000000
1658266725869497822 165.364460 480.847286 482 24599 0.000000
1658266726875416227 162.505112 493.081757 496 25094 0.000000
1658266727873566945 163.369482 495.917041 495 25588 0.000000
1658266728876479484 163.828568 483.591569 485 26075 0.000000
1658266729878734754 168.569940 470.937907 472 26545 0.000000
1658266730880281167 165.521222 493.237252 494 27041 0.000000
1658266731882258567 161.621448 491.029039 492 27532 0.000000
1658266732883604214 163.438277 490.340175 491 28022 0.000000
1658266733883470453 166.148449 478.063947 478 28500 0.000000
1658266734886635125 172.526408 462.536188 464 28964 0.000000
1658266735882731528 163.753722 493.928136 492 29458 0.000000
1658266736887959502 164.058416 490.436013 493 29950 0.000000
1658266737886871875 163.739645 483.525896 483 30434 0.000000
1658266738888680590 170.489856 469.151434 470 30902 0.000000
1658266739889529719 162.533954 491.582588 492 31395 0.000000
1658266740891031238 166.623632 480.278843 481 31875 0.000000
1658266741893840996 163.171104 491.618680 493 32368 0.000000
1658266742895914978 164.125545 491.979643 493 32862 0.000000
1658266743896362073 165.907475 475.787278 476 33337 0.000000
1658266744897636248 163.475283 487.378994 488 33826 0.000000
1658266745897065459 168.347873 480.274087 480 34305 0.000000
1658266746896513877 165.958324 481.265511 481 34786 0.000000
1658266747893052838 166.766481 478.656519 477 35265 0.000000
1658266748900584134 164.468428 489.314952 493 35756 0.000000
1658266749903432334 165.200173 482.625391 484 36240 0.000000
1658266750904915550 167.849975 480.287625 481 36722 0.000000
1658266751902699262 164.373153 483.070590 482 37205 0.000000
1658266752907599894 164.364968 488.605548 491 37694 0.000000
1658266753908821671 163.932394 484.408176 485 38180 0.000000
1658266754909348026 169.588945 468.753265 469 38648 0.000000
1658266755910980452 167.448131 480.216083 481 39129 0.000000
1658266756912077895 167.054236 473.480382 474 39604 0.000000
1658266757906026961 165.518869 489.964744 487 40090 0.000000
1658266758913016333 164.185731 484.612827 488 40578 0.000000
1658266759909742986 162.603083 498.632231 497 41075 0.000000
1658266760912636402 164.634055 482.603613 484 41560 0.000000
1658266761917893613 166.106891 478.484482 481 42041 0.000000
1658266762913661622 167.688631 483.044273 481 42525 0.000000
1658266763919088199 164.958237 487.355319 490 43011 0.000000
1658266764923295635 161.039610 488.942819 491 43504 0.000000
1658266765924494269 167.061399 480.424147 481 43983 0.000000
1658266766924282433 164.478502 483.102338 483 44467 0.000000
1658266767920737609 163.814834 490.739531 489 44955 0.000000
1658266768925047928 165.395917 485.905607 488 45443 0.000000
1658266769928256233 163.286744 489.429804 491 45934 0.000000
1658266770930995131 168.812474 475.697109 477 46411 0.000000
1658266771930640848 164.424112 483.171179 483 46894 0.000000
1658266772933502164 162.766725 489.599102 491 47386 0.000000
1658266773932770967 164.543011 493.360744 493 47879 0.000000
1658266774935469249 165.347443 481.700237 483 48361 0.000000
1658266775936493757 167.471313 477.510786 478 48840 0.000000
1658266776935568176 167.557741 481.445622 481 49320 0.000000
1658266777930452694 165.661992 472.416634 470 49790 0.000000
1658266778938638515 167.375140 482.053949 486 50279 0.000000
1658266779939141569 166.426722 483.756674 484 50760 0.000000
1658266780942035156 162.989816 485.594903 487 51248 0.000000
1658266781945934736 166.133927 480.127661 482 51729 0.000000
1658266782946525093 159.402627 508.699731 509 52243 0.000000
1658266783947160894 163.181472 488.689276 489 52727 0.000000
1658266784945400280 165.962616 476.839545 476 53203 0.000000
1658266785949655677 165.306070 479.957590 482 53685 0.000000
1658266786950974958 163.705369 499.341229 500 54185 0.000000
1658266787947681606 168.070636 469.546382 468 54654 0.000000
1658266788952692978 167.229092 478.601535 481 55134 0.000000
1658266789953788740 164.816773 498.453828 499 55634 0.000000
1658266790955160049 166.165428 476.346781 477 56110 0.000000
1658266791956323058 165.304667 486.434273 487 56597 0.000000
1658266792957641958 163.810104 487.357195 488 57085 0.000000
1658266793957969934 170.363996 468.846243 469 57554 0.000000
1658266794957929931 166.204934 471.018814 471 58026 0.000000
1658266795958799722 167.654013 478.583728 479 58504 0.000000
1658266796956258738 167.300839 482.225375 481 58988 0.000000
1658266797962672084 165.310576 484.890187 488 59473 0.000000
1658266798962717231 162.282010 493.977743 494 59967 0.000000
1658266799966733241 167.531401 473.100026 475 60442 0.000000
1658266800962061229 165.998904 480.243704 478 60922 0.000000
1658266801968568271 165.828400 486.832163 490 61410 0.000000
1658266802969358021 162.466941 492.610921 493 61903 0.000000
1658266803972106960 162.141969 491.648528 493 62396 0.000000
1658266804972837780 165.774136 486.644351 487 62884 0.000000
1658266805967805995 163.320400 490.467929 488 63371 0.000000
1658266806974257673 166.032923 474.935867 478 63850 0.000000
1658266807976055100 169.777835 476.144166 477 64326 0.000000
1658266808972841668 162.113604 491.579643 490 64816 0.000000
1658266809975558207 163.260658 485.680625 487 65303 0.000000
1658266810976016698 167.645592 484.777739 485 65788 0.000000
1658266811980549354 163.401356 482.811596 485 66275 0.000000
1658266812978421635 166.415656 480.021351 479 66753 0.000000
1658266813983599510 163.262038 495.434701 498 67250 0.000000
1658266814985118095 166.251846 473.281240 474 67724 0.000000
1658266815981645008 163.261070 493.714759 492 68218 0.000000
1658266816986981108 163.651475 487.399189 490 68707 0.000000
1658266817981990962 162.393504 501.502555 499 69208 0.000000
1658266818987758490 164.405293 479.235988 482 69689 0.000000
1658266819989343861 166.263541 481.237080 482 70172 0.000000
1658266820989110759 164.220143 486.113314 486 70656 0.000000
1658266821993694642 163.051022 493.736719 496 71152 0.000000
1658266822994939956 167.550038 474.409212 475 71626 0.000000
1658266823996119798 166.308686 486.426143 487 72113 0.000000
1658266824995708843 165.172815 482.198152 482 72596 0.000000
1658266825995542455 163.321411 494.082219 494 73089 0.000000
1658266826999829824 165.841205 482.929504 485 73574 0.000000
1658266828001343601 165.538335 481.271429 482 74057 0.000000
1658266829002401575 167.038526 480.491672 481 74537 0.000000
1658266830003020898 169.675905 471.707875 472 75011 0.000000
1658266831003046029 160.565834 491.987636 492 75501 0.000000
1658266832005441788 161.920296 488.828874 490 75991 0.000000
1658266833007295792 166.193086 489.093229 490 76482 0.000000
1658266834008066459 161.346018 496.617273 497 76978 0.000000
1658266835007380669 164.474327 481.330082 481 77460 0.000000
1658266836008547678 163.693164 497.419512 498 77958 0.000000
1658266837007535839 166.942164 477.483141 477 78434 0.000000
1658266838008589234 166.530537 478.495940 479 78913 0.000000
1658266839013436081 163.628859 495.597913 498 79411 0.000000
1658266840015262043 0.000000 476.130618 477 79888 0.000000
1658266841015403813 0.000000 481.931681 482 80370 0.000000
1658266842015548979 0.000000 486.929290 487 80857 0.000000
1658266843015678146 0.000000 492.936334 493 81350 0.000000
1658266844015806912 0.000000 473.938992 474 81824 0.000000
1658266845015949514 0.000000 502.928256 503 82327 0.000000
1658266846016043124 0.000000 504.952752 505 82832 0.000000
1658266847016163383 0.000000 493.940594 494 83326 0.000000
1658266848016285277 0.000000 478.941625 479 83805 0.000000
1658266849016416767 0.000000 487.935826 488 84293 0.000000
1658266850016593954 0.000000 495.912107 496 84789 0.000000
1658266851016799394 0.000000 475.902231 476 85265 0.000000
1658266852016985888 0.000000 479.910495 480 85745 0.000000
1658266853017197820 0.000000 490.895959 491 86236 0.000000
1658266854017388633 0.000000 471.910001 472 86708 0.000000
