1658860185977000415 0.000000 312.962034 313 313 0.000000
1658860186977215004 0.000000 471.898759 472 785 0.000000
1658860187977366598 0.000000 506.923153 507 1292 0.000000
1658860188977530257 0.000000 501.917857 502 1794 0.000000
1658860189977686925 0.000000 495.922299 496 2290 0.000000
1658860190977830162 0.000000 494.929113 495 2785 0.000000
1658860191977993557 0.000000 499.918271 500 3285 0.000000
1658860192978203543 0.000000 495.895908 496 3781 0.000000
1658860193978350402 0.000000 510.924966 511 4292 0.000000
1658860194978513044 0.000000 490.920126 491 4783 0.000000
1658860195978730981 0.000000 502.890407 503 5286 0.000000
1658860196978944623 0.000000 485.896221 486 5772 0.000000
1658860197979139672 0.000000 491.904030 492 6264 0.000000
1658860198979360782 0.000000 493.890820 494 6758 0.000000
1658860199979519909 0.000000 505.919464 506 7264 0.000000
1658860200979550979 162.084422 496.984564 497 7763 0.000000
1658860201979188535 156.996567 510.184939 510 8271 0.000000
1658860202980605100 159.268591 499.292655 500 8771 0.000000
1658860203981170896 157.475343 507.712804 508 9282 0.000000
1658860204984344118 156.814907 518.355149 520 9799 0.000000
1658860205984822355 152.952797 515.753311 516 10315 0.000000
1658860206982009944 157.574521 507.427125 506 10821 0.000000
1658860207989136263 158.098328 514.334656 518 11341 0.000000
1658860208990468262 161.571928 492.344203 493 11833 0.000000
1658860209990162443 158.649332 498.152369 498 12330 0.000000
1658860210991701815 155.710222 513.209948 514 12844 0.000000
1658860211987123924 158.673419 507.322498 505 13349 0.000000
1658860212990581386 159.159072 500.270329 502 13856 0.000000
1658860213997590028 156.941165 509.429611 513 14367 0.000000
1658860214997925869 160.300270 495.833479 496 14861 0.000000
1658860215999608029 157.757669 510.141850 511 15371 0.000000
1658860217000481851 154.920635 512.552105 513 15884 0.000000
1658860217999837415 159.010070 507.326965 507 16392 0.000000
1658860218996386387 156.801348 511.766073 510 16901 0.000000
1658860220004473328 160.510817 492.021084 496 17398 0.000000
1658860221003342871 158.370784 516.583960 516 17913 0.000000
1658860222003898368 157.825248 496.724071 497 18411 0.000000
1658860223008987942 163.260314 489.508644 492 18902 0.000000
1658860224009259403 159.171501 512.860712 513 19417 0.000000
1658860225011484427 159.692126 494.898843 496 19911 0.000000
1658860226012875334 161.743801 489.319456 490 20402 0.000000
1658860227012176646 160.427679 507.354482 507 20908 0.000000
1658860228014992381 164.142557 484.635351 486 21394 0.000000
1658860229015592015 159.825419 505.696767 506 21900 0.000000
1658860230017753572 158.883161 501.915112 503 22403 0.000000
1658860231018456042 156.122289 503.646219 504 22907 0.000000
1658860232020099103 159.742756 511.160123 512 23419 0.000000
1658860233020749431 159.691382 501.673758 502 23921 0.000000
1658860234020860732 155.644565 508.943308 509 24430 0.000000
1658860235022803289 157.388009 504.020956 505 24935 0.000000
1658860236022462600 160.262080 497.169345 497 25432 0.000000
1658860237023644648 161.515226 499.409668 500 25933 0.000000
1658860238026352252 158.602508 499.647154 501 26433 0.000000
1658860239027841379 161.030495 502.252113 503 26937 0.000000
1658860240027072888 158.372386 506.389125 506 27442 0.000000
1658860241028841752 158.307026 506.104769 507 27949 0.000000
1658860242030733468 158.324480 507.040848 508 28457 0.000000
1658860243030723260 162.063050 488.004981 488 28945 0.000000
1658860244034514611 163.231925 489.145493 491 29437 0.000000
1658860245035005234 158.428673 504.752347 505 29941 0.000000
1658860246030215217 164.185351 493.363218 491 30432 0.000000
1658860247034672238 157.581305 498.776896 501 30933 0.000000
1658860248032245042 163.090962 496.204430 495 31428 0.000000
1658860249040039075 160.223579 504.071247 508 31936 0.000000
1658860250041887666 161.563583 495.084747 496 32432 0.000000
1658860251041079753 155.081739 518.418884 518 32951 0.000000
1658860252045015008 157.952823 499.036160 501 33453 0.000000
1658860253044422131 158.081646 507.300772 507 33958 0.000000
1658860254047449903 158.137277 506.466540 508 34466 0.000000
1658860255047493980 159.729094 502.977790 503 34969 0.000000
1658860256050176692 155.845903 506.640880 508 35479 0.000000
1658860257050662689 160.057251 506.753709 507 35986 0.000000
1658860258046847948 159.908048 496.895498 495 36480 0.000000
1658860259050347281 156.133423 513.204153 515 36994 0.000000
1658860260052474943 161.458735 487.961753 489 37483 0.000000
1658860261056200372 169.432794 482.203589 484 37967 0.000000
1658860262058685275 157.081919 504.745741 506 38473 0.000000
1658860263053521101 163.659759 492.543591 490 38963 0.000000
1658860264061613230 158.791650 497.970360 502 39465 0.000000
1658860265062123707 159.955198 504.742391 505 39971 0.000000
1658860266058345248 160.311150 499.888749 498 40468 0.000000
1658860267063438887 159.297629 497.466147 500 40968 0.000000
1658860268066819054 160.442282 502.302085 504 41472 0.000000
1658860269066949167 158.648127 506.934061 507 41979 0.000000
1658860270063732947 158.012177 502.616511 501 42480 0.000000
1658860271069830029 163.038545 490.012340 493 42973 0.000000
1658860272066077229 161.051717 495.860906 494 43467 0.000000
1658860273073769827 157.310650 509.083843 513 43980 0.000000
1658860274073781708 160.523709 495.994102 496 44477 0.000000
1658860275076403289 165.116178 491.710886 493 44972 0.000000
1658860276077212564 157.911713 500.594886 501 45471 0.000000
1658860277078677257 163.435469 484.290697 485 45956 0.000000
1658860278077888338 160.883319 504.397884 504 46460 0.000000
1658860279078763131 159.157611 506.556908 507 46970 0.000000
1658860280078523562 160.611704 488.116943 488 47454 0.000000
1658860281084160992 158.843065 507.140998 510 47964 0.000000
1658860282082354688 160.278326 501.906596 501 48465 0.000000
1658860283080660425 157.365184 505.857060 505 48971 0.000000
1658860284088594753 165.581832 480.190053 484 49454 0.000000
1658860285088295682 157.914356 508.151928 508 49962 0.000000
1658860286088623274 157.102761 513.831677 514 50476 0.000000
1658860287091863622 160.567043 496.391519 498 50975 0.000000
1658860288091332192 159.743318 504.268009 504 51478 0.000000
1658860289086639754 157.469755 506.376098 504 51983 0.000000
1658860290096294419 157.999519 505.123215 510 52493 0.000000
1658860291095037306 159.452316 502.631865 502 52996 0.000000
1658860292093308263 160.403992 502.869489 502 53496 0.000000
1658860293100234793 160.380126 488.615575 492 53993 0.000000
1658860294102289096 161.799644 492.987294 494 54483 0.000000
1658860295102230270 160.788533 504.029665 504 54986 0.000000
1658860296102921087 158.872572 497.656161 498 55484 0.000000
1658860297104086263 159.608580 503.413440 504 55988 0.000000
1658860298098254970 156.215922 518.020762 515 56503 0.000000
1658860299106672747 162.018759 493.842955 498 57001 0.000000
1658860300107977338 153.419949 523.317248 524 57526 0.000000
1658860301104586493 159.159222 493.673972 492 58018 0.000000
1658860302110484684 155.243118 521.921596 525 58542 0.000000
1658860303107528404 156.038849 507.500349 506 59049 0.000000
1658860304113138450 160.764366 500.193840 503 59551 0.000000
1658860305115332883 161.078762 498.905236 500 60051 0.000000
1658860306113967922 160.804561 493.673835 493 60545 0.000000
1658860307114401445 160.262704 502.782037 503 61049 0.000000
1658860308110665135 157.124210 510.908884 509 61557 0.000000
1658860309120423114 159.569827 502.100504 507 62063 0.000000
1658860310121755872 161.228375 495.339871 496 62559 0.000000
1658860311121646867 158.740091 504.054904 504 63063 0.000000
1658860312125045111 159.025329 502.293121 504 63567 0.000000
1658860313125989839 158.959513 497.529989 498 64065 0.000000
1658860314125461926 157.498791 507.267743 507 64575 0.000000
1658860315127225197 160.516899 505.109360 506 65078 0.000000
1658860316128880428 156.775309 504.165490 505 65583 0.000000
1658860317130743890 156.914743 510.049542 511 66095 0.000000
1658860318132466369 162.446072 492.152312 493 66588 0.000000
1658860319133214439 163.536036 487.635224 488 67075 0.000000
1658860320133712813 159.264223 502.749398 503 67579 0.000000
1658860321132356000 159.214494 495.672535 495 68073 0.000000
1658860322132922153 158.431351 516.707459 517 68590 0.000000
1658860323137793557 159.005201 506.532526 509 69100 0.000000
1658860324135987599 159.642978 498.900984 498 69599 0.000000
1658860325137274544 158.050961 502.353489 503 70100 0.000000
1658860326142077495 158.464768 510.547869 513 70613 0.000000
1658860327141005403 157.430544 510.547344 510 71124 0.000000
1658860328138021127 158.909432 500.493585 499 71622 0.000000
1658860329147439110 157.760692 500.288334 505 72127 0.000000
1658860330148956453 159.893468 511.224308 512 72639 0.000000
1658860331148358012 162.383649 490.293368 490 73131 0.000000
1658860332149973762 157.892873 499.193438 500 73629 0.000000
1658860333152120726 158.499893 507.909572 509 74138 0.000000
1658860334152836527 159.987681 498.643026 499 74637 0.000000
1658860335154692771 162.883271 494.082891 495 75133 0.000000
1658860336153264486 155.344269 508.726601 508 75643 0.000000
1658860337156806484 161.414207 504.214080 506 76146 0.000000
1658860338158671619 159.813296 495.076615 496 76642 0.000000
1658860339158233198 158.013160 504.221061 504 77148 0.000000
1658860340160358462 158.775263 509.916298 511 77657 0.000000
1658860341157011116 157.805555 507.699456 506 78163 0.000000
1658860342160296060 156.448971 512.317016 514 78677 0.000000
1658860343162690781 160.291104 490.824666 492 79170 0.000000
1658860344165051650 159.060465 502.812904 504 79675 0.000000
1658860345166640698 158.232451 506.195631 507 80180 0.000000
1658860346166212516 155.744677 517.221424 517 80697 0.000000
1658860347170538262 157.180613 509.794813 512 81209 0.000000
1658860348168817346 160.127283 502.865389 502 81711 0.000000
1658860349171809101 161.658135 485.547346 487 82199 0.000000
1658860350175052018 0.000000 499.380551 501 82699 0.000000
1658860351175142862 0.000000 504.954087 505 83204 0.000000
1658860352175359243 0.000000 509.889711 510 83714 0.000000
1658860353175599810 0.000000 501.879239 502 84216 0.000000
1658860354175814991 0.000000 505.891127 506 84722 0.000000
1658860355176009194 0.000000 511.900592 512 85234 0.000000
1658860356176203509 0.000000 495.903678 496 85730 0.000000
1658860357176398806 0.000000 499.902366 500 86230 0.000000
1658860358176592462 0.000000 509.901255 510 86740 0.000000
1658860359176804203 0.000000 502.893532 503 87243 0.000000
1658860360176927078 0.000000 497.938816 498 87741 0.000000
1658860361177072969 0.000000 507.925852 508 88249 0.000000
1658860362177246031 0.000000 498.913661 499 88748 0.000000
1658860363177446776 0.000000 483.902859 484 89232 0.000000
1658860364177652471 0.000000 497.897579 498 89730 0.000000
