1648831000499715794 1.616120 29583.830912 29618 48 0.000000
1648831001551478801 1.623298 29557.989607 31088 48 0.000000
1648831002604469413 1.653362 28991.711466 30528 48 0.000000
1648831003656341397 1.664005 28791.526403 30285 48 0.000000
1648831004707334893 1.650000 29063.928946 30546 48 0.000000
1648831005759602330 1.625891 29472.545301 31013 48 0.000000
1648831006817939728 1.615531 29678.626173 31410 48 0.000000
1648831007870558356 1.625086 29487.413076 31039 47 0.000000
1648831008932130264 1.644434 29140.748239 30935 48 0.000000
1648831009984122108 1.634091 29341.482233 30867 48 0.000000
1648831011043529196 1.638723 29226.725631 30963 48 0.000000
1648831012098720333 1.617243 29640.126783 31276 48 0.000000
1648831013155720868 1.594535 30058.642243 31772 48 0.000000
1648831014209696799 1.629630 29411.487297 30999 48 0.000000
1648831015264085926 1.606933 29809.677656 31431 48 0.000000
1648831016319720512 1.646531 29108.557457 30728 48 0.000000
1648831017384134552 1.642398 29170.040158 31049 48 0.000000
1648831018440242329 1.653517 28978.102781 30604 48 0.000000
1648831019493749138 1.630841 29397.057271 30970 48 0.000000
1648831020546173748 1.678752 28539.811512 30036 48 0.000000
1648831021597822134 1.636890 29273.092043 30785 47 0.000000
1648831022657342189 1.600841 29940.915087 31723 48 0.000000
1648831023716428513 1.638940 29243.128684 30971 48 0.000000
1648831024769951121 1.626571 29468.757568 31046 48 0.000000
1648831025822644105 1.661276 28851.716694 30372 48 0.000000
1648831026874790076 1.697634 28224.221147 29696 47 0.000000
1648831027929493186 1.710713 28029.688582 29563 48 0.000000
1648831028986905651 1.700412 28176.327846 29794 48 0.000000
1648831030037397675 1.663183 28817.924657 30273 48 0.000000
1648831031087928766 1.626911 29460.336748 30949 48 0.000000
1648831032143755713 1.650635 29041.691328 30663 48 0.000000
1648831033205092229 1.620115 29574.031639 31388 47 0.000000
1648831034258495605 1.607230 29807.195150 31399 48 0.000000
1648831035311410287 1.652316 29002.350127 30537 48 0.000000
1648831036364033826 1.699704 28187.665055 29671 48 0.000000
1648831037414250605 1.668032 28724.545830 30167 48 0.000000
1648831038477593618 1.609205 29779.666216 31666 49 0.000000
1648831039541283696 288726626.635080 30032.243753 31945 49 0.000000
1648831040597713438 1.619578 29604.429952 31275 49 0.000000
1648831041649849899 1.606113 29820.276326 31375 49 0.000000
1648831042701985252 1.653335 28976.309857 30487 49 0.000000
1648831043756255082 1.636160 29294.208268 30884 49 0.000000
1648831044807741385 1.636738 29272.849243 30780 49 0.000000
1648831045865565318 1.675564 28618.184314 30273 48 0.000000
1648831046916459978 1.666143 28771.675091 30236 48 0.000000
1648831047975655000 1.653972 28972.946107 30688 49 0.000000
1648831049036053343 1.647912 29090.011233 30847 49 0.000000
1648831050089170422 1.670074 28700.512605 30225 49 0.000000
1648831051146513162 1.685640 28422.193545 30052 49 0.000000
1648831052197927064 1.640467 29203.532445 30705 49 0.000000
1648831053249638378 1.633216 29354.063118 30872 49 0.000000
1648831054312431261 1.651983 28982.128318 30802 49 0.000000
1648831055364056472 1.659759 28897.177133 30389 49 0.000000
1648831056415672531 1.598975 29967.210685 31514 49 0.000000
1648831057474224011 1.762099 27203.211952 28796 49 0.000000
1648831058524587427 1.652534 28991.870096 30452 49 0.000000
1648831059586553170 1.639609 29228.814775 31040 49 0.000000
1648831060641757296 1.673505 28618.156262 30198 49 0.000000
1648831061693711250 1.630748 29407.184042 30935 49 0.000000
1648831062751449978 1.620354 29584.810664 31293 49 0.000000
1648831063804665818 1.600822 29923.590971 31516 49 0.000000
1648831064859464732 1.659341 28890.815002 30474 49 0.000000
1648831065910832145 1.659915 28889.044244 30373 49 0.000000
1648831066962070772 1.615442 29669.762408 31190 49 0.000000
1648831068015512925 1.648767 29062.820034 30616 49 0.000000
1648831069074211371 1.684816 28436.803807 30106 49 0.000000
1648831070131155332 1.691940 28338.304683 29952 49 0.000000
1648831071181655963 1.636511 29272.709690 30751 49 0.000000
1648831072234554788 1.666350 28767.246737 30289 49 0.000000
1648831073285474166 1.623265 29522.721390 31026 50 0.000000
1648831074341958154 300064157.963289 29094.619567 30738 50 0.000000
1648831075403950228 1.591811 30116.985600 31984 50 0.000000
1648831076462300176 1.636612 29284.264679 30993 50 0.000000
1648831077514682780 1.622546 29539.637179 31087 50 0.000000
1648831078567361334 1.654756 28962.306419 30488 50 0.000000
1648831079618261288 1.684421 28455.611806 29904 50 0.000000
1648831080675470319 1.641196 29190.064381 30860 50 0.000000
1648831081728670769 1.646269 29116.015209 30665 50 0.000000
1648831082781153218 1.611751 29729.711628 31290 50 0.000000
1648831083843252907 1.626256 29500.055715 31332 49 0.000000
1648831084901000330 1.637182 29281.090158 30972 50 0.000000
1648831085963559123 1.663211 28802.173118 30604 50 0.000000
1648831087023479031 1.655249 28944.639843 30679 50 0.000000
1648831088078050256 1.711886 27997.160647 29525 50 0.000000
1648831089131054288 1.647921 29097.704348 30640 50 0.000000
1648831090183966244 1.680022 28516.154488 30025 50 0.000000
1648831091246002716 1.610169 29773.930400 31621 50 0.000000
1648831092308426239 1.623524 29499.535370 31341 50 0.000000
1648831093360744721 1.665141 28792.613862 30299 50 0.000000
1648831094420641790 1.643177 29166.039707 30913 49 0.000000
1648831095473415809 1.667777 28740.260924 30257 50 0.000000
1648831096538011059 1.709954 28031.310228 29842 50 0.000000
1648831097588389980 1.610223 29755.928716 31255 50 0.000000
1648831098641608742 1.646872 29110.761294 30660 50 0.000000
1648831099695836482 1.619396 29583.740634 31188 49 0.000000
1648831100752123872 1.637339 29276.123423 30924 50 0.000000
1648831101814275444 1.531881 31266.724249 33210 50 0.000000
1648831102870911120 1.307201 36645.554262 38721 49 0.000000
1648831103937394126 1.197920 39962.192891 42619 49 0.000000
1648831105009857913 1.439281 33292.499414 35705 50 0.000000
1648831106073310751 314415274.852897 27584.674140 29335 50 0.000000
1648831107126899210 1.698555 28229.238604 29742 51 0.000000
1648831108185678880 1.714904 27954.824633 29598 51 0.000000
1648831109244537455 1.693406 28301.229935 29967 51 0.000000
1648831110296648495 1.687165 28395.289357 29875 51 0.000000
1648831111348276107 1.679248 28533.867173 30007 51 0.000000
1648831112404731207 1.633458 29325.429921 30981 50 0.000000
1648831113457288717 1.644580 29136.650215 30668 50 0.000000
1648831114508927451 1.631698 29378.910267 30896 50 0.000000
1648831115562682211 1.685733 28427.866841 29956 51 0.000000
1648831116618004697 1.630348 29388.173200 31014 51 0.000000
1648831117674966294 1.669941 28699.245163 30334 51 0.000000
1648831118725832301 1.615454 29653.637850 31162 51 0.000000
1648831119785396172 1.640777 29187.480942 30926 51 0.000000
1648831120838886173 1.630345 29390.881401 30963 51 0.000000
1648831121893577415 1.669544 28706.979385 30277 51 0.000000
1648831122948570089 1.685497 28439.060312 30003 51 0.000000
1648831124000364956 1.682205 28481.789772 29957 51 0.000000
1648831125052585298 1.696348 28271.644759 29748 51 0.000000
1648831126104369020 1.689567 28356.590215 29825 51 0.000000
1648831127159288779 1.672493 28623.978025 30196 51 0.000000
1648831128219497752 1.685284 28478.347919 30193 51 0.000000
1648831129273730248 1.689659 28326.768633 29863 51 0.000000
1648831130323992179 1.651304 29041.326834 30501 50 0.000000
1648831131375384979 1.611001 29767.181210 31297 51 0.000000
1648831132427999247 1.652357 28996.377132 30522 51 0.000000
1648831133490453709 1.668563 28717.465537 30511 51 0.000000
1648831134541645377 1.718137 27906.424184 29335 51 0.000000
1648831135592733719 1.663595 28802.526393 30274 50 0.000000
1648831136645338754 1.670370 28680.273223 30189 51 0.000000
1648831137698516560 1.649848 29051.124915 30596 51 0.000000
1648831138764450728 1.657496 28925.801625 30833 51 0.000000
1648831139816079037 1.722641 27814.960327 29251 51 0.000000
1648831140866143614 1.627467 29412.476819 30885 51 0.000000
1648831141921578797 1.683676 28472.615627 30051 51 0.000000
1648831142973042313 1.651817 29020.502609 30514 51 0.000000
1648831144025414291 1.675473 28564.992010 30061 51 0.000000
1648831145079699864 1.673461 28649.735826 30205 51 0.000000
1648831146131855484 1.654973 28942.486664 30452 50 0.000000
1648831147184510709 1.655915 28928.750124 30452 51 0.000000
1648831148236360754 1.666929 28736.035032 30226 51 0.000000
1648831149296590355 1.615380 29667.158859 31454 51 0.000000
