1648920037789013899 1.634271 29305.370739 29339 47 0.000000
1648920038840266964 1.610474 29752.113301 31277 48 0.000000
1648920039895380357 1.586195 30193.910825 31858 48 0.000000
1648920040954320734 1.627047 29445.472736 31181 48 0.000000
1648920042017333015 1.609798 29769.176298 31645 48 0.000000
1648920043072449011 1.666474 28758.923299 30344 48 0.000000
1648920044129310944 1.643501 29141.933339 30799 48 0.000000
1648920045183302527 1.589228 30138.758003 31766 48 0.000000
1648920046248120736 1.625216 29486.725920 31398 48 0.000000
1648920047302533870 1.650968 29021.830934 30601 48 0.000000
1648920048355064259 1.605680 29835.718404 31403 48 0.000000
1648920049420531644 1.641656 29170.296940 31080 48 0.000000
1648920050475945675 1.678505 28544.248148 30126 48 0.000000
1648920051534373604 1.631530 29384.145248 31101 48 0.000000
1648920052591881986 1.671739 28631.451547 30278 48 0.000000
1648920053647331592 1.659270 28890.056042 30492 48 0.000000
1648920054708824133 1.673523 28647.400282 30409 48 0.000000
1648920055761164751 1.595666 30014.996817 31586 48 0.000000
1648920056816566235 1.660639 28864.844491 30464 48 0.000000
1648920057870872191 1.622761 29518.945447 31122 48 0.000000
1648920058924893022 1.597319 29994.663360 31615 47 0.000000
1648920059993107048 1.591451 30110.070816 32164 48 0.000000
1648920061046927211 1.625476 29471.821777 31058 48 0.000000
1648920062099526932 1.671581 28695.618474 30205 48 0.000000
1648920063159079316 1.637041 29276.511321 31020 48 0.000000
1648920064212678181 1.610371 29748.516267 31343 48 0.000000
1648920065274981469 1.643382 29138.571206 30954 48 0.000000
1648920066327952183 1.662801 28820.364704 30347 48 0.000000
1648920067380665916 1.586458 30183.893970 31775 48 0.000000
1648920068435704121 1.587145 30191.324021 31853 48 0.000000
1648920069494413599 1.582422 30284.039544 32062 48 0.000000
1648920070550516823 1.582730 30277.340553 31976 48 0.000000
1648920071606561627 1.609206 29778.095455 31447 48 0.000000
1648920072661406428 1.627641 29428.026061 31042 48 0.000000
1648920073717215708 1.600723 29932.489039 31603 47 0.000000
1648920074771089515 1.622062 29545.283119 31137 48 0.000000
1648920075830208307 1.598790 29968.310013 31740 48 0.000000
1648920076885635008 1.626417 29447.805021 31080 48 0.000000
1648920077940241519 1.650912 28967.202157 30549 48 0.000000
1648920078992988617 1.605905 29884.670364 31461 48 0.000000
1648920080046792750 1.671908 28655.230456 30197 48 0.000000
1648920081105450365 1.606267 29845.343341 31596 47 0.000000
1648920082163164797 1.605665 29805.776227 31526 47 0.000000
1648920083217029873 1.639800 29238.088464 30813 47 0.000000
1648920084270446386 1.642885 29178.391737 30737 48 0.000000
1648920085323678773 1.641762 29172.099537 30725 48 0.000000
1648920086389865430 1.644005 29135.610715 31064 48 0.000000
1648920087451468712 1.658087 28898.743453 30679 48 0.000000
1648920088505356187 1.639494 29236.517597 30812 48 0.000000
1648920089558521055 1.653811 28967.922212 30508 48 0.000000
1648920090610985408 1.661791 28860.833870 30375 48 0.000000
1648920091669964590 1.661545 28831.542386 30532 48 0.000000
1648920092730984274 1.635251 29295.403722 31083 48 0.000000
1648920093793700913 1.654339 28981.384943 30799 48 0.000000
1648920094851513324 1.642534 29178.141303 30865 48 0.000000
1648920095914378029 1.575831 30389.568727 32300 48 0.000000
1648920096980292240 1.684392 28467.582073 30344 48 0.000000
1648920098030466669 1.652140 28996.135184 30451 48 0.000000
1648920099083164045 1.700934 28165.739706 29650 48 0.000000
1648920100134168702 1.703672 28158.771249 29595 48 0.000000
1648920101191684153 1.619916 29588.217095 31290 48 0.000000
1648920102254588981 1.683535 28470.096870 30261 48 0.000000
1648920103306733016 1.603046 29883.740871 31442 48 0.000000
1648920104360109885 1.599109 29938.003413 31536 48 0.000000
1648920105414271988 1.667392 28753.639238 30311 48 0.000000
1648920106467009897 1.689737 28357.487961 29853 48 0.000000
1648920107528800481 1.678729 28545.177121 30309 48 0.000000
1648920108580021711 1.620629 29566.564214 31081 47 0.000000
1648920109633737444 1.690042 28351.099888 29874 48 0.000000
1648920110687347408 1.686681 28421.333343 29945 48 0.000000
1648920111738412724 1.626406 29460.585873 30965 47 0.000000
1648920112796198857 1.636466 29270.567116 30962 48 0.000000
1648920113858495038 1.622295 29545.432396 31386 48 0.000000
1648920114914134380 1.650190 29039.273908 30655 47 0.000000
1648920115972499589 1.707740 28050.808688 29688 48 0.000000
1648920117024605316 1.666861 28755.665161 30254 48 0.000000
1648920118088899165 1.643216 29166.756934 31042 48 0.000000
1648920119141172395 1.641167 29220.547595 30748 47 0.000000
1648920120193347201 1.631285 29384.851095 30918 47 0.000000
1648920121247952960 1.657569 28913.174179 30492 48 0.000000
1648920122309517543 1.661104 28795.233731 30568 48 0.000000
1648920123368460112 1.707554 28078.009669 29733 48 0.000000
1648920124419303607 1.680032 28534.220801 29985 48 0.000000
1648920125470177808 1.700156 28185.104725 29619 48 0.000000
1648920126520278998 1.676532 28577.246269 30009 48 0.000000
1648920127573199951 1.650866 29039.216964 30576 48 0.000000
1648920128633005259 1.669294 28707.159485 30424 48 0.000000
1648920129684268880 1.658975 28874.771757 30355 47 0.000000
1648920130736711915 1.625145 29504.687867 31052 48 0.000000
1648920131791503578 1.650229 29027.532909 30618 48 0.000000
1648920132851416536 1.646729 29109.937535 30854 47 0.000000
1648920133914723134 1.661583 28846.807043 30673 48 0.000000
1648920134965778071 1.671141 28652.165250 30115 48 0.000000
1648920136017734260 1.696701 28261.633510 29730 48 0.000000
1648920137068970145 1.689686 28378.026688 29832 48 0.000000
1648920138120038136 1.645652 29112.293373 30599 48 0.000000
1648920139181280597 1.504619 31788.211686 33735 48 0.000000
1648920140237628679 1.370497 35037.693191 37012 48 0.000000
1648920141310087307 1.251544 38270.007745 41043 48 0.000000
1648920142381185380 1.389353 34466.498382 36917 48 0.000000
1648920143444737175 1.634286 29332.845045 31197 48 0.000000
1648920144504906890 1.640862 29193.439090 30950 48 0.000000
1648920145557491685 1.689523 28355.910271 29847 48 0.000000
1648920146612120346 1.644887 29136.321756 30728 47 0.000000
1648920147663189836 1.645061 29121.766250 30609 47 0.000000
1648920148716699796 1.689146 28373.723476 29892 48 0.000000
1648920149775018304 1.624621 29508.129612 31229 47 0.000000
1648920150837524664 1.683269 28462.887912 30242 48 0.000000
1648920151887761328 1.713149 27975.600021 29381 48 0.000000
1648920152937421439 1.643851 29141.813991 30589 48 0.000000
1648920153989807628 1.637986 29271.573802 30805 48 0.000000
1648920155050207522 1.638460 29247.456715 31014 48 0.000000
1648920156112632256 1.661237 28855.691155 30657 48 0.000000
1648920157163777664 1.663087 28812.379389 30286 48 0.000000
1648920158215065520 1.664349 28803.718733 30281 48 0.000000
1648920159265750102 1.664487 28774.572805 30233 48 0.000000
1648920160330122160 1.671234 28662.909795 30508 48 0.000000
1648920161380820147 1.647349 29118.738293 30595 48 0.000000
1648920162432152284 1.622138 29534.909956 31051 48 0.000000
1648920163486096474 1.672644 28646.678151 30192 48 0.000000
1648920164537998661 1.630373 29403.874602 30930 48 0.000000
1648920165594450368 1.656493 28933.646278 30567 48 0.000000
1648920166646003308 1.641785 29180.651618 30685 48 0.000000
1648920167697530038 1.631106 29358.264625 30871 48 0.000000
1648920168750163256 1.626539 29468.954114 31020 48 0.000000
1648920169803047163 1.656775 28918.667309 30448 48 0.000000
1648920170865496248 1.662371 28829.617352 30630 48 0.000000
1648920171917869556 1.643611 29166.456206 30694 47 0.000000
1648920172969872118 1.637198 29267.989837 30790 48 0.000000
1648920174021524722 1.641569 29201.658030 30710 48 0.000000
1648920175083088413 1.669878 28696.346963 30463 48 0.000000
1648920176135191042 1.688769 28367.004489 29845 47 0.000000
1648920177185909862 1.604947 29855.751513 31370 48 0.000000
1648920178239827678 1.718681 27876.935940 29380 48 0.000000
1648920179299255307 1.656015 28936.380089 30656 48 0.000000
1648920180358586014 1.671344 28669.989294 30371 48 0.000000
1648920181409341292 1.654920 28947.748954 30417 48 0.000000
1648920182468205141 1.662314 28830.902130 30528 48 0.000000
1648920183524496552 1.616366 29639.548021 31308 48 0.000000
1648920184577391474 1.702334 28108.217975 29595 48 0.000000
1648920185628393885 1.667824 28785.852166 30254 48 0.000000
1648920186691493315 1.629240 29422.459849 31279 48 0.000000
