1641922467422644103 89.516311 0.000000
1641922467432391294 176.848769 0.000000
1641922467437643568 178.904582 0.000000
1641922467474189100 88.574736 0.000000
1641922467615345206 176.830926 0.000000
1641922467735984164 88.440074 0.000000
1641922467814794849 88.619641 0.000000
1641922467859590013 176.871070 0.000000
1641922467864853589 88.635390 0.000000
1641922467874223813 176.669953 0.000000
1641922467917679167 88.457516 0.000000
1641922467954979854 176.637062 0.000000
1641922468028307411 88.435205 0.000000
1641922468235505096 88.436497 0.000000
1641922468293106405 88.439823 0.000000
1641922468294771837 88.385852 0.000000
1641922468578655474 176.749503 0.000000
1641922468600109457 88.441898 0.000000
1641922468606418694 178.863565 0.000000
1641922468629418766 177.188596 0.000000
1641922468675894651 89.331305 0.000000
1641922468679360487 90.653713 0.000000
1641922468709009752 88.565268 0.000000
1641922468735767197 88.530323 0.000000
1641922468748344673 176.747890 0.000000
1641922468878680327 88.893414 0.000000
1641922469034434495 89.188747 0.000000
1641922469393711932 88.521205 0.000000
1641922469452788236 88.630851 0.000000
1641922469471777068 88.656899 0.000000
1641922469634616729 177.309102 0.000000
1641922469705734603 177.505630 0.000000
1641922469770329642 176.676477 0.000000
1641922469801928371 88.643536 0.000000
1641922469852402150 90.031948 0.000000
1641922469875537845 88.908322 0.000000
1641922470073421273 176.696594 0.000000
1641922470330304570 88.409086 0.000000
1641922470342565342 176.593771 0.000000
1641922470676595043 89.128083 0.000000
1641922470866474657 179.360226 0.000000
1641922471020046565 88.540483 0.000000
1641922471091829597 91.328137 0.000000
1641922471092544667 176.795168 0.000000
1641922471109171292 176.597859 0.000000
1641922471196225088 88.516968 0.000000
1641922471297841090 89.297722 0.000000
1641922471389311443 91.464643 0.000000
1641922471397034088 176.848267 0.000000
1641922471415237149 88.560680 0.000000
1641922471477846395 88.532127 0.000000
1641922471599391892 88.488735 0.000000
1641922471632764907 88.673872 0.000000
1641922471733331541 88.498223 0.000000
1641922471752648539 89.885082 0.000000
1641922471806712087 89.065837 0.000000
1641922471924457982 176.877142 0.000000
1641922472039151726 177.244019 0.000000
1641922472193382931 90.650367 0.000000
1641922472201732812 90.296443 0.000000
1641922472351960682 178.896738 0.000000
1641922472433151177 89.077749 0.000000
1641922472477683639 90.301613 0.000000
1641922472485374315 176.766825 0.000000
1641922472504272638 88.597759 0.000000
1641922472540797962 88.573935 0.000000
1641922472574066802 88.683310 0.000000
1641922472575751820 88.580617 0.000000
1641922472578349459 176.814744 0.000000
1641922472583164455 88.899335 0.000000
1641922472614563941 88.560881 0.000000
1641922472666852702 88.491761 0.000000
1641922472780427749 176.810878 0.000000
1641922472789131844 88.628788 0.000000
1641922472798364029 176.746146 0.000000
1641922472916385240 88.647442 0.000000
1641922473096348126 176.766925 0.000000
1641922473233099245 89.486134 0.000000
1641922473291999289 88.615223 0.000000
1641922473318191233 177.697429 0.000000
1641922473361080736 176.890297 0.000000
1641922473378357921 88.395150 0.000000
1641922473566903054 88.528760 0.000000
1641922473585098911 177.119357 0.000000
1641922473586730499 90.872714 0.000000
1641922473604596868 91.093247 0.000000
1641922473872217741 88.620462 0.000000
1641922474049220249 88.527939 0.000000
1641922474060814051 176.853458 0.000000
1641922474160966116 93.491892 0.000000
1641922474200323850 177.738556 0.000000
1641922474232458454 88.498494 0.000000
1641922474309606702 88.455412 0.000000
1641922474336880935 88.539761 0.000000
1641922474337933689 88.803695 0.000000
1641922474384979052 88.418904 0.000000
1641922474471058921 176.696743 0.000000
1641922474527816519 88.620342 0.000000
1641922474698370569 90.781082 0.000000
1641922474840427423 88.622415 0.000000
1641922474845269710 88.582762 0.000000
1641922474868025203 177.441670 0.000000
1641922474893758087 88.668893 0.000000
1641922474911421576 176.988741 0.000000
1641922474918731137 89.453032 0.000000
1641922474995100996 88.637884 0.000000
1641922475067885565 88.938168 0.000000
1641922475163004919 90.279772 0.000000
1641922475348714887 178.453256 0.000000
1641922475369459541 88.569326 0.000000
1641922475482032100 89.312770 0.000000
1641922475521932189 176.885087 0.000000
1641922475540538655 88.914843 0.000000
1641922475630272956 89.727608 0.000000
1641922475631063618 177.520338 0.000000
1641922475647776825 88.822741 0.000000
1641922475658991957 176.954197 0.000000
1641922475851280797 88.537016 0.000000
1641922475942656052 90.164557 0.000000
1641922476088202678 88.944369 0.000000
1641922476109115808 177.893457 0.000000
1641922476141377309 89.986812 0.000000
1641922476208448529 88.586227 0.000000
1641922476272105739 88.452927 0.000000
1641922476385067367 89.297281 0.000000
1641922476431114459 88.562895 0.000000
1641922476448375934 178.318575 0.000000
1641922476529319797 89.818648 0.000000
1641922476578365529 88.433351 0.000000
1641922476597449260 88.609081 0.000000
1641922476751870280 176.751587 0.000000
1641922476764837876 179.808937 0.000000
1641922476771758559 88.577682 0.000000
1641922476854916201 90.149117 0.000000
1641922476873635138 90.991165 0.000000
1641922476886951839 176.865560 0.000000
1641922476916812651 88.428021 0.000000
1641922476977645698 176.740466 0.000000
1641922477131223758 176.839452 0.000000
1641922477132258617 176.904533 0.000000
1641922477162208356 90.168414 0.000000
1641922477176074587 177.631646 0.000000
1641922477232125129 176.957102 0.000000
1641922477257402469 88.944729 0.000000
1641922477261286059 88.486901 0.000000
1641922477312548686 88.452537 0.000000
1641922477333567665 176.970477 0.000000
1641922477514250260 176.837658 0.000000
1641922477601299126 89.400574 0.000000
1641922477604558476 90.304629 0.000000
1641922477605737566 90.460241 0.000000
1641922477607753124 91.366850 0.000000
1641922477720684785 90.243634 0.000000
1641922477835906218 176.962542 0.000000
1641922477966724046 88.446987 0.000000
1641922477982307796 176.520644 0.000000
1641922477989234450 88.496820 0.000000
1641922478066584587 89.709273 0.000000
1641922478082792517 178.513098 0.000000
1641922478115504653 90.777375 0.000000
1641922478136156213 88.763520 0.000000
1641922478169482470 88.508392 0.000000
1641922478285838320 89.370467 0.000000
1641922478547774959 88.563095 0.000000
1641922478654898023 90.398415 0.000000
1641922478663020919 176.724426 0.000000
1641922478672289522 88.622165 0.000000
1641922478714323461 88.413654 0.000000
1641922478876012785 89.717368 0.000000
1641922478936723653 88.518501 0.000000
1641922479012857119 90.076231 0.000000
1641922479020713605 88.605814 0.000000
1641922479113382606 176.649616 0.000000
1641922479149938987 88.419536 0.000000
1641922479201909873 88.523520 0.000000
1641922479223521301 88.449702 0.000000
1641922479273616130 88.539870 0.000000
1641922479307586816 88.424324 0.000000
1641922479448466984 89.911934 0.000000
1641922479510680679 88.650989 0.000000
1641922479586328876 88.981198 0.000000
1641922479807731377 176.706902 0.000000
1641922479852426524 88.435094 0.000000
1641922479927493371 88.687788 0.000000
1641922479950992929 89.244742 0.000000
1641922480008466318 88.634257 0.000000
1641922480128188618 177.189697 0.000000
1641922480172211756 88.387976 0.000000
1641922480264707242 92.492660 0.000000
1641922480419126027 177.817113 0.000000
1641922480571570703 177.324962 0.000000
1641922480709274988 177.919656 0.000000
1641922480711769424 90.891459 0.000000
1641922480748415955 176.836937 0.000000
1641922480773120111 88.553827 0.000000
1641922480787045974 89.626488 0.000000
1641922480855369601 90.935141 0.000000
1641922480918369299 88.586358 0.000000
1641922480920519770 89.149714 0.000000
1641922481013198248 176.928057 0.000000
1641922481027601225 88.945982 0.000000
1641922481069270161 88.988973 0.000000
1641922481073182745 88.510406 0.000000
1641922481076262628 88.406041 0.000000
1641922481133697425 176.859069 0.000000
1641922481164698804 88.430245 0.000000
1641922481190972351 89.082377 0.000000
1641922481275531581 88.419346 0.000000
1641922481319126356 89.998775 0.000000
1641922481320196972 89.972356 0.000000
1641922481348145350 88.531285 0.000000
1641922481375684389 177.576233 0.000000
1641922481395346264 89.374395 0.000000
1641922481426705204 91.476746 0.000000
1641922481432358981 88.376825 0.000000
1641922481495000478 88.759422 0.000000
1641922481502641911 88.487282 0.000000
1641922481582144833 91.171975 0.000000
1641922481590729995 89.492076 0.000000
1641922481734538583 88.521616 0.000000
1641922481869005430 89.353866 0.000000
1641922481946367018 92.575796 0.000000
1641922481957335608 89.111642 0.000000
1641922482003970271 88.492432 0.000000
1641922482004991165 89.445870 0.000000
1641922482018843309 88.579456 0.000000
1641922482168656302 176.729786 0.000000
1641922482198518776 88.529973 0.000000
1641922482231199273 88.526125 0.000000
1641922482321551091 90.345285 0.000000
1641922482343548142 88.597329 0.000000
1641922482369061706 90.289711 0.000000
1641922482416513921 88.928950 0.000000
1641922482521543080 91.808918 0.000000
1641922482627288361 89.324953 0.000000
1641922482636604283 88.584214 0.000000
1641922482640078565 176.921636 0.000000
1641922482737014724 91.529735 0.000000
1641922482769979544 88.495748 0.000000
1641922482826394850 88.429413 0.000000
1641922482856032183 88.489236 0.000000
1641922482860863709 90.038660 0.000000
1641922482920123948 88.508612 0.000000
1641922483036453248 88.390171 0.000000
1641922483078412137 177.745069 0.000000
1641922483196164865 88.492733 0.000000
1641922483214917084 89.202192 0.000000
1641922483472956298 89.436872 0.000000
1641922483539200858 88.625762 0.000000
1641922483572353049 91.247716 0.000000
1641922483694347689 89.358736 0.000000
1641922483709071808 89.681751 0.000000
1641922483772554782 176.644276 0.000000
1641922483782794044 88.440986 0.000000
1641922483818671684 176.770412 0.000000
1641922483853800911 88.388447 0.000000
1641922483981897077 88.492131 0.000000
1641922483997154746 176.664594 0.000000
1641922484158573012 88.592520 0.000000
1641922484168011794 88.475580 0.000000
1641922484204733145 88.495317 0.000000
1641922484216054867 176.597268 0.000000
1641922484287466743 88.538077 0.000000
1641922484378126708 90.552734 0.000000
1641922484577118311 88.391894 0.000000
1641922484663202480 89.243260 0.000000
1641922484669807179 92.554016 0.000000
1641922484686288232 181.579276 0.000000
1641922484709875965 89.257997 0.000000
1641922484771178622 88.498183 0.000000
1641922484799988263 88.392604 0.000000
1641922484807412650 88.484086 0.000000
1641922484874288063 89.142391 0.000000
1641922484875358990 89.088830 0.000000
1641922484880725309 89.173338 0.000000
1641922485001944655 89.522944 0.000000
1641922485041839575 177.816353 0.000000
1641922485052107171 176.742781 0.000000
1641922485102094728 89.220917 0.000000
1641922485104189475 90.946182 0.000000
1641922485132581874 90.615061 0.000000
1641922485237391020 88.472034 0.000000
1641922485248322270 88.543178 0.000000
1641922485264019203 88.693880 0.000000
1641922485414947385 178.622964 0.000000
1641922485586336130 176.736869 0.000000
1641922485609043643 88.440355 0.000000
1641922485614400304 89.086846 0.000000
1641922485689699616 89.208985 0.000000
1641922485755814303 88.481121 0.000000
1641922485778909703 178.432457 0.000000
1641922485832482461 89.418699 0.000000
1641922485840066447 90.364761 0.000000
1641922485977104925 89.029839 0.000000
1641922486081979373 88.800839 0.000000
1641922486124981377 88.451024 0.000000
1641922486130572678 89.486986 0.000000
1641922486151793404 180.669941 0.000000
1641922486195163749 88.397844 0.000000
1641922486276331471 88.426468 0.000000
1641922486290406483 176.688448 0.000000
1641922486360071185 176.741097 0.000000
1641922486405591459 177.141187 0.000000
1641922486460608013 176.789388 0.000000
1641922486484175518 89.168439 0.000000
1641922486493988542 88.394568 0.000000
1641922486536818594 176.744173 0.000000
1641922486559809659 88.489687 0.000000
1641922486579166011 176.719778 0.000000
1641922486582416374 88.422692 0.000000
1641922486679176041 177.732014 0.000000
1641922486744901218 90.896699 0.000000
1641922486753855893 88.906148 0.000000
1641922486775153784 89.414781 0.000000
1641922486791696712 88.556331 0.000000
1641922486812705642 88.529702 0.000000
1641922486866983381 176.676706 0.000000
1641922486921618199 176.706863 0.000000
1641922486945051243 176.689270 0.000000
1641922487010138354 88.511679 0.000000
1641922487044073092 90.337841 0.000000
1641922487078773575 92.239656 0.000000
1641922487086415980 89.791698 0.000000
1641922487140822721 88.488144 0.000000
1641922487191792098 176.795058 0.000000
1641922487228861593 88.590486 0.000000
1641922487431644704 88.428653 0.000000
1641922487510023579 91.408418 0.000000
1641922487522556020 89.353035 0.000000
1641922487626527586 178.812119 0.000000
1641922487651274623 88.431478 0.000000
1641922487673902747 89.135968 0.000000
1641922487680107758 88.605183 0.000000
1641922487728114833 90.610271 0.000000
1641922487756207621 88.467114 0.000000
1641922487828686928 88.650779 0.000000
1641922487837496220 88.463087 0.000000
1641922487869281068 88.533088 0.000000
1641922487889945963 89.073361 0.000000
1641922487890971926 89.127021 0.000000
1641922487945895215 90.372046 0.000000
1641922487968552865 176.806309 0.000000
1641922487979456653 88.481251 0.000000
1641922488062452292 88.561381 0.000000
1641922488087586925 88.487152 0.000000
1641922488513131204 179.779973 0.000000
1641922488542327139 176.750144 0.000000
1641922488630933164 90.423312 0.000000
1641922488779791517 90.636121 0.000000
1641922488981690160 176.781402 0.000000
1641922488986959888 89.218493 0.000000
1641922489095891301 178.312352 0.000000
1641922489122953377 176.845152 0.000000
1641922489146451733 88.375903 0.000000
1641922489517393293 90.220000 0.000000
1641922489522185336 176.690904 0.000000
1641922489574410888 89.478981 0.000000
1641922489614561948 88.407383 0.000000
1641922489616742556 176.740236 0.000000
1641922489660702966 89.053093 0.000000
1641922489687839962 88.425146 0.000000
1641922489703180456 88.608098 0.000000
1641922489893586137 176.849490 0.000000
1641922489922176907 88.417091 0.000000
1641922489927248334 89.568269 0.000000
1641922489999004916 88.625612 0.000000
1641922490240438143 177.428956 0.000000
1641922490436483084 88.824935 0.000000
1641922490503786829 177.942579 0.000000
1641922490609309293 91.048643 0.000000
1641922490625343888 176.633936 0.000000
1641922490658369522 88.533369 0.000000
1641922490670640934 176.796892 0.000000
1641922490683414397 88.477905 0.000000
1641922490695042743 176.797784 0.000000
1641922490710652212 176.767396 0.000000
1641922490800497931 176.896378 0.000000
1641922490896066346 88.666618 0.000000
1641922490926780948 88.800900 0.000000
1641922491007051058 90.370652 0.000000
1641922491043093096 88.397504 0.000000
1641922491117812902 88.505306 0.000000
1641922491128785950 88.460081 0.000000
1641922491166828258 88.510426 0.000000
1641922491214979413 176.835404 0.000000
1641922491351033996 90.347739 0.000000
1641922491386747018 88.890869 0.000000
1641922491421126920 88.707174 0.000000
1641922491442888280 176.794298 0.000000
1641922491502180298 90.460862 0.000000
1641922491550038404 89.039267 0.000000
1641922491563377027 88.849521 0.000000
1641922491578693366 176.747749 0.000000
1641922491715200608 89.119397 0.000000
1641922491723759601 176.792884 0.000000
1641922491791751957 88.581178 0.000000
1641922491812316634 88.548186 0.000000
1641922491925433252 89.962086 0.000000
1641922491930116290 91.147328 0.000000
1641922492015957944 178.166178 0.000000
1641922492141712130 88.425346 0.000000
1641922492145842000 90.143015 0.000000
1641922492173612534 181.937096 0.000000
1641922492281660973 177.318490 0.000000
1641922492302929229 177.495562 0.000000
1641922492457534875 100.289866 0.000000
1641922492473807767 192.363801 0.000000
1641922492519127595 88.371305 0.000000
1641922492575639553 180.876950 0.000000
1641922492662863076 185.853538 0.000000
1641922492729241777 180.590403 0.000000
1641922492921244291 88.388037 0.000000
1641922492960531141 89.440349 0.000000
1641922493023636517 179.569739 0.000000
1641922493055869295 95.333645 0.000000
1641922493067812161 88.406541 0.000000
1641922493083800249 88.594063 0.000000
1641922493128734625 179.464321 0.000000
1641922493162567863 88.376875 0.000000
1641922493241310740 88.386333 0.000000
1641922493242220465 89.265852 0.000000
1641922493270289158 177.477117 0.000000
1641922493355675848 178.699337 0.000000
1641922493379275975 176.856644 0.000000
1641922493446170013 88.440726 0.000000
1641922493593767683 177.192764 0.000000
1641922493728546695 88.501820 0.000000
1641922493807751618 178.284660 0.000000
1641922493876414672 176.830094 0.000000
1641922493896905651 177.270690 0.000000
1641922494080460860 178.837847 0.000000
1641922494081797305 88.681886 0.000000
1641922494145401516 89.960193 0.000000
1641922494170204998 88.451575 0.000000
1641922494208276891 176.711852 0.000000
1641922494322942623 88.566902 0.000000
1641922494386250388 177.671320 0.000000
1641922494590349506 88.544429 0.000000
1641922494616062182 88.465141 0.000000
1641922494701372089 177.001305 0.000000
1641922494766302015 177.061198 0.000000
1641922494854867394 88.555580 0.000000
1641922494880917884 90.399517 0.000000
1641922494976951891 88.439121 0.000000
1641922495040719298 179.905708 0.000000
1641922495138069173 88.430356 0.000000
1641922495153681286 176.723184 0.000000
1641922495226525667 88.452747 0.000000
1641922495234801900 88.507780 0.000000
1641922495334504715 89.127202 0.000000
1641922495381785199 88.561371 0.000000
1641922495445928311 176.798345 0.000000
1641922495458647281 88.548146 0.000000
1641922495467108381 176.689350 0.000000
1641922495479010851 176.987920 0.000000
1641922495737403137 88.572692 0.000000
1641922495738553303 89.713160 0.000000
1641922495749830090 88.413233 0.000000
1641922495915265756 176.709457 0.000000
1641922496035285404 89.718671 0.000000
1641922496119632465 92.702153 0.000000
1641922496138783893 177.681720 0.000000
1641922496485537285 88.571380 0.000000
1641922496491024750 92.652129 0.000000
1641922496496078784 177.318489 0.000000
1641922496551897392 176.788817 0.000000
1641922496686902769 89.214316 0.000000
1641922496725041667 88.744865 0.000000
1641922496747888772 88.487302 0.000000
1641922496797995964 89.119778 0.000000
1641922496825825338 89.336996 0.000000
1641922496856465540 89.372583 0.000000
1641922496892049149 88.642594 0.000000
1641922496904544491 91.288463 0.000000
1641922496917560358 89.161626 0.000000
1641922496973821234 88.493714 0.000000
1641922497091875738 179.033454 0.000000
1641922497093711789 179.758122 0.000000
1641922497114437709 89.137672 0.000000
1641922497146221545 88.621283 0.000000
1641922497191493644 88.581329 0.000000
1641922497359886273 89.477689 0.000000
1641922497428069847 176.742880 0.000000
1641922497529153450 88.509755 0.000000
1641922497555207707 88.410268 0.000000
1641922497569351408 88.431087 0.000000
1641922497627754139 88.440164 0.000000
1641922497641843048 88.380823 0.000000
1641922497716652202 88.912219 0.000000
1641922497798053512 88.493474 0.000000
1641922497802453149 88.468287 0.000000
1641922497851898330 176.955148 0.000000
1641922497874296504 88.433311 0.000000
1641922497884249871 176.737992 0.000000
1641922498022650572 89.333399 0.000000
1641922498086271564 88.526866 0.000000
1641922498239041880 88.381143 0.000000
1641922498327513102 88.464810 0.000000
1641922498351106086 88.465673 0.000000
1641922498356716211 88.581348 0.000000
1641922498390377566 88.465932 0.000000
1641922498391115129 89.231126 0.000000
1641922498424275946 176.844381 0.000000
1641922498499338205 88.492222 0.000000
1641922498538445688 88.470290 0.000000
1641922498596440245 89.170994 0.000000
1641922498653037802 88.616625 0.000000
1641922498703671431 90.384749 0.000000
1641922498878567380 178.751075 0.000000
1641922499053394689 89.116411 0.000000
1641922499107529972 178.047917 0.000000
1641922499209438872 88.572672 0.000000
1641922499270422511 176.759722 0.000000
1641922499382926390 88.551292 0.000000
1641922499402731003 179.573386 0.000000
1641922499426650398 88.680344 0.000000
1641922499461637037 88.498423 0.000000
1641922499567756099 88.502411 0.000000
1641922499638190032 177.526279 0.000000
1641922499662732405 177.788741 0.000000
1641922499853546821 176.763839 0.000000
1641922500040892496 88.598731 0.000000
1641922500129563933 88.665095 0.000000
1641922500325519797 88.468387 0.000000
1641922500503451846 90.627294 0.000000
1641922500612861807 89.607242 0.000000
1641922500788664024 90.151682 0.000000
1641922500860245478 88.504144 0.000000
1641922501001343936 88.515275 0.000000
1641922501006783441 89.172737 0.000000
1641922501010073168 88.616885 0.000000
1641922501154859669 89.245413 0.000000
1641922501233500355 91.054435 0.000000
1641922501261136907 176.794077 0.000000
1641922501319692686 88.475330 0.000000
1641922501443115632 89.040710 0.000000
1641922501443130219 177.645101 0.000000
1641922501517703020 176.987639 0.000000
1641922501589335360 88.939230 0.000000
1641922501608949204 89.174340 0.000000
1641922501743392577 176.814534 0.000000
1641922501814318011 88.611987 0.000000
1641922501874634921 88.506078 0.000000
1641922501948923879 89.232460 0.000000
1641922502060261192 176.793626 0.000000
1641922502098509856 88.404797 0.000000
1641922502102566470 89.109108 0.000000
1641922502200147358 89.318350 0.000000
1641922502398270354 177.192423 0.000000
1641922502399054704 89.605438 0.000000
1641922502399996289 90.534690 0.000000
1641922502486734072 88.458899 0.000000
1641922502506059335 88.930534 0.000000
1641922502532498584 88.449872 0.000000
1641922502722223458 89.421924 0.000000
1641922502810689911 88.456455 0.000000
1641922502866318172 88.546483 0.000000
1641922502985024899 89.347064 0.000000
1641922503072148344 177.498907 0.000000
1641922503132247015 89.396617 0.000000
1641922503136422732 90.431296 0.000000
1641922503175421512 88.441356 0.000000
1641922503319942395 176.908381 0.000000
1641922503440096083 88.573765 0.000000
1641922503586923590 176.793044 0.000000
1641922503639512934 88.550730 0.000000
1641922503653207213 90.741978 0.000000
1641922503709238870 89.326656 0.000000
1641922503782641578 89.233712 0.000000
1641922504032406933 176.994972 0.000000
1641922504143404169 88.447658 0.000000
1641922504159526278 88.467255 0.000000
1641922504229534253 90.756916 0.000000
1641922504331083238 90.946972 0.000000
1641922504363507235 177.760759 0.000000
1641922504422932132 88.600274 0.000000
1641922504457255589 90.250778 0.000000
1641922504754184288 89.140768 0.000000
1641922504766816616 176.756676 0.000000
1641922504806922281 88.565839 0.000000
1641922504879524198 88.509625 0.000000
1641922505019303362 88.426578 0.000000
1641922505189584511 178.789837 0.000000
1641922505192354203 88.572913 0.000000
1641922505192559527 88.795491 0.000000
1641922505278101439 88.511608 0.000000
1641922505335124645 91.078560 0.000000
1641922505367087557 88.792966 0.000000
1641922505385952187 88.705472 0.000000
1641922505389168997 89.113236 0.000000
1641922505541164059 89.110851 0.000000
1641922505572594854 177.278465 0.000000
1641922505699176200 88.463749 0.000000
1641922505853345288 88.664274 0.000000
1641922506030930939 88.589925 0.000000
1641922506042849248 89.091014 0.000000
1641922506064711768 88.539640 0.000000
1641922506082838194 177.488077 0.000000
1641922506125625657 91.059995 0.000000
1641922506191873302 88.574666 0.000000
1641922506277333551 88.370153 0.000000
1641922506291931964 176.955670 0.000000
1641922506337690355 88.747471 0.000000
1641922506448855936 177.560232 0.000000
1641922506537300458 88.437770 0.000000
1641922506651032580 88.466894 0.000000
1641922506654879310 176.763300 0.000000
1641922506655814744 176.637283 0.000000
1641922506669142595 89.421794 0.000000
1641922506757619639 88.468898 0.000000
1641922506768485266 88.578023 0.000000
1641922506862232848 88.374972 0.000000
1641922507088791384 88.407523 0.000000
1641922507147765065 88.495007 0.000000
1641922507168316137 176.830324 0.000000
1641922507178566169 176.857244 0.000000
1641922507447511166 88.642964 0.000000
1641922507517277097 176.593461 0.000000
1641922507726066145 88.397463 0.000000
1641922507808918736 176.735887 0.000000
1641922507878627820 89.694275 0.000000
1641922507883856871 88.424564 0.000000
1641922507943802455 88.524903 0.000000
1641922507954143729 176.648775 0.000000
1641922507972333264 88.470642 0.000000
1641922508182347298 176.656247 0.000000
1641922508243912798 88.539881 0.000000
1641922508261826746 177.722918 0.000000
1641922508344408719 176.752408 0.000000
1641922508377072625 88.965238 0.000000
1641922508666022078 88.485258 0.000000
1641922508689733343 88.405800 0.000000
1641922509018685528 177.248709 0.000000
1641922509040812012 88.406601 0.000000
1641922509135489258 91.277313 0.000000
1641922509147373413 88.474418 0.000000
1641922509502436802 176.631462 0.000000
1641922509550702041 176.607777 0.000000
1641922509754857825 176.737771 0.000000
1641922509807374453 88.500828 0.000000
1641922509846271342 176.739454 0.000000
1641922509858938185 88.544870 0.000000
1641922509941306969 88.438251 0.000000
1641922509988563728 178.858787 0.000000
1641922510014426947 88.610083 0.000000
1641922510029301508 88.367117 0.000000
1641922510070077028 89.430961 0.000000
1641922510158496243 88.423202 0.000000
1641922510176549593 88.554669 0.000000
1641922510319919678 88.471864 0.000000
1641922510373734320 89.033697 0.000000
1641922510406385211 88.518521 0.000000
1641922510452770376 88.431849 0.000000
1641922510502504048 176.774129 0.000000
1641922510556791256 89.008520 0.000000
1641922510595674709 88.604522 0.000000
1641922510630383358 88.392164 0.000000
1641922510722305459 89.702330 0.000000
1641922510849790039 176.763630 0.000000
1641922510994995705 88.532667 0.000000
1641922510994997088 176.813964 0.000000
1641922511107784068 176.648825 0.000000
1641922511108894860 176.658101 0.000000
1641922511164727253 88.464710 0.000000
1641922511263413613 176.739534 0.000000
1641922511431974457 88.512950 0.000000
1641922511539819053 88.588462 0.000000
1641922511607062266 91.191441 0.000000
1641922511613668498 88.853229 0.000000
1641922511650785521 89.286169 0.000000
1641922511693219561 177.628521 0.000000
1641922511727386384 88.700482 0.000000
1641922511750298490 89.536239 0.000000
1641922511948470328 88.542255 0.000000
1641922512055300803 90.262570 0.000000
1641922512248159232 89.324442 0.000000
1641922512254834183 176.774610 0.000000
1641922512292234978 89.081697 0.000000
1641922512380020335 88.557404 0.000000
1641922512542907524 176.656859 0.000000
1641922512694374386 88.473476 0.000000
1641922512703473572 177.012676 0.000000
1641922512722063527 176.589232 0.000000
1641922512797672701 178.426857 0.000000
1641922512857198888 88.865631 0.000000
1641922512931135206 90.303587 0.000000
1641922513107864371 88.495207 0.000000
1641922513254626284 89.350150 0.000000
1641922513397570342 88.511278 0.000000
1641922513436048275 88.524142 0.000000
1641922513469480602 89.172667 0.000000
1641922513473531044 176.779609 0.000000
1641922513515214166 88.620382 0.000000
1641922513555995677 176.710851 0.000000
1641922513580140124 88.491209 0.000000
1641922513733363920 88.398145 0.000000
1641922513832190312 88.603890 0.000000
1641922513840818325 90.230801 0.000000
1641922513869224380 88.430636 0.000000
1641922513909086979 88.465000 0.000000
1641922514003061247 177.386177 0.000000
1641922514056308895 88.554167 0.000000
1641922514215743753 88.492712 0.000000
1641922514233109053 88.462155 0.000000
1641922514282641538 176.920884 0.000000
1641922514351606698 90.002453 0.000000
1641922514486106427 90.420326 0.000000
1641922514496131818 88.900498 0.000000
1641922514591312407 88.884126 0.000000
1641922514710094745 88.381123 0.000000
1641922514715007734 88.605193 0.000000
1641922514830529641 89.093579 0.000000
1641922514858990759 88.915315 0.000000
1641922514861208516 90.195314 0.000000
1641922514891983441 89.259950 0.000000
1641922514952008493 88.609302 0.000000
1641922514972507667 88.590245 0.000000
1641922515160237232 178.493662 0.000000
1641922515215764884 88.624229 0.000000
1641922515250751794 88.407984 0.000000
1641922515267159118 176.878484 0.000000
1641922515378093546 176.706482 0.000000
1641922515423454992 177.756009 0.000000
1641922515449548583 177.456989 0.000000
1641922515509545823 88.472785 0.000000
1641922515522168563 89.277444 0.000000
1641922515575558499 176.715339 0.000000
1641922515611340990 177.452030 0.000000
1641922515670482015 176.624288 0.000000
1641922515828006022 176.758510 0.000000
1641922515884583572 88.654686 0.000000
1641922515942747956 88.451195 0.000000
1641922515998901812 89.015612 0.000000
1641922516002258264 91.349878 0.000000
1641922516152470304 91.216488 0.000000
1641922516174660317 88.532798 0.000000
1641922516181966874 88.707556 0.000000
1641922516343621773 177.781508 0.000000
1641922516416105738 88.487673 0.000000
1641922516472846264 89.458964 0.000000
1641922516532274778 88.405910 0.000000
1641922516731912683 88.599292 0.000000
1641922516774127872 89.553380 0.000000
1641922516817819719 88.368028 0.000000
1641922516913475108 176.678710 0.000000
1641922517040166381 178.536383 0.000000
1641922517045139432 88.483816 0.000000
1641922517060526675 89.676322 0.000000
1641922517062318423 177.483509 0.000000
1641922517089942803 89.013298 0.000000
1641922517184740463 178.237592 0.000000
1641922517216806890 176.635420 0.000000
1641922517364977363 90.752808 0.000000
1641922517435317691 88.723295 0.000000
1641922517472281877 177.178637 0.000000
1641922517667284234 176.843890 0.000000
1641922517708184909 89.877168 0.000000
1641922517924367807 88.452618 0.000000
1641922517978612664 89.223973 0.000000
1641922517982428357 88.486992 0.000000
1641922517989619566 88.398997 0.000000
1641922517995743835 88.515364 0.000000
1641922518050898599 176.706022 0.000000
1641922518213388072 88.418203 0.000000
1641922518221913723 88.382847 0.000000
1641922518369597344 89.044176 0.000000
1641922518482020232 88.856655 0.000000
1641922518514663699 177.478398 0.000000
1641922518722046713 88.566921 0.000000
1641922518725239557 88.536615 0.000000
1641922518848105640 88.477514 0.000000
1641922518867234797 88.488886 0.000000
1641922518867298326 88.553758 0.000000
1641922518881646259 88.712063 0.000000
1641922518900122803 88.580558 0.000000
1641922518918424567 88.460933 0.000000
1641922518992801792 89.400013 0.000000
1641922518995985149 90.259274 0.000000
1641922519135303610 88.865211 0.000000
1641922519159707533 88.598711 0.000000
1641922519165663818 89.174981 0.000000
1641922519254226852 88.557855 0.000000
1641922519260331686 176.590846 0.000000
1641922519314925718 177.190520 0.000000
1641922519430805235 88.500608 0.000000
1641922519448425403 177.425751 0.000000
1641922519451011209 88.592509 0.000000
1641922519458825026 176.817791 0.000000
1641922519574179038 89.842483 0.000000
1641922519601350208 91.457049 0.000000
1641922519738378286 177.717979 0.000000
1641922519763525483 88.678381 0.000000
1641922520013251895 88.527799 0.000000
1641922520088783584 88.549850 0.000000
1641922520102463415 88.492933 0.000000
1641922520185036572 88.464389 0.000000
1641922520380036414 88.516547 0.000000
1641922520473916655 89.200389 0.000000
1641922520687273305 176.635809 0.000000
1641922520694678186 89.107977 0.000000
1641922520695805489 178.490056 0.000000
1641922520746255814 89.712169 0.000000
1641922520871418411 176.736538 0.000000
1641922520982307143 177.485332 0.000000
1641922520985669015 88.444313 0.000000
1641922521032524712 88.436287 0.000000
1641922521178036582 89.576284 0.000000
1641922521266365678 91.358053 0.000000
1641922521408432562 88.475631 0.000000
1641922521493639025 88.474339 0.000000
1641922521530745397 176.816098 0.000000
1641922521716545255 88.495779 0.000000
1641922521768864343 177.639792 0.000000
1641922521773565495 88.419385 0.000000
1641922521805060349 88.510415 0.000000
1641922521862498172 88.926455 0.000000
1641922522002867403 89.413268 0.000000
1641922522244888483 177.640072 0.000000
1641922522268430410 176.997167 0.000000
1641922522292215363 88.391412 0.000000
1641922522468960348 88.702496 0.000000
1641922522672605895 88.480630 0.000000
1641922522710250738 88.642364 0.000000
1641922522829535287 176.896048 0.000000
1641922522836754409 89.246115 0.000000
1641922522898696474 88.461845 0.000000
1641922522954499262 88.853089 0.000000
1641922523037640835 89.161838 0.000000
1641922523071094521 178.758980 0.000000
1641922523335934061 88.472766 0.000000
1641922523425228517 176.949067 0.000000
1641922523430367610 91.409560 0.000000
1641922523491806933 91.206359 0.000000
1641922523561510798 88.341049 0.000000
1641922523729131650 177.699474 0.000000
1641922523762289522 88.433562 0.000000
1641922523767054904 88.433833 0.000000
1641922523782629166 88.528921 0.000000
1641922523784916254 88.402193 0.000000
1641922523846789680 89.398360 0.000000
1641922523854353238 176.802974 0.000000
1641922523863284509 89.398952 0.000000
1641922524077434887 88.519303 0.000000
1641922524079344086 88.450504 0.000000
1641922524081017332 176.719747 0.000000
1641922524210277340 91.571945 0.000000
1641922524242389431 176.842418 0.000000
1641922524290101023 176.586678 0.000000
1641922524366401322 176.745496 0.000000
1641922524504713146 88.404517 0.000000
1641922524517628535 90.498532 0.000000
1641922524810034447 177.503937 0.000000
1641922524824225487 176.900226 0.000000
1641922524850962353 89.294616 0.000000
1641922524991840749 88.363390 0.000000
1641922525072040958 88.406582 0.000000
1641922525108953166 88.501368 0.000000
1641922525151968616 88.427060 0.000000
1641922525283902415 89.382530 0.000000
1641922525366207479 88.441317 0.000000
1641922525375401073 176.665216 0.000000
1641922525406161951 90.321981 0.000000
1641922525454665066 88.448590 0.000000
1641922525455692622 89.143382 0.000000
1641922525513081413 89.227169 0.000000
1641922525602938183 88.414476 0.000000
1641922525691466362 88.523029 0.000000
1641922525719513264 88.525073 0.000000
1641922525915157634 88.509274 0.000000
1641922525938008756 89.270470 0.000000
1641922526046338252 88.777708 0.000000
1641922526063959321 88.395000 0.000000
1641922526187874139 177.427774 0.000000
1641922526209225280 88.526967 0.000000
1641922526333658731 177.899568 0.000000
1641922526340036686 88.808584 0.000000
1641922526462665925 89.206841 0.000000
1641922526489179202 89.259349 0.000000
1641922526535334076 88.685875 0.000000
1641922526537791522 176.817200 0.000000
1641922526540624502 88.570549 0.000000
1641922526646388969 88.797594 0.000000
1641922526716731791 176.726360 0.000000
1641922526736730838 90.293879 0.000000
1641922526858914672 176.783477 0.000000
1641922527000381370 88.660537 0.000000
1641922527042084590 176.854360 0.000000
1641922527061690119 89.265471 0.000000
1641922527067336673 88.554990 0.000000
1641922527244142261 176.795759 0.000000
1641922527258420104 176.717463 0.000000
1641922527290682347 88.494015 0.000000
1641922527298679978 177.333117 0.000000
1641922527331831868 88.565609 0.000000
1641922527352211068 88.455794 0.000000
1641922527367104665 176.736890 0.000000
1641922527382461229 88.419164 0.000000
1641922527566839522 177.745540 0.000000
1641922527582798485 88.707786 0.000000
1641922527805229665 177.124325 0.000000
1641922527987345196 177.422895 0.000000
1641922528037242806 89.818718 0.000000
1641922528094049956 88.454531 0.000000
1641922528111125413 90.363610 0.000000
1641922528133894552 176.625361 0.000000
1641922528356583445 88.734326 0.000000
1641922528413088649 176.633505 0.000000
1641922528470091366 88.496229 0.000000
1641922528666018156 88.601116 0.000000
1641922528696915631 89.447242 0.000000
1641922528738020088 89.103207 0.000000
1641922528783108383 176.590876 0.000000
1641922528826134712 88.736991 0.000000
1641922528917181101 90.392363 0.000000
1641922528984386262 89.068903 0.000000
1641922528998228519 89.150867 0.000000
1641922529024591965 88.422361 0.000000
1641922529064997401 89.099760 0.000000
1641922529144747296 90.558294 0.000000
1641922529222475622 179.120527 0.000000
1641922529242986788 88.459350 0.000000
1641922529351866535 89.220226 0.000000
1641922529398378628 93.308560 0.000000
1641922529426775195 89.383312 0.000000
1641922529524705097 177.145766 0.000000
1641922529601526122 88.447428 0.000000
1641922529663519063 176.601415 0.000000
1641922529853636463 88.358441 0.000000
1641922529890069334 89.415493 0.000000
1641922529940842654 88.606386 0.000000
1641922529985680189 88.504775 0.000000
1641922530011918490 88.457125 0.000000
1641922530025876694 177.911751 0.000000
1641922530122577171 88.508832 0.000000
1641922530192580567 178.079666 0.000000
1641922530248334814 176.703637 0.000000
1641922530288391548 89.177637 0.000000
1641922530357670035 176.752990 0.000000
1641922530449349681 90.083755 0.000000
1641922530470421028 180.694839 0.000000
1641922530520875781 89.073331 0.000000
1641922530554129072 88.891681 0.000000
1641922531054601458 88.996798 0.000000
1641922531076964676 88.573083 0.000000
1641922531122395302 176.746468 0.000000
1641922531253972354 88.442599 0.000000
1641922531269110609 88.853409 0.000000
1641922531468398277 88.449412 0.000000
1641922531560406901 88.665657 0.000000
1641922531589787592 88.376094 0.000000
1641922531605850912 176.824213 0.000000
1641922532008424144 88.422802 0.000000
1641922532072618421 176.650307 0.000000
1641922532097117663 88.688109 0.000000
1641922532201916710 88.703719 0.000000
1641922532210039165 176.575917 0.000000
1641922532525401468 88.512170 0.000000
1641922532637355005 89.552168 0.000000
1641922532667395093 88.613629 0.000000
1641922532670864917 88.924762 0.000000
1641922532740067562 88.749093 0.000000
1641922532936520798 176.630379 0.000000
1641922532986623752 88.454801 0.000000
1641922533008380173 176.630389 0.000000
1641922533034658320 88.427591 0.000000
1641922533066800197 88.485559 0.000000
1641922533075078494 88.449472 0.000000
1641922533113281623 176.757418 0.000000
1641922533496001110 88.473847 0.000000
1641922533522710805 91.363223 0.000000
1641922533635745951 179.130626 0.000000
1641922533762664490 88.469720 0.000000
1641922533875422296 88.473848 0.000000
1641922533938281821 176.906938 0.000000
1641922533976965210 176.807602 0.000000
1641922534069120678 88.463187 0.000000
1641922534140625879 88.603120 0.000000
1641922534146694754 88.631262 0.000000
1641922534247362268 88.530864 0.000000
1641922534285820996 88.641592 0.000000
1641922534302704532 88.489837 0.000000
1641922534303024863 176.578723 0.000000
1641922534312947382 177.656703 0.000000
1641922534364279911 88.737531 0.000000
1641922534430863958 88.735508 0.000000
1641922534447592073 88.704499 0.000000
1641922534508566214 177.332726 0.000000
1641922534572628354 88.447688 0.000000
1641922534659891071 91.502785 0.000000
1641922534817962082 177.001476 0.000000
1641922534885333455 89.317990 0.000000
1641922534983215658 89.953621 0.000000
1641922535018701503 88.442007 0.000000
1641922535091779192 90.281205 0.000000
1641922535178505613 88.499975 0.000000
1641922535258098454 176.625861 0.000000
1641922535396269745 176.790389 0.000000
1641922535400931794 90.508201 0.000000
1641922535492489692 180.698806 0.000000
1641922535578815743 176.799927 0.000000
1641922535615827369 89.515941 0.000000
1641922535816063466 89.591112 0.000000
1641922535877424101 89.476787 0.000000
1641922535964254638 88.602309 0.000000
1641922536016126769 89.774485 0.000000
1641922536061634149 176.786803 0.000000
1641922536167129411 88.447899 0.000000
1641922536294713978 178.891096 0.000000
1641922536314482022 88.468788 0.000000
1641922536326985459 88.704990 0.000000
1641922536349239352 88.868798 0.000000
1641922536415817788 88.656469 0.000000
1641922536463120123 88.576290 0.000000
1641922536491316074 88.448390 0.000000
1641922536561998112 176.591888 0.000000
1641922536605418800 88.560039 0.000000
1641922536642638125 176.829984 0.000000
1641922536697630504 88.497672 0.000000
1641922536709848846 88.583422 0.000000
1641922536827592728 88.497642 0.000000
1641922536999297385 88.680014 0.000000
1641922537016130047 176.699560 0.000000
1641922537083319768 176.981988 0.000000
1641922537087730185 88.423883 0.000000
1641922537145532732 88.404798 0.000000
1641922537189381383 88.503112 0.000000
1641922537290620678 88.525374 0.000000
1641922537293600002 89.267975 0.000000
1641922537619369021 88.482023 0.000000
1641922537625994069 88.557143 0.000000
1641922537647572636 88.778549 0.000000
1641922537714438211 88.440195 0.000000
1641922538132400578 88.463768 0.000000
1641922538178632116 88.563656 0.000000
1641922538204020454 88.477424 0.000000
1641922538208347795 88.690222 0.000000
1641922538220937855 88.532728 0.000000
1641922538223849452 88.515916 0.000000
1641922538476389850 89.226649 0.000000
1641922538529989959 176.773208 0.000000
1641922538556765487 88.552385 0.000000
1641922538557423390 89.183328 0.000000
1641922538567342633 88.722643 0.000000
1641922538634397092 88.591047 0.000000
1641922538660998454 89.084923 0.000000
1641922538717031373 88.477204 0.000000
1641922538755523744 90.014586 0.000000
1641922538932199018 176.672278 0.000000
1641922539025207816 89.332206 0.000000
1641922539076987192 88.425446 0.000000
1641922539118118099 89.065987 0.000000
1641922539165774537 177.232368 0.000000
1641922539209699481 88.499014 0.000000
1641922539242564203 88.949899 0.000000
1641922539284171313 89.488179 0.000000
1641922539290712894 88.599462 0.000000
1641922539374446867 91.444666 0.000000
1641922539463870605 179.695154 0.000000
1641922539589535023 89.144745 0.000000
1641922539691644189 88.421529 0.000000
1641922539861635915 90.728554 0.000000
1641922539879003299 176.709659 0.000000
1641922540040341615 88.548056 0.000000
1641922540099622001 88.371727 0.000000
1641922540242948415 90.124321 0.000000
1641922540245215084 91.268385 0.000000
1641922540322831750 89.488779 0.000000
1641922540330047716 177.274066 0.000000
1641922540415296839 91.451438 0.000000
1641922540471827832 177.056459 0.000000
1641922540506400977 88.977411 0.000000
1641922540542555485 89.127211 0.000000
1641922540583211552 90.305461 0.000000
1641922540608239175 89.465476 0.000000
1641922540648141729 177.549613 0.000000
1641922540764914069 90.414585 0.000000
1641922540777535477 88.636892 0.000000
1641922540922621499 177.479151 0.000000
1641922541163434405 88.584645 0.000000
1641922541279524917 177.758675 0.000000
1641922541416883846 176.858638 0.000000
1641922541506370071 179.199195 0.000000
1641922541558452485 88.608179 0.000000
1641922541569525761 88.397003 0.000000
1641922541594847014 88.473226 0.000000
1641922541853131899 89.382481 0.000000
1641922541923446568 88.634479 0.000000
1641922541944547580 177.764124 0.000000
1641922541967587287 89.083651 0.000000
1641922542071820734 88.554599 0.000000
1641922542242096733 89.723129 0.000000
1641922542247077890 177.549423 0.000000
1641922542389444384 90.299750 0.000000
1641922542423813627 176.729385 0.000000
1641922542479827411 179.660881 0.000000
1641922542512086207 88.438260 0.000000
1641922542622299062 179.859934 0.000000
1641922542623563903 179.905188 0.000000
1641922542680173053 89.232379 0.000000
1641922542856317412 177.639662 0.000000
1641922542876138024 88.510957 0.000000
1641922542910781921 178.208428 0.000000
1641922543001413133 176.878936 0.000000
1641922543039540900 88.722614 0.000000
1641922543173084346 90.536865 0.000000
1641922543182656719 89.132643 0.000000
1641922543238430142 89.035660 0.000000
1641922543327071474 88.626083 0.000000
1641922543367529459 176.897270 0.000000
1641922543387085385 88.610844 0.000000
1641922543479652084 90.537836 0.000000
1641922543745935211 176.616946 0.000000
1641922543833796791 89.326736 0.000000
1641922543875500451 88.512139 0.000000
1641922543965472216 176.870219 0.000000
1641922544219772602 88.385431 0.000000
1641922544277300935 88.722163 0.000000
1641922544355026886 89.439738 0.000000
1641922544511197916 177.378151 0.000000
1641922544579794134 89.295919 0.000000
1641922544620855090 88.533539 0.000000
1641922544718602280 91.420842 0.000000
1641922544823428187 89.621749 0.000000
1641922544853229658 88.813735 0.000000
1641922544861635885 88.491490 0.000000
1641922544890387157 176.743492 0.000000
1641922544912017901 88.583412 0.000000
1641922544941208357 176.817662 0.000000
1641922544976776657 88.587490 0.000000
1641922545084775392 88.534410 0.000000
1641922545170308698 88.518481 0.000000
1641922545303802111 88.618949 0.000000
1641922545347394061 177.078760 0.000000
1641922545418475958 88.587079 0.000000
1641922545466667810 88.417852 0.000000
1641922545479099993 177.538964 0.000000
1641922545714312621 176.960018 0.000000
1641922545764503981 88.516808 0.000000
1641922545773636128 176.730187 0.000000
1641922545951426713 176.835324 0.000000
1641922546135205763 88.507381 0.000000
1641922546139833116 88.543378 0.000000
1641922546220868831 177.003811 0.000000
1641922546333638078 88.576760 0.000000
1641922546447134689 178.087091 0.000000
1641922546487160023 88.630010 0.000000
1641922546502144921 176.954337 0.000000
1641922546541275939 88.561361 0.000000
1641922546641363716 88.587761 0.000000
1641922546670087126 89.173729 0.000000
1641922546776384672 176.915704 0.000000
1641922546807299550 176.720950 0.000000
1641922547078581917 88.389439 0.000000
1641922547085331599 177.551556 0.000000
1641922547093122052 177.170833 0.000000
1641922547157929518 88.957734 0.000000
1641922547182351275 89.242328 0.000000
1641922547343787905 89.968619 0.000000
1641922547402215063 90.650948 0.000000
1641922547415176808 88.810798 0.000000
1641922547443199444 89.256714 0.000000
1641922547544160167 89.927312 0.000000
1641922547609959113 177.425511 0.000000
1641922547637040364 178.934378 0.000000
1641922547725576469 88.527148 0.000000
1641922547750432509 176.843470 0.000000
1641922547769822515 90.593010 0.000000
1641922547865789347 89.486636 0.000000
1641922548033272711 88.578713 0.000000
1641922548062541022 89.396528 0.000000
1641922548095916832 88.651119 0.000000
1641922548130063558 88.409567 0.000000
1641922548134983951 177.003459 0.000000
1641922548175320128 89.509899 0.000000
1641922548208103648 89.941939 0.000000
1641922548223158828 88.615213 0.000000
1641922548226168769 90.455562 0.000000
1641922548408833170 176.856744 0.000000
1641922548422641152 88.380312 0.000000
1641922548441706739 88.483986 0.000000
1641922548453009084 88.687077 0.000000
1641922548469765433 88.576410 0.000000
1641922548539434311 90.209390 0.000000
1641922548567134002 88.585527 0.000000
1641922548570333850 89.849476 0.000000
1641922548587452658 89.150024 0.000000
1641922548615162538 88.368630 0.000000
1641922548645002771 88.660558 0.000000
1641922548677420656 88.719528 0.000000
1641922548936843494 88.595786 0.000000
1641922548984546700 91.465786 0.000000
1641922549109520173 88.634779 0.000000
1641922549239757292 88.732042 0.000000
1641922549261618439 88.435305 0.000000
1641922549329016772 88.472965 0.000000
1641922549491329084 88.460513 0.000000
1641922549584381874 176.819033 0.000000
1641922549616695474 88.572523 0.000000
1641922549628607141 88.340197 0.000000
1641922549698928694 88.495478 0.000000
1641922549723129496 88.512380 0.000000
1641922549919595667 88.607108 0.000000
1641922550064272662 88.351227 0.000000
1641922550102992630 88.664915 0.000000
1641922550129306894 88.530393 0.000000
1641922550225608524 88.614541 0.000000
1641922550230514089 88.497351 0.000000
1641922550248310657 88.517198 0.000000
1641922550380952274 88.543859 0.000000
1641922550434832809 90.363349 0.000000
1641922550445079976 88.498143 0.000000
1641922550506782252 93.070673 0.000000
1641922550518291586 88.533470 0.000000
1641922550593985237 180.693546 0.000000
1641922550614976043 176.742340 0.000000
1641922550703467513 88.481101 0.000000
1641922550717898603 88.661039 0.000000
1641922550752023758 177.071687 0.000000
1641922550796932787 88.796552 0.000000
1641922550884935050 176.770051 0.000000
1641922550943186438 88.468157 0.000000
1641922550944667584 176.650708 0.000000
1641922551268271104 88.454692 0.000000
1641922551294336100 88.595655 0.000000
1641922551310077757 89.399152 0.000000
1641922551421080253 90.045544 0.000000
1641922551470582280 176.804016 0.000000
1641922551587534618 88.608689 0.000000
1641922551692243587 176.837959 0.000000
1641922551748351217 176.836677 0.000000
1641922551795423760 88.607018 0.000000
1641922551889455876 89.531470 0.000000
1641922551891581611 91.105550 0.000000
1641922552030110302 88.653734 0.000000
1641922552055774748 177.085492 0.000000
1641922552102490283 88.664746 0.000000
1641922552159630618 88.648805 0.000000
1641922552190887527 88.393467 0.000000
1641922552248348603 88.714329 0.000000
1641922552335943343 88.393196 0.000000
1641922552345862956 88.490328 0.000000
1641922552418072627 176.774420 0.000000
1641922552424452686 88.503883 0.000000
1641922552456572813 89.078150 0.000000
1641922552603427841 89.055457 0.000000
1641922552640672143 88.516908 0.000000
1641922552640765528 88.616334 0.000000
1641922552696921868 176.697535 0.000000
1641922552717222100 176.734275 0.000000
1641922552759943197 177.004942 0.000000
1641922552960561591 88.525334 0.000000
1641922552978863236 176.706372 0.000000
1641922552988793199 88.487443 0.000000
1641922553079969542 176.754412 0.000000
1641922553136645045 88.465782 0.000000
1641922553180728436 88.480910 0.000000
1641922553408084037 176.735377 0.000000
1641922553418392239 176.851254 0.000000
1641922553423857724 88.476473 0.000000
1641922553465315012 178.118039 0.000000
1641922553479636206 88.420237 0.000000
1641922553482608607 89.376670 0.000000
1641922553625400690 88.522037 0.000000
1641922553703464224 177.505861 0.000000
1641922553732629352 176.625791 0.000000
1641922553837783115 88.590907 0.000000
1641922553863312658 88.568225 0.000000
1641922553863627738 88.883716 0.000000
1641922553879221347 176.766675 0.000000
1641922553921914031 88.545802 0.000000
1641922553922717668 178.542064 0.000000
1641922553936720495 89.260652 0.000000
1641922553951867958 88.549970 0.000000
1641922553956331905 91.302780 0.000000
1641922553984236810 88.531997 0.000000
1641922553991192869 88.490338 0.000000
1641922554137051820 177.886004 0.000000
1641922554146988506 177.575602 0.000000
1641922554225277052 90.376193 0.000000
1641922554267461894 88.514373 0.000000
1641922554297620214 89.631498 0.000000
1641922554470425944 88.618237 0.000000
1641922554522470868 176.745806 0.000000
1641922554524244032 88.498103 0.000000
1641922554675671290 89.860196 0.000000
1641922554731309620 179.865704 0.000000
1641922554764118027 88.441907 0.000000
1641922554826074190 90.694490 0.000000
1641922554864961771 88.803806 0.000000
1641922554865905540 88.546583 0.000000
1641922554969645232 89.522302 0.000000
1641922554970903450 89.704343 0.000000
1641922555179840637 177.527662 0.000000
1641922555182506904 88.720599 0.000000
1641922555256129474 89.458413 0.000000
1641922555401331815 177.378402 0.000000
1641922555401381779 88.429304 0.000000
1641922555539862650 88.554047 0.000000
1641922555618106703 176.939840 0.000000
1641922555661906903 88.531425 0.000000
1641922555678133668 89.737987 0.000000
1641922555712919872 88.619491 0.000000
1641922555759188940 90.398394 0.000000
1641922555836485697 88.547014 0.000000
1641922556006445954 89.598987 0.000000
1641922556042298317 90.253273 0.000000
1641922556047327935 176.803495 0.000000
1641922556101135012 88.502361 0.000000
1641922556183332424 88.654497 0.000000
1641922556459556775 176.930272 0.000000
1641922556697025272 89.498708 0.000000
1641922556787333107 177.435689 0.000000
1641922556801395506 88.551223 0.000000
1641922556953575455 90.501308 0.000000
1641922557077247719 90.213148 0.000000
1641922557080435154 88.361998 0.000000
1641922557182565489 176.664985 0.000000
1641922557224250615 90.711352 0.000000
1641922557269424380 177.978167 0.000000
1641922557354922930 89.948652 0.000000
1641922557363592110 88.546674 0.000000
1641922557380199379 88.499446 0.000000
1641922557461556226 88.549650 0.000000
1641922557520445028 90.513801 0.000000
1641922557547873631 177.414920 0.000000
1641922557592696017 88.592139 0.000000
1641922557643963935 88.717594 0.000000
1641922557751116935 89.241177 0.000000
1641922557828953533 91.108486 0.000000
1641922557892062437 178.525402 0.000000
1641922557899493165 88.691105 0.000000
1641922557944747300 88.709800 0.000000
1641922557955216183 88.449111 0.000000
1641922558021559278 88.542726 0.000000
1641922558178970804 88.685153 0.000000
1641922558188252101 88.575287 0.000000
1641922558190234036 88.478175 0.000000
1641922558260752667 89.230325 0.000000
1641922558534572602 90.256469 0.000000
1641922558642941822 88.496681 0.000000
1641922558643084289 88.598662 0.000000
1641922558788076656 88.623608 0.000000
1641922558811649942 88.518611 0.000000
1641922558823903240 176.945671 0.000000
1641922558972287595 88.468267 0.000000
1641922559060722870 88.429995 0.000000
1641922559093812834 176.692025 0.000000
1641922559131610172 177.031452 0.000000
1641922559333288894 88.846576 0.000000
1641922559370967469 88.413684 0.000000
1641922559424821454 90.011379 0.000000
1641922559516233920 177.061057 0.000000
1641922559595743735 90.357438 0.000000
1641922559663926388 89.309424 0.000000
1641922559886126625 176.999502 0.000000
1641922559945330207 88.648275 0.000000
1641922559950880561 178.335155 0.000000
1641922560087744021 88.602779 0.000000
1641922560163673866 89.496525 0.000000
1641922560251789161 88.595936 0.000000
1641922560260771999 176.808204 0.000000
1641922560307154309 90.115264 0.000000
1641922560312311606 88.548537 0.000000
1641922560469563873 91.600548 0.000000
1641922560538001954 89.032184 0.000000
1641922561037066252 88.498263 0.000000
1641922561045850678 88.757709 0.000000
1641922561112015829 88.566901 0.000000
1641922561214093707 88.453489 0.000000
1641922561484003061 88.527378 0.000000
1641922561504062030 88.473707 0.000000
1641922561582134681 88.509384 0.000000
1641922561644145715 178.311331 0.000000
1641922561693231614 88.567984 0.000000
1641922561760689187 89.010153 0.000000
1641922561783520443 176.784619 0.000000
1641922561912894845 88.527798 0.000000
1641922561990559511 88.554940 0.000000
1641922562148094318 176.651550 0.000000
1641922562215918389 90.075058 0.000000
1641922562234590228 88.524733 0.000000
1641922562296646888 88.564508 0.000000
1641922562703373055 88.539661 0.000000
1641922562748363937 88.466123 0.000000
1641922562749469029 88.531856 0.000000
1641922562833565972 88.486391 0.000000
1641922562940439117 176.880379 0.000000
1641922562949582716 88.517529 0.000000
1641922563212450973 89.472750 0.000000
1641922563469643210 88.534451 0.000000
1641922563471398019 177.342575 0.000000
1641922563614527103 88.521005 0.000000
1641922563695910540 89.271362 0.000000
1641922563752436433 89.083279 0.000000
1641922563758462328 88.484857 0.000000
1641922563824244692 88.467566 0.000000
1641922563841400389 88.958255 0.000000
1641922563859917118 89.534315 0.000000
1641922564080125371 88.525224 0.000000
1641922564142813936 88.458048 0.000000
1641922564145217662 177.887497 0.000000
1641922564219067287 88.952024 0.000000
1641922564440510956 89.275921 0.000000
1641922564452283533 177.774424 0.000000
1641922564629242529 176.949528 0.000000
1641922564650599060 89.666994 0.000000
1641922564703121860 88.685715 0.000000
1641922564729991184 88.908722 0.000000
1641922564795628476 89.351372 0.000000
1641922564797043749 88.396643 0.000000
1641922564866233309 88.412482 0.000000
1641922564886565100 88.887312 0.000000
1641922564942014806 179.877817 0.000000
1641922564995830720 88.591197 0.000000
1641922565154842205 88.502962 0.000000
1641922565155928361 88.650558 0.000000
1641922565156965875 88.588301 0.000000
1641922565183489542 90.173754 0.000000
1641922565381697818 88.538108 0.000000
1641922565415094778 177.444336 0.000000
1641922565416862601 176.975908 0.000000
1641922565538778734 88.531806 0.000000
1641922565726803051 88.511458 0.000000
1641922565831894336 177.368323 0.000000
1641922565853831206 88.622386 0.000000
1641922565886661904 88.632154 0.000000
1641922565896480128 89.103358 0.000000
1641922565960031149 176.744935 0.000000
1641922566127852177 177.517753 0.000000
1641922566166449765 89.354097 0.000000
1641922566274381625 88.521667 0.000000
1641922566339287486 177.090282 0.000000
1641922566349716915 90.052577 0.000000
1641922566413922022 176.607086 0.000000
1641922566426291448 88.602418 0.000000
1641922566435171793 176.758110 0.000000
1641922566471794781 88.431709 0.000000
1641922566520149928 93.781016 0.000000
1641922566543038461 88.349624 0.000000
1641922566583237080 176.883665 0.000000
1641922566658627724 88.399217 0.000000
1641922566748164183 176.725368 0.000000
1641922566787612116 89.694135 0.000000
1641922566804749037 177.185311 0.000000
1641922566871141225 88.654116 0.000000
1641922566893454669 176.991477 0.000000
1641922566922563632 176.787535 0.000000
1641922566928258356 88.483065 0.000000
1641922567210266318 88.585416 0.000000
1641922567244538268 88.958406 0.000000
1641922567438934950 88.537286 0.000000
1641922567536100128 88.519774 0.000000
1641922567596744452 89.152149 0.000000
1641922567666948093 88.464299 0.000000
1641922567681688052 89.042724 0.000000
1641922567730100507 89.173639 0.000000
1641922567735734327 176.778708 0.000000
1641922567795662488 91.276671 0.000000
1641922567806714615 91.332286 0.000000
1641922567819761220 89.324723 0.000000
1641922568047561333 176.962542 0.000000
1641922568097306707 88.521977 0.000000
1641922568126875171 176.786503 0.000000
1641922568180894235 88.537457 0.000000
1641922568240116262 88.722443 0.000000
1641922568304919922 88.711112 0.000000
1641922568381620621 88.443671 0.000000
1641922568390776463 88.556171 0.000000
1641922568391721595 88.455673 0.000000
1641922568481973655 88.576059 0.000000
1641922568526558125 88.400049 0.000000
1641922568687210135 176.655417 0.000000
1641922568688719314 89.298002 0.000000
1641922568753693854 92.517236 0.000000
1641922568788745566 176.763179 0.000000
1641922568834717466 176.907599 0.000000
1641922568910361866 89.904128 0.000000
1641922569016542793 88.575378 0.000000
1641922569212111973 177.958891 0.000000
1641922569286113503 177.731072 0.000000
1641922569323276923 88.689011 0.000000
1641922569332355190 88.897241 0.000000
1641922569377818839 176.855943 0.000000
1641922569412932226 88.520726 0.000000
1641922569420862811 176.594393 0.000000
1641922569426449062 176.765213 0.000000
1641922569430958094 176.847237 0.000000
1641922569453317615 177.147229 0.000000
1641922569483477868 88.592940 0.000000
1641922569486479744 88.417681 0.000000
1641922569558765789 89.318541 0.000000
1641922569568271156 178.914571 0.000000
1641922569624882189 88.427761 0.000000
1641922569847593916 88.399118 0.000000
1641922569848712482 88.488655 0.000000
1641922569904362273 88.608730 0.000000
1641922569942664918 89.409370 0.000000
1641922569994553670 89.353907 0.000000
1641922570106066523 88.492744 0.000000
1641922570137253179 88.549409 0.000000
1641922570159467668 88.558486 0.000000
1641922570286830700 178.211182 0.000000
1641922570322595419 88.709680 0.000000
1641922570332376903 88.649117 0.000000
1641922570343030393 89.109539 0.000000
1641922570566844525 91.516481 0.000000
1641922570821682148 89.288725 0.000000
1641922570908888690 177.191992 0.000000
1641922570954884155 89.376078 0.000000
1641922571109443214 90.096909 0.000000
1641922571216135701 89.599017 0.000000
1641922571315229314 180.771983 0.000000
1641922571369397559 88.951553 0.000000
1641922571494536272 176.657711 0.000000
1641922571594719718 88.515425 0.000000
1641922571611490473 88.595044 0.000000
1641922571998365410 89.284578 0.000000
1641922572073445633 88.441898 0.000000
1641922572178469161 176.894335 0.000000
1641922572310696571 178.594541 0.000000
1641922572343060996 88.458098 0.000000
1641922572425801336 88.483265 0.000000
1641922572550888933 88.771865 0.000000
1641922572567924264 89.151187 0.000000
1641922572664602310 90.451725 0.000000
1641922572701168220 88.827009 0.000000
1641922572924423896 176.731880 0.000000
1641922572948134189 176.919332 0.000000
1641922573124968110 176.828040 0.000000
1641922573157807235 88.626774 0.000000
1641922573189846119 176.898914 0.000000
1641922573357699618 88.603861 0.000000
1641922573385439805 89.392119 0.000000
1641922573456363986 88.431537 0.000000
1641922573546391095 92.758449 0.000000
1641922573595352750 176.816338 0.000000
1641922573610268488 88.503042 0.000000
1641922573631479267 88.514153 0.000000
1641922573640752218 88.728194 0.000000
1641922573832166750 89.274999 0.000000
1641922573896873247 89.324101 0.000000
1641922573903886032 177.572215 0.000000
1641922573913734923 177.728789 0.000000
1641922573918100366 178.761935 0.000000
1641922573943370062 89.417276 0.000000
1641922573968826788 88.759082 0.000000
1641922573977462956 89.056980 0.000000
1641922573978574410 88.994314 0.000000
1641922574033926262 89.794593 0.000000
1641922574059954610 92.468675 0.000000
1641922574105482078 88.767798 0.000000
1641922574169085989 88.490328 0.000000
1641922574186007176 88.435616 0.000000
1641922574199109585 89.001666 0.000000
1641922574282233024 176.755063 0.000000
1641922574376167878 89.585982 0.000000
1641922574398130475 88.490889 0.000000
1641922574411713295 177.373223 0.000000
1641922574550852751 88.706673 0.000000
1641922574602357102 92.838017 0.000000
1641922574608282579 176.650227 0.000000
1641922574622672902 176.668021 0.000000
1641922574742236515 89.469173 0.000000
1641922574901560276 88.376546 0.000000
1641922574904463387 89.241156 0.000000
1641922575013222097 92.317723 0.000000
1641922575035322954 90.152845 0.000000
1641922575120251565 178.457545 0.000000
1641922575124596349 179.416672 0.000000
1641922575163047693 88.941403 0.000000
1641922575192866958 89.197384 0.000000
1641922575281369428 88.497040 0.000000
1641922575363420377 176.603410 0.000000
1641922575417559036 88.711654 0.000000
1641922575419355182 88.658022 0.000000
1641922575456357390 88.447358 0.000000
1641922575555321250 90.903141 0.000000
1641922575685717729 89.625336 0.000000
1641922575713146581 90.305771 0.000000
1641922575715435622 92.565968 0.000000
1641922575755029207 89.377491 0.000000
1641922575845987512 90.575838 0.000000
1641922575973203267 176.700180 0.000000
1641922576049407487 88.401222 0.000000
1641922576063132213 89.465787 0.000000
1641922576151663387 88.528689 0.000000
1641922576184261550 88.595856 0.000000
1641922576238126776 90.792533 0.000000
1641922576255071057 177.640753 0.000000
1641922576264088449 88.509955 0.000000
1641922576331435346 89.205829 0.000000
1641922576380158594 176.893403 0.000000
1641922576628028818 88.623528 0.000000
1641922576630009270 88.423493 0.000000
1641922576694480667 176.735587 0.000000
1641922576697444222 88.380282 0.000000
1641922576716486625 88.452617 0.000000
1641922576756728505 88.458349 0.000000
1641922576774183694 88.469640 0.000000
1641922576780610791 88.442088 0.000000
1641922576930632986 176.777816 0.000000
1641922577044864173 88.628347 0.000000
1641922577047840102 88.535052 0.000000
1641922577048163227 88.875641 0.000000
1641922577241282344 176.725568 0.000000
1641922577338536680 88.942425 0.000000
1641922577366522497 88.508693 0.000000
1641922577382403705 88.523932 0.000000
1641922577517263510 88.453079 0.000000
1641922577536073137 88.477274 0.000000
1641922577536556112 88.917318 0.000000
1641922577649658354 88.906288 0.000000
1641922577658387405 89.954983 0.000000
1641922577795492178 176.731189 0.000000
1641922577845971247 88.518541 0.000000
1641922577901186675 177.259490 0.000000
1641922578037502167 89.514167 0.000000
1641922578124681408 177.727787 0.000000
1641922578295774639 88.559277 0.000000
1641922578300891470 176.862084 0.000000
1641922578315518858 177.777500 0.000000
1641922578325912170 89.306158 0.000000
1641922578334343142 89.457731 0.000000
1641922578508032019 89.542380 0.000000
1641922578547567786 90.281616 0.000000
1641922578550696400 88.470832 0.000000
1641922578589710760 89.313201 0.000000
1641922578605134621 177.148051 0.000000
1641922578676834787 177.494961 0.000000
1641922578768290874 89.511172 0.000000
1641922578778650743 176.644757 0.000000
1641922578826106635 180.686072 0.000000
1641922578914594128 88.484757 0.000000
1641922578937229527 178.253252 0.000000
1641922579285895053 89.383051 0.000000
1641922579347991178 88.446536 0.000000
1641922579374473276 88.572994 0.000000
1641922579429664469 88.509826 0.000000
1641922579578453823 177.226698 0.000000
1641922579630229692 178.100896 0.000000
1641922579867494016 88.509775 0.000000
1641922579893472571 178.649304 0.000000
1641922579923281816 89.396386 0.000000
1641922579994167215 88.855883 0.000000
1641922580356668416 88.529892 0.000000
1641922580356966595 88.836908 0.000000
1641922580416199071 88.543969 0.000000
1641922580493434844 90.600093 0.000000
1641922580611708348 90.354783 0.000000
1641922580679028225 88.424876 0.000000
1641922580838063043 88.464339 0.000000
1641922580866986257 90.167883 0.000000
1641922580900364102 88.458980 0.000000
1641922580986086432 89.174000 0.000000
1641922581010481759 88.583363 0.000000
1641922581049589493 89.016445 0.000000
1641922581052845977 176.701984 0.000000
1641922581066775156 176.879076 0.000000
1641922581132147642 88.707766 0.000000
1641922581156948950 90.182209 0.000000
1641922581214424243 178.374729 0.000000
1641922581323117170 89.192344 0.000000
1641922581344840679 88.538158 0.000000
1641922581424681083 88.461755 0.000000
1641922581490215863 89.079472 0.000000
1641922581637419856 88.813394 0.000000
1641922581856874928 88.490138 0.000000
1641922581866709973 89.550025 0.000000
1641922581880806465 176.988191 0.000000
1641922581913298820 88.366215 0.000000
1641922581953002121 176.705571 0.000000
1641922581959379615 89.424670 0.000000
1641922582022836841 88.600665 0.000000
1641922582220258252 88.642304 0.000000
1641922582270817612 88.466124 0.000000
1641922582319756874 177.393280 0.000000
1641922582606235597 88.568314 0.000000
1641922582708293567 88.621024 0.000000
1641922582882717451 88.468337 0.000000
1641922582944429956 176.866733 0.000000
1641922582961957811 88.537246 0.000000
1641922582962914674 88.411099 0.000000
1641922582996549791 88.686897 0.000000
1641922583052546823 90.481881 0.000000
1641922583073268674 90.585264 0.000000
1641922583174838519 88.400910 0.000000
1641922583332496537 89.349158 0.000000
1641922583395536631 88.416500 0.000000
1641922583548081966 89.928735 0.000000
1641922583558959535 89.593166 0.000000
1641922583768895113 88.795611 0.000000
1641922583992170345 88.437219 0.000000
1641922583992851952 89.091165 0.000000
1641922584052135465 90.755955 0.000000
1641922584066052912 178.001010 0.000000
1641922584140623940 90.957152 0.000000
1641922584142795390 90.149037 0.000000
1641922584200451953 88.376545 0.000000
1641922584219700653 88.747690 0.000000
1641922584281339641 88.390180 0.000000
1641922584306552390 176.612216 0.000000
1641922584376232350 176.693458 0.000000
1641922584424918919 89.887797 0.000000
1641922584432898376 88.542426 0.000000
1641922584443373691 176.845804 0.000000
1641922584509251875 88.538449 0.000000
1641922584519720467 89.102335 0.000000
1641922584595389583 176.746227 0.000000
1641922584663918485 88.870000 0.000000
1641922584734681415 89.338428 0.000000
1641922584762795984 89.324853 0.000000
1641922584868739577 90.455432 0.000000
1641922584926312262 91.538261 0.000000
1641922584939730724 88.877925 0.000000
1641922584957962418 89.102526 0.000000
1641922585032536181 90.526224 0.000000
1641922585067946334 176.867955 0.000000
1641922585084859216 88.698599 0.000000
1641922585126289635 89.455919 0.000000
1641922585238300961 89.597032 0.000000
1641922585239355518 90.633976 0.000000
1641922585432396689 176.887132 0.000000
1641922585522121431 176.916005 0.000000
1641922585522170984 89.441912 0.000000
1641922585535035126 176.884086 0.000000
1641922585663484525 88.425847 0.000000
1641922585734676729 88.479167 0.000000
1641922585923768418 88.446707 0.000000
1641922586139101112 88.545021 0.000000
1641922586175820380 88.821720 0.000000
1641922586187219757 88.549820 0.000000
1641922586330387103 88.582190 0.000000
1641922586332318463 88.586578 0.000000
1641922586535891826 177.375567 0.000000
1641922586551097007 89.053945 0.000000
1641922586595242184 88.514825 0.000000
1641922586854153724 88.689672 0.000000
1641922587143459805 177.689927 0.000000
1641922587151396192 88.521497 0.000000
1641922587236083251 90.267880 0.000000
1641922587328298571 176.892482 0.000000
1641922587419360209 90.376042 0.000000
1641922587424031786 91.643659 0.000000
1641922587460895765 176.776634 0.000000
1641922587599308459 89.253529 0.000000
1641922587600347576 89.023168 0.000000
1641922587675947413 88.580437 0.000000
1641922587715488830 89.147681 0.000000
1641922587722139597 90.335878 0.000000
1641922587746120427 89.945226 0.000000
1641922588003235359 88.447428 0.000000
1641922588098017862 176.694811 0.000000
1641922588111957801 88.744485 0.000000
1641922588157492592 89.082478 0.000000
1641922588186483273 88.455463 0.000000
1641922588231779337 89.006606 0.000000
1641922588248172304 88.826127 0.000000
1641922588413575360 177.475424 0.000000
1641922588492541025 177.020892 0.000000
1641922588546154559 88.476202 0.000000
1641922588668699370 88.406180 0.000000
1641922588671979648 88.416058 0.000000
1641922588733148735 88.417892 0.000000
1641922588763941544 88.569747 0.000000
1641922588814327990 89.830901 0.000000
1641922588880100665 88.528921 0.000000
1641922589037958057 88.458959 0.000000
1641922589087369786 88.492904 0.000000
1641922589114029177 177.218342 0.000000
1641922589331101512 88.572672 0.000000
1641922589341226481 177.348086 0.000000
1641922589343294046 88.503092 0.000000
1641922589363225106 176.808204 0.000000
1641922589523156455 176.828472 0.000000
1641922589526287373 177.687662 0.000000
1641922589563101148 89.193757 0.000000
1641922589567981456 88.527999 0.000000
1641922589637000687 88.462326 0.000000
1641922589707468393 178.897059 0.000000
1641922589836529498 88.570979 0.000000
1641922589912984397 88.675415 0.000000
1641922589947054669 176.844472 0.000000
1641922590001116985 88.551774 0.000000
1641922590163972054 88.540954 0.000000
1641922590257071031 90.601616 0.000000
1641922590292172877 176.662681 0.000000
1641922590293956360 88.359684 0.000000
1641922590296191129 88.382086 0.000000
1641922590310805562 89.451880 0.000000
1641922590504383148 88.563906 0.000000
1641922590505406477 88.535383 0.000000
1641922590516613183 88.524342 0.000000
1641922590675893913 91.265631 0.000000
1641922590857599426 88.721131 0.000000
1641922590882054244 89.412737 0.000000
1641922590907757944 178.556691 0.000000
1641922591084636590 176.872294 0.000000
1641922591187038494 88.489928 0.000000
1641922591192432324 88.401041 0.000000
1641922591261820978 89.126300 0.000000
1641922591310867843 91.184679 0.000000
1641922591412998499 92.423150 0.000000
1641922591471800068 88.366787 0.000000
1641922591600050544 89.313682 0.000000
1641922591600941955 90.162273 0.000000
1641922591622015736 89.111533 0.000000
1641922591669785176 88.724127 0.000000
1641922591712643220 176.725248 0.000000
1641922591854237838 177.013959 0.000000
1641922591995374197 88.664664 0.000000
1641922592035504328 89.115390 0.000000
1641922592201031216 88.960891 0.000000
1641922592211315813 88.411961 0.000000
1641922592213844263 89.955615 0.000000
1641922592214969713 90.008455 0.000000
1641922592273001939 88.506478 0.000000
1641922592276969296 88.430176 0.000000
1641922592299993332 88.671639 0.000000
1641922592451196552 178.190855 0.000000
1641922592507914044 88.443160 0.000000
1641922592583634607 89.116583 0.000000
1641922592636949672 88.902631 0.000000
1641922592730157513 89.993186 0.000000
1641922592801838342 88.454331 0.000000
1641922592904605782 89.914408 0.000000
1641922592929434532 90.087712 0.000000
1641922592953434007 90.168243 0.000000
1641922593086845156 88.734125 0.000000
1641922593087934588 88.692146 0.000000
1641922593121285061 176.757709 0.000000
1641922593160775293 88.502682 0.000000
1641922593231435961 88.514184 0.000000
1641922593242937439 88.517519 0.000000
1641922593340855228 88.666579 0.000000
1641922593430344269 88.813023 0.000000
1641922593457092196 91.142309 0.000000
1641922593462845961 177.570502 0.000000
1641922593671713347 88.878105 0.000000
1641922593673810227 176.810238 0.000000
1641922593796888719 88.560380 0.000000
1641922593929424487 180.015876 0.000000
1641922593930492068 88.514434 0.000000
1641922593978199432 90.356817 0.000000
1641922594022104458 88.459610 0.000000
1641922594036698333 177.396175 0.000000
1641922594113708333 89.714062 0.000000
1641922594125850673 89.162969 0.000000
1641922594180056287 88.511579 0.000000
1641922594212820982 176.921616 0.000000
1641922594277629991 88.724877 0.000000
1641922594349941915 88.576470 0.000000
1641922594554829000 88.398166 0.000000
1641922594643292698 88.457006 0.000000
1641922594688437168 89.098478 0.000000
1641922594760512908 176.718896 0.000000
1641922594776736669 89.393231 0.000000
1641922594823147733 88.573855 0.000000
1641922594908998143 91.226778 0.000000
1641922594926849283 88.423873 0.000000
1641922594933579479 88.509955 0.000000
1641922595138718065 88.730819 0.000000
1641922595144616571 88.723235 0.000000
1641922595152897223 89.099380 0.000000
1641922595153942993 88.997450 0.000000
1641922595156138018 176.917078 0.000000
1641922595188799499 88.424936 0.000000
1641922595314477403 176.809216 0.000000
1641922595475981640 88.763871 0.000000
1641922595490908640 88.649147 0.000000
1641922595586122911 88.584435 0.000000
1641922595620398659 88.705372 0.000000
1641922595692909825 88.737551 0.000000
1641922595767332124 88.502941 0.000000
1641922595800948505 88.577000 0.000000
1641922595812209443 177.832774 0.000000
1641922595824541208 176.916857 0.000000
1641922595836765221 88.439242 0.000000
1641922596005018389 88.567764 0.000000
1641922596017188300 176.785411 0.000000
1641922596165843253 176.940301 0.000000
1641922596278784673 88.449863 0.000000
1641922596290650825 177.262144 0.000000
1641922596315575555 177.373673 0.000000
1641922596389780757 176.675785 0.000000
1641922596478325557 88.538809 0.000000
1641922596501917258 88.460633 0.000000
1641922596501961801 88.531686 0.000000
1641922596518375147 176.721942 0.000000
1641922596607481169 88.470511 0.000000
1641922596689497974 177.131601 0.000000
1641922596696629902 177.641776 0.000000
1641922596862626841 89.360019 0.000000
1641922596871326978 88.547577 0.000000
1641922596957286633 176.728714 0.000000
1641922597010313478 88.463698 0.000000
1641922597039752639 88.469539 0.000000
1641922597046997099 89.706679 0.000000
1641922597305622772 88.904244 0.000000
1641922597394121907 88.489296 0.000000
1641922597412561150 90.217515 0.000000
1641922597457038490 90.405057 0.000000
1641922597478727985 88.524652 0.000000
1641922597517538943 88.789639 0.000000
1641922597544292120 177.663517 0.000000
1641922597545346887 88.443921 0.000000
1641922597547213216 90.165559 0.000000
1641922597717435364 178.796039 0.000000
1641922597858145234 88.605224 0.000000
1641922597982408596 177.563609 0.000000
1641922597994789493 88.460141 0.000000
1641922598073996190 89.082478 0.000000
1641922598207940759 177.638119 0.000000
1641922598227681191 177.230555 0.000000
1641922598337260288 88.525023 0.000000
1641922598410785877 89.210649 0.000000
1641922598416639018 177.850207 0.000000
1641922598488221213 89.899970 0.000000
1641922598504646661 88.538548 0.000000
1641922598546450159 88.839924 0.000000
1641922598559436481 89.965033 0.000000
1641922598576078905 88.495047 0.000000
1641922598591697201 176.816940 0.000000
1641922598668521091 88.636813 0.000000
1641922598668528024 88.682689 0.000000
1641922598674783220 88.469800 0.000000
1641922598777187729 88.695243 0.000000
1641922598893209212 88.604482 0.000000
1641922598951160087 92.036656 0.000000
1641922599109737147 177.171264 0.000000
1641922599169061576 88.895188 0.000000
1641922599187572864 91.052070 0.000000
1641922599314780816 88.472675 0.000000
1641922599371829970 88.793236 0.000000
1641922599392505785 178.676426 0.000000
1641922599418424919 88.652513 0.000000
1641922599521935391 88.502712 0.000000
1641922599577588268 88.516517 0.000000
1641922599623088425 89.802438 0.000000
1641922599661937515 88.531446 0.000000
1641922599717049999 89.528194 0.000000
1641922599768642214 90.073896 0.000000
1641922599798813869 176.823863 0.000000
1641922599838974407 177.027013 0.000000
1641922600116703369 88.622476 0.000000
1641922600158580354 89.429058 0.000000
1641922600179549228 88.517819 0.000000
1641922600219465348 88.828422 0.000000
1641922600237536481 176.805839 0.000000
1641922600259456889 88.558998 0.000000
1641922600441187399 88.545151 0.000000
1641922600526768495 89.321547 0.000000
1641922600527772436 90.030987 0.000000
1641922600585432075 176.793947 0.000000
1641922600665056004 88.486962 0.000000
1641922600746436836 177.757312 0.000000
1641922600817285526 88.472294 0.000000
1641922600851774633 90.297255 0.000000
1641922600869534874 88.977251 0.000000
1641922600966050936 91.350620 0.000000
1641922601022210392 89.264300 0.000000
1641922601044004664 176.786983 0.000000
1641922601192724558 178.937975 0.000000
1641922601445935873 88.779920 0.000000
1641922601484595909 88.977862 0.000000
1641922601519899553 88.642824 0.000000
1641922601527298391 176.941923 0.000000
1641922601527355509 176.970498 0.000000
1641922601599149310 88.541635 0.000000
1641922601651999514 178.267389 0.000000
1641922601723085920 176.902941 0.000000
1641922601745888231 88.477775 0.000000
1641922601763581035 88.595254 0.000000
1641922601767508106 90.481350 0.000000
1641922601846298944 88.489147 0.000000
1641922601868784070 88.595836 0.000000
1641922601983509835 178.139219 0.000000
1641922602021129019 90.004666 0.000000
1641922602144149532 88.652663 0.000000
1641922602167280980 88.599884 0.000000
1641922602243763881 90.076842 0.000000
1641922602474700745 88.522589 0.000000
1641922602670230651 177.280449 0.000000
1641922602696100693 178.713806 0.000000
1641922602807276573 88.533821 0.000000
1641922602827355770 88.580087 0.000000
1641922602830886408 176.883465 0.000000
1641922602872043344 177.727006 0.000000
1641922602943545970 88.783869 0.000000
1641922603007561321 88.642303 0.000000
1641922603064557717 88.565329 0.000000
1641922603102358051 177.973317 0.000000
1641922603204551314 176.885688 0.000000
1641922603220420299 88.479669 0.000000
1641922603410990599 88.420117 0.000000
1641922603724313087 177.643329 0.000000
1641922603753578413 88.347620 0.000000
1641922603857620733 91.642126 0.000000
1641922603864928281 88.613099 0.000000
1641922603886466843 88.659235 0.000000
1641922603889978675 88.469839 0.000000
1641922603898796414 88.469770 0.000000
1641922604081346470 88.729256 0.000000
1641922604109522163 88.597138 0.000000
1641922604147714231 88.434323 0.000000
1641922604343252984 88.511969 0.000000
