1650145442904654178 72.621192 0.000000
1650145442905360765 72.408853 0.000000
1650145442905581910 72.367585 0.000000
1650145442977110961 72.454679 0.000000
1650145442978041077 72.453847 0.000000
1650145442979103793 72.523348 0.000000
1650145443049508554 72.429864 0.000000
1650145443122419069 72.355133 0.000000
1650145443196067931 72.374749 0.000000
1650145443268317345 72.336078 0.000000
1650145443340006337 72.769400 0.000000
1650145443340059708 72.566580 0.000000
1650145443413319138 72.620931 0.000000
1650145443630084032 72.330746 0.000000
1650145443920227210 72.339935 0.000000
1650145443992699031 72.644666 0.000000
1650145443993195433 72.386310 0.000000
1650145444065534516 72.824134 0.000000
1650145444065709324 72.825056 0.000000
1650145444138408303 72.639026 0.000000
1650145444427438470 72.429993 0.000000
1650145444427492411 72.509813 0.000000
1650145444427922879 72.471722 0.000000
1650145444500565051 72.638114 0.000000
1650145444644521279 72.612916 0.000000
1650145444644812526 72.701853 0.000000
1650145444645263273 72.492931 0.000000
1650145444645343283 72.483162 0.000000
1650145444861989134 72.457425 0.000000
1650145444934363251 72.330335 0.000000
1650145444934963738 72.399204 0.000000
1650145445007764077 72.552273 0.000000
1650145445152242255 72.423860 0.000000
1650145445152916081 72.747177 0.000000
1650145445443177742 72.459257 0.000000
1650145445514974367 144.471768 0.000000
1650145445515575606 72.577181 0.000000
1650145445587129923 72.601954 0.000000
1650145445660217332 72.391543 0.000000
1650145445876323869 72.343952 0.000000
1650145445876823968 72.429292 0.000000
1650145445949277496 72.363809 0.000000
1650145446094491204 72.800567 0.000000
1650145446167525344 72.664816 0.000000
1650145446167628888 72.788449 0.000000
1650145446385209040 72.456040 0.000000
1650145446457298216 72.822493 0.000000
1650145446529218391 72.395939 0.000000
1650145446529631767 144.833247 0.000000
1650145446601383507 72.418622 0.000000
1650145446819619493 72.313203 0.000000
1650145446891738572 72.879247 0.000000
1650145447037217369 144.520367 0.000000
1650145447037457961 72.387392 0.000000
1650145447109969559 72.978295 0.000000
1650145447182683346 72.300089 0.000000
1650145447326220044 72.527364 0.000000
1650145447326987015 72.360310 0.000000
1650145447400263820 72.572262 0.000000
1650145447471717581 72.435524 0.000000
1650145447471966959 72.512939 0.000000
1650145447544458247 72.332840 0.000000
1650145447616159141 72.566590 0.000000
1650145447761247313 72.326697 0.000000
1650145447761487253 144.792025 0.000000
1650145447906423987 72.772868 0.000000
1650145447906816043 72.444040 0.000000
1650145447978237692 72.499182 0.000000
1650145448050802028 72.560760 0.000000
1650145448123335574 72.528607 0.000000
1650145448195707790 145.145583 0.000000
1650145448195753957 72.733585 0.000000
1650145448196355877 72.553827 0.000000
1650145448196844775 72.523430 0.000000
1650145448268921375 72.346587 0.000000
1650145448269192614 72.573272 0.000000
1650145448269394884 72.604110 0.000000
1650145448340959972 72.583821 0.000000
1650145448485569076 72.451181 0.000000
1650145448557896348 72.404206 0.000000
1650145448558483250 72.420106 0.000000
1650145448630923773 72.436235 0.000000
1650145448920387304 72.565978 0.000000
1650145448920726050 72.781182 0.000000
1650145448920994845 72.318213 0.000000
1650145449065293588 72.510266 0.000000
1650145449065408043 72.405268 0.000000
1650145449138439192 72.513477 0.000000
1650145449210842988 72.488465 0.000000
1650145449355273208 72.637214 0.000000
1650145449355945891 72.593853 0.000000
1650145449428383889 72.812040 0.000000
1650145449428692849 72.553214 0.000000
1650145449573518851 72.468538 0.000000
1650145449717506250 72.702194 0.000000
1650145449718232964 72.328171 0.000000
1650145449718456324 72.301292 0.000000
1650145449791050415 72.484696 0.000000
1650145449934739693 72.425064 0.000000
1650145449935597083 72.533448 0.000000
1650145450007530774 72.329965 0.000000
1650145450079480767 72.540602 0.000000
1650145450225060133 72.909303 0.000000
1650145450296834703 72.533485 0.000000
1650145450297881609 72.696601 0.000000
1650145450298165742 72.673277 0.000000
1650145450369700036 72.620253 0.000000
1650145450442136962 72.493513 0.000000
1650145450587033818 72.436055 0.000000
1650145450659080180 72.557131 0.000000
1650145450660363289 72.569574 0.000000
1650145450660463407 72.628976 0.000000
1650145450804749446 72.655677 0.000000
1650145450949393257 144.838726 0.000000
1650145450949486562 73.053503 0.000000
1650145451094894246 72.706662 0.000000
1650145451167344117 72.477693 0.000000
1650145451240193478 72.411810 0.000000
1650145451240624226 72.482843 0.000000
1650145451457330198 72.454048 0.000000
1650145451531702590 73.120481 0.000000
1650145451531796978 73.066000 0.000000
1650145451531844507 72.854733 0.000000
1650145451604175634 72.705100 0.000000
1650145451966739456 72.563923 0.000000
1650145452038963604 72.417791 0.000000
1650145452039173398 72.342510 0.000000
1650145452111148996 72.401157 0.000000
1650145452111242161 72.474565 0.000000
1650145452111270454 72.521153 0.000000
1650145452183285520 72.676188 0.000000
1650145452256179454 72.638955 0.000000
1650145452328532673 72.586647 0.000000
1650145452473505792 72.402321 0.000000
1650145452474097433 72.420576 0.000000
1650145452546690860 72.507947 0.000000
1650145452617914460 72.434323 0.000000
1650145452762916093 72.451614 0.000000
1650145452835681886 72.427599 0.000000
1650145452836019260 72.703777 0.000000
1650145452908037630 72.429303 0.000000
1650145453052426261 72.420205 0.000000
1650145453053271007 144.601821 0.000000
1650145453199254073 72.958297 0.000000
1650145453199279210 72.853219 0.000000
1650145453271594989 72.471461 0.000000
1650145453343012028 72.511223 0.000000
1650145453416117019 72.490867 0.000000
1650145453632324818 72.425436 0.000000
1650145453778729484 72.653262 0.000000
1650145453850864173 72.415015 0.000000
1650145453923503570 72.636571 0.000000
1650145453995416692 72.799998 0.000000
1650145453995666300 72.451843 0.000000
1650145454212393823 72.392523 0.000000
1650145454213626217 72.538797 0.000000
1650145454286110684 72.479888 0.000000
1650145454286229146 72.444271 0.000000
1650145454502176625 72.440613 0.000000
1650145454503799612 72.798525 0.000000
1650145454647886305 72.471671 0.000000
1650145454648096540 72.551871 0.000000
1650145454648243927 72.427728 0.000000
1650145454720652270 72.403544 0.000000
1650145454721588478 72.292255 0.000000
1650145454865301921 72.425233 0.000000
1650145454866669149 72.549448 0.000000
1650145454938671909 72.766484 0.000000
1650145455011129145 72.469218 0.000000
1650145455082392236 72.493081 0.000000
1650145455227482335 72.605535 0.000000
1650145455228706924 72.450123 0.000000
1650145455300085994 72.482983 0.000000
1650145455300150375 72.579314 0.000000
1650145455372630552 72.710109 0.000000
1650145455446137325 72.282975 0.000000
1650145455517399668 144.831643 0.000000
1650145455518654544 72.343883 0.000000
1650145455661776447 72.510496 0.000000
1650145455661976753 72.727583 0.000000
1650145455663220548 72.349013 0.000000
1650145455734189547 72.410966 0.000000
1650145455734446439 72.459217 0.000000
1650145455734751472 72.394666 0.000000
1650145455735392927 72.424682 0.000000
1650145455807054568 144.664158 0.000000
1650145455880499697 72.334744 0.000000
1650145455880682611 72.541272 0.000000
1650145455951730316 72.754570 0.000000
1650145455953011472 72.654893 0.000000
1650145456023969934 72.624881 0.000000
1650145456025620484 72.400480 0.000000
1650145456097399104 72.513180 0.000000
1650145456241681014 72.582880 0.000000
1650145456315091446 72.667807 0.000000
1650145456315265693 72.524668 0.000000
1650145456315532424 72.359127 0.000000
1650145456315736006 72.501925 0.000000
1650145456387304855 72.480230 0.000000
1650145456460626692 72.402993 0.000000
1650145456603741853 72.511940 0.000000
1650145456603847681 72.539150 0.000000
1650145456676170234 72.510716 0.000000
1650145456676896778 72.390289 0.000000
1650145456822902124 72.487831 0.000000
1650145456893859552 72.425044 0.000000
1650145456894668200 72.466842 0.000000
1650145456965870909 72.668471 0.000000
1650145456966095420 72.586006 0.000000
1650145456968009154 72.564125 0.000000
1650145456968179855 72.486219 0.000000
1650145457183637032 72.568763 0.000000
1650145457183853137 72.581206 0.000000
1650145457183893243 72.581197 0.000000
1650145457255765329 72.466352 0.000000
1650145457256351189 72.548116 0.000000
1650145457328588350 72.503681 0.000000
1650145457762650345 72.620560 0.000000
1650145457764849676 72.389297 0.000000
1650145457837167056 72.478212 0.000000
1650145457908303362 72.575639 0.000000
1650145457980642062 72.337237 0.000000
1650145457981798223 144.570503 0.000000
1650145458126454729 72.314216 0.000000
1650145458126835554 72.286624 0.000000
1650145458126906317 72.328794 0.000000
1650145458197764949 72.438458 0.000000
1650145458271425422 72.627654 0.000000
1650145458414978184 72.464437 0.000000
1650145458416421975 72.370883 0.000000
1650145458486922896 144.805504 0.000000
1650145458487056206 72.406839 0.000000
1650145458559154677 144.742355 0.000000
1650145458559308826 72.380119 0.000000
1650145458560615720 72.369549 0.000000
1650145458705822979 72.481630 0.000000
1650145458777399830 72.915585 0.000000
1650145458849770141 145.221575 0.000000
1650145458994937013 72.396900 0.000000
1650145458995977898 72.762928 0.000000
1650145459139967991 72.528449 0.000000
1650145459286035875 72.608609 0.000000
1650145459358536681 72.497650 0.000000
1650145459358803402 72.564425 0.000000
1650145459503638272 72.325540 0.000000
1650145459648287362 72.479276 0.000000
1650145459719941337 72.553915 0.000000
1650145459720925265 72.921606 0.000000
1650145459792792020 72.452545 0.000000
1650145459793478409 72.566409 0.000000
1650145459936987829 72.368408 0.000000
1650145459938635824 145.090018 0.000000
1650145459938840879 73.161608 0.000000
1650145460011086006 72.492832 0.000000
1650145460081661106 72.401079 0.000000
1650145460083539763 72.448898 0.000000
1650145460299492099 72.452295 0.000000
1650145460300849989 72.449730 0.000000
1650145460300922385 72.445261 0.000000
1650145460301586201 72.534969 0.000000
1650145460373431889 72.506759 0.000000
1650145460373884950 72.652283 0.000000
1650145460516838665 72.428511 0.000000
1650145460518884416 72.450321 0.000000
1650145460662824757 72.430294 0.000000
1650145460663588451 144.665963 0.000000
1650145460879061990 72.433070 0.000000
1650145460880226857 72.470029 0.000000
1650145460880753757 72.324005 0.000000
1650145461023587337 72.564315 0.000000
1650145461025060975 72.309758 0.000000
1650145461168361872 145.029954 0.000000
1650145461240981702 72.425254 0.000000
1650145461241914223 72.357186 0.000000
1650145461242376622 72.582580 0.000000
1650145461242819233 72.581498 0.000000
1650145461315279944 72.417300 0.000000
1650145461387054817 72.335967 0.000000
1650145461458760639 72.327711 0.000000
1650145461893653658 72.764133 0.000000
1650145462256014298 72.713886 0.000000
1650145462257019485 72.557432 0.000000
1650145462329065035 72.564885 0.000000
1650145462401394100 72.558918 0.000000
1650145462401728468 72.496049 0.000000
1650145462546723718 144.992394 0.000000
1650145462618835284 72.764252 0.000000
1650145462620153830 72.662981 0.000000
1650145462620334469 72.462585 0.000000
1650145462691215443 72.378295 0.000000
1650145462691493485 72.359220 0.000000
1650145462692310119 72.426176 0.000000
1650145462692944129 72.422088 0.000000
1650145462763666385 72.437346 0.000000
1650145462764658808 72.271013 0.000000
1650145462765515517 72.568883 0.000000
1650145462982164233 72.388355 0.000000
1650145463055369763 72.542164 0.000000
1650145463126924661 72.408942 0.000000
1650145463127879765 72.474846 0.000000
1650145463199353073 72.443961 0.000000
1650145463200392475 72.503403 0.000000
1650145463345031345 72.700932 0.000000
1650145463561718774 72.361807 0.000000
1650145463561774769 72.411820 0.000000
1650145463634534571 72.507849 0.000000
1650145463707330952 72.740255 0.000000
1650145463850955498 72.608309 0.000000
1650145463851353506 72.440294 0.000000
1650145464141180960 72.775913 0.000000
1650145464213384517 72.466621 0.000000
1650145464287023210 72.839171 0.000000
1650145464649340270 72.803475 0.000000
1650145464649395183 72.795750 0.000000
1650145464720378409 72.482972 0.000000
1650145464793282223 72.620512 0.000000
1650145464865207097 72.326598 0.000000
1650145464938590411 72.576739 0.000000
1650145465009961063 72.463394 0.000000
1650145465010109742 72.432296 0.000000
1650145465156381180 144.917365 0.000000
1650145465446391537 72.784658 0.000000
1650145465590580454 72.702013 0.000000
1650145465590865068 72.519230 0.000000
1650145465734263640 72.464168 0.000000
1650145465735149894 72.537786 0.000000
1650145465736222488 72.374449 0.000000
1650145465808123318 72.397372 0.000000
1650145466025880866 72.368277 0.000000
1650145466097273119 72.346866 0.000000
1650145466098314425 72.494624 0.000000
1650145466169708453 72.588110 0.000000
1650145466170817786 72.638896 0.000000
1650145466314936230 72.512809 0.000000
1650145466387440833 144.528113 0.000000
1650145466387830635 72.499634 0.000000
1650145466458493490 72.449991 0.000000
1650145466459339218 144.582465 0.000000
1650145466460328686 72.492791 0.000000
1650145466531017600 145.049312 0.000000
1650145466894488184 72.414194 0.000000
1650145466965966391 72.525453 0.000000
1650145467039213758 72.390438 0.000000
1650145467184414284 72.478684 0.000000
1650145467255964185 72.400348 0.000000
1650145467328448719 72.405015 0.000000
1650145467328544539 72.576877 0.000000
1650145467400221329 144.641025 0.000000
1650145467400264500 72.607618 0.000000
1650145467402211556 72.807132 0.000000
1650145467545048391 72.471979 0.000000
1650145467545606489 72.337106 0.000000
1650145467545792107 72.419711 0.000000
1650145467617774422 72.593823 0.000000
1650145467617793057 72.720291 0.000000
1650145467690156164 72.552423 0.000000
1650145467690258046 72.596526 0.000000
1650145467763211883 72.626412 0.000000
1650145467908772925 72.826780 0.000000
1650145468197556199 72.602609 0.000000
1650145468198507024 72.530884 0.000000
1650145468270286846 72.671596 0.000000
1650145468271191825 72.678970 0.000000
1650145468487813842 72.474188 0.000000
1650145468488118614 72.482704 0.000000
1650145468560581889 72.619769 0.000000
1650145468561166777 72.461151 0.000000
1650145468632864415 72.895437 0.000000
1650145468632902717 72.558003 0.000000
1650145468777761508 72.593838 0.000000
1650145468850711310 72.833563 0.000000
1650145468850878634 72.856627 0.000000
1650145468851005472 72.661971 0.000000
1650145468994890297 72.718807 0.000000
1650145468994922007 72.400739 0.000000
1650145469140589691 72.447648 0.000000
1650145469213010386 72.415415 0.000000
1650145469285555222 72.422857 0.000000
1650145469358284179 72.467125 0.000000
1650145469502717054 72.575890 0.000000
1650145469574221627 72.419521 0.000000
1650145469575060142 72.524288 0.000000
1650145469575274815 72.337187 0.000000
1650145469646692829 72.507630 0.000000
1650145469719153931 144.567970 0.000000
1650145469791799198 72.665305 0.000000
1650145469791947827 72.717583 0.000000
1650145469937414921 72.538415 0.000000
1650145470081340234 72.427117 0.000000
1650145470082076176 72.393434 0.000000
1650145470154855002 72.460720 0.000000
1650145470154898975 72.360160 0.000000
1650145470226750995 72.416410 0.000000
1650145470226989342 72.567152 0.000000
1650145470299727715 72.603469 0.000000
1650145470372237777 72.506045 0.000000
1650145470372333536 72.614999 0.000000
1650145470516107855 72.550759 0.000000
1650145470516371871 72.355192 0.000000
1650145470733127837 72.534870 0.000000
1650145470734459518 72.543446 0.000000
1650145470806918866 72.411809 0.000000
1650145470878412361 72.527787 0.000000
1650145470950226716 72.553213 0.000000
1650145470950927352 72.494553 0.000000
1650145471168913891 72.474807 0.000000
1650145471240823285 72.434350 0.000000
1650145471385897073 72.565747 0.000000
1650145471458035058 72.392603 0.000000
1650145471529832264 72.417911 0.000000
1650145471530822553 72.593500 0.000000
1650145471530937038 72.764902 0.000000
1650145471674468239 72.395829 0.000000
1650145471676072011 72.498382 0.000000
1650145471891325854 72.322251 0.000000
1650145471892779454 72.297884 0.000000
1650145471964353722 72.483215 0.000000
1650145472036543995 72.518921 0.000000
1650145472183279070 72.354760 0.000000
1650145472254417420 144.735522 0.000000
1650145472254715940 72.605975 0.000000
1650145472254827890 72.608570 0.000000
1650145472254978654 72.752190 0.000000
1650145472255371000 72.338322 0.000000
1650145472328200964 72.422027 0.000000
1650145472400377893 72.471452 0.000000
1650145472545495282 72.535122 0.000000
1650145472545811957 72.712065 0.000000
1650145472617489317 72.453057 0.000000
1650145472690792960 72.553434 0.000000
1650145472761876212 144.705403 0.000000
1650145472835706056 72.481071 0.000000
1650145472835790825 72.543768 0.000000
1650145472908061740 72.384558 0.000000
1650145472908300819 72.528719 0.000000
1650145473051620310 72.381570 0.000000
1650145473051868376 72.580023 0.000000
1650145473052142571 72.278767 0.000000
1650145473124566955 72.639167 0.000000
1650145473197063503 72.370832 0.000000
1650145473197344761 72.443949 0.000000
1650145473197471840 72.613157 0.000000
1650145473197652930 72.251688 0.000000
1650145473270579967 73.106364 0.000000
1650145473270695394 73.147501 0.000000
1650145473414620754 72.363358 0.000000
1650145473486949436 72.619919 0.000000
1650145473559425797 72.473656 0.000000
1650145473560078553 72.558776 0.000000
1650145473632462870 72.458256 0.000000
1650145473704577060 72.672679 0.000000
1650145473705166407 72.412901 0.000000
1650145473849174403 72.804286 0.000000
1650145473921682223 72.387825 0.000000
1650145473922112832 72.552183 0.000000
1650145473922668185 72.676387 0.000000
1650145474140376118 72.607246 0.000000
1650145474140579901 72.745937 0.000000
1650145474212173824 72.444320 0.000000
1650145474213054388 72.581779 0.000000
1650145474284662858 72.480939 0.000000
1650145474357952013 72.819182 0.000000
1650145474502969526 72.574925 0.000000
1650145474574420591 72.448237 0.000000
1650145474575387647 72.414364 0.000000
1650145474647730216 72.745917 0.000000
1650145474720758071 72.516835 0.000000
1650145474792622072 72.528378 0.000000
1650145474863846080 72.470399 0.000000
1650145474864441689 72.426306 0.000000
1650145474937071026 72.526794 0.000000
1650145475010600434 72.369490 0.000000
1650145475082404722 72.568092 0.000000
1650145475227860506 72.881029 0.000000
1650145475300898512 72.366114 0.000000
1650145475373341609 72.620049 0.000000
1650145475445200599 72.413973 0.000000
1650145475516858741 72.448305 0.000000
1650145475516951104 72.394455 0.000000
1650145475518148453 72.397610 0.000000
1650145475663195584 72.444121 0.000000
1650145475735044015 72.596085 0.000000
1650145475806281959 144.655141 0.000000
1650145475806565982 72.461352 0.000000
1650145475807889067 72.453938 0.000000
1650145476025539623 72.769924 0.000000
1650145476169454976 72.517538 0.000000
1650145476170284283 144.667475 0.000000
1650145476241656310 72.428761 0.000000
1650145476314529084 72.607857 0.000000
1650145476387980242 72.609408 0.000000
1650145476459150431 72.472815 0.000000
1650145476459886524 72.418083 0.000000
1650145476676279398 144.683463 0.000000
1650145476676485155 72.489164 0.000000
1650145476677541819 72.443428 0.000000
1650145476749061172 72.694379 0.000000
1650145476749534381 72.764591 0.000000
1650145476820908071 144.607022 0.000000
1650145477038733985 72.501035 0.000000
1650145477038929492 72.531183 0.000000
1650145477040222691 72.637442 0.000000
1650145477111253243 72.512505 0.000000
1650145477112194791 72.336615 0.000000
1650145477112550920 72.613976 0.000000
1650145477401925076 72.838299 0.000000
1650145477402413092 72.315066 0.000000
1650145477474012146 72.781364 0.000000
1650145477547341087 72.905987 0.000000
1650145477547656900 72.728003 0.000000
1650145477691514323 72.541333 0.000000
1650145477692212995 72.597899 0.000000
1650145477764883029 144.585612 0.000000
1650145477837756153 72.559436 0.000000
1650145477981081048 72.495638 0.000000
1650145477981794869 72.539150 0.000000
1650145477981905887 72.427971 0.000000
1650145478198228748 72.557613 0.000000
1650145478416510912 72.633987 0.000000
1650145478489135320 72.645036 0.000000
1650145478489489325 72.384127 0.000000
1650145478705913869 72.533889 0.000000
1650145478706403809 72.621022 0.000000
1650145478923523359 72.415698 0.000000
1650145479068024150 72.367135 0.000000
1650145479069334541 72.520503 0.000000
1650145479141832551 72.729785 0.000000
1650145479141926498 72.773067 0.000000
1650145479214305844 72.472100 0.000000
1650145479285284714 72.474558 0.000000
1650145479358626657 72.392360 0.000000
1650145479430890410 72.511919 0.000000
1650145479431871072 72.595416 0.000000
1650145479502381900 144.605941 0.000000
1650145479502582848 72.350303 0.000000
1650145479574970361 72.432648 0.000000
1650145479576056390 72.302523 0.000000
1650145479721247068 72.333381 0.000000
1650145479721691032 72.369539 0.000000
1650145479794595254 72.461470 0.000000
1650145479866447344 72.415538 0.000000
1650145479938900210 72.356335 0.000000
1650145480009769051 72.634797 0.000000
1650145480082600017 72.492240 0.000000
1650145480083698099 72.446694 0.000000
1650145480156373011 72.743942 0.000000
1650145480227225673 72.261378 0.000000
1650145480229230919 72.572081 0.000000
1650145480300856010 72.415716 0.000000
1650145480301733368 72.765914 0.000000
1650145480373864220 72.518891 0.000000
1650145480374357065 72.550469 0.000000
1650145480445028164 72.502899 0.000000
1650145480517407743 72.377225 0.000000
1650145480518981929 72.498973 0.000000
1650145480589146639 72.368788 0.000000
1650145480879206367 72.564696 0.000000
1650145480879438984 72.668210 0.000000
1650145481025721263 72.428552 0.000000
1650145481314311682 72.478522 0.000000
1650145481676059383 72.485146 0.000000
1650145481749960990 72.557032 0.000000
1650145481822105127 72.432018 0.000000
1650145481822155732 72.465851 0.000000
1650145481822598764 72.555139 0.000000
1650145481893533369 72.460851 0.000000
1650145481965400013 144.592924 0.000000
1650145482038991458 72.757078 0.000000
1650145482039789316 72.423562 0.000000
1650145482110176633 72.373537 0.000000
1650145482183029990 72.351274 0.000000
1650145482183354410 72.274270 0.000000
1650145482183732379 144.611378 0.000000
1650145482256333224 72.437969 0.000000
1650145482400998402 144.677131 0.000000
1650145482401027035 72.413750 0.000000
1650145482401669682 144.749005 0.000000
1650145482472272546 144.635153 0.000000
1650145482544660030 72.381021 0.000000
1650145482544980532 72.527306 0.000000
1650145482545047858 72.449710 0.000000
1650145482762015470 72.615642 0.000000
1650145482762527993 72.429642 0.000000
1650145482762689967 72.395808 0.000000
1650145482907284958 72.820536 0.000000
1650145482907903198 72.566780 0.000000
1650145483125532224 72.707415 0.000000
1650145483197337923 72.468884 0.000000
1650145483197467246 72.610991 0.000000
1650145483197497042 72.609278 0.000000
1650145483270736356 72.909184 0.000000
1650145483487984695 72.771553 0.000000
1650145483560964363 72.733505 0.000000
1650145483561116338 72.592250 0.000000
1650145483777344454 72.627736 0.000000
1650145483849896135 72.549638 0.000000
1650145484067670984 72.603811 0.000000
1650145484068105060 144.599517 0.000000
1650145484068143842 72.618087 0.000000
1650145484212034729 72.382817 0.000000
1650145484212789656 144.642768 0.000000
1650145484285235750 72.392313 0.000000
1650145484285521166 72.429022 0.000000
1650145484285552805 72.410877 0.000000
1650145484357409469 72.674650 0.000000
1650145484358189133 72.665272 0.000000
1650145484358225792 72.669971 0.000000
1650145484575689560 72.499484 0.000000
1650145484575734735 72.494315 0.000000
1650145484647297680 72.529340 0.000000
1650145484647535987 72.512728 0.000000
1650145484648251801 72.558514 0.000000
1650145484720322691 72.647973 0.000000
1650145484720821627 72.910697 0.000000
1650145484720924130 72.686786 0.000000
1650145484791413289 72.413703 0.000000
1650145484937433043 72.473546 0.000000
1650145484937934083 72.460881 0.000000
1650145484938151782 72.664905 0.000000
1650145484938346207 72.786082 0.000000
1650145485010663417 72.714335 0.000000
1650145485011028653 72.819593 0.000000
1650145485083730147 72.850163 0.000000
1650145485155699806 145.023715 0.000000
1650145485228792683 72.634386 0.000000
1650145485228973613 72.814916 0.000000
1650145485229038585 72.481169 0.000000
1650145485373288724 72.744612 0.000000
1650145485373697792 72.326086 0.000000
1650145485374018344 72.440681 0.000000
1650145485445029533 72.415997 0.000000
1650145485517640156 72.415286 0.000000
1650145485518357123 72.396471 0.000000
1650145485662889984 72.711642 0.000000
1650145485735547245 72.635560 0.000000
1650145485736148263 72.582370 0.000000
1650145485808531486 72.560265 0.000000
1650145485881166426 72.492973 0.000000
1650145485953221794 72.431484 0.000000
1650145485953889398 73.120388 0.000000
1650145486099437558 73.384795 0.000000
1650145486099459189 72.649966 0.000000
1650145486172827944 73.011264 0.000000
1650145486243077973 72.573332 0.000000
1650145486244430222 72.383535 0.000000
1650145486388537104 72.519062 0.000000
1650145486533897621 72.658252 0.000000
1650145486677733354 72.421898 0.000000
1650145486896319828 72.298086 0.000000
1650145486967454549 72.380180 0.000000
1650145487041641290 72.566530 0.000000
1650145487112639685 72.375120 0.000000
1650145487257912096 72.703436 0.000000
1650145487258456488 72.369940 0.000000
1650145487403339987 72.502939 0.000000
1650145487475251988 144.795595 0.000000
1650145487619767124 72.471829 0.000000
1650145487620366260 72.482169 0.000000
1650145487620737597 145.153345 0.000000
1650145487692175980 72.406601 0.000000
1650145487693120804 72.381053 0.000000
1650145487764610621 72.558233 0.000000
1650145487837775064 72.666598 0.000000
1650145487909222242 72.353971 0.000000
1650145487910379846 144.860959 0.000000
1650145487910883041 72.731831 0.000000
1650145488054497608 72.493342 0.000000
1650145488126867156 72.364358 0.000000
1650145488198953784 72.424211 0.000000
1650145488199155663 72.638093 0.000000
1650145488271594774 72.634599 0.000000
1650145488272453086 72.355354 0.000000
1650145488344048872 72.452835 0.000000
1650145488344287710 72.374508 0.000000
1650145488344995630 144.715585 0.000000
1650145488417384365 72.406078 0.000000
1650145488562697131 72.814753 0.000000
1650145488633897958 144.791127 0.000000
1650145488706922686 72.360421 0.000000
1650145488778734570 72.404888 0.000000
1650145488779491021 72.582962 0.000000
1650145488851707503 72.485136 0.000000
1650145488853230903 72.667639 0.000000
1650145488924193932 72.680884 0.000000
1650145489070719154 72.413672 0.000000
1650145489141280699 72.679031 0.000000
1650145489142397957 72.430113 0.000000
1650145489214746056 72.423741 0.000000
1650145489286199194 72.463025 0.000000
1650145489286242806 72.509712 0.000000
1650145489358693007 72.311390 0.000000
1650145489505298829 72.428217 0.000000
1650145489577734425 72.357950 0.000000
1650145489650253385 72.425424 0.000000
1650145489721762350 72.397093 0.000000
1650145489793311258 72.416728 0.000000
1650145489866160559 72.458527 0.000000
1650145489939484331 72.557914 0.000000
1650145489939562067 72.624269 0.000000
1650145490156384478 72.393907 0.000000
1650145490228064512 72.366834 0.000000
1650145490228421773 72.427598 0.000000
1650145490300499264 72.512067 0.000000
1650145490518285805 72.618356 0.000000
1650145490518435797 72.524240 0.000000
1650145490590305147 72.547844 0.000000
1650145490662754156 72.512688 0.000000
1650145490662873821 72.584684 0.000000
1650145490663459521 72.468666 0.000000
1650145490735458625 72.700952 0.000000
1650145490736043944 72.892862 0.000000
1650145490808343912 144.763604 0.000000
1650145490808642233 72.784679 0.000000
1650145490881387648 72.563013 0.000000
1650145491098109380 72.363088 0.000000
1650145491098805538 72.437548 0.000000
1650145491169695207 72.373716 0.000000
1650145491171484858 72.353659 0.000000
1650145491314398600 72.326940 0.000000
1650145491314763595 72.367286 0.000000
1650145491389288971 72.424300 0.000000
1650145491678759076 72.350785 0.000000
1650145491679169767 72.684792 0.000000
1650145491751000755 144.564632 0.000000
1650145491824365875 72.471773 0.000000
1650145491894242162 72.578651 0.000000
1650145491967227178 72.379208 0.000000
1650145491967376288 72.475198 0.000000
1650145492113787587 72.405768 0.000000
1650145492183921716 72.373995 0.000000
1650145492184057591 72.476067 0.000000
1650145492185722998 72.433517 0.000000
1650145492185868722 72.568771 0.000000
1650145492256420420 72.494997 0.000000
1650145492258637574 72.357580 0.000000
1650145492329279169 72.545330 0.000000
1650145492402573043 72.561098 0.000000
1650145492403362345 144.546056 0.000000
1650145492619986864 72.443306 0.000000
1650145492693345853 72.865903 0.000000
1650145492764766500 144.555826 0.000000
1650145492910005117 72.353088 0.000000
1650145493126738943 72.365594 0.000000
1650145493127732489 72.614762 0.000000
1650145493199656059 72.316157 0.000000
1650145493417503344 72.484685 0.000000
1650145493417512772 144.880543 0.000000
1650145493417523412 145.124711 0.000000
1650145493489959828 72.433470 0.000000
1650145493635480373 72.487979 0.000000
1650145493635830951 72.447643 0.000000
1650145493706906042 72.443951 0.000000
1650145493708012590 72.420537 0.000000
1650145493708241340 72.354514 0.000000
1650145493853271525 72.628546 0.000000
1650145493926094095 72.606915 0.000000
1650145493998414862 72.510192 0.000000
1650145494069622161 144.563761 0.000000
1650145494070562406 72.363982 0.000000
1650145494071083124 72.372156 0.000000
1650145494142261848 72.506687 0.000000
1650145494142496228 72.445452 0.000000
1650145494142677268 72.727742 0.000000
1650145494142996357 144.528396 0.000000
1650145494215537797 72.537112 0.000000
1650145494288247587 72.795170 0.000000
1650145494288312018 72.537245 0.000000
1650145494360107299 72.415646 0.000000
1650145494360905197 72.655787 0.000000
1650145494431985086 72.518390 0.000000
1650145494650401310 72.407342 0.000000
1650145495012199052 72.601144 0.000000
1650145495083780603 72.450723 0.000000
1650145495084019642 72.686365 0.000000
1650145495084089433 72.704960 0.000000
1650145495228674523 72.432959 0.000000
1650145495302409166 72.539869 0.000000
1650145495302510025 72.354952 0.000000
1650145495446840726 72.451463 0.000000
1650145495447364439 72.483793 0.000000
1650145495518330875 72.428331 0.000000
1650145495519449927 72.544720 0.000000
1650145495590656531 72.322550 0.000000
1650145495592308484 72.595423 0.000000
1650145495663528695 72.431035 0.000000
1650145495736810850 72.484257 0.000000
1650145495809454012 72.635959 0.000000
1650145495880807344 72.384508 0.000000
1650145496027315815 72.467423 0.000000
1650145496099396492 72.527827 0.000000
1650145496171286841 72.503551 0.000000
1650145496171586604 72.395297 0.000000
1650145496172454063 72.688919 0.000000
1650145496243104485 144.555846 0.000000
1650145496245274109 72.567853 0.000000
1650145496317413116 72.349792 0.000000
1650145496389352285 144.755638 0.000000
1650145496534184732 72.387504 0.000000
1650145496605693654 72.536161 0.000000
1650145496678241128 72.546452 0.000000
1650145496752138505 72.539547 0.000000
1650145496896967856 72.596586 0.000000
1650145496897259163 72.732381 0.000000
1650145497113439428 72.363698 0.000000
1650145497114815572 72.789468 0.000000
1650145497185521096 72.412719 0.000000
1650145497332721729 72.537676 0.000000
1650145497405242281 72.533958 0.000000
1650145497477694504 72.487470 0.000000
1650145497620452294 72.462733 0.000000
1650145497693302647 72.568374 0.000000
1650145497695011205 72.515444 0.000000
1650145497767073437 72.314696 0.000000
1650145497767485792 72.535491 0.000000
1650145497838383366 72.427407 0.000000
1650145497984628775 72.495809 0.000000
1650145497984781302 72.541896 0.000000
1650145498199809654 72.428861 0.000000
1650145498202126755 72.529470 0.000000
1650145498272353911 72.673199 0.000000
1650145498344627681 144.828296 0.000000
1650145498347065549 72.359972 0.000000
1650145498417495386 72.743311 0.000000
1650145498419676331 72.604541 0.000000
1650145498491716823 72.340615 0.000000
1650145498564460765 72.316660 0.000000
1650145498634208661 72.339512 0.000000
1650145498634843774 72.455511 0.000000
1650145498637043925 72.343270 0.000000
1650145498781805728 72.695472 0.000000
1650145498924209109 72.592478 0.000000
1650145498996564343 72.574024 0.000000
1650145499141183607 72.415457 0.000000
1650145499214006667 72.471770 0.000000
1650145499216110899 72.724666 0.000000
1650145499359066940 72.821338 0.000000
1650145499432909105 72.425865 0.000000
1650145499576357959 144.528040 0.000000
1650145499648916876 72.391633 0.000000
1650145499650016251 72.475371 0.000000
1650145499721731562 72.873256 0.000000
1650145499793705199 72.536083 0.000000
1650145499794118715 72.611865 0.000000
1650145499795100819 72.520563 0.000000
1650145499938862000 72.637632 0.000000
1650145500157366901 72.449859 0.000000
1650145500229940523 72.423431 0.000000
1650145500301579422 72.436997 0.000000
1650145500301856332 144.870436 0.000000
1650145500374658523 72.861012 0.000000
1650145500374976801 72.667959 0.000000
1650145500446899082 72.472404 0.000000
1650145500520004983 72.490687 0.000000
1650145500592262049 72.596593 0.000000
1650145500592705893 72.728702 0.000000
1650145500736432684 72.503973 0.000000
1650145500737703069 72.543967 0.000000
1650145500809077056 72.450609 0.000000
1650145500809552078 72.439548 0.000000
1650145501026701775 72.482802 0.000000
1650145501099682744 72.464509 0.000000
1650145501171231122 72.537947 0.000000
1650145501171419766 72.734195 0.000000
1650145501172048136 72.437498 0.000000
1650145501316095396 72.646430 0.000000
1650145501316499755 72.563283 0.000000
1650145501389495771 72.404445 0.000000
1650145501461811608 72.404794 0.000000
1650145501534137106 72.759944 0.000000
1650145501606117685 72.356566 0.000000
1650145501606805006 72.666798 0.000000
1650145501607017114 72.481389 0.000000
1650145501751869786 72.471701 0.000000
1650145502041302679 72.603287 0.000000
1650145502112859282 72.516706 0.000000
1650145502114149515 72.575346 0.000000
1650145502259121401 72.623505 0.000000
1650145502331287268 72.434982 0.000000
1650145502402436928 72.355655 0.000000
1650145502474963100 72.451282 0.000000
1650145502548577879 72.530402 0.000000
1650145502619818528 72.426045 0.000000
1650145502621349703 72.368967 0.000000
1650145502692763869 72.703507 0.000000
1650145502692988481 72.322261 0.000000
1650145502838137860 72.653382 0.000000
1650145502909643037 72.482402 0.000000
1650145502982990202 72.487882 0.000000
1650145503055341375 72.360350 0.000000
1650145503128145402 72.549218 0.000000
1650145503199600753 72.426925 0.000000
1650145503345480686 72.567300 0.000000
1650145503417678471 72.478241 0.000000
1650145503417820758 144.683232 0.000000
1650145503418070377 72.362113 0.000000
1650145503418281824 72.502757 0.000000
1650145503562907322 144.700689 0.000000
1650145503634178058 72.664292 0.000000
1650145503779934758 72.831356 0.000000
1650145503851851327 72.425855 0.000000
1650145503852565909 72.519421 0.000000
1650145503923387592 144.528002 0.000000
1650145503923623404 72.482812 0.000000
1650145503996650710 72.650318 0.000000
1650145504069142268 72.490466 0.000000
1650145504140809569 144.643339 0.000000
1650145504141027438 144.638991 0.000000
1650145504142671425 72.657600 0.000000
1650145504214596488 72.521143 0.000000
1650145504215305099 72.708885 0.000000
1650145504430691424 72.382563 0.000000
1650145504430742189 72.379397 0.000000
1650145504503399178 72.396029 0.000000
1650145504575600824 144.905713 0.000000
1650145504649210100 72.392983 0.000000
1650145504649746317 72.378325 0.000000
1650145504720263788 144.659388 0.000000
1650145504721089940 72.548104 0.000000
1650145504793287655 144.739708 0.000000
1650145504866358484 72.547095 0.000000
1650145504866358855 72.919445 0.000000
1650145504939174191 72.813904 0.000000
1650145505011743544 72.617463 0.000000
1650145505155998324 72.399856 0.000000
1650145505156690904 72.430313 0.000000
1650145505301152794 72.365392 0.000000
1650145505373668167 72.644726 0.000000
1650145505374012003 72.453668 0.000000
1650145505517730104 72.451823 0.000000
1650145505518587203 144.735902 0.000000
1650145505807620004 72.368296 0.000000
1650145505879408915 72.449331 0.000000
1650145505880397281 72.551362 0.000000
1650145505951924920 72.577501 0.000000
1650145505952701959 144.894562 0.000000
1650145506024842438 72.542974 0.000000
1650145506169920423 72.509342 0.000000
1650145506170024007 72.458205 0.000000
1650145506170574631 144.568257 0.000000
1650145506387623228 72.737811 0.000000
1650145506460215466 72.595364 0.000000
1650145506605693953 72.390268 0.000000
1650145506606093834 72.694971 0.000000
1650145506606161241 72.596677 0.000000
1650145506606222045 72.607156 0.000000
1650145506750391925 72.566790 0.000000
1650145506967954372 72.615118 0.000000
1650145506968053478 72.654562 0.000000
1650145506968671619 72.667196 0.000000
1650145507185976617 72.701230 0.000000
1650145507186072156 72.837786 0.000000
1650145507258636234 72.672912 0.000000
1650145507476999046 144.876065 0.000000
1650145507548371084 72.401871 0.000000
1650145507620601161 72.448197 0.000000
1650145507765463891 72.498190 0.000000
1650145507838405525 72.525863 0.000000
1650145507910650712 72.510054 0.000000
1650145507910973929 72.681416 0.000000
1650145507911269865 72.666849 0.000000
1650145507982962864 72.500736 0.000000
1650145508055488256 72.605833 0.000000
1650145508056182409 72.470229 0.000000
1650145508056531255 72.721180 0.000000
1650145508056612838 72.838250 0.000000
1650145508128018466 72.556329 0.000000
1650145508417979863 72.422721 0.000000
1650145508563507833 72.611023 0.000000
1650145508636109237 72.869147 0.000000
1650145508780481487 72.657630 0.000000
1650145508853662829 72.515571 0.000000
1650145508926363011 72.915387 0.000000
1650145509216273422 72.393776 0.000000
1650145509288710998 72.741176 0.000000
1650145509288757175 72.480988 0.000000
1650145509361198810 72.479185 0.000000
1650145509434237905 72.806539 0.000000
1650145509506085966 72.417109 0.000000
1650145509577739803 72.366045 0.000000
1650145509578566936 72.477964 0.000000
1650145509578627961 72.585497 0.000000
1650145509650275435 72.323534 0.000000
1650145509795712484 72.372867 0.000000
1650145509795891971 72.434042 0.000000
1650145509941531781 72.490037 0.000000
1650145510012810041 72.364640 0.000000
1650145510013059009 72.525192 0.000000
1650145510158915786 72.463436 0.000000
1650145510302544620 72.567019 0.000000
1650145510302624830 72.563223 0.000000
1650145510448730206 72.422709 0.000000
1650145510592675734 72.408593 0.000000
1650145510737445080 72.385790 0.000000
1650145510810422872 72.373688 0.000000
1650145510955257910 72.473404 0.000000
1650145511100140338 72.505684 0.000000
1650145511171784075 144.727196 0.000000
1650145511244098550 72.651898 0.000000
1650145511389780040 144.852134 0.000000
1650145511460820584 144.624656 0.000000
1650145511462459382 72.591677 0.000000
1650145511462616056 72.568844 0.000000
1650145511535079360 72.481358 0.000000
1650145511607639499 72.455522 0.000000
1650145511678765543 72.504914 0.000000
1650145511679811417 72.432748 0.000000
1650145512113917815 72.547303 0.000000
1650145512331866802 72.438841 0.000000
1650145512332113174 72.360794 0.000000
1650145512402881317 144.520720 0.000000
1650145512475957183 72.332319 0.000000
1650145512620205249 72.648662 0.000000
1650145512620437275 144.673946 0.000000
1650145512620831235 72.543195 0.000000
1650145512694470067 72.463936 0.000000
1650145513200367279 144.612692 0.000000
1650145513200736252 72.479837 0.000000
1650145513344648988 72.418930 0.000000
1650145513417947844 72.334545 0.000000
1650145513490641412 72.382864 0.000000
1650145513562283766 72.475599 0.000000
1650145513562348708 72.482291 0.000000
1650145513562677445 72.572642 0.000000
1650145513634791392 72.767644 0.000000
1650145513780022628 72.842779 0.000000
1650145513780136362 72.809407 0.000000
1650145513780640408 72.686746 0.000000
1650145513925384414 72.600702 0.000000
1650145513997721803 72.554566 0.000000
1650145513998431586 72.685733 0.000000
1650145514070187535 72.700483 0.000000
1650145514070533355 72.360365 0.000000
1650145514142647673 145.179376 0.000000
1650145514360413185 72.653793 0.000000
1650145514433279608 72.651720 0.000000
1650145514650776415 72.747329 0.000000
1650145514939846147 72.416279 0.000000
1650145515012745629 72.364537 0.000000
1650145515012835418 72.470427 0.000000
1650145515084435254 72.765165 0.000000
1650145515229818352 72.610755 0.000000
1650145515230466339 72.429334 0.000000
1650145515230615309 72.616646 0.000000
1650145515520154451 72.788117 0.000000
1650145515520396496 72.458397 0.000000
1650145515592207447 72.534730 0.000000
1650145515592402503 72.291874 0.000000
1650145515592650388 72.510996 0.000000
1650145515664528976 72.632633 0.000000
1650145515665164590 72.457685 0.000000
1650145515665527481 72.333572 0.000000
1650145515737644185 72.427168 0.000000
1650145515882971228 72.566250 0.000000
1650145515954638028 144.635205 0.000000
1650145516028014469 72.376814 0.000000
1650145516100138216 72.384747 0.000000
1650145516172098868 72.403163 0.000000
1650145516243985389 72.421036 0.000000
1650145516245005866 72.523618 0.000000
1650145516317513475 72.504363 0.000000
1650145516389351656 72.361924 0.000000
1650145516462627766 72.419621 0.000000
1650145516533762258 72.592039 0.000000
1650145516535256174 72.626144 0.000000
1650145516607656652 72.670245 0.000000
1650145516607687630 72.658964 0.000000
1650145516678722523 144.701148 0.000000
1650145516680298743 72.490767 0.000000
1650145516751103725 72.416468 0.000000
1650145516752068176 72.324114 0.000000
1650145516823482903 72.418762 0.000000
1650145516824961850 72.485788 0.000000
1650145516896132577 72.414263 0.000000
1650145517040816633 72.524461 0.000000
1650145517114621418 72.461673 0.000000
1650145517187384777 73.139566 0.000000
1650145517259446195 72.533955 0.000000
1650145517260003061 72.616150 0.000000
1650145517477168868 72.573891 0.000000
1650145517477449214 72.757546 0.000000
1650145517622625947 72.528170 0.000000
1650145517912146342 72.488373 0.000000
1650145517912733014 72.807512 0.000000
1650145518056440907 72.416036 0.000000
1650145518056815571 72.536593 0.000000
1650145518058027106 72.715228 0.000000
1650145518419503837 72.383105 0.000000
1650145518780970358 72.494003 0.000000
1650145518781216791 72.367536 0.000000
1650145518926313251 144.873221 0.000000
1650145519071730834 72.742339 0.000000
1650145519288532434 72.613856 0.000000
1650145519433905515 72.567633 0.000000
1650145519506328795 72.625970 0.000000
1650145519578480746 72.477052 0.000000
1650145519578846423 72.512098 0.000000
1650145519650704019 72.907577 0.000000
1650145519868565773 72.517949 0.000000
1650145519941418419 72.355081 0.000000
1650145520014275305 72.686036 0.000000
1650145520014312615 72.667901 0.000000
1650145520014365614 72.672310 0.000000
1650145520085889253 72.450038 0.000000
1650145520376416891 72.482048 0.000000
1650145520448698638 72.277429 0.000000
1650145520448987591 72.364042 0.000000
1650145520449165565 72.507531 0.000000
1650145520665694895 72.527777 0.000000
1650145520666540313 72.575557 0.000000
1650145520666757821 72.624128 0.000000
1650145520738231377 72.436214 0.000000
1650145520811910187 72.775574 0.000000
1650145520956366093 72.628115 0.000000
1650145521028991673 72.622734 0.000000
1650145521102237559 72.454780 0.000000
1650145521391990232 72.682207 0.000000
1650145521682236943 72.736979 0.000000
1650145521754353034 72.791429 0.000000
1650145521754770378 72.741165 0.000000
1650145521754856329 72.678919 0.000000
1650145521899672284 72.444770 0.000000
1650145521900670008 73.427946 0.000000
1650145521972004494 72.409385 0.000000
1650145521972703417 73.028588 0.000000
1650145521973298574 72.517107 0.000000
1650145521973402910 72.670415 0.000000
1650145522334737193 72.291954 0.000000
1650145522407781600 72.335746 0.000000
1650145522552092956 144.908407 0.000000
1650145522552136147 72.441876 0.000000
1650145522696837906 72.313125 0.000000
1650145522697784042 72.546112 0.000000
1650145522840798731 72.394444 0.000000
1650145522914219627 72.569226 0.000000
1650145522986282369 72.339091 0.000000
1650145522987705572 72.494032 0.000000
1650145523060353124 72.334304 0.000000
1650145523131777459 72.279410 0.000000
1650145523133228263 72.368157 0.000000
1650145523276397684 144.525036 0.000000
1650145523350367028 72.367897 0.000000
1650145523494689804 72.448488 0.000000
1650145523566934019 72.513971 0.000000
1650145523567132031 72.439361 0.000000
1650145523637837073 72.569753 0.000000
1650145523711607513 72.369689 0.000000
1650145523712833555 72.694188 0.000000
1650145523782752454 72.531956 0.000000
1650145523783493807 72.411260 0.000000
1650145523785173461 72.499295 0.000000
1650145523856987886 72.393723 0.000000
1650145523929516796 72.526475 0.000000
1650145523929928128 72.356846 0.000000
1650145524072874602 72.482321 0.000000
1650145524146327806 144.600468 0.000000
1650145524217850172 72.623965 0.000000
1650145524217850152 72.625017 0.000000
1650145524290160363 72.545062 0.000000
1650145524291789221 72.492252 0.000000
1650145524363964576 72.324875 0.000000
1650145524436138988 72.507648 0.000000
1650145524579937842 72.483312 0.000000
1650145524580000590 72.546070 0.000000
1650145524580267632 144.524197 0.000000
1650145525087812687 144.758927 0.000000
1650145525232850647 72.445635 0.000000
1650145525232968609 72.605485 0.000000
1650145525305526271 72.871511 0.000000
1650145525377149429 72.321349 0.000000
1650145525377625794 72.343270 0.000000
1650145525378278069 72.526945 0.000000
1650145525449734052 72.576508 0.000000
1650145525449785619 72.427748 0.000000
1650145525450530869 72.581608 0.000000
1650145525450641306 72.516746 0.000000
1650145525522409125 72.450851 0.000000
1650145525523073533 72.609530 0.000000
1650145525594567549 72.491179 0.000000
1650145525595722668 72.403504 0.000000
1650145525884528763 72.472041 0.000000
1650145525884674787 72.604560 0.000000
1650145525884952860 72.478875 0.000000
1650145525885421620 144.639892 0.000000
1650145525956505424 72.359730 0.000000
1650145526174378017 72.451453 0.000000
1650145526175328552 72.634247 0.000000
1650145526463995637 72.379158 0.000000
1650145526536367330 72.438808 0.000000
1650145526536482887 72.403483 0.000000
1650145526537675517 72.588480 0.000000
1650145526682588633 72.389086 0.000000
1650145526753567541 72.709368 0.000000
1650145526754858154 72.526955 0.000000
1650145527116601374 72.347769 0.000000
1650145527333798659 72.531486 0.000000
1650145527478402886 72.455952 0.000000
1650145527552089097 72.605562 0.000000
1650145527695746917 72.443168 0.000000
1650145527913987650 72.477403 0.000000
1650145527985313619 144.993818 0.000000
1650145527985431801 72.638344 0.000000
1650145527985956797 72.327730 0.000000
1650145528058148361 72.412379 0.000000
1650145528203115489 144.680229 0.000000
1650145528203383733 72.441233 0.000000
1650145528275872626 72.484495 0.000000
1650145528348702972 72.823764 0.000000
1650145528420010926 72.425843 0.000000
1650145528782383159 144.904498 0.000000
1650145528782473359 72.385839 0.000000
1650145528783187199 72.324954 0.000000
1650145528855925370 72.627673 0.000000
1650145528928170367 72.538438 0.000000
1650145528928227975 72.768711 0.000000
1650145528928421148 72.506488 0.000000
1650145528928646642 72.639509 0.000000
1650145529072840085 72.753442 0.000000
1650145529145552779 72.750434 0.000000
1650145529218101996 72.557262 0.000000
1650145529290599994 72.723551 0.000000
1650145529363729774 72.619281 0.000000
1650145529435469921 72.482172 0.000000
1650145529580538648 72.605633 0.000000
1650145529652293004 72.412251 0.000000
1650145529652526412 72.583192 0.000000
1650145529654359474 145.226956 0.000000
1650145529654444163 73.045931 0.000000
1650145529869790391 72.351515 0.000000
1650145530088732684 72.440463 0.000000
1650145530088984827 72.661527 0.000000
1650145530159860601 72.476680 0.000000
1650145530160406686 72.580525 0.000000
1650145530161128131 72.390448 0.000000
1650145530232579066 72.498051 0.000000
1650145530304728762 72.497540 0.000000
1650145530377361166 72.492501 0.000000
1650145530377779702 72.448388 0.000000
1650145530450323649 72.540220 0.000000
1650145530450913476 72.337589 0.000000
1650145530594810543 72.626060 0.000000
1650145530812257196 72.481029 0.000000
1650145530812946891 144.613583 0.000000
1650145530885617868 72.451265 0.000000
1650145530957425210 72.649444 0.000000
1650145531030039319 72.604531 0.000000
1650145531030094091 72.613136 0.000000
1650145531102660782 72.615562 0.000000
1650145531103243607 72.616645 0.000000
1650145531175405346 72.740126 0.000000
1650145531248298990 73.046972 0.000000
1650145531320307651 72.521263 0.000000
1650145531393101447 72.863517 0.000000
1650145531465177295 145.050734 0.000000
1650145531538422869 72.519110 0.000000
1650145531538624868 72.493732 0.000000
1650145531610587003 72.406740 0.000000
1650145531683412105 72.715436 0.000000
1650145531683561616 72.538845 0.000000
1650145531755457448 72.410007 0.000000
1650145531756179995 72.521587 0.000000
1650145531828280189 72.581367 0.000000
1650145531828448395 72.498863 0.000000
1650145531828731366 72.543095 0.000000
1650145531900658474 144.784584 0.000000
1650145531973139012 72.410035 0.000000
1650145532046267598 72.601446 0.000000
1650145532046447045 72.713216 0.000000
1650145532190188197 72.390837 0.000000
1650145532190485465 144.467065 0.000000
1650145532191449736 72.517966 0.000000
1650145532407778782 72.391320 0.000000
1650145532552405029 72.506166 0.000000
1650145532553061592 72.369238 0.000000
1650145532625170152 72.687537 0.000000
1650145532625228702 72.339052 0.000000
1650145532697784300 72.622814 0.000000
1650145532698345955 72.509131 0.000000
1650145532844099950 72.538529 0.000000
1650145532915765356 72.339702 0.000000
1650145532987938747 72.552673 0.000000
1650145532988029597 72.559737 0.000000
1650145533061454037 72.557001 0.000000
1650145533350416478 72.409825 0.000000
1650145533350861694 72.373847 0.000000
1650145533351769058 72.408212 0.000000
1650145533423249366 72.384546 0.000000
1650145533495551310 72.508722 0.000000
1650145533713184591 72.480758 0.000000
1650145533929411915 72.416686 0.000000
1650145534146997100 72.403113 0.000000
1650145534218884263 72.516065 0.000000
1650145534292626890 72.517786 0.000000
1650145534365361095 72.418652 0.000000
1650145534582132790 72.382854 0.000000
1650145534653638177 72.542564 0.000000
1650145534654642764 72.383987 0.000000
1650145534727442359 72.301851 0.000000
1650145534799388424 144.455706 0.000000
1650145534799487500 72.331709 0.000000
1650145534943883907 72.703599 0.000000
1650145535016693592 72.375951 0.000000
1650145535088563113 72.549778 0.000000
1650145535160710464 72.585624 0.000000
1650145535233714495 72.384849 0.000000
1650145535523761812 72.431368 0.000000
1650145535523912465 144.618573 0.000000
1650145535741227410 144.632790 0.000000
1650145535741578029 72.447779 0.000000
1650145535885926515 72.611464 0.000000
1650145535886373855 72.517617 0.000000
1650145535886952241 72.332099 0.000000
1650145535958856466 72.400056 0.000000
1650145536031743226 72.527706 0.000000
1650145536249923657 72.984714 0.000000
1650145536322699931 72.744945 0.000000
1650145536468015312 72.546332 0.000000
1650145536540074999 72.698867 0.000000
1650145536540366517 144.768845 0.000000
1650145536613411844 72.544637 0.000000
1650145536830138174 144.894430 0.000000
1650145536903326119 72.731998 0.000000
1650145536976110360 72.716744 0.000000
1650145536976156526 72.572684 0.000000
1650145537047773040 144.517453 0.000000
1650145537120128013 72.415236 0.000000
1650145537192897593 72.619228 0.000000
1650145537337733835 72.372484 0.000000
1650145537337943439 72.375169 0.000000
1650145537699843363 144.457539 0.000000
1650145537700081700 72.308567 0.000000
1650145537772873975 72.656309 0.000000
1650145537844511560 72.399626 0.000000
1650145537845280714 72.403813 0.000000
1650145537845332672 72.384888 0.000000
1650145537989163413 72.501817 0.000000
1650145538062079350 72.371194 0.000000
1650145538134155429 72.540300 0.000000
1650145538206487257 72.452194 0.000000
1650145538206900633 72.743432 0.000000
1650145538352120064 72.405628 0.000000
1650145538497383216 72.482130 0.000000
1650145538569276863 72.436145 0.000000
1650145538570030678 72.430134 0.000000
1650145538642012429 72.583210 0.000000
1650145538713976778 72.607106 0.000000
1650145538859093777 72.628617 0.000000
1650145538932950468 73.026022 0.000000
1650145539004071152 72.523779 0.000000
1650145539004585367 72.652832 0.000000
1650145539004696887 145.163214 0.000000
1650145539077029516 72.450060 0.000000
1650145539077760569 72.389887 0.000000
1650145539150249023 72.989374 0.000000
1650145539294758180 144.758155 0.000000
1650145539295586987 72.706062 0.000000
1650145539295604780 72.592448 0.000000
1650145539367127890 72.366544 0.000000
1650145539583799067 72.376513 0.000000
1650145539657837508 72.448846 0.000000
1650145539801013965 72.407832 0.000000
1650145539873576645 72.775660 0.000000
1650145539874725011 72.583811 0.000000
1650145540018549551 72.337927 0.000000
1650145540091492109 72.316342 0.000000
1650145540091832828 72.437279 0.000000
1650145540235864059 144.766261 0.000000
1650145540236487921 72.378838 0.000000
1650145540381223954 72.457074 0.000000
1650145540381437124 72.407661 0.000000
1650145540526557678 72.478555 0.000000
1650145540598532937 72.503531 0.000000
1650145540598572962 72.379137 0.000000
1650145540670919088 72.712954 0.000000
1650145540670993498 72.413592 0.000000
1650145540743138736 72.939479 0.000000
1650145540743199279 72.917357 0.000000
1650145540743958816 72.435794 0.000000
1650145540888519661 72.593321 0.000000
1650145540961451966 72.752637 0.000000
1650145540961498183 72.642220 0.000000
1650145541106567963 72.450341 0.000000
1650145541179222256 72.469266 0.000000
1650145541250867766 72.675905 0.000000
1650145541251752297 72.458897 0.000000
1650145541395282045 72.336316 0.000000
1650145541467414240 72.543166 0.000000
1650145541467626498 72.676987 0.000000
1650145541468748435 72.402702 0.000000
1650145541468911110 72.456113 0.000000
1650145541612844997 72.732753 0.000000
1650145541613216354 144.529545 0.000000
1650145541686286950 73.009912 0.000000
1650145541829638462 72.540660 0.000000
1650145541831660039 72.382563 0.000000
1650145542119650313 72.529539 0.000000
1650145542192810587 72.352737 0.000000
1650145542193639143 72.325166 0.000000
1650145542411020263 72.585465 0.000000
1650145542483551996 72.574433 0.000000
1650145542483794631 72.355031 0.000000
1650145542700928659 72.377435 0.000000
1650145542990048202 72.471140 0.000000
1650145543062272429 72.485708 0.000000
1650145543062343212 72.530682 0.000000
1650145543062626945 72.489285 0.000000
1650145543134750641 72.472691 0.000000
1650145543207573664 72.611175 0.000000
1650145543351601194 72.616010 0.000000
1650145543351703837 72.507937 0.000000
1650145543351903371 72.646797 0.000000
1650145543353060484 144.856486 0.000000
1650145543424218401 72.512019 0.000000
1650145543425633758 72.519342 0.000000
1650145543496677919 72.370421 0.000000
1650145543569574117 72.590684 0.000000
1650145543641645386 72.496678 0.000000
1650145543858724569 72.442195 0.000000
1650145544004597948 72.527035 0.000000
1650145544077293288 72.813712 0.000000
1650145544077630221 73.046339 0.000000
1650145544148911709 72.458949 0.000000
1650145544150327186 72.914624 0.000000
1650145544222278288 145.197749 0.000000
1650145544294931811 72.537154 0.000000
1650145544439042129 72.659042 0.000000
1650145544439493767 72.452874 0.000000
1650145544583927243 72.544417 0.000000
1650145544585227415 72.601945 0.000000
1650145544802663288 72.578873 0.000000
1650145544874108379 72.428839 0.000000
1650145544874489495 72.384336 0.000000
1650145544946490634 72.379319 0.000000
1650145545090938336 72.553625 0.000000
1650145545091028284 72.611272 0.000000
1650145545092369804 72.370121 0.000000
1650145545163348461 72.409165 0.000000
1650145545237106767 72.453726 0.000000
1650145545308914854 72.690093 0.000000
1650145545309812760 72.580697 0.000000
1650145545383797632 75.347010 0.000000
1650145545457244695 73.354569 0.000000
1650145545601677999 72.539318 0.000000
1650145545601889096 72.544737 0.000000
1650145545674210885 72.489654 0.000000
1650145545674475643 72.396811 0.000000
1650145545677423869 72.332850 0.000000
1650145545832057980 81.486441 0.000000
1650145545832070002 81.705982 0.000000
1650145545907593945 75.481523 0.000000
1650145546016886611 109.158384 0.000000
1650145546016887923 109.175796 0.000000
1650145546106143491 89.280225 0.000000
1650145546269732548 72.294879 0.000000
1650145546271225121 72.199480 0.000000
1650145546272017218 72.355834 0.000000
1650145546344307098 72.287075 0.000000
1650145546411481812 72.412410 0.000000
1650145546491090495 79.192973 0.000000
1650145546491391329 76.747861 0.000000
1650145546564352772 72.615964 0.000000
1650145546709505156 72.914602 0.000000
1650145546709665437 72.874728 0.000000
1650145546709791765 72.430003 0.000000
1650145546781491456 72.761696 0.000000
1650145546782374584 72.866652 0.000000
1650145546855416825 72.655765 0.000000
1650145546927224120 145.389560 0.000000
1650145547071884942 144.932303 0.000000
1650145547144647078 72.773146 0.000000
1650145547217185857 72.530613 0.000000
1650145547217525254 72.533899 0.000000
1650145547217717034 72.785201 0.000000
1650145547289387981 72.490045 0.000000
1650145547290502374 72.694429 0.000000
1650145547290671892 72.731118 0.000000
1650145547363458093 72.819615 0.000000
1650145547363568751 72.893773 0.000000
1650145547434562036 72.762808 0.000000
1650145547435298219 72.413011 0.000000
1650145547435465964 72.437247 0.000000
1650145547436100936 72.797343 0.000000
1650145547436270935 72.699119 0.000000
1650145547581588820 72.407911 0.000000
1650145547654102742 72.520594 0.000000
1650145547726954917 72.617685 0.000000
1650145547799296645 72.607417 0.000000
1650145547872033764 72.607246 0.000000
1650145547942453451 72.388704 0.000000
1650145548014998319 72.421246 0.000000
1650145548158964948 72.447876 0.000000
1650145548160184378 72.379407 0.000000
1650145548161820361 72.447977 0.000000
1650145548305120106 72.512778 0.000000
1650145548449004140 72.433129 0.000000
1650145548521641752 72.357746 0.000000
1650145548521750015 72.451172 0.000000
1650145548594711376 72.404755 0.000000
1650145548666502078 145.110425 0.000000
1650145548668599848 72.463987 0.000000
1650145548739854184 72.745356 0.000000
1650145548812168980 72.609690 0.000000
1650145548813402727 72.335826 0.000000
1650145548813515448 72.462393 0.000000
1650145548884859682 72.673700 0.000000
1650145548957610507 72.828631 0.000000
1650145549029980598 145.118001 0.000000
1650145549175722670 144.852581 0.000000
1650145549176065253 72.745486 0.000000
1650145549176180960 72.602407 0.000000
1650145549176343526 72.648083 0.000000
1650145549393032747 72.574936 0.000000
1650145549537452155 72.356105 0.000000
1650145549537582670 72.466001 0.000000
1650145549611414275 72.446744 0.000000
1650145549683044466 72.732881 0.000000
1650145549683086875 72.659173 0.000000
1650145549755970891 72.807943 0.000000
1650145549827749790 72.256876 0.000000
1650145549828047028 144.909428 0.000000
1650145549828386566 72.604189 0.000000
1650145549901422508 72.570448 0.000000
1650145549973490910 72.713433 0.000000
1650145549974002291 72.679961 0.000000
1650145550118425999 72.713837 0.000000
1650145550263055049 72.634986 0.000000
1650145550263202556 72.701120 0.000000
1650145550264180091 72.598878 0.000000
1650145550335616561 72.709621 0.000000
1650145550409208214 72.320336 0.000000
1650145550480797097 72.793426 0.000000
1650145550553867863 72.550458 0.000000
1650145550699205576 72.732802 0.000000
1650145550771123398 72.431877 0.000000
1650145550771381583 72.369250 0.000000
1650145550988494659 72.382584 0.000000
1650145551352999565 72.968654 0.000000
1650145551424052663 72.476661 0.000000
1650145551425437053 72.656419 0.000000
1650145551496593865 72.427919 0.000000
1650145551496703270 72.521815 0.000000
1650145551498261156 72.809746 0.000000
1650145551570568247 72.620209 0.000000
1650145551643591193 72.562411 0.000000
1650145551714365818 144.939806 0.000000
1650145551859225382 72.662708 0.000000
1650145551859602941 72.856242 0.000000
1650145551859881303 72.813482 0.000000
1650145551859955032 72.450319 0.000000
1650145551860665175 72.462903 0.000000
1650145551931591135 72.545692 0.000000
1650145552004577633 72.402110 0.000000
1650145552004824256 145.070662 0.000000
1650145552076993991 72.599463 0.000000
1650145552149904917 72.486639 0.000000
1650145552150820336 72.451914 0.000000
1650145552151026283 72.603839 0.000000
1650145552222519366 72.738712 0.000000
1650145552223583975 72.555408 0.000000
1650145552295917195 72.532935 0.000000
1650145552368313836 72.456293 0.000000
1650145552439589041 72.551772 0.000000
1650145552440276492 72.537685 0.000000
1650145552440788113 144.868433 0.000000
1650145552512110034 72.518057 0.000000
1650145552583689239 72.612475 0.000000
1650145552584590381 72.517157 0.000000
1650145552731059630 72.474276 0.000000
1650145552800902845 72.352297 0.000000
1650145552802278218 144.711768 0.000000
1650145552874304022 72.329104 0.000000
1650145552875508183 72.346837 0.000000
1650145552875846569 72.301272 0.000000
1650145553020264414 72.454880 0.000000
1650145553091292915 72.559095 0.000000
1650145553092194929 72.418151 0.000000
1650145553164555680 72.436653 0.000000
1650145553237084230 72.420377 0.000000
1650145553310995404 72.498401 0.000000
1650145553381767623 144.696748 0.000000
1650145553453913012 72.480438 0.000000
1650145553454987921 144.753707 0.000000
1650145553526530076 72.808673 0.000000
1650145553599116152 72.931344 0.000000
1650145553672220010 145.121557 0.000000
1650145553817450802 72.425274 0.000000
1650145554034061995 72.570547 0.000000
1650145554034757871 72.389166 0.000000
1650145554107413841 72.353101 0.000000
1650145554179396202 72.321027 0.000000
1650145554251891258 144.533793 0.000000
1650145554396325865 72.781062 0.000000
1650145554396687884 72.552804 0.000000
1650145554396775409 144.835400 0.000000
1650145554468454271 72.652110 0.000000
1650145554541509117 72.437507 0.000000
1650145554758495847 72.632814 0.000000
1650145554758527025 72.449910 0.000000
1650145554831622507 72.420895 0.000000
1650145554905542268 72.459749 0.000000
1650145554977731209 72.466242 0.000000
1650145555051034010 73.009741 0.000000
1650145555122850931 72.626912 0.000000
1650145555123633992 72.597207 0.000000
1650145555193847882 72.307663 0.000000
1650145555266431536 72.419555 0.000000
1650145555268161925 72.502631 0.000000
1650145555412003678 72.313915 0.000000
1650145555484561351 72.418722 0.000000
1650145555557485181 72.409244 0.000000
1650145555629907409 72.286604 0.000000
1650145555702397224 72.400718 0.000000
1650145555703748462 72.735667 0.000000
1650145555846231794 72.871021 0.000000
1650145555847692848 72.388755 0.000000
1650145556064421903 72.441595 0.000000
1650145556064633971 72.482612 0.000000
1650145556065764705 72.625110 0.000000
1650145556138093807 72.344802 0.000000
1650145556208341192 72.485177 0.000000
1650145556209137437 72.385179 0.000000
1650145556209567635 72.497520 0.000000
1650145556209773872 72.434000 0.000000
1650145556280806382 72.523640 0.000000
1650145556352976827 72.368878 0.000000
1650145556355243864 72.465619 0.000000
1650145556425330025 72.350212 0.000000
1650145556643884208 72.421317 0.000000
1650145556717157745 72.473425 0.000000
1650145556788300341 144.634874 0.000000
1650145556933659193 72.667488 0.000000
1650145556934418429 72.588280 0.000000
1650145557007637142 72.363116 0.000000
1650145557007881751 72.365151 0.000000
1650145557080319820 72.455481 0.000000
1650145557152304094 72.339853 0.000000
1650145557296391571 72.589192 0.000000
1650145557297415644 72.453818 0.000000
1650145557513850525 72.534006 0.000000
1650145557514841115 144.867879 0.000000
1650145557587347302 72.375020 0.000000
1650145557659350715 72.567112 0.000000
1650145557660048195 72.593131 0.000000
1650145557732237315 72.801199 0.000000
1650145557732585729 72.357266 0.000000
1650145557732750058 72.477883 0.000000
1650145557732869432 72.618366 0.000000
1650145557876369453 72.387453 0.000000
1650145557876546546 72.620471 0.000000
1650145557877407402 72.353359 0.000000
1650145557948059276 144.578357 0.000000
1650145558239193304 72.321259 0.000000
1650145558239711807 72.447896 0.000000
1650145558240210774 72.421977 0.000000
1650145558311092550 72.563093 0.000000
1650145558311503221 72.388455 0.000000
1650145558312509350 72.295390 0.000000
1650145558383110700 72.384638 0.000000
1650145558384371908 72.510464 0.000000
1650145558457580642 72.460309 0.000000
1650145558528814109 72.944229 0.000000
1650145558528975051 72.993211 0.000000
1650145558673105958 72.521224 0.000000
1650145558746300045 72.311620 0.000000
1650145558964612093 72.624838 0.000000
1650145559110149741 72.778327 0.000000
1650145559110704472 73.103948 0.000000
1650145559182726630 72.405678 0.000000
1650145559255767260 72.600443 0.000000
1650145559326910917 144.622790 0.000000
1650145559400377877 72.356545 0.000000
1650145559400577071 72.497971 0.000000
1650145559472634422 72.836726 0.000000
1650145559473418375 72.337498 0.000000
1650145559546889053 72.739495 0.000000
1650145559618575047 144.508946 0.000000
1650145559980809131 72.408624 0.000000
1650145559981417413 72.508892 0.000000
1650145560125023816 72.475088 0.000000
1650145560415925836 144.814250 0.000000
1650145560486738341 72.519761 0.000000
1650145560487053012 144.625285 0.000000
1650145560632176402 144.793812 0.000000
1650145560704428672 72.574596 0.000000
1650145560851205137 72.742772 0.000000
1650145560921812004 144.826803 0.000000
1650145561067033339 72.519420 0.000000
1650145561139467580 72.574214 0.000000
1650145561139750741 72.512367 0.000000
1650145561140725672 72.567050 0.000000
1650145561211873168 72.428010 0.000000
1650145561430914093 72.408713 0.000000
1650145561503369414 72.452405 0.000000
1650145561503398228 72.435193 0.000000
1650145561792210396 72.702495 0.000000
1650145561938077973 72.590163 0.000000
1650145562009081086 72.465248 0.000000
1650145562010544804 72.317691 0.000000
1650145562081714211 72.452085 0.000000
1650145562226550301 72.511484 0.000000
1650145562227798184 72.377032 0.000000
1650145562227989163 72.348959 0.000000
1650145562516817791 144.651505 0.000000
1650145562590625722 72.486209 0.000000
1650145562734496850 144.765367 0.000000
1650145562807069151 72.868717 0.000000
1650145562807083598 72.782545 0.000000
1650145562807381317 73.134516 0.000000
1650145562807436290 72.631862 0.000000
1650145562879779569 72.739563 0.000000
1650145562880490313 72.865699 0.000000
1650145562880856361 144.707298 0.000000
1650145562953463527 72.706313 0.000000
1650145563242463716 72.495294 0.000000
1650145563314429738 72.553816 0.000000
1650145563315086080 72.482401 0.000000
1650145563459712779 72.744172 0.000000
1650145563460349295 72.412450 0.000000
1650145563461271857 72.950280 0.000000
1650145563605722222 72.514671 0.000000
1650145563678315573 72.488194 0.000000
1650145563750061100 72.620530 0.000000
1650145563750602537 72.938217 0.000000
1650145563822505550 72.465519 0.000000
1650145563968208940 72.543457 0.000000
1650145563968543588 144.808750 0.000000
1650145563968802184 72.459920 0.000000
1650145563968949881 72.516736 0.000000
1650145564039902159 72.460841 0.000000
1650145564258902970 72.749843 0.000000
1650145564330155632 72.312442 0.000000
1650145564402957814 144.554933 0.000000
1650145564474946658 144.590188 0.000000
1650145564620850013 72.392412 0.000000
1650145564693005801 72.377504 0.000000
1650145564693855717 72.737310 0.000000
1650145564766048184 72.391892 0.000000
1650145564839346226 72.353909 0.000000
1650145564839654956 72.633885 0.000000
1650145564909774120 72.469088 0.000000
1650145564982795393 72.378746 0.000000
1650145564983399137 73.012867 0.000000
1650145565055484452 72.528337 0.000000
1650145565128935623 72.445352 0.000000
1650145565272466213 72.572211 0.000000
1650145565272788878 72.426577 0.000000
1650145565345376036 72.355783 0.000000
1650145565347040522 72.730297 0.000000
1650145565563127151 72.442158 0.000000
1650145565635628678 72.566138 0.000000
1650145565707399914 72.490717 0.000000
1650145565779942718 72.522928 0.000000
1650145565780833180 72.455781 0.000000
1650145565853194834 72.580064 0.000000
1650145565998096789 72.603368 0.000000
1650145566071252062 72.882811 0.000000
1650145566072014755 72.424631 0.000000
1650145566143314187 72.626595 0.000000
1650145566215484452 72.586276 0.000000
1650145566216432652 72.449980 0.000000
1650145566289673067 72.410677 0.000000
1650145566433073350 72.433890 0.000000
1650145566578416383 72.527816 0.000000
1650145566652462512 72.643475 0.000000
1650145566723785595 72.590553 0.000000
1650145566796046461 72.442618 0.000000
1650145567014920604 72.431846 0.000000
1650145567160296829 72.320367 0.000000
1650145567230715415 72.385900 0.000000
1650145567230904400 72.452195 0.000000
1650145567232427610 72.413291 0.000000
1650145567233173030 72.532585 0.000000
1650145567303071129 72.604270 0.000000
1650145567303325266 72.417359 0.000000
1650145567304737939 72.421297 0.000000
1650145567305625014 72.389346 0.000000
1650145567378116432 72.573973 0.000000
1650145567448026161 72.477441 0.000000
1650145567520936458 72.600054 0.000000
1650145567593355599 72.411146 0.000000
1650145567593610628 72.621952 0.000000
1650145567593876507 72.459457 0.000000
1650145567595316842 72.377223 0.000000
1650145567665640751 72.382424 0.000000
1650145567667334511 72.327270 0.000000
1650145567738001414 72.576428 0.000000
1650145567738082356 72.666047 0.000000
1650145567810503101 72.493101 0.000000
1650145567811178940 72.450852 0.000000
1650145567883331071 72.516094 0.000000
1650145567884147183 72.411447 0.000000
1650145567955765793 72.568563 0.000000
1650145567955820566 72.486048 0.000000
1650145567956507526 144.581694 0.000000
1650145568028810910 72.315728 0.000000
1650145568030071948 72.626551 0.000000
1650145568101252004 72.676115 0.000000
1650145568246211506 72.373547 0.000000
1650145568390445798 72.370491 0.000000
1650145568392062644 72.855582 0.000000
1650145568463187935 72.438126 0.000000
1650145568537026442 72.649043 0.000000
1650145568607558553 72.513873 0.000000
1650145568753755138 72.431476 0.000000
1650145568754543989 144.848373 0.000000
1650145568825939920 72.462925 0.000000
1650145568899490719 72.909164 0.000000
1650145569044452686 72.428330 0.000000
1650145569114901355 72.630146 0.000000
1650145569260781018 72.473866 0.000000
1650145569333954896 72.718052 0.000000
1650145569334554051 72.362594 0.000000
1650145569405976703 72.455541 0.000000
1650145569406425155 72.629408 0.000000
1650145569406576720 72.617526 0.000000
1650145569477677097 72.459750 0.000000
1650145569477816599 72.532777 0.000000
1650145569550473075 72.580033 0.000000
1650145569550704319 72.542172 0.000000
1650145569767570675 72.480007 0.000000
1650145570057590258 72.451374 0.000000
1650145570057767871 72.666547 0.000000
1650145570130387789 72.452253 0.000000
1650145570202518841 144.835358 0.000000
1650145570347764522 144.620176 0.000000
1650145570347868096 72.456352 0.000000
1650145570420177984 72.581528 0.000000
1650145570492958726 72.462694 0.000000
1650145570493272986 72.425154 0.000000
1650145570565213548 145.399748 0.000000
1650145570566973774 72.690271 0.000000
1650145570637843568 72.659515 0.000000
1650145570710627877 72.427639 0.000000
1650145570855300370 72.620811 0.000000
1650145570855441645 144.717328 0.000000
1650145570928782339 72.831357 0.000000
1650145571002460244 72.642371 0.000000
1650145571073164316 72.961641 0.000000
1650145571146218300 72.431776 0.000000
1650145571290737053 72.567810 0.000000
1650145571290810141 72.637751 0.000000
1650145571362612847 72.346578 0.000000
1650145571363153833 72.593010 0.000000
1650145571582586035 72.574715 0.000000
1650145571653419880 72.636310 0.000000
1650145571654964000 72.621032 0.000000
1650145571871585974 72.406759 0.000000
1650145571944374609 72.442956 0.000000
1650145571944440883 72.530640 0.000000
1650145572015114219 144.881587 0.000000
1650145572015514771 72.436657 0.000000
1650145572017215875 72.378677 0.000000
1650145572088137325 72.329103 0.000000
1650145572089739784 72.442105 0.000000
1650145572233942435 72.751816 0.000000
1650145572306146565 72.948808 0.000000
1650145572307176599 72.423581 0.000000
1650145572379353596 73.124476 0.000000
1650145572597589691 72.439322 0.000000
1650145572670132405 72.870249 0.000000
1650145572742388972 72.367184 0.000000
1650145572813003496 72.347669 0.000000
1650145572815169183 72.539870 0.000000
1650145572958070261 144.751313 0.000000
1650145572960146439 72.820529 0.000000
1650145573032693743 72.865571 0.000000
1650145573175791519 72.481862 0.000000
1650145573176019868 72.717966 0.000000
1650145573466237784 73.033557 0.000000
1650145573467582409 72.376674 0.000000
1650145573538696020 72.595464 0.000000
1650145573540243386 72.375100 0.000000
1650145573610775364 72.568333 0.000000
1650145573683193444 72.507959 0.000000
1650145573755791764 144.613713 0.000000
1650145573974671767 72.621372 0.000000
1650145574047355738 72.680444 0.000000
1650145574264368005 72.333394 0.000000
1650145574336707496 72.457664 0.000000
1650145574337432097 72.463344 0.000000
1650145574409128854 72.417991 0.000000
1650145574553565635 72.686555 0.000000
1650145574554734720 72.402020 0.000000
1650145574626208116 72.635469 0.000000
1650145574771267216 72.592077 0.000000
1650145574772045317 72.483483 0.000000
1650145574916358616 145.094315 0.000000
1650145574916584551 72.738603 0.000000
1650145574988887174 72.613778 0.000000
1650145574990222822 72.575946 0.000000
1650145575062391033 72.798445 0.000000
1650145575062618140 72.977591 0.000000
1650145575135309680 72.687863 0.000000
1650145575279596272 72.378076 0.000000
1650145575280127771 72.413252 0.000000
1650145575280947129 72.670224 0.000000
1650145575352898141 72.403292 0.000000
1650145575425887626 72.449190 0.000000
1650145575496449020 72.613918 0.000000
1650145575497310758 72.431095 0.000000
1650145575498210678 72.706712 0.000000
1650145575568698604 72.497710 0.000000
1650145575641245906 72.410356 0.000000
1650145575643000161 72.323562 0.000000
1650145575714797537 72.551703 0.000000
1650145575859516197 72.793755 0.000000
1650145575930973443 72.385950 0.000000
1650145575932193153 72.586156 0.000000
1650145576003397975 72.458977 0.000000
1650145576004933699 72.365181 0.000000
1650145576005088309 72.402831 0.000000
1650145576076706518 72.406369 0.000000
1650145576149731064 72.651737 0.000000
1650145576220715485 72.608490 0.000000
1650145576221566243 72.574397 0.000000
1650145576222138618 72.295303 0.000000
1650145576293200120 72.478613 0.000000
1650145576294752085 72.610642 0.000000
1650145576295100168 72.848909 0.000000
1650145576585395551 72.667981 0.000000
1650145576657090042 72.409383 0.000000
1650145576873712687 72.425946 0.000000
1650145576873850176 72.592881 0.000000
1650145576874414145 72.411210 0.000000
1650145577091155833 72.466012 0.000000
1650145577163991368 72.645708 0.000000
1650145577165058081 72.422499 0.000000
1650145577308886439 72.584312 0.000000
1650145577453756784 144.820431 0.000000
1650145577526253121 72.416116 0.000000
1650145577526339934 72.477102 0.000000
1650145577528156666 72.731369 0.000000
1650145577815917228 72.695303 0.000000
1650145577818565100 72.504164 0.000000
1650145577890036353 72.305289 0.000000
1650145578033981339 72.440763 0.000000
1650145578106222338 144.527733 0.000000
1650145578106974841 72.382584 0.000000
1650145578395901250 72.578490 0.000000
1650145578396103079 72.471439 0.000000
1650145578686259813 72.308886 0.000000
1650145578687424179 72.688678 0.000000
1650145578758302959 72.528467 0.000000
1650145578758377950 72.620180 0.000000
1650145578831797831 72.476590 0.000000
1650145578903341538 72.687875 0.000000
1650145578976978830 72.453699 0.000000
1650145579049491638 72.372004 0.000000
1650145579121363282 72.449059 0.000000
1650145579266271077 144.902045 0.000000
1650145579266610034 72.788527 0.000000
1650145579339399994 72.633446 0.000000
1650145579339962600 72.572571 0.000000
1650145579411388036 72.514781 0.000000
1650145579411962295 72.705480 0.000000
1650145579413033436 72.905966 0.000000
1650145579485026899 72.663281 0.000000
1650145579630713877 72.485637 0.000000
1650145579701596463 72.523668 0.000000
1650145579701746074 72.722080 0.000000
1650145579775800046 72.627994 0.000000
1650145579919970208 72.607055 0.000000
1650145579920210990 144.628933 0.000000
1650145579920580544 72.812751 0.000000
1650145579920664572 72.549467 0.000000
1650145579992032430 72.773518 0.000000
1650145579992061073 72.377353 0.000000
1650145580064521213 72.363688 0.000000
1650145580137198330 72.721210 0.000000
1650145580210693222 72.542844 0.000000
1650145580281658284 72.377164 0.000000
1650145580282220620 72.473745 0.000000
1650145580355426548 72.360059 0.000000
1650145580355712956 72.525570 0.000000
1650145580428002107 72.374812 0.000000
1650145580499342442 72.451131 0.000000
1650145580572016374 72.597107 0.000000
1650145580789260405 72.495616 0.000000
1650145580789378387 72.540650 0.000000
1650145580935181204 72.840865 0.000000
1650145581005726999 144.542701 0.000000
1650145581077898375 72.386540 0.000000
1650145581152185284 72.439820 0.000000
1650145581295428313 72.476430 0.000000
1650145581585546764 144.687301 0.000000
1650145581658221726 72.556700 0.000000
1650145581659907562 72.417429 0.000000
1650145581730482221 72.715520 0.000000
1650145581804345215 72.319806 0.000000
1650145581875905184 72.666857 0.000000
1650145582021601199 72.429052 0.000000
1650145582021690938 144.718170 0.000000
1650145582166587823 72.601947 0.000000
1650145582166768613 72.452888 0.000000
1650145582237753762 72.586637 0.000000
1650145582237851265 72.354230 0.000000
1650145582238163802 72.348309 0.000000
1650145582239180461 72.513419 0.000000
1650145582310105718 72.437677 0.000000
1650145582311831769 72.550729 0.000000
1650145582383073800 72.533787 0.000000
1650145582528264096 72.977119 0.000000
1650145582528382668 72.855400 0.000000
1650145582528437622 72.889855 0.000000
1650145582746815274 72.549708 0.000000
1650145582964041743 72.633847 0.000000
1650145583036189545 72.564986 0.000000
1650145583108312982 144.703841 0.000000
1650145583181750366 72.356334 0.000000
1650145583325728827 72.502929 0.000000
1650145583471490086 72.462015 0.000000
1650145583543670950 72.476429 0.000000
1650145583616482899 72.634836 0.000000
1650145583617276299 72.616261 0.000000
1650145583689243802 72.331707 0.000000
1650145583689644434 72.652780 0.000000
1650145583760456511 72.679964 0.000000
1650145583761565955 72.318997 0.000000
1650145583762101921 145.116799 0.000000
1650145584051078366 72.513258 0.000000
1650145584051509766 144.499888 0.000000
1650145584196558967 72.663220 0.000000
1650145584197244334 73.496605 0.000000
1650145584269664759 145.042588 0.000000
1650145584341244705 72.702845 0.000000
1650145584486291672 72.393634 0.000000
1650145584558967868 72.569956 0.000000
1650145584631151706 72.593257 0.000000
1650145584633274092 72.415784 0.000000
1650145584704921296 72.695733 0.000000
1650145584706188596 72.743553 0.000000
1650145584848664163 72.398454 0.000000
1650145584851241022 72.555108 0.000000
1650145584851289403 72.503932 0.000000
1650145584851344827 72.654374 0.000000
1650145584922039893 72.412752 0.000000
1650145584994093168 72.596174 0.000000
1650145585141171328 72.605882 0.000000
1650145585283729192 72.415676 0.000000
1650145585284415220 144.458282 0.000000
1650145585284479260 72.250556 0.000000
1650145585355787567 144.494820 0.000000
1650145585357093699 72.348399 0.000000
1650145585357146328 72.412630 0.000000
1650145585358012956 72.444370 0.000000
1650145585358214935 72.632974 0.000000
1650145585648824676 72.637462 0.000000
1650145585793408534 72.331450 0.000000
1650145585867047467 72.933659 0.000000
1650145585938527135 72.406368 0.000000
1650145586155408205 72.414202 0.000000
1650145586228108676 72.693718 0.000000
1650145586228223913 72.688048 0.000000
1650145586301131191 72.439209 0.000000
1650145586301468445 72.850503 0.000000
1650145586374312745 72.841475 0.000000
1650145586374409347 72.627093 0.000000
1650145586517800344 72.313534 0.000000
1650145586587048941 72.527586 0.000000
1650145586590695930 72.288376 0.000000
1650145586591924747 72.437697 0.000000
1650145586592135824 72.496417 0.000000
1650145586659484816 72.320518 0.000000
1650145586804306029 72.544358 0.000000
1650145586808467093 72.380129 0.000000
1650145586879476889 72.465369 0.000000
1650145586952180054 72.527316 0.000000
1650145586954407798 72.343210 0.000000
1650145587093716810 72.421817 0.000000
1650145587097293185 72.564305 0.000000
1650145587242045038 72.414804 0.000000
1650145587243041128 72.425093 0.000000
1650145587313754097 72.454219 0.000000
1650145587314910559 72.429653 0.000000
1650145587387564582 72.510974 0.000000
1650145587387721527 72.631000 0.000000
1650145587460368046 72.641299 0.000000
1650145587460461842 72.639656 0.000000
1650145587604327961 72.533246 0.000000
1650145587605113176 72.379498 0.000000
1650145587673493223 72.513068 0.000000
1650145587678308866 72.546922 0.000000
1650145587748888776 72.649446 0.000000
1650145587821553409 72.378857 0.000000
1650145587968268308 72.592498 0.000000
1650145588039179347 72.454628 0.000000
1650145588039225765 72.454869 0.000000
1650145588184311454 72.709007 0.000000
1650145588325967594 72.788487 0.000000
1650145588398589086 72.595122 0.000000
1650145588401537412 72.465990 0.000000
1650145588474143205 72.641390 0.000000
1650145588619254642 72.484855 0.000000
1650145588619290790 72.691033 0.000000
1650145588692658572 72.637621 0.000000
1650145588761547888 72.515997 0.000000
1650145588764494452 145.210976 0.000000
1650145588765123112 72.527989 0.000000
1650145588837544519 72.301321 0.000000
1650145588982385719 72.489444 0.000000
1650145589055488584 72.403992 0.000000
1650145589127157999 144.769675 0.000000
1650145589127513516 72.589482 0.000000
1650145589200927867 72.884606 0.000000
1650145589272870767 72.805469 0.000000
1650145589344693599 72.291813 0.000000
1650145589413689264 72.604852 0.000000
1650145589418079277 72.529360 0.000000
1650145589418641363 72.690433 0.000000
1650145589491271010 72.626893 0.000000
1650145589708351063 72.592577 0.000000
1650145589780086431 72.409334 0.000000
1650145589852470820 72.391222 0.000000
1650145589995997992 72.479315 0.000000
1650145590071086476 72.397051 0.000000
1650145590143722125 72.455009 0.000000
1650145590213184766 72.456033 0.000000
1650145590287291819 72.324645 0.000000
1650145590361044063 72.445500 0.000000
1650145590790110738 72.563243 0.000000
1650145590795016851 144.667634 0.000000
1650145590867677447 72.592568 0.000000
1650145590939978337 72.333030 0.000000
1650145591082300597 72.633895 0.000000
1650145591085378958 72.402761 0.000000
1650145591155621993 72.778145 0.000000
1650145591590839518 72.400418 0.000000
1650145591735912935 72.473205 0.000000
1650145591881748933 72.738543 0.000000
1650145591882070757 72.442136 0.000000
1650145592026860439 72.789977 0.000000
