1641922466369810241 72.493543 0.000000
1641922466443024035 145.688392 0.000000
1641922466600802688 146.709626 0.000000
1641922466603770160 73.075855 0.000000
1641922466751854151 146.684297 0.000000
1641922466828930274 72.683550 0.000000
1641922466829762605 147.599724 0.000000
1641922466892234613 72.463907 0.000000
1641922466908641747 76.730294 0.000000
1641922467119828860 72.566990 0.000000
1641922467220307270 72.481341 0.000000
1641922467264752989 72.502480 0.000000
1641922467270978869 72.537475 0.000000
1641922467327067122 72.493764 0.000000
1641922467366211985 72.469969 0.000000
1641922467544716428 72.586347 0.000000
1641922467564460307 73.590530 0.000000
1641922467567740024 146.369879 0.000000
1641922467639068634 72.589974 0.000000
1641922467689634856 72.465541 0.000000
1641922467785870652 73.453512 0.000000
1641922468002122389 73.531579 0.000000
1641922468004145211 72.498814 0.000000
1641922468005261503 72.530693 0.000000
1641922468073320734 145.823945 0.000000
1641922468074531684 72.406490 0.000000
1641922468085203257 144.679029 0.000000
1641922468087457333 144.843648 0.000000
1641922468157612011 145.552386 0.000000
1641922468197527540 72.407402 0.000000
1641922468438915453 144.979012 0.000000
1641922468517176947 73.183536 0.000000
1641922468620697228 72.398485 0.000000
1641922468686389643 73.789462 0.000000
1641922468833283063 74.499373 0.000000
1641922468923272952 72.547535 0.000000
1641922468978955334 144.776983 0.000000
1641922469173352406 74.098362 0.000000
1641922469174542456 72.465210 0.000000
1641922469195799871 73.625785 0.000000
1641922469245076527 74.518439 0.000000
1641922469418373739 73.343497 0.000000
1641922469463600763 72.501889 0.000000
1641922469489500850 144.677355 0.000000
1641922469540336107 72.688919 0.000000
1641922469580617972 73.146427 0.000000
1641922469633166420 72.577871 0.000000
1641922469646652358 144.685571 0.000000
1641922469876777940 144.549336 0.000000
1641922469937594265 146.029330 0.000000
1641922469940938955 73.314893 0.000000
1641922470146763256 72.518540 0.000000
1641922470237540631 72.700020 0.000000
1641922470297956576 72.536344 0.000000
1641922470660553645 72.586357 0.000000
1641922470726325689 144.664311 0.000000
1641922470750790276 144.662839 0.000000
1641922470817724369 72.518049 0.000000
1641922470871755245 73.365317 0.000000
1641922470888643541 72.564897 0.000000
1641922470987040007 72.483445 0.000000
1641922471021150565 72.474768 0.000000
1641922471033552581 72.531323 0.000000
1641922471186407626 72.632133 0.000000
1641922471238436460 72.502160 0.000000
1641922471403706455 72.453297 0.000000
1641922471530928513 146.234054 0.000000
1641922471607658878 73.130548 0.000000
1641922471607774755 144.678077 0.000000
1641922471641868290 72.605082 0.000000
1641922471816062253 145.773480 0.000000
1641922471861143885 72.660506 0.000000
1641922471874098167 72.463347 0.000000
1641922471891366485 72.689110 0.000000
1641922472040207054 145.952055 0.000000
1641922472080565954 74.377766 0.000000
1641922472109559230 144.866381 0.000000
1641922472225645835 72.412592 0.000000
1641922472288722276 73.508946 0.000000
1641922472368140119 72.528138 0.000000
1641922472372136640 72.543207 0.000000
1641922472432862536 72.680925 0.000000
1641922472527577942 72.551282 0.000000
1641922472625255912 144.819382 0.000000
1641922472668049886 146.004344 0.000000
1641922472732195772 144.919279 0.000000
1641922472739915612 146.190873 0.000000
1641922472776653715 144.717351 0.000000
1641922472813959241 145.904196 0.000000
1641922472859726107 72.462515 0.000000
1641922472941283450 72.476722 0.000000
1641922472958380166 73.625575 0.000000
1641922472964804759 74.363488 0.000000
1641922473035209657 147.256650 0.000000
1641922473035248019 73.670269 0.000000
1641922473111512540 146.704175 0.000000
1641922473156107731 144.700680 0.000000
1641922473160807670 74.704478 0.000000
1641922473259905351 148.389284 0.000000
1641922473317868248 72.936163 0.000000
1641922473404573320 72.374330 0.000000
1641922473465167959 147.533230 0.000000
1641922473541826089 72.509303 0.000000
1641922473585904441 144.637913 0.000000
1641922473665352209 74.316260 0.000000
1641922473687614658 72.536213 0.000000
1641922473691982705 72.490928 0.000000
1641922473763307097 144.691753 0.000000
1641922473806582073 72.466734 0.000000
1641922473879034048 72.441185 0.000000
1641922473885726463 72.841986 0.000000
1641922474393128908 144.646829 0.000000
1641922474478371068 72.429634 0.000000
1641922474485719552 144.961559 0.000000
1641922474493998219 72.630000 0.000000
1641922474494702229 73.373002 0.000000
1641922474496254539 73.950515 0.000000
1641922474635832957 74.025464 0.000000
1641922474784100783 145.523072 0.000000
1641922474853529552 72.401070 0.000000
1641922474896157635 72.775221 0.000000
1641922475066785874 73.530737 0.000000
1641922475115891048 72.561220 0.000000
1641922475145628679 145.712948 0.000000
1641922475153307772 73.386657 0.000000
1641922475260858197 72.437007 0.000000
1641922475266093400 73.795955 0.000000
1641922475290845846 73.620035 0.000000
1641922475337310731 145.037331 0.000000
1641922475408792057 72.337891 0.000000
1641922475440074824 74.593610 0.000000
1641922475501844637 72.457666 0.000000
1641922475517712660 73.337014 0.000000
1641922475737993058 72.854169 0.000000
1641922475805141673 144.624347 0.000000
1641922475808747261 72.559607 0.000000
1641922475848301162 72.605743 0.000000
1641922475960067419 72.725619 0.000000
1641922475960349958 73.031752 0.000000
1641922475988996023 72.552183 0.000000
1641922476067401728 72.878424 0.000000
1641922476090609950 144.694078 0.000000
1641922476167186887 144.714415 0.000000
1641922476235391061 144.775029 0.000000
1641922476237684349 73.028947 0.000000
1641922476255962791 72.472103 0.000000
1641922476258865181 73.126710 0.000000
1641922476327250544 144.822358 0.000000
1641922476361654572 73.547059 0.000000
1641922476380269884 144.873314 0.000000
1641922476407462826 72.476492 0.000000
1641922476523412223 76.167399 0.000000
1641922476739919549 73.622680 0.000000
1641922476825798873 77.609984 0.000000
1641922476844335899 72.442818 0.000000
1641922476900359381 150.919817 0.000000
1641922476911091177 74.355284 0.000000
1641922477058030983 74.308825 0.000000
1641922477089487987 72.734294 0.000000
1641922477108778165 74.465620 0.000000
1641922477129542306 72.517669 0.000000
1641922477130485804 73.436150 0.000000
1641922477164089271 72.701745 0.000000
1641922477353814776 72.736498 0.000000
1641922477475778738 73.307630 0.000000
1641922477575479580 72.545841 0.000000
1641922477644153323 72.636691 0.000000
1641922477654503564 74.327992 0.000000
1641922477688982762 144.888311 0.000000
1641922477840167395 72.945259 0.000000
1641922477866849338 72.537516 0.000000
1641922477939325500 72.467255 0.000000
1641922477981105723 72.423271 0.000000
1641922477997356374 73.824448 0.000000
1641922478166020832 74.273169 0.000000
1641922478208523780 72.377776 0.000000
1641922478282332238 75.380524 0.000000
1641922478490773785 146.701190 0.000000
1641922478497352036 146.808481 0.000000
1641922478506199920 73.880783 0.000000
1641922478578413308 75.280958 0.000000
1641922478579522107 76.394896 0.000000
1641922478580597202 77.492193 0.000000
1641922478840870113 144.794816 0.000000
1641922479020880217 144.750934 0.000000
1641922479034775993 72.530923 0.000000
1641922479041429184 72.869377 0.000000
1641922479108544637 73.706948 0.000000
1641922479134580840 73.661843 0.000000
1641922479166382249 73.164882 0.000000
1641922479240895989 147.634259 0.000000
1641922479254800953 72.515935 0.000000
1641922479258560670 73.476816 0.000000
1641922479402376652 72.436376 0.000000
1641922479571403249 74.734654 0.000000
1641922479618997952 72.477354 0.000000
1641922479643889118 72.482152 0.000000
1641922479758037429 75.818114 0.000000
1641922479829888609 72.519332 0.000000
1641922479884302914 144.873674 0.000000
1641922479936457173 72.537145 0.000000
1641922480098731593 75.727665 0.000000
1641922480133997787 72.442438 0.000000
1641922480230979421 72.519613 0.000000
1641922480447254902 72.451895 0.000000
1641922480486688858 72.414184 0.000000
1641922480559176350 72.477523 0.000000
1641922480631567231 72.384679 0.000000
1641922480685352067 73.272374 0.000000
1641922480689098168 144.716730 0.000000
1641922480691975321 74.413151 0.000000
1641922480761889821 146.417208 0.000000
1641922480768394002 75.314180 0.000000
1641922481004717912 72.537515 0.000000
1641922481017241497 72.413934 0.000000
1641922481160275573 73.158720 0.000000
1641922481174918990 72.341588 0.000000
1641922481374449545 147.898164 0.000000
1641922481395816896 73.875794 0.000000
1641922481452678449 144.632683 0.000000
1641922481570808695 72.482614 0.000000
1641922481601327589 72.692076 0.000000
1641922481643348745 72.534790 0.000000
1641922481669629506 145.587723 0.000000
1641922481673777521 72.439923 0.000000
1641922481819959147 73.658958 0.000000
1641922481889221033 146.292383 0.000000
1641922481903483837 72.420165 0.000000
1641922481905725178 72.771885 0.000000
1641922482130560645 145.617108 0.000000
1641922482176434562 73.342746 0.000000
1641922482257272376 72.583472 0.000000
1641922482258711713 73.614324 0.000000
1641922482297652695 144.811327 0.000000
1641922482300422587 146.194149 0.000000
1641922482351565400 72.376684 0.000000
1641922482356714692 146.208487 0.000000
1641922482541761959 144.786060 0.000000
1641922482576046031 73.720874 0.000000
1641922482608128517 144.812029 0.000000
1641922482753328574 72.556151 0.000000
1641922482761805393 72.892732 0.000000
1641922482805910394 72.619069 0.000000
1641922482943380551 72.481662 0.000000
1641922482985013408 72.515314 0.000000
1641922483027171340 144.673820 0.000000
1641922483048783290 72.447067 0.000000
1641922483219347238 145.025289 0.000000
1641922483315247556 145.102223 0.000000
1641922483383688252 72.443610 0.000000
1641922483387094337 72.508101 0.000000
1641922483701072433 147.685846 0.000000
1641922483727778913 73.034066 0.000000
1641922483874229873 72.675013 0.000000
1641922483955749205 74.044391 0.000000
1641922483987787689 73.483329 0.000000
1641922483989039916 72.659625 0.000000
1641922484138842208 73.087547 0.000000
1641922484265201508 73.148471 0.000000
1641922484299656642 73.074893 0.000000
1641922484321461193 72.742390 0.000000
1641922484467874853 72.946403 0.000000
1641922484502135653 72.560680 0.000000
1641922484542324463 74.443769 0.000000
1641922484755267518 72.552564 0.000000
1641922484871671768 73.986522 0.000000
1641922485008677785 144.718604 0.000000
1641922485160217935 72.424714 0.000000
1641922485308180830 74.490987 0.000000
1641922485310607098 73.503437 0.000000
1641922485314067123 145.967936 0.000000
1641922485316087210 146.864045 0.000000
1641922485709926350 73.224854 0.000000
1641922485815471977 72.442649 0.000000
1641922485858873700 73.371269 0.000000
1641922485934271306 74.386452 0.000000
1641922486008784425 72.454080 0.000000
1641922486041121308 72.672168 0.000000
1641922486073943200 72.527947 0.000000
1641922486194153225 72.734676 0.000000
1641922486558531623 72.758781 0.000000
1641922486616620816 72.575857 0.000000
1641922486724127930 146.033768 0.000000
1641922486848599732 72.598429 0.000000
1641922486871327744 72.701803 0.000000
1641922486884546922 72.627384 0.000000
1641922486924832194 73.070745 0.000000
1641922486943683399 72.353370 0.000000
1641922487011455192 146.589941 0.000000
1641922487071527663 73.923484 0.000000
1641922487088602849 72.483705 0.000000
1641922487157620517 72.781833 0.000000
1641922487231912552 74.286705 0.000000
1641922487246106327 145.423615 0.000000
1641922487379996113 146.958823 0.000000
1641922487529021539 145.997441 0.000000
1641922487532237406 146.872811 0.000000
1641922487542862683 74.419192 0.000000
1641922487673390767 75.072037 0.000000
1641922487747778962 73.287371 0.000000
1641922487748655816 147.163326 0.000000
1641922487878231245 72.643735 0.000000
1641922487889729788 144.848197 0.000000
1641922487974800946 72.824713 0.000000
1641922488257795387 72.441315 0.000000
1641922488396277311 72.415768 0.000000
1641922488481397331 145.702538 0.000000
1641922488490168352 74.243894 0.000000
1641922488543034635 72.424854 0.000000
1641922488556881701 146.596574 0.000000
1641922488626251880 72.422080 0.000000
1641922488748275172 73.599195 0.000000
1641922488782527726 73.521750 0.000000
1641922488850853868 72.380411 0.000000
1641922488999661947 144.885756 0.000000
1641922489002595065 72.547915 0.000000
1641922489038737451 72.700772 0.000000
1641922489039639542 72.589103 0.000000
1641922489076740214 144.652730 0.000000
1641922489079188653 72.471171 0.000000
1641922489210294080 145.463459 0.000000
1641922489213897324 72.560348 0.000000
1641922489219023262 73.376528 0.000000
1641922489273172370 146.544856 0.000000
1641922489343768517 144.721179 0.000000
1641922489355258464 72.574685 0.000000
1641922489439932339 74.498071 0.000000
1641922489443307996 75.683944 0.000000
1641922489554430877 72.509414 0.000000
1641922489585951700 144.906035 0.000000
1641922489661772891 145.075773 0.000000
1641922489734388934 72.609871 0.000000
1641922489875682788 72.941272 0.000000
1641922490021317068 72.614270 0.000000
1641922490076317132 144.842125 0.000000
1641922490100353796 144.861321 0.000000
1641922490140736751 72.526765 0.000000
1641922490166597034 73.652957 0.000000
1641922490167638827 73.667194 0.000000
1641922490170960202 72.495136 0.000000
1641922490354467071 144.831094 0.000000
1641922490355343845 144.673909 0.000000
1641922490430404560 72.571650 0.000000
1641922490444364166 72.713595 0.000000
1641922490517625970 145.959670 0.000000
1641922490577045316 72.403685 0.000000
1641922490583941402 72.570328 0.000000
1641922490609972476 72.485588 0.000000
1641922490649572924 72.516647 0.000000
1641922490659560435 72.579886 0.000000
1641922490717599063 73.066918 0.000000
1641922490729513546 72.627184 0.000000
1641922490738070095 73.312308 0.000000
1641922490749369294 73.382049 0.000000
1641922490830697077 76.001369 0.000000
1641922490861933277 72.428412 0.000000
1641922490942555807 148.996873 0.000000
1641922490951331506 72.474377 0.000000
1641922491011586379 75.662243 0.000000
1641922491026792351 74.691823 0.000000
1641922491105825543 77.904586 0.000000
1641922491167781224 72.979164 0.000000
1641922491226922710 72.566941 0.000000
1641922491256395014 73.498447 0.000000
1641922491306195019 75.091563 0.000000
1641922491325945550 72.603449 0.000000
1641922491383319583 72.586668 0.000000
1641922491394938863 72.530292 0.000000
1641922491472042057 72.712814 0.000000
1641922491516836761 72.583983 0.000000
1641922491524030945 72.500136 0.000000
1641922491547678271 73.458262 0.000000
1641922491548871818 73.465736 0.000000
1641922491591278346 73.372622 0.000000
1641922491619010527 72.367356 0.000000
1641922491621306361 72.428742 0.000000
1641922491684015815 73.346783 0.000000
1641922491738642898 73.343206 0.000000
1641922491739745686 74.434722 0.000000
1641922491808022856 72.959657 0.000000
1641922491812414518 72.662801 0.000000
1641922491832238166 75.337905 0.000000
1641922491904712553 72.468086 0.000000
1641922491905825529 72.363649 0.000000
1641922491974019984 72.623236 0.000000
1641922492032981563 72.547995 0.000000
1641922492108731340 74.440583 0.000000
1641922492123083823 72.539991 0.000000
1641922492124979867 144.736848 0.000000
1641922492128724365 144.613737 0.000000
1641922492273454100 144.722731 0.000000
1641922492347907206 74.485948 0.000000
1641922492544476329 145.928302 0.000000
1641922492546731015 72.557624 0.000000
1641922492551607797 144.804434 0.000000
1641922492558238445 145.630273 0.000000
1641922492619253182 72.513191 0.000000
1641922492629822985 72.384519 0.000000
1641922492652400936 74.629237 0.000000
1641922492702059156 76.881749 0.000000
1641922492840880676 144.642501 0.000000
1641922492846702268 72.410728 0.000000
1641922492852416499 150.346983 0.000000
1641922492866566462 74.073385 0.000000
1641922492868614501 74.206084 0.000000
1641922493011593934 80.584599 0.000000
1641922493085872002 74.275444 0.000000
1641922493087849499 76.235507 0.000000
1641922493096819512 85.248892 0.000000
1641922493102067530 151.122537 0.000000
1641922493157955157 74.151110 0.000000
1641922493230281406 72.315700 0.000000
1641922493260234050 76.353599 0.000000
1641922493309502510 79.212497 0.000000
1641922493562700410 161.659649 0.000000
1641922493635915515 73.208774 0.000000
1641922493713400255 75.306607 0.000000
1641922493716526384 77.407755 0.000000
1641922493801260992 76.416115 0.000000
1641922493926740062 73.485142 0.000000
1641922493943937428 144.693116 0.000000
1641922493945939541 144.673299 0.000000
1641922494053518960 75.724229 0.000000
1641922494054597672 75.894398 0.000000
1641922494159989971 72.892340 0.000000
1641922494232689631 73.020261 0.000000
1641922494233770707 73.771619 0.000000
1641922494274133254 72.425336 0.000000
1641922494308254271 145.754536 0.000000
1641922494343347580 72.454179 0.000000
1641922494366409187 75.753924 0.000000
1641922494382601860 73.265862 0.000000
1641922494417743270 74.390039 0.000000
1641922494560933358 73.315133 0.000000
1641922494712041608 144.584733 0.000000
1641922494788042496 146.180494 0.000000
1641922494815944767 73.892496 0.000000
1641922494889225526 73.274778 0.000000
1641922494963591689 74.362827 0.000000
1641922495032184821 72.621473 0.000000
1641922495072284825 72.609972 0.000000
1641922495242806756 73.455848 0.000000
1641922495255079339 144.593709 0.000000
1641922495401866680 75.099058 0.000000
1641922495586913496 73.860476 0.000000
1641922495623093823 72.418833 0.000000
1641922495689742521 74.008023 0.000000
1641922495769268095 72.478855 0.000000
1641922495876033478 74.150669 0.000000
1641922495878210108 72.761636 0.000000
1641922495915119482 72.537686 0.000000
1641922496065316144 72.566831 0.000000
1641922496135286407 72.569705 0.000000
1641922496214097703 72.420076 0.000000
1641922496288584673 144.866982 0.000000
1641922496464941349 72.614349 0.000000
1641922496528189753 72.524983 0.000000
1641922496568452383 144.848517 0.000000
1641922496568598026 72.423793 0.000000
1641922496574795532 72.481801 0.000000
1641922496633980239 72.468547 0.000000
1641922496721611006 72.524290 0.000000
1641922496866485893 72.447537 0.000000
1641922496877327234 72.508421 0.000000
1641922496877398287 145.025429 0.000000
1641922496880659650 72.517388 0.000000
1641922496895437430 72.610863 0.000000
1641922496938378249 144.862383 0.000000
1641922497050335694 72.750935 0.000000
1641922497070371951 72.583823 0.000000
1641922497189021230 144.943295 0.000000
1641922497203804660 76.819512 0.000000
1641922497336950060 72.488124 0.000000
1641922497361652613 72.508702 0.000000
1641922497414278126 76.033679 0.000000
1641922497486434457 73.264218 0.000000
1641922497487616493 73.333829 0.000000
1641922497560216255 74.829993 0.000000
1641922497579988036 73.247367 0.000000
1641922498008669445 73.139755 0.000000
1641922498015281819 74.501518 0.000000
1641922498068239895 72.528749 0.000000
1641922498087544941 73.327567 0.000000
1641922498105586939 72.698097 0.000000
1641922498142843464 72.442628 0.000000
1641922498156085104 72.600243 0.000000
1641922498236016339 72.564958 0.000000
1641922498306121545 72.532266 0.000000
1641922498395211417 72.514713 0.000000
1641922498658098458 73.679216 0.000000
1641922498689821500 73.658346 0.000000
1641922498805038185 73.470124 0.000000
1641922498816343877 72.457316 0.000000
1641922498870819327 145.382618 0.000000
1641922498891070716 72.450001 0.000000
1641922498979270550 72.613469 0.000000
1641922498985145703 72.414536 0.000000
1641922499024633619 74.014665 0.000000
1641922499025808161 74.054670 0.000000
1641922499095792871 74.378887 0.000000
1641922499167263528 72.574846 0.000000
1641922499330332367 73.424970 0.000000
1641922499386069502 72.594372 0.000000
1641922499388979837 72.607868 0.000000
1641922499468526351 145.551665 0.000000
1641922499473928627 72.929621 0.000000
1641922499476190096 72.355084 0.000000
1641922499544877565 73.086515 0.000000
1641922499564822380 72.505796 0.000000
1641922499611346356 144.827508 0.000000
1641922499782537240 72.984364 0.000000
1641922499842020827 72.456404 0.000000
1641922500007026908 73.482888 0.000000
1641922500046277620 72.449972 0.000000
1641922500073326180 72.516436 0.000000
1641922500136217174 73.247337 0.000000
1641922500223057430 144.744463 0.000000
1641922500265064989 72.729075 0.000000
1641922500335588720 147.749735 0.000000
1641922500440364154 72.565017 0.000000
1641922500518815184 73.009841 0.000000
1641922500519973706 72.473406 0.000000
1641922500589995967 145.421902 0.000000
1641922500635340972 72.561290 0.000000
1641922500720525614 145.178055 0.000000
1641922500729503062 72.537646 0.000000
1641922500814059716 73.031632 0.000000
1641922500861950825 72.553647 0.000000
1641922500879355207 72.532878 0.000000
1641922500930643183 72.442688 0.000000
1641922500958161694 144.601023 0.000000
1641922501000228214 72.654755 0.000000
1641922501018170907 144.854969 0.000000
1641922501063782963 72.552154 0.000000
1641922501074866138 72.557955 0.000000
1641922501169700828 144.793594 0.000000
1641922501225634160 72.631491 0.000000
1641922501303358939 73.879482 0.000000
1641922501318657235 73.854285 0.000000
1641922501428657952 145.758503 0.000000
1641922501448178462 73.603053 0.000000
1641922501598665348 145.048884 0.000000
1641922501685066450 73.304023 0.000000
1641922501735908218 144.839811 0.000000
1641922501789367363 144.796410 0.000000
1641922501817070350 73.263626 0.000000
1641922501831123622 72.546523 0.000000
1641922501890433894 72.466393 0.000000
1641922501940641405 145.923933 0.000000
1641922502036427618 144.839089 0.000000
1641922502036564435 72.519983 0.000000
1641922502037090210 72.999071 0.000000
1641922502126092398 75.323498 0.000000
1641922502127093765 75.712928 0.000000
1641922502254020048 72.534530 0.000000
1641922502320278955 149.086220 0.000000
1641922502341238251 72.490878 0.000000
1641922502530264556 72.558364 0.000000
1641922502539256632 73.530498 0.000000
1641922502558644442 72.455942 0.000000
1641922502611710831 72.447888 0.000000
1641922502619403119 145.152506 0.000000
1641922502776075409 72.459890 0.000000
1641922502779251593 73.469803 0.000000
1641922502823725486 72.502901 0.000000
1641922502976160483 73.574309 0.000000
1641922502980572994 75.524344 0.000000
1641922502991222626 75.685837 0.000000
1641922502992228060 76.670924 0.000000
1641922503121827063 73.093407 0.000000
1641922503215796582 72.394418 0.000000
1641922503219286834 72.539259 0.000000
1641922503278795909 73.680167 0.000000
1641922503430887052 146.667657 0.000000
1641922503568168585 73.439426 0.000000
1641922503571761079 72.486309 0.000000
1641922503634805531 74.424683 0.000000
1641922503646935948 144.721388 0.000000
1641922503705897036 146.200641 0.000000
1641922503790044424 77.739346 0.000000
1641922503799440296 148.503298 0.000000
1641922503841547793 144.751485 0.000000
1641922503860090621 150.781188 0.000000
1641922503928246162 144.721869 0.000000
1641922504010746993 72.406419 0.000000
1641922504091682090 72.510365 0.000000
1641922504092544096 73.390405 0.000000
1641922504157116611 145.441669 0.000000
1641922504165235430 72.682608 0.000000
1641922504187489934 145.392106 0.000000
1641922504230567600 72.895998 0.000000
1641922504250871999 144.663671 0.000000
1641922504301942937 144.817960 0.000000
1641922504351195277 148.618594 0.000000
1641922504369115567 72.704789 0.000000
1641922504370027757 146.108268 0.000000
1641922504452176218 72.499745 0.000000
1641922504454543845 72.524200 0.000000
1641922504479919741 145.611888 0.000000
1641922504517944084 144.752797 0.000000
1641922504519621468 72.540581 0.000000
1641922504735548797 72.745245 0.000000
1641922504747427983 144.910403 0.000000
1641922504996851318 76.134177 0.000000
1641922505099899133 144.788134 0.000000
1641922505113668944 72.371926 0.000000
1641922505227977576 73.283825 0.000000
1641922505289231702 72.387625 0.000000
1641922505320331165 73.109317 0.000000
1641922505328100689 72.452487 0.000000
1641922505334621271 73.179018 0.000000
1641922505361934708 72.379750 0.000000
1641922505362882254 145.109827 0.000000
1641922505398095108 72.472234 0.000000
1641922505433965474 72.415117 0.000000
1641922505511754974 73.912543 0.000000
1641922505535372774 144.873504 0.000000
1641922505699120797 145.589637 0.000000
1641922505701114955 146.789286 0.000000
1641922505839481632 72.461233 0.000000
1641922505861903940 74.951210 0.000000
1641922506059708700 144.635758 0.000000
1641922506077647054 72.581809 0.000000
1641922506090918751 72.481702 0.000000
1641922506155244845 72.654425 0.000000
1641922506159314043 72.714388 0.000000
1641922506219224530 72.586438 0.000000
1641922506226975168 72.643454 0.000000
1641922506272135948 72.462466 0.000000
1641922506354711539 147.014367 0.000000
1641922506355798867 145.947999 0.000000
1641922506371844724 72.435475 0.000000
1641922506381887459 72.400940 0.000000
1641922506456630518 72.419825 0.000000
1641922506532111051 72.463908 0.000000
1641922506602498296 73.404421 0.000000
1641922506603344592 144.945449 0.000000
1641922506736649622 146.981585 0.000000
1641922506817547649 146.385247 0.000000
1641922506826060846 74.407511 0.000000
1641922506962597964 145.039495 0.000000
1641922506971197684 72.426698 0.000000
1641922507089831584 73.370027 0.000000
1641922507096917045 72.524541 0.000000
1641922507098636988 72.459739 0.000000
1641922507116832805 72.513150 0.000000
1641922507160265346 72.423823 0.000000
1641922507175697623 72.410257 0.000000
1641922507393798285 145.543479 0.000000
1641922507528425002 146.448997 0.000000
1641922507539584740 72.370133 0.000000
1641922507601913651 75.386576 0.000000
1641922507747894671 72.426217 0.000000
1641922507758478359 74.489194 0.000000
1641922507759576949 74.300029 0.000000
1641922507885141409 144.674240 0.000000
1641922507887270610 73.369284 0.000000
1641922507912118866 144.668459 0.000000
1641922508049642724 72.964476 0.000000
1641922508056267862 72.724306 0.000000
1641922508059777270 145.490300 0.000000
1641922508123993739 72.320970 0.000000
1641922508124681799 73.045438 0.000000
1641922508127891274 72.609360 0.000000
1641922508128632804 72.359221 0.000000
1641922508255779861 145.430217 0.000000
1641922508389452821 72.879567 0.000000
1641922508471644964 74.224909 0.000000
1641922508485418962 144.644154 0.000000
1641922508495422863 72.753641 0.000000
1641922508635320250 73.574640 0.000000
1641922508785725903 72.512148 0.000000
1641922508896989628 72.487613 0.000000
1641922509041750060 144.757727 0.000000
1641922509053152273 72.535823 0.000000
1641922509055947693 73.175001 0.000000
1641922509202389226 73.154573 0.000000
1641922509362919747 149.101118 0.000000
1641922509406581108 72.477153 0.000000
1641922509508126697 145.201840 0.000000
1641922509565842981 72.468987 0.000000
1641922509575844949 72.705300 0.000000
1641922509716913190 73.736052 0.000000
1641922509738150849 73.277944 0.000000
1641922509870915275 145.458250 0.000000
1641922509939793362 145.359565 0.000000
1641922509954993453 145.183897 0.000000
1641922510060059421 73.248418 0.000000
1641922510093405165 72.561220 0.000000
1641922510102008511 74.621031 0.000000
1641922510102063264 144.769970 0.000000
1641922510131312810 145.732765 0.000000
1641922510163791028 73.562286 0.000000
1641922510204057855 73.348736 0.000000
1641922510390393526 144.659953 0.000000
1641922510450706238 144.963814 0.000000
1641922510461054835 72.428842 0.000000
1641922510586917304 75.329930 0.000000
1641922510669922732 72.601186 0.000000
1641922510726664390 72.514313 0.000000
1641922510755692400 75.421642 0.000000
1641922510828134798 72.439272 0.000000
1641922510930874345 144.677577 0.000000
1641922511020585110 72.461292 0.000000
1641922511047636706 72.460191 0.000000
1641922511052276664 73.157358 0.000000
1641922511082734865 144.533727 0.000000
1641922511227499165 144.752237 0.000000
1641922511239958418 72.371375 0.000000
1641922511275759906 74.386753 0.000000
1641922511294648040 72.796872 0.000000
1641922511369014764 146.555657 0.000000
1641922511585948800 144.768036 0.000000
1641922511642424589 72.352659 0.000000
1641922511698568236 144.917165 0.000000
1641922511844779458 72.482573 0.000000
1641922511852407155 72.510396 0.000000
1641922511864398883 72.354052 0.000000
1641922511937513671 72.689120 0.000000
1641922512006530687 72.414065 0.000000
1641922512036247830 144.694189 0.000000
1641922512096603091 72.490788 0.000000
1641922512117679066 72.437497 0.000000
1641922512151480414 72.562964 0.000000
1641922512216395452 72.548937 0.000000
1641922512458343485 72.593540 0.000000
1641922512580864100 73.528263 0.000000
1641922512623499417 73.307018 0.000000
1641922512663878875 144.718283 0.000000
1641922512697827689 72.932646 0.000000
1641922512880085517 146.836183 0.000000
1641922513024217772 72.467525 0.000000
1641922513054293887 73.462700 0.000000
1641922513126796587 72.509983 0.000000
1641922513134746810 72.482503 0.000000
1641922513236509686 72.497901 0.000000
1641922513355175205 72.517027 0.000000
1641922513402987316 144.923188 0.000000
1641922513530024396 144.795958 0.000000
1641922513641462919 72.501919 0.000000
1641922513696105201 145.733286 0.000000
1641922513706160099 72.534510 0.000000
1641922513997178009 73.440779 0.000000
1641922514045282517 72.494936 0.000000
1641922514125818846 145.684905 0.000000
1641922514150404740 73.106231 0.000000
1641922514205343278 146.139116 0.000000
1641922514223466278 75.185178 0.000000
1641922514284600710 75.550363 0.000000
1641922514364897430 72.438290 0.000000
1641922514403285626 72.735067 0.000000
1641922514414775873 72.470099 0.000000
1641922514511158044 72.702385 0.000000
1641922514622410257 73.192924 0.000000
1641922514798354601 73.313991 0.000000
1641922514799514275 74.501187 0.000000
1641922514811244102 72.469479 0.000000
1641922515017956488 72.439833 0.000000
1641922515201368269 72.702215 0.000000
1641922515280464618 72.660056 0.000000
1641922515363793843 72.481601 0.000000
1641922515422126793 72.569586 0.000000
1641922515509511729 145.000892 0.000000
1641922515525734046 72.537556 0.000000
1641922515568959980 72.534059 0.000000
1641922515585298205 73.483208 0.000000
1641922515729129906 72.883254 0.000000
1641922515820250074 72.582320 0.000000
1641922516022734605 144.596004 0.000000
1641922516041036671 146.669711 0.000000
1641922516113162666 146.673859 0.000000
1641922516312168787 144.914642 0.000000
1641922516313393242 72.600223 0.000000
1641922516352220340 73.008950 0.000000
1641922516411687216 146.440501 0.000000
1641922516422577960 72.472384 0.000000
1641922516464431040 72.469408 0.000000
1641922516495089597 72.502450 0.000000
1641922516546201463 144.911476 0.000000
1641922516568722597 72.448299 0.000000
1641922516699241083 144.719104 0.000000
1641922516895002202 72.411530 0.000000
1641922516895712423 145.494508 0.000000
1641922516924948023 73.513565 0.000000
1641922516990886198 144.921534 0.000000
1641922517094637753 72.934430 0.000000
1641922517117671107 144.804915 0.000000
1641922517191652339 73.829067 0.000000
1641922517207956380 144.688898 0.000000
1641922517333223032 73.468170 0.000000
1641922517358461459 144.925701 0.000000
1641922517485149276 74.731668 0.000000
1641922517506655247 72.427870 0.000000
1641922517507498508 144.829972 0.000000
1641922517556409648 72.483985 0.000000
1641922517580043898 144.643603 0.000000
1641922517632341687 74.685813 0.000000
1641922517777399676 72.460121 0.000000
1641922517806710347 145.707487 0.000000
1641922517843092472 72.706903 0.000000
1641922517869991212 73.434127 0.000000
1641922517884323106 72.424183 0.000000
1641922518093436683 72.511627 0.000000
1641922518165912493 72.473386 0.000000
1641922518174260331 147.576811 0.000000
1641922518296983255 144.741437 0.000000
1641922518317194950 145.784431 0.000000
1641922518389697591 72.493263 0.000000
1641922518391491493 144.836195 0.000000
1641922518450480914 72.541263 0.000000
1641922518467780260 145.692218 0.000000
1641922518529428265 74.334284 0.000000
1641922518613680349 74.218617 0.000000
1641922518748561272 74.589182 0.000000
1641922518759321672 74.548726 0.000000
1641922518825923362 73.465415 0.000000
1641922518893762811 72.557142 0.000000
1641922518904337533 72.557434 0.000000
1641922518904407273 72.626993 0.000000
1641922519118411668 73.486134 0.000000
1641922519183863072 75.043884 0.000000
1641922519270832488 75.187642 0.000000
1641922519328705898 72.823081 0.000000
1641922519334331442 74.178511 0.000000
1641922519376605361 72.486671 0.000000
1641922519476526395 72.734736 0.000000
1641922519528035155 144.712402 0.000000
1641922519559929549 78.163702 0.000000
1641922519561962619 72.722092 0.000000
1641922519625966399 72.487522 0.000000
1641922519632287348 72.352870 0.000000
1641922519691807183 72.547385 0.000000
1641922519695015897 145.602540 0.000000
1641922519767152862 74.494714 0.000000
1641922519773718298 75.378451 0.000000
1641922519846518116 72.797122 0.000000
1641922519891379195 145.759194 0.000000
1641922519989134459 72.574565 0.000000
1641922520035569498 74.386261 0.000000
1641922520180635002 73.793961 0.000000
1641922520199903239 144.769910 0.000000
1641922520330337978 144.674010 0.000000
1641922520400178950 72.401571 0.000000
1641922520408845484 72.475309 0.000000
1641922520714657615 73.269387 0.000000
1641922520719242439 72.467825 0.000000
1641922520767721840 72.877703 0.000000
1641922520909213565 73.020541 0.000000
1641922520989961861 145.369154 0.000000
1641922521077484766 72.899444 0.000000
1641922521087900109 73.561545 0.000000
1641922521089922660 75.141817 0.000000
1641922521134221756 72.861223 0.000000
1641922521199992888 144.714205 0.000000
1641922521269546490 72.475469 0.000000
1641922521343868993 73.324081 0.000000
1641922521346049419 74.481800 0.000000
1641922521353249616 146.617042 0.000000
1641922521422427434 74.349883 0.000000
1641922521446445584 72.354332 0.000000
1641922521497895673 148.752034 0.000000
1641922521561178873 144.790058 0.000000
1641922521566309349 144.854409 0.000000
1641922521574250174 72.474798 0.000000
1641922521638716671 72.398756 0.000000
1641922521652503393 76.980303 0.000000
1641922521719384467 147.667171 0.000000
1641922521852104640 75.649859 0.000000
1641922522230027517 72.522388 0.000000
1641922522231834284 73.265881 0.000000
1641922522234047572 73.735902 0.000000
1641922522235228065 145.452028 0.000000
1641922522302940276 145.409768 0.000000
1641922522306592853 72.537125 0.000000
1641922522326661390 72.540231 0.000000
1641922522329742154 72.659845 0.000000
1641922522361435220 72.781814 0.000000
1641922522380963284 144.710478 0.000000
1641922522385335409 72.577801 0.000000
1641922522448284843 145.340620 0.000000
1641922522450548877 72.463808 0.000000
1641922522549728351 73.060807 0.000000
1641922522554226092 73.560915 0.000000
1641922522569615628 72.336549 0.000000
1641922522669921584 73.506372 0.000000
1641922522741247589 145.823515 0.000000
1641922522917412456 144.756084 0.000000
1641922522994857951 73.868310 0.000000
1641922523129653735 72.430977 0.000000
1641922523277428337 72.380010 0.000000
1641922523367870264 144.710298 0.000000
1641922523425984574 73.775015 0.000000
1641922523426891695 73.785285 0.000000
1641922523477952805 72.508231 0.000000
1641922523568237376 144.678889 0.000000
1641922523591547980 74.238304 0.000000
1641922523624862085 72.511628 0.000000
1641922523625804761 72.424593 0.000000
1641922523642406279 72.517198 0.000000
1641922523642723173 72.811369 0.000000
1641922523665473698 73.919877 0.000000
1641922523700845479 72.575577 0.000000
1641922523880098375 72.578633 0.000000
1641922523885300195 72.422991 0.000000
1641922523888506605 73.759116 0.000000
1641922523957686508 72.380442 0.000000
1641922524034192462 74.245808 0.000000
1641922524157743810 145.459463 0.000000
1641922524170510840 72.464268 0.000000
1641922524324818618 73.717718 0.000000
1641922524475920176 75.366919 0.000000
1641922524763238722 72.589002 0.000000
1641922524838167450 72.742871 0.000000
1641922524936283340 73.211129 0.000000
1641922524941866736 72.401151 0.000000
1641922524983173693 73.421833 0.000000
1641922525031068779 72.449681 0.000000
1641922525200239025 145.582964 0.000000
1641922525250034863 72.418943 0.000000
1641922525304084124 144.895506 0.000000
1641922525444991133 72.423742 0.000000
1641922525571452014 72.558264 0.000000
1641922525639412391 74.167451 0.000000
1641922525825908303 73.434988 0.000000
1641922525860255254 145.543650 0.000000
1641922525886315451 74.104393 0.000000
1641922525929444794 144.786371 0.000000
1641922525976345175 144.549877 0.000000
1641922526001955800 72.501328 0.000000
1641922526045518495 74.600553 0.000000
1641922526174843634 72.670304 0.000000
1641922526227300862 72.789648 0.000000
1641922526270453017 72.422781 0.000000
1641922526271703471 72.546263 0.000000
1641922526291948879 72.538888 0.000000
1641922526362545126 144.656668 0.000000
1641922526509221790 146.745332 0.000000
1641922526581487897 146.105323 0.000000
1641922526613586073 73.653508 0.000000
1641922526741752561 72.736840 0.000000
1641922526871795997 72.564917 0.000000
1641922526875569480 146.875396 0.000000
1641922526960356857 146.626920 0.000000
1641922527016744722 144.929208 0.000000
1641922527106815413 77.334848 0.000000
1641922527180221857 149.503453 0.000000
1641922527307006695 72.587430 0.000000
1641922527311616737 72.457336 0.000000
1641922527410629759 144.523809 0.000000
1641922527467530955 73.517191 0.000000
1641922527487956832 73.964881 0.000000
1641922527619855586 72.553476 0.000000
1641922527631191074 72.458969 0.000000
1641922527678411775 73.457190 0.000000
1641922527681560577 74.388626 0.000000
1641922527770737563 73.918154 0.000000
1641922527843292231 73.597513 0.000000
1641922527848513377 74.325848 0.000000
1641922527897466005 72.577892 0.000000
1641922527902530178 73.974801 0.000000
1641922527908205866 72.673491 0.000000
1641922527999709192 73.732466 0.000000
1641922528053957576 145.011693 0.000000
1641922528060827614 144.915854 0.000000
1641922528133503599 72.666998 0.000000
1641922528215969415 73.181102 0.000000
1641922528271165776 74.885227 0.000000
1641922528345554422 146.595062 0.000000
1641922528432062524 72.939158 0.000000
1641922528433558178 144.813051 0.000000
1641922528475545840 74.463495 0.000000
1641922528550264655 74.713505 0.000000
1641922528792662160 72.875058 0.000000
1641922528854065215 73.114757 0.000000
1641922528917961734 74.794085 0.000000
1641922528929564442 145.470031 0.000000
1641922529058571336 145.142939 0.000000
1641922529062834267 144.864247 0.000000
1641922529227459013 72.838791 0.000000
1641922529275399964 147.006522 0.000000
1641922529347807396 72.798244 0.000000
1641922529436459057 72.580797 0.000000
1641922529508961718 72.496049 0.000000
1641922529716390056 74.083104 0.000000
1641922529720399180 74.673870 0.000000
1641922529724916407 72.747440 0.000000
1641922529955255280 73.035820 0.000000
1641922530011474097 144.820805 0.000000
1641922530030801525 145.361197 0.000000
1641922530173120471 72.490949 0.000000
1641922530245660562 72.534120 0.000000
1641922530296685885 72.421419 0.000000
1641922530320782281 72.532266 0.000000
1641922530376569109 73.726835 0.000000
1641922530445702504 72.401101 0.000000
1641922530450103033 73.528724 0.000000
1641922530521394183 73.677413 0.000000
1641922530599064870 145.825829 0.000000
1641922530663994887 72.507700 0.000000
1641922530680345825 73.412816 0.000000
1641922530822997194 73.085744 0.000000
1641922530831763546 145.058191 0.000000
1641922530974627242 72.687147 0.000000
1641922531050354117 75.723087 0.000000
1641922531191974683 145.785092 0.000000
1641922531252596565 72.449662 0.000000
1641922531319826111 73.627118 0.000000
1641922531320686995 73.819268 0.000000
1641922531353879882 144.985454 0.000000
1641922531394092267 147.212157 0.000000
1641922531481867444 144.772524 0.000000
1641922531561929665 144.662148 0.000000
1641922531642912901 144.719516 0.000000
1641922531695397580 75.107533 0.000000
1641922531756074033 72.595123 0.000000
1641922531847796570 75.648868 0.000000
1641922531851714173 72.460441 0.000000
1641922531928589079 72.441846 0.000000
1641922531992650507 72.320308 0.000000
1641922531999958355 72.437699 0.000000
1641922532078597318 73.751321 0.000000
1641922532200349914 72.501458 0.000000
1641922532228167005 72.552314 0.000000
1641922532360459156 72.395550 0.000000
1641922532373007867 72.473846 0.000000
1641922532418805962 72.606075 0.000000
1641922532435515273 72.714929 0.000000
1641922532445815039 145.272903 0.000000
1641922532590904487 72.458788 0.000000
1641922532630309479 72.579625 0.000000
1641922532721186000 72.357168 0.000000
1641922533025006047 73.694645 0.000000
1641922533079737607 145.612940 0.000000
1641922533142533423 145.573997 0.000000
1641922533226387360 147.358983 0.000000
1641922533295084908 145.001534 0.000000
1641922533311477024 73.181803 0.000000
1641922533369876931 72.493484 0.000000
1641922533373785417 146.770290 0.000000
1641922533461603354 72.372296 0.000000
1641922533523053758 145.599815 0.000000
1641922533682627357 72.389108 0.000000
1641922533802669265 144.814964 0.000000
1641922533811388589 72.881200 0.000000
1641922533876949338 72.618197 0.000000
1641922533972978267 144.613647 0.000000
1641922534039952485 72.440454 0.000000
1641922534118553375 145.570531 0.000000
1641922534191272973 73.869954 0.000000
1641922534331174147 72.408655 0.000000
1641922534333949910 144.813041 0.000000
1641922534409433277 73.348977 0.000000
1641922534675492084 72.392083 0.000000
1641922534753846212 74.490747 0.000000
1641922534760004987 74.696273 0.000000
1641922534764374417 73.180331 0.000000
1641922534766460437 75.252896 0.000000
1641922534830398754 72.392093 0.000000
1641922534908034236 72.406851 0.000000
1641922534913618624 72.414015 0.000000
1641922534981446932 144.683568 0.000000
1641922535049682284 73.421353 0.000000
1641922535116303120 74.030194 0.000000
1641922535197906098 74.506126 0.000000
1641922535275925860 144.944216 0.000000
1641922535356373903 144.832197 0.000000
1641922535359589351 72.958525 0.000000
1641922535506242321 147.549551 0.000000
1641922535581019915 144.759390 0.000000
1641922535712620309 72.458298 0.000000
1641922535765363472 144.788064 0.000000
1641922535786301790 72.450904 0.000000
1641922535794047378 144.684800 0.000000
1641922535845300318 144.696793 0.000000
1641922536001459726 145.138180 0.000000
1641922536007682190 73.156896 0.000000
1641922536046259199 144.783466 0.000000
1641922536137465118 144.658702 0.000000
1641922536223146271 147.519735 0.000000
1641922536283288472 72.409777 0.000000
1641922536410425811 72.363199 0.000000
1641922536431558262 73.237047 0.000000
1641922536497330657 74.487171 0.000000
1641922536706216177 146.339872 0.000000
1641922536775624538 72.984424 0.000000
1641922537094968834 78.069275 0.000000
1641922537235727825 145.132250 0.000000
1641922537303671932 144.845833 0.000000
1641922537310186422 144.902909 0.000000
1641922537372701000 72.646589 0.000000
1641922537406568243 72.506218 0.000000
1641922537529776006 72.416259 0.000000
1641922537574884628 72.590284 0.000000
1641922537675677086 72.448920 0.000000
1641922537677548764 144.629146 0.000000
1641922537740396417 72.598501 0.000000
1641922537821422024 72.561171 0.000000
1641922537937646277 144.886599 0.000000
1641922537961915979 72.587530 0.000000
1641922537976039141 72.449110 0.000000
1641922538108492484 72.467534 0.000000
1641922538111616711 72.382907 0.000000
1641922538162177833 74.088213 0.000000
1641922538185273715 72.421027 0.000000
1641922538198544440 72.427640 0.000000
1641922538231454938 72.435003 0.000000
1641922538234638315 72.450403 0.000000
1641922538256552822 72.512759 0.000000
1641922538320040876 72.662050 0.000000
1641922538443370367 144.732430 0.000000
1641922538452245883 72.616674 0.000000
1641922538696517782 72.483404 0.000000
1641922538705858591 145.066216 0.000000
1641922538778807378 72.474719 0.000000
1641922538809457278 72.510585 0.000000
1641922538888320070 144.798493 0.000000
1641922538958209603 146.138876 0.000000
1641922538973624958 144.793494 0.000000
1641922538990308931 144.648312 0.000000
1641922539066329786 72.612346 0.000000
1641922539102834431 144.620700 0.000000
1641922539263535553 144.759301 0.000000
1641922539358395230 72.263362 0.000000
1641922539398102468 144.635849 0.000000
1641922539464528989 144.814123 0.000000
1641922539506217952 72.648183 0.000000
1641922539554329112 144.781943 0.000000
1641922539575950099 144.708926 0.000000
1641922539726217183 73.201861 0.000000
1641922539776198089 72.968885 0.000000
1641922539871380911 145.157336 0.000000
1641922539876057878 72.452417 0.000000
1641922539941932084 72.409426 0.000000
1641922540217241450 145.102053 0.000000
1641922540240061244 72.547244 0.000000
1641922540454681703 72.478355 0.000000
1641922540630085433 72.507089 0.000000
1641922540637379616 144.666426 0.000000
1641922540648446200 72.445875 0.000000
1641922540670051026 72.503933 0.000000
1641922540729299533 72.691905 0.000000
1641922540730929277 144.788315 0.000000
1641922540793208054 144.755132 0.000000
1641922540794957013 145.367320 0.000000
1641922540817581380 72.411890 0.000000
1641922540993072074 72.752469 0.000000
1641922541158598089 72.578432 0.000000
1641922541231050686 72.448800 0.000000
1641922541255072162 72.474968 0.000000
1641922541330644337 73.372962 0.000000
1641922541391220131 73.986862 0.000000
1641922541401004361 73.908455 0.000000
1641922541472463035 72.675325 0.000000
1641922541522262109 73.980771 0.000000
1641922541596014392 72.543668 0.000000
1641922541679334689 144.841824 0.000000
1641922541695959962 72.537716 0.000000
1641922541753406942 144.792071 0.000000
1641922541839962364 144.805868 0.000000
1641922541839999223 75.715383 0.000000
1641922541911000830 146.709646 0.000000
1641922541949010816 148.630045 0.000000
1641922542036299121 74.600974 0.000000
1641922542100442052 74.853918 0.000000
1641922542187507089 144.687606 0.000000
1641922542246328595 72.392634 0.000000
1641922542396887907 146.214959 0.000000
1641922542401894141 72.379179 0.000000
1641922542475503546 73.606149 0.000000
1641922542532732647 72.520213 0.000000
1641922542542196136 145.302128 0.000000
1641922542552186031 145.188645 0.000000
1641922542689390570 75.308550 0.000000
1641922542696449001 144.597797 0.000000
1641922542762191670 72.798054 0.000000
1641922542765318131 73.719392 0.000000
1641922542836569776 72.439692 0.000000
1641922542840941621 145.086563 0.000000
1641922542900404119 144.994010 0.000000
1641922542975908676 144.720227 0.000000
1641922543045316957 72.410248 0.000000
1641922543188591994 145.451508 0.000000
1641922543190643670 73.025370 0.000000
1641922543194098145 72.946352 0.000000
1641922543203939853 73.431552 0.000000
1641922543357036050 149.770914 0.000000
1641922543481967293 72.609521 0.000000
1641922543486037653 72.667990 0.000000
1641922543499768420 73.113264 0.000000
1641922543634573131 74.219288 0.000000
1641922543650701533 146.478853 0.000000
1641922543707131236 72.549880 0.000000
1641922543786858819 76.686973 0.000000
1641922543789928703 77.688440 0.000000
1641922543846613816 72.664284 0.000000
1641922543868661853 146.151971 0.000000
1641922543996716992 73.339179 0.000000
1641922544067875773 145.714391 0.000000
1641922544161758730 73.632539 0.000000
1641922544229044642 72.397534 0.000000
1641922544234200306 72.437108 0.000000
1641922544279620002 145.819267 0.000000
1641922544287521011 72.665617 0.000000
1641922544310899192 146.873673 0.000000
1641922544364369137 74.452165 0.000000
1641922544370846448 75.540615 0.000000
1641922544387180926 72.634217 0.000000
1641922544438865605 73.458502 0.000000
1641922544533585320 74.042097 0.000000
1641922544593950309 73.251744 0.000000
1641922544601425330 145.335750 0.000000
1641922544606004063 72.414355 0.000000
1641922544824944379 73.611279 0.000000
1641922544963277664 144.797581 0.000000
1641922545022888481 144.997818 0.000000
1641922545042676431 145.258175 0.000000
1641922545212016726 72.585737 0.000000
1641922545247750937 144.888303 0.000000
1641922545250000955 72.507059 0.000000
1641922545317335528 72.551792 0.000000
1641922545498994323 144.743680 0.000000
1641922545509877794 73.057481 0.000000
1641922545539813406 72.587189 0.000000
1641922545540797460 72.609772 0.000000
1641922545647617596 72.776424 0.000000
1641922545697236443 74.453056 0.000000
1641922545767272099 145.684904 0.000000
1641922545771788886 73.392168 0.000000
1641922546149243555 73.924837 0.000000
1641922546155499612 72.531826 0.000000
1641922546214068835 72.587088 0.000000
1641922546372845389 76.327020 0.000000
1641922546450861354 72.524481 0.000000
1641922546496417976 72.646450 0.000000
1641922546578199860 72.553736 0.000000
1641922546652985360 73.547469 0.000000
1641922546721430324 72.700863 0.000000
1641922546796944250 144.851593 0.000000
1641922546864804839 144.858766 0.000000
1641922546880208752 144.722821 0.000000
1641922547025242547 72.539991 0.000000
1641922547034659508 72.490348 0.000000
1641922547077942679 145.409569 0.000000
1641922547165259398 75.715233 0.000000
1641922547245457262 72.463717 0.000000
1641922547271102613 72.694631 0.000000
1641922547388461162 72.983742 0.000000
1641922547567586959 144.893391 0.000000
1641922547674047601 72.699569 0.000000
1641922547685492855 73.435790 0.000000
1641922547756446071 145.481073 0.000000
1641922547831424343 144.717102 0.000000
1641922547973598005 144.703885 0.000000
1641922548023207244 72.650617 0.000000
1641922548106920448 145.098145 0.000000
1641922548180612288 72.630110 0.000000
1641922548262822173 72.611525 0.000000
1641922548338503252 73.452000 0.000000
1641922548415039333 73.408679 0.000000
1641922548533439385 73.401326 0.000000
1641922548619824617 74.369500 0.000000
1641922548702267800 72.354513 0.000000
1641922548765787854 145.113344 0.000000
1641922548807828005 72.567072 0.000000
1641922548843839576 72.418213 0.000000
1641922548910700301 74.427017 0.000000
1641922548981953008 145.840045 0.000000
1641922548998221953 73.443434 0.000000
1641922549057931554 72.546402 0.000000
1641922549348331416 144.799826 0.000000
1641922549351766735 72.533880 0.000000
1641922549359251495 72.462465 0.000000
1641922549410850764 145.343806 0.000000
1641922549431733717 72.478185 0.000000
1641922549553604124 144.889564 0.000000
1641922549554576126 144.766554 0.000000
1641922549557088605 145.165151 0.000000
1641922549624986965 72.637003 0.000000
1641922549869066453 145.075263 0.000000
1641922549914128298 72.684781 0.000000
1641922549921077725 145.704282 0.000000
1641922550014802264 73.361791 0.000000
1641922550079595384 72.571079 0.000000
1641922550147056965 145.786095 0.000000
1641922550159774633 72.563033 0.000000
1641922550218770286 72.514012 0.000000
1641922550232540748 72.477343 0.000000
1641922550449883189 72.429985 0.000000
1641922550501595160 144.994852 0.000000
1641922550518826188 72.487272 0.000000
1641922550723957310 144.793404 0.000000
1641922550742417893 73.885953 0.000000
1641922550745704313 75.310744 0.000000
1641922550809407780 72.515154 0.000000
1641922550864557464 72.547715 0.000000
1641922551331046451 72.446184 0.000000
1641922551394146838 73.440278 0.000000
1641922551455783621 72.519903 0.000000
1641922551472364391 72.970948 0.000000
1641922551525994877 144.817620 0.000000
1641922551617110757 144.737810 0.000000
1641922551688006165 144.803403 0.000000
1641922551764338684 72.861463 0.000000
1641922551887067530 72.585326 0.000000
1641922551958188160 72.443350 0.000000
1641922551964403760 145.576652 0.000000
1641922551983038991 72.502119 0.000000
1641922552033564868 74.023391 0.000000
1641922552122799291 144.748400 0.000000
1641922552190671492 144.898050 0.000000
1641922552204892087 73.450317 0.000000
1641922552255448632 73.323981 0.000000
1641922552335633832 72.445463 0.000000
1641922552340324755 72.408594 0.000000
1641922552402142578 145.540665 0.000000
1641922552496371833 72.626052 0.000000
1641922552500202173 144.931894 0.000000
1641922552545293573 144.847776 0.000000
1641922552610474580 72.476061 0.000000
1641922552622239643 74.846895 0.000000
1641922552683014460 72.529831 0.000000
1641922552765674570 144.608196 0.000000
1641922552772411909 72.362277 0.000000
1641922552837196212 72.387284 0.000000
1641922552838186007 72.510275 0.000000
1641922552844190793 73.446250 0.000000
1641922552846426764 72.952864 0.000000
1641922552917895977 72.478124 0.000000
1641922553354385192 145.496261 0.000000
1641922553376957482 72.585186 0.000000
1641922553493043326 146.324935 0.000000
1641922553499294384 72.390050 0.000000
1641922553556200520 144.937624 0.000000
1641922553571718286 74.314667 0.000000
1641922553576377420 72.420918 0.000000
1641922553580644608 74.525913 0.000000
1641922553665364529 72.569155 0.000000
1641922553798099220 72.888254 0.000000
1641922553809074051 72.538577 0.000000
1641922553815607107 74.129800 0.000000
1641922553847117171 73.038025 0.000000
1641922554067791648 73.466738 0.000000
1641922554142313483 73.568428 0.000000
1641922554318165263 73.326364 0.000000
1641922554377342247 73.365538 0.000000
1641922554404404903 73.154072 0.000000
1641922554455496660 74.805056 0.000000
1641922554466416438 72.489255 0.000000
1641922554505086903 72.807743 0.000000
1641922554578536539 74.334895 0.000000
1641922554597072153 73.460356 0.000000
1641922554819732372 147.888616 0.000000
1641922554869169478 72.863607 0.000000
1641922554898648935 145.525387 0.000000
1641922554984675695 145.199515 0.000000
1641922555059460383 72.395410 0.000000
1641922555188517671 144.758197 0.000000
1641922555321451395 72.431427 0.000000
1641922555329247869 72.521225 0.000000
1641922555423357961 146.321868 0.000000
1641922555522105556 72.434303 0.000000
1641922555611854594 72.465291 0.000000
1641922555756811143 72.640129 0.000000
1641922555907049593 72.490326 0.000000
1641922555919832524 72.450102 0.000000
1641922555983440583 73.174891 0.000000
1641922556057179761 72.446065 0.000000
1641922556076196797 145.215946 0.000000
1641922556123229987 72.429303 0.000000
1641922556207807601 74.649765 0.000000
1641922556222993336 145.057229 0.000000
1641922556285204426 72.404357 0.000000
1641922556349047354 72.443058 0.000000
1641922556432591511 144.653000 0.000000
1641922556539994700 72.826688 0.000000
1641922556662341029 72.655958 0.000000
1641922556711485957 72.620432 0.000000
1641922556716976419 72.409376 0.000000
1641922556734911917 72.561351 0.000000
1641922556794230095 144.783285 0.000000
1641922556835166076 74.311231 0.000000
1641922556869519629 72.992619 0.000000
1641922557006355197 144.818101 0.000000
1641922557016692463 72.461283 0.000000
1641922557087416941 72.581118 0.000000
1641922557098317232 72.455071 0.000000
1641922557155641422 72.459960 0.000000
1641922557163078462 144.720597 0.000000
1641922557240996824 75.223210 0.000000
1641922557269556988 72.562022 0.000000
1641922557394112518 148.815834 0.000000
1641922557452955645 144.923488 0.000000
1641922557460796031 72.465601 0.000000
1641922557469142686 72.467234 0.000000
1641922557560897874 144.743771 0.000000
1641922557605677029 144.877643 0.000000
1641922557672735415 73.308892 0.000000
1641922557704584303 72.391572 0.000000
1641922557706336878 145.435929 0.000000
1641922557849472835 72.443881 0.000000
1641922557888987763 72.432901 0.000000
1641922557952115802 73.522913 0.000000
1641922558102493904 74.394848 0.000000
1641922558171574540 145.809899 0.000000
1641922558206441436 74.130873 0.000000
1641922558212840029 72.440083 0.000000
1641922558316723340 72.434593 0.000000
1641922558421486360 73.076827 0.000000
1641922558429212933 73.713490 0.000000
1641922558497566557 72.435855 0.000000
1641922558578445097 73.751641 0.000000
1641922558644364508 146.003752 0.000000
1641922558719266977 74.631350 0.000000
1641922558942549142 72.490548 0.000000
1641922559004066932 74.527567 0.000000
1641922559044488740 144.841594 0.000000
1641922559076732438 72.660096 0.000000
1641922559080896113 72.604972 0.000000
1641922559163623339 72.474949 0.000000
1641922559223186976 145.188945 0.000000
1641922559227698733 72.454691 0.000000
1641922559378897754 72.487743 0.000000
1641922559531042798 73.339990 0.000000
1641922559628125582 72.630139 0.000000
1641922559669616874 72.420336 0.000000
1641922559677660902 145.571662 0.000000
1641922559679149252 72.557814 0.000000
1641922559805336199 72.549429 0.000000
1641922559816664353 72.539991 0.000000
1641922559824221478 72.594784 0.000000
1641922559877297575 72.677357 0.000000
1641922559887207521 72.545311 0.000000
1641922560110001662 144.778637 0.000000
1641922560359667571 73.152168 0.000000
1641922560579557678 72.550511 0.000000
1641922560647245504 72.578473 0.000000
1641922560793232815 73.136408 0.000000
1641922560996199952 72.578724 0.000000
1641922561059358457 144.813031 0.000000
1641922561263760673 144.867763 0.000000
1641922561270197799 73.703782 0.000000
1641922561354501059 144.735225 0.000000
1641922561355515721 72.463617 0.000000
1641922561357502766 145.584747 0.000000
1641922561572750270 72.379440 0.000000
1641922561647892399 73.529415 0.000000
1641922561650062897 74.474177 0.000000
1641922561655828033 75.824968 0.000000
1641922561732645502 149.485750 0.000000
1641922561867386483 144.823971 0.000000
1641922561869447286 73.321095 0.000000
1641922562098173997 75.261462 0.000000
1641922562318917253 75.737775 0.000000
1641922562460389191 72.437799 0.000000
1641922562664550556 144.635909 0.000000
1641922562740679844 72.471071 0.000000
1641922562885819317 145.133041 0.000000
1641922562893139328 73.090854 0.000000
1641922562968334866 72.849070 0.000000
1641922563116967045 74.319816 0.000000
1641922563117954466 74.233936 0.000000
1641922563177621518 72.436537 0.000000
1641922563184970052 72.415077 0.000000
1641922563254197113 144.804195 0.000000
1641922563263741593 74.313625 0.000000
1641922563332539238 73.745400 0.000000
1641922563392303382 74.776864 0.000000
1641922563463908951 72.718225 0.000000
1641922563623585122 146.968732 0.000000
1641922563634833847 75.011384 0.000000
1641922563692968936 145.295775 0.000000
1641922563759681273 72.473986 0.000000
1641922563835881264 74.746025 0.000000
1641922563854622924 73.355098 0.000000
1641922563911668000 73.617371 0.000000
1641922563984798929 75.340710 0.000000
1641922563989523074 144.553494 0.000000
1641922564132023340 72.456244 0.000000
1641922564357640993 145.602421 0.000000
1641922564432458131 73.612370 0.000000
1641922564436758151 72.426447 0.000000
1641922564502785394 72.650949 0.000000
1641922564850119726 144.761094 0.000000
1641922564925635404 72.532156 0.000000
1641922564957409142 72.590766 0.000000
1641922564960482322 72.541674 0.000000
1641922564961213643 144.618707 0.000000
1641922565030494234 144.902659 0.000000
1641922565067637186 72.634638 0.000000
1641922565106366881 145.150303 0.000000
1641922565158199778 72.584143 0.000000
1641922565163612163 72.795219 0.000000
1641922565176487617 145.988174 0.000000
1641922565231740114 145.311255 0.000000
1641922565243741710 72.999973 0.000000
1641922565308752748 72.564216 0.000000
1641922565474177254 73.630645 0.000000
1641922565474867387 149.717193 0.000000
1641922565509249965 72.605604 0.000000
1641922565624893750 72.992549 0.000000
1641922565655073329 73.175391 0.000000
1641922565771447123 73.295196 0.000000
1641922565833875089 72.464539 0.000000
1641922565874134512 73.286299 0.000000
1641922565898629707 72.559387 0.000000
1641922565961437265 144.662509 0.000000
1641922565965372261 144.704207 0.000000
1641922565984640568 72.586388 0.000000
1641922566057172022 144.692505 0.000000
1641922566119460607 74.202887 0.000000
1641922566264518687 72.424714 0.000000
1641922566298936471 72.624599 0.000000
1641922566411567449 144.861802 0.000000
1641922566422224084 146.676694 0.000000
1641922566425843308 149.152996 0.000000
1641922566558182137 73.159582 0.000000
1641922566572501638 72.468437 0.000000
1641922566665634197 146.068905 0.000000
1641922566701455261 144.857815 0.000000
1641922566712215561 144.939468 0.000000
1641922566751327323 74.166790 0.000000
1641922566755156039 72.646139 0.000000
1641922566806819699 72.542255 0.000000
1641922566829961416 73.909017 0.000000
1641922566857123770 144.903611 0.000000
1641922566880965179 73.209365 0.000000
1641922566898397023 74.675693 0.000000
1641922566977074198 147.103114 0.000000
1641922567103882831 73.186192 0.000000
1641922567185082122 72.496168 0.000000
1641922567341724136 146.349230 0.000000
1641922567445853388 72.492642 0.000000
1641922567512375068 72.478796 0.000000
1641922567536713318 73.602833 0.000000
1641922567706539153 73.556195 0.000000
1641922567805461236 73.346934 0.000000
1641922567839269055 73.471667 0.000000
1641922567889947838 72.549238 0.000000
1641922567899494083 145.160993 0.000000
1641922567910762324 72.510966 0.000000
1641922567950587082 72.551652 0.000000
1641922568026325378 74.670915 0.000000
1641922568118945597 74.391811 0.000000
1641922568201479731 144.690982 0.000000
1641922568464362094 72.386343 0.000000
1641922568478973572 144.747648 0.000000
1641922568497936987 72.459510 0.000000
1641922568533800531 72.470240 0.000000
1641922568538077698 72.621865 0.000000
1641922568701934074 147.998072 0.000000
1641922568703144674 72.432690 0.000000
1641922568757772118 73.837592 0.000000
1641922568773494328 72.532126 0.000000
1641922568775599504 72.448999 0.000000
1641922568777183944 72.754903 0.000000
1641922569050553605 74.493853 0.000000
1641922569051659217 74.537705 0.000000
1641922569200082305 147.442300 0.000000
1641922569210975754 147.777488 0.000000
1641922569274931544 144.714296 0.000000
1641922569280624966 72.444582 0.000000
1641922569313242324 72.525493 0.000000
1641922569346190193 73.330453 0.000000
1641922569355892869 74.801189 0.000000
1641922569360310560 73.638089 0.000000
1641922569566323105 74.197377 0.000000
1641922569571368242 144.925752 0.000000
1641922569679385672 73.985620 0.000000
1641922569696826383 145.271770 0.000000
1641922569716280869 72.471121 0.000000
1641922569770071536 73.238390 0.000000
1641922569824857988 73.670118 0.000000
1641922569872424578 72.424735 0.000000
1641922569896009957 145.996459 0.000000
1641922570088151692 72.387244 0.000000
1641922570092477390 72.423392 0.000000
1641922570159405231 144.797041 0.000000
1641922570193118124 72.551653 0.000000
1641922570216476397 72.535001 0.000000
1641922570268989899 73.773723 0.000000
1641922570428316104 72.387905 0.000000
1641922570523224883 72.558416 0.000000
1641922570558706020 72.467354 0.000000
1641922570579529943 145.790122 0.000000
1641922570621489443 72.473496 0.000000
1641922570694513691 73.020040 0.000000
1641922570765465395 72.551593 0.000000
1641922570778184626 72.708276 0.000000
1641922570794380794 72.498853 0.000000
1641922570866867415 72.481701 0.000000
1641922571066042864 72.389890 0.000000
1641922571202917785 145.484629 0.000000
1641922571324061520 73.164892 0.000000
1641922571397494675 72.426518 0.000000
1641922571436037400 72.534821 0.000000
1641922571614248352 72.599431 0.000000
1641922571837835449 72.499605 0.000000
1641922571904769071 72.438570 0.000000
1641922571905662075 73.298963 0.000000
1641922571964262778 146.518187 0.000000
1641922571987984212 73.385125 0.000000
1641922572129902116 144.910344 0.000000
1641922572220893963 73.560373 0.000000
1641922572227028952 72.539219 0.000000
1641922572268026880 72.498252 0.000000
1641922572275730269 72.456584 0.000000
1641922572364787631 72.540221 0.000000
1641922572369707703 72.904754 0.000000
1641922572589111929 73.491423 0.000000
1641922572636956260 73.700135 0.000000
1641922572644074743 72.515555 0.000000
1641922572658370730 72.644337 0.000000
1641922572664992992 72.483585 0.000000
1641922572730886705 72.507940 0.000000
1641922572786288822 73.100852 0.000000
1641922572884004472 73.567517 0.000000
1641922572933336602 72.509984 0.000000
1641922572935184846 146.264320 0.000000
1641922572950767886 72.678501 0.000000
1641922573027545599 74.859688 0.000000
1641922573028475923 74.652861 0.000000
1641922573084661569 74.373558 0.000000
1641922573149875828 73.192113 0.000000
1641922573244865629 73.446039 0.000000
1641922573295674837 72.555830 0.000000
1641922573315350056 144.874415 0.000000
1641922573364429873 72.590365 0.000000
1641922573444509847 73.594407 0.000000
1641922573471021200 147.931536 0.000000
1641922573475455592 72.522337 0.000000
1641922573520132796 72.489105 0.000000
1641922573659292941 72.514092 0.000000
1641922573662639895 72.516036 0.000000
1641922573695477116 72.547324 0.000000
1641922573727967757 144.749382 0.000000
1641922573813694775 72.447256 0.000000
1641922573843930229 72.623838 0.000000
1641922573896417152 145.492424 0.000000
1641922574092552523 72.512700 0.000000
1641922574169102169 72.531745 0.000000
1641922574177942269 74.453667 0.000000
1641922574381519088 144.822889 0.000000
1641922574391897492 72.533228 0.000000
1641922574415087149 72.447868 0.000000
1641922574464338176 72.466512 0.000000
1641922574566507735 144.671115 0.000000
1641922574599868638 145.861105 0.000000
1641922574610859769 72.559847 0.000000
1641922574625457392 73.208654 0.000000
1641922574629877517 144.590173 0.000000
1641922574754475607 72.593692 0.000000
1641922574756222531 72.885358 0.000000
1641922574833349740 74.039692 0.000000
1641922574919737397 145.146185 0.000000
1641922574974873756 73.770186 0.000000
1641922574975922241 73.711957 0.000000
1641922575134345623 145.523211 0.000000
1641922575143228685 73.530117 0.000000
1641922575253694114 73.126861 0.000000
1641922575293456244 74.573402 0.000000
1641922575327148387 73.451479 0.000000
1641922575432260392 72.744694 0.000000
1641922575438183124 144.721229 0.000000
1641922575617447100 145.240181 0.000000
1641922575768745147 72.491961 0.000000
1641922575908206276 145.313529 0.000000
1641922575993830041 72.398826 0.000000
1641922576092218322 73.635675 0.000000
1641922576130097584 75.131758 0.000000
1641922576346505845 73.892496 0.000000
1641922576349604623 72.548607 0.000000
1641922576357166567 145.615035 0.000000
1641922576372584286 72.482303 0.000000
1641922576428272961 73.458392 0.000000
1641922576432032548 72.477654 0.000000
1641922576517241325 73.557007 0.000000
1641922576647368929 72.519221 0.000000
1641922576650391445 145.944091 0.000000
1641922576662195380 72.511266 0.000000
1641922576796501146 144.805056 0.000000
1641922576856829878 145.546155 0.000000
1641922576873986006 75.493166 0.000000
1641922576941598831 72.979114 0.000000
1641922576942708020 72.918400 0.000000
1641922577019901323 144.724104 0.000000
1641922577241270833 73.562367 0.000000
1641922577315579909 145.437472 0.000000
1641922577376606228 73.445157 0.000000
1641922577459478175 145.897874 0.000000
1641922577460556707 146.994550 0.000000
1641922577899829771 72.616274 0.000000
1641922577902840014 144.585165 0.000000
1641922577958795197 72.640098 0.000000
1641922578047247374 73.874191 0.000000
1641922578184817378 72.557483 0.000000
1641922578271276389 73.604045 0.000000
1641922578396769466 145.019999 0.000000
1641922578399139188 72.529340 0.000000
1641922578406733132 72.480589 0.000000
1641922578415573082 72.365664 0.000000
1641922578552752324 73.491014 0.000000
1641922578568236367 77.568275 0.000000
1641922578636896686 73.030871 0.000000
1641922578681431894 145.069121 0.000000
1641922578784843190 144.748670 0.000000
1641922578836678852 73.199096 0.000000
1641922578861645751 73.859965 0.000000
1641922578919687135 72.457586 0.000000
1641922579261219110 72.483003 0.000000
1641922579406240732 72.488855 0.000000
1641922579437081371 145.190378 0.000000
1641922579444955811 72.340898 0.000000
1641922579492164690 145.004750 0.000000
1641922579508863761 72.438510 0.000000
1641922579590227732 72.795219 0.000000
1641922579781292498 72.565218 0.000000
1641922579784806174 144.750554 0.000000
1641922579800405424 72.502871 0.000000
1641922580001496113 72.523520 0.000000
1641922580021344206 74.560317 0.000000
1641922580071999706 72.523931 0.000000
1641922580145455303 72.465051 0.000000
1641922580161019187 72.474158 0.000000
1641922580166126430 144.778627 0.000000
1641922580369325490 74.457003 0.000000
1641922580436582559 72.690182 0.000000
1641922580439573906 73.373964 0.000000
1641922580454831254 144.980163 0.000000
1641922580588305402 73.039327 0.000000
1641922580590513951 73.954722 0.000000
1641922580672106420 72.455273 0.000000
1641922580745439478 145.004891 0.000000
1641922580746123460 74.014154 0.000000
1641922580889046818 72.486231 0.000000
1641922580898000481 72.563977 0.000000
1641922580905454022 74.371723 0.000000
1641922580951818048 144.910924 0.000000
1641922581039203075 145.132620 0.000000
1641922581090944220 145.045477 0.000000
1641922581118174280 144.827628 0.000000
1641922581241712603 72.691414 0.000000
1641922581382411663 72.608008 0.000000
1641922581456101248 72.482503 0.000000
1641922581469731096 144.745063 0.000000
1641922581487342056 72.463586 0.000000
1641922581539906926 72.402734 0.000000
1641922581618456471 144.685372 0.000000
1641922581677444559 72.664435 0.000000
1641922581698691616 73.442884 0.000000
1641922581849841674 72.380551 0.000000
1641922581975701539 73.541568 0.000000
1641922582062673852 144.624948 0.000000
1641922582117353535 73.295186 0.000000
1641922582124821743 73.445838 0.000000
1641922582214739938 145.524534 0.000000
1641922582263765292 72.632493 0.000000
1641922582267861481 144.883924 0.000000
1641922582270831027 144.823932 0.000000
1641922582286469941 72.471563 0.000000
1641922582334769013 72.531284 0.000000
1641922582416706349 144.797842 0.000000
1641922582428601355 144.812109 0.000000
1641922582481401485 73.131660 0.000000
1641922582692738119 144.574333 0.000000
1641922582717119600 72.621824 0.000000
1641922582719867741 72.441706 0.000000
1641922582766513405 73.794983 0.000000
1641922582797746900 146.123577 0.000000
1641922582837415065 72.639287 0.000000
1641922582933841318 72.412482 0.000000
1641922583067211160 72.573423 0.000000
1641922583132589527 72.910044 0.000000
1641922583160876809 72.439211 0.000000
1641922583348065450 145.173056 0.000000
1641922583374054284 72.402373 0.000000
1641922583432671407 73.580230 0.000000
1641922583449094962 72.596276 0.000000
1641922583519093679 72.542956 0.000000
1641922583585399184 72.491249 0.000000
1641922583866367317 72.662861 0.000000
1641922583946175491 75.347112 0.000000
1641922584158488877 72.471482 0.000000
1641922584173700880 73.275269 0.000000
1641922584226298741 76.358929 0.000000
1641922584304869305 73.326536 0.000000
1641922584306819581 73.055587 0.000000
1641922584313419462 73.305706 0.000000
1641922584466489250 73.190871 0.000000
1641922584606486995 73.156497 0.000000
1641922584613386357 72.481060 0.000000
1641922584685863680 72.465912 0.000000
1641922584815541922 72.518671 0.000000
1641922584818353863 72.549318 0.000000
1641922584910153815 72.544700 0.000000
1641922584983830406 72.470621 0.000000
1641922585111748068 72.432720 0.000000
1641922585185289024 73.537511 0.000000
1641922585195937684 74.179264 0.000000
1641922585254353300 72.402883 0.000000
1641922585264101833 145.351931 0.000000
1641922585349225371 146.714355 0.000000
1641922585394220200 72.630711 0.000000
1641922585427915569 75.523653 0.000000
1641922585471717553 72.483515 0.000000
1641922585481700405 72.487913 0.000000
1641922585493027487 144.716661 0.000000
1641922585499123433 72.411720 0.000000
1641922585563754018 144.934649 0.000000
1641922585616761597 73.077739 0.000000
1641922585632122880 72.847937 0.000000
1641922585701630397 73.906562 0.000000
1641922585775017645 74.555758 0.000000
1641922585785818641 75.735932 0.000000
1641922585856851527 147.794389 0.000000
1641922585997528705 73.406064 0.000000
1641922586012417564 74.032208 0.000000
1641922586200181964 72.393346 0.000000
1641922586230056230 73.530537 0.000000
1641922586420863103 72.534551 0.000000
1641922586434531333 72.536925 0.000000
1641922586452901377 144.664433 0.000000
1641922586507426259 72.889566 0.000000
1641922586521534664 146.663579 0.000000
1641922586523159650 72.608679 0.000000
1641922586525921748 144.602957 0.000000
1641922586641698703 145.470273 0.000000
1641922586655516944 72.472504 0.000000
1641922586794581219 75.118445 0.000000
1641922586889035817 75.642646 0.000000
1641922587009016361 73.446681 0.000000
1641922587025871445 72.649235 0.000000
1641922587031068366 72.438009 0.000000
1641922587033914982 144.875919 0.000000
1641922587080599939 72.482964 0.000000
1641922587114537603 74.671726 0.000000
1641922587173027488 72.529701 0.000000
1641922587399360322 73.452622 0.000000
1641922587615844464 144.771774 0.000000
1641922587740532262 75.539934 0.000000
1641922587882348876 72.456714 0.000000
1641922587900538582 72.601386 0.000000
1641922587957710887 144.865018 0.000000
1641922587988558067 73.262906 0.000000
1641922587991971025 72.524071 0.000000
1641922588048216342 72.867885 0.000000
1641922588060508052 72.667439 0.000000
1641922588103387787 72.608619 0.000000
1641922588128602911 144.784758 0.000000
1641922588201134175 72.526064 0.000000
1641922588215897948 73.483288 0.000000
1641922588266695435 74.001060 0.000000
1641922588394061613 73.248840 0.000000
1641922588434357545 72.548898 0.000000
1641922588543771332 72.682708 0.000000
1641922588561084805 72.405008 0.000000
1641922588579996974 72.552876 0.000000
1641922588616971290 73.188827 0.000000
1641922588634568484 75.356449 0.000000
1641922588682429746 72.787735 0.000000
1641922588782157699 73.489801 0.000000
1641922588801730447 74.661738 0.000000
1641922588974670420 146.042897 0.000000
1641922589067350000 73.140166 0.000000
1641922589087344929 73.130237 0.000000
1641922589158636821 144.716150 0.000000
1641922589270704713 73.316847 0.000000
1641922589287188070 72.726330 0.000000
1641922589312918820 72.618217 0.000000
1641922589451564000 145.710152 0.000000
1641922589806435169 75.070895 0.000000
1641922589876874863 72.491049 0.000000
1641922590002913131 144.825464 0.000000
1641922590019620168 72.587269 0.000000
1641922590143126922 144.692205 0.000000
1641922590149974206 73.601199 0.000000
1641922590178097662 72.779490 0.000000
1641922590395709047 72.594203 0.000000
1641922590465032589 73.502184 0.000000
1641922590467230529 74.554036 0.000000
1641922590656802858 72.510776 0.000000
1641922590729741646 72.812401 0.000000
1641922590754950378 72.407182 0.000000
1641922590905128916 148.941088 0.000000
1641922591033924944 72.373909 0.000000
1641922591036417516 72.476952 0.000000
1641922591052690750 72.485158 0.000000
1641922591114176640 72.426959 0.000000
1641922591119653015 72.439743 0.000000
1641922591122065467 72.690072 0.000000
1641922591193135573 72.478997 0.000000
1641922591206725716 145.957546 0.000000
1641922591265168723 144.546291 0.000000
1641922591414031094 75.292179 0.000000
1641922591566536784 145.163118 0.000000
1641922591641206828 74.583691 0.000000
1641922591644109609 73.706448 0.000000
1641922591648521839 74.318474 0.000000
1641922591709952947 73.250552 0.000000
1641922591721606892 146.195984 0.000000
1641922591759124005 72.771044 0.000000
1641922591927004493 72.546202 0.000000
1641922591980820928 146.009773 0.000000
1641922592005849974 73.457020 0.000000
1641922592073159520 73.072148 0.000000
1641922592368355302 144.832888 0.000000
1641922592372644031 72.658363 0.000000
1641922592377988990 72.331059 0.000000
1641922592533277686 74.430023 0.000000
1641922592580877849 72.508832 0.000000
1641922592638955622 72.435796 0.000000
1641922592726088636 72.728875 0.000000
1641922592853304312 144.880146 0.000000
1641922592857800209 72.574034 0.000000
1641922593029075482 72.424024 0.000000
1641922593036487004 72.494515 0.000000
1641922593108971931 72.475088 0.000000
1641922593143352625 144.950879 0.000000
1641922593181538231 72.557323 0.000000
1641922593183850786 144.700209 0.000000
1641922593391820660 145.079781 0.000000
1641922593410803992 147.542667 0.000000
1641922593538720853 145.871044 0.000000
1641922593601811211 74.051554 0.000000
1641922593603947485 74.059759 0.000000
1641922593629846942 73.456148 0.000000
1641922593746696227 72.464349 0.000000
1641922593907042684 73.376860 0.000000
1641922593967333264 73.115510 0.000000
1641922593967420267 144.659744 0.000000
1641922593987978933 72.750135 0.000000
1641922594047529135 73.418387 0.000000
1641922594110825449 144.622484 0.000000
1641922594139742923 145.949892 0.000000
1641922594206734623 72.820206 0.000000
1641922594215957561 74.459609 0.000000
1641922594280543452 72.585886 0.000000
1641922594286746108 145.255340 0.000000
1641922594331595686 73.359236 0.000000
1641922594342954637 72.458287 0.000000
1641922594431973537 73.047462 0.000000
1641922594549124226 72.789429 0.000000
1641922594619430260 73.251334 0.000000
1641922594649454849 72.372687 0.000000
1641922594651768085 73.615918 0.000000
1641922594691722506 73.304283 0.000000
1641922594840891372 72.420607 0.000000
1641922594997224927 72.432339 0.000000
1641922594998144551 73.286951 0.000000
1641922595015704606 72.699279 0.000000
1641922595070864409 72.714488 0.000000
1641922595084935223 72.637514 0.000000
1641922595092194230 72.508853 0.000000
1641922595144602395 72.614981 0.000000
1641922595351252224 145.430678 0.000000
1641922595417017616 72.527197 0.000000
1641922595436285052 73.503106 0.000000
1641922595577915728 72.540372 0.000000
1641922595670751261 72.645358 0.000000
1641922595705896047 72.771805 0.000000
1641922595887755659 72.539650 0.000000
1641922595947647782 72.708747 0.000000
1641922595960233924 72.467795 0.000000
1641922596014094902 146.309656 0.000000
1641922596033623888 72.542195 0.000000
1641922596181989167 73.230615 0.000000
1641922596183024608 73.290117 0.000000
1641922596185224271 72.384680 0.000000
1641922596228698650 72.478817 0.000000
1641922596472326853 72.613428 0.000000
1641922596552658669 147.360737 0.000000
1641922596594029425 72.623807 0.000000
1641922596616909322 73.498297 0.000000
1641922596838773189 72.973514 0.000000
1641922596877699183 72.750075 0.000000
1641922596952301309 72.526586 0.000000
1641922597099393282 74.523480 0.000000
1641922597106847704 72.476983 0.000000
1641922597173053121 72.579575 0.000000
1641922597185319503 75.228610 0.000000
1641922597208204339 73.855466 0.000000
1641922597245535774 72.478465 0.000000
1641922597464709018 73.246505 0.000000
1641922597465876827 74.288909 0.000000
1641922597573770635 74.515704 0.000000
1641922597609391164 72.833782 0.000000
1641922597678084173 72.997849 0.000000
1641922597716423056 72.620531 0.000000
1641922597749271939 145.049384 0.000000
1641922597793089400 144.656266 0.000000
1641922597838822986 73.496955 0.000000
1641922597860704030 145.139102 0.000000
1641922597903438693 73.327266 0.000000
1641922598051197736 73.302720 0.000000
1641922598199222407 145.583235 0.000000
1641922598238447501 146.164895 0.000000
1641922598268942001 73.716896 0.000000
1641922598424904641 72.573333 0.000000
1641922598447747849 72.511988 0.000000
1641922598500844625 145.455486 0.000000
1641922598670319392 72.618177 0.000000
1641922598711822938 72.819595 0.000000
1641922598745055249 72.532527 0.000000
1641922598793309377 72.471973 0.000000
1641922598810945726 72.587179 0.000000
1641922598883308895 144.927445 0.000000
1641922598941315303 72.478335 0.000000
1641922598958572110 144.814133 0.000000
1641922599104500842 145.080151 0.000000
1641922599143893621 72.639247 0.000000
1641922599432178148 73.450287 0.000000
1641922599508991729 73.421943 0.000000
1641922599518987566 73.229203 0.000000
1641922599539927536 145.033494 0.000000
1641922599593370912 73.494339 0.000000
1641922599664818485 73.301738 0.000000
1641922599696832423 144.712453 0.000000
1641922599739200649 72.407012 0.000000
1641922599739721525 72.914332 0.000000
1641922600057924252 72.464990 0.000000
1641922600087715252 72.657290 0.000000
1641922600130449164 72.515805 0.000000
1641922600140879285 75.320693 0.000000
1641922600236642646 73.183748 0.000000
1641922600353228086 72.539891 0.000000
1641922600381158479 72.683280 0.000000
1641922600424532611 144.874997 0.000000
1641922600464602158 72.393416 0.000000
1641922600471840416 72.452106 0.000000
1641922600494423636 72.555020 0.000000
1641922600650441680 147.563456 0.000000
1641922600682788883 144.794807 0.000000
1641922600713891452 72.551352 0.000000
1641922600748080006 72.549819 0.000000
1641922600797740982 72.458789 0.000000
1641922600859947533 73.337205 0.000000
1641922601040903040 145.655379 0.000000
1641922601044614838 72.535032 0.000000
1641922601087483733 144.751917 0.000000
1641922601113302528 72.805930 0.000000
1641922601115854181 73.386468 0.000000
1641922601189556089 73.696569 0.000000
1641922601234731277 72.462285 0.000000
1641922601339892794 72.564576 0.000000
1641922601559742615 74.213537 0.000000
1641922601696103203 72.587670 0.000000
1641922601705390351 145.641976 0.000000
1641922601780605476 72.524341 0.000000
1641922601840099934 72.605393 0.000000
1641922601965981741 145.155794 0.000000
1641922602002160164 72.424384 0.000000
1641922602066546201 72.526646 0.000000
1641922602115136179 73.330903 0.000000
1641922602144168217 147.002875 0.000000
1641922602146386766 148.028769 0.000000
1641922602147824991 72.660918 0.000000
1641922602188634626 145.772299 0.000000
1641922602215714174 72.422391 0.000000
1641922602364353849 145.301979 0.000000
1641922602371249083 72.426218 0.000000
1641922602401319106 72.727142 0.000000
1641922602429441921 72.619660 0.000000
1641922602522270781 149.162002 0.000000
1641922602522293073 74.524290 0.000000
1641922602580247564 145.402135 0.000000
1641922602807955436 146.478213 0.000000
1641922602915443654 72.805659 0.000000
1641922603060873752 72.790841 0.000000
1641922603090556480 72.621835 0.000000
1641922603140044381 75.026792 0.000000
1641922603164043485 72.502720 0.000000
1641922603170785493 72.410969 0.000000
1641922603212507628 72.459600 0.000000
1641922603277917113 145.628951 0.000000
1641922603320707840 145.575370 0.000000
1641922603323172731 72.447748 0.000000
1641922603349592603 144.781562 0.000000
1641922603355563996 72.508972 0.000000
1641922603389396311 74.143316 0.000000
1641922603396280165 144.778315 0.000000
1641922603430989315 72.519963 0.000000
1641922603534603252 72.713957 0.000000
1641922603543961643 72.459961 0.000000
1641922603571980472 147.162015 0.000000
1641922603573052562 144.970887 0.000000
1641922603607206030 72.593060 0.000000
1641922603613412984 72.391603 0.000000
1641922603680696713 72.622536 0.000000
1641922603829272346 73.692972 0.000000
1641922603897324565 144.942855 0.000000
1641922603907985127 73.346443 0.000000
1641922603970865051 72.436486 0.000000
1641922604079837602 144.600573 0.000000
1641922604087536713 72.537095 0.000000
1641922604088459894 72.710631 0.000000
1641922604198729406 145.793569 0.000000
1641922604224722558 72.486421 0.000000
1641922604455323532 72.404026 0.000000
1641922604483894196 72.555410 0.000000
