1658859799101864594 0.000000 664.964579 665 80 0.000000
1658859800102055690 0.000000 800.846929 801 80 0.000000
1658859801102220679 0.000000 784.870536 785 80 0.000000
1658859802102403612 0.000000 796.854165 797 80 0.000000
1658859803102649504 0.000000 791.805365 792 80 0.000000
1658859804102830836 0.000000 831.849126 832 80 0.000000
1658859805103056692 0.000000 816.815476 817 80 0.000000
1658859806103307296 0.000000 781.804116 782 80 0.000000
1658859807103479243 0.000000 794.863334 795 80 0.000000
1658859808103666319 0.000000 805.849197 806 80 0.000000
1658859809103960346 0.000000 816.759850 817 80 0.000000
1658859810104210142 0.000000 791.802211 792 80 0.000000
1658859811104469106 0.000000 796.793652 797 80 0.000000
1658859812104758037 0.000000 799.768930 800 80 0.000000
1658859813105023253 0.000000 843.776267 844 80 0.000000
1658859814104419036 100.464271 794.480063 794 80 0.000000
1658859815104992061 103.830830 768.559581 769 80 0.000000
1658859816108006922 97.625433 821.523230 824 80 0.000000
1658859817108732463 98.624754 814.409121 815 80 0.000000
1658859818110423080 104.474308 762.710549 764 80 0.000000
1658859819112970730 102.888595 777.020400 779 80 0.000000
1658859820113964466 102.311469 779.225680 780 80 0.000000
1658859821112782164 102.335659 789.933869 789 80 0.000000
1658859822117542363 104.112786 752.418339 756 80 0.000000
1658859823118317573 102.528660 791.386549 792 80 0.000000
1658859824120165840 98.038980 813.496401 815 80 0.000000
1658859825122227236 99.147041 816.317320 818 80 0.000000
1658859826124878887 98.520369 795.889555 798 80 0.000000
1658859827119549626 102.778499 793.227315 789 80 0.000000
1658859828122409869 98.386217 813.672724 816 80 0.000000
1658859829129623963 99.841742 796.255736 802 80 0.000000
1658859830130972360 102.257658 778.949643 780 80 0.000000
1658859831130116397 100.054701 797.682771 797 80 0.000000
1658859832134438025 101.547449 794.566220 798 80 0.000000
1658859833132070467 98.102761 809.917502 808 80 0.000000
1658859834138520667 103.636465 775.001081 780 80 0.000000
1658859835139521549 98.589002 798.201039 799 80 0.000000
1658859836141554161 100.069482 811.350928 813 80 0.000000
1658859837140551178 99.859867 799.802164 799 80 0.000000
1658859838145052677 100.177307 796.414963 800 80 0.000000
1658859839145861654 100.140223 804.349300 805 80 0.000000
1658859840145574832 102.607305 769.220576 769 80 0.000000
1658859841150647032 100.974141 800.937477 805 80 0.000000
1658859842152591584 101.014281 806.431916 808 80 0.000000
1658859843154022416 102.961320 763.906985 765 80 0.000000
1658859844152477305 101.828169 782.208521 781 80 0.000000
1658859845151755825 99.125626 819.591393 819 80 0.000000
1658859846154791871 102.695739 768.666263 771 80 0.000000
1658859847161253333 102.471161 784.928224 790 80 0.000000
1658859848162563223 100.212631 794.958715 796 80 0.000000
1658859849164287529 105.661365 751.703765 753 80 0.000000
1658859850166006947 101.104139 803.618317 805 80 0.000000
1658859851166197967 102.547638 776.851583 777 80 0.000000
1658859852168098805 104.025197 764.546682 766 80 0.000000
1658859853172443834 107.425061 751.733733 755 80 0.000000
1658859854173341659 103.657223 761.316501 762 80 0.000000
1658859855174117767 102.378435 794.383441 795 80 0.000000
1658859856176735659 101.620412 775.968621 778 80 0.000000
1658859857178376335 103.361076 780.719093 782 80 0.000000
1658859858177707343 97.887323 808.540907 808 80 0.000000
1658859859175116578 104.512078 779.018253 777 80 0.000000
1658859860184170467 100.424893 780.929551 788 80 0.000000
1658859861184028082 103.756238 773.110079 773 80 0.000000
1658859862188100439 100.427870 791.775583 795 80 0.000000
1658859863189558427 98.900454 828.791573 830 80 0.000000
1658859864191009765 102.455135 760.895692 762 80 0.000000
1658859865192647491 105.169163 773.732907 775 80 0.000000
1658859866193688181 102.340587 769.199470 770 80 0.000000
1658859867197642862 106.761755 756.010252 759 80 0.000000
1658859868196350912 100.204028 791.021937 790 80 0.000000
1658859869201286468 102.701841 785.124995 789 80 0.000000
1658859870193303099 101.991780 786.277109 780 80 0.000000
1658859871204469987 100.894765 794.132017 803 80 0.000000
1658859872205232582 101.945272 779.405590 780 80 0.000000
1658859873205849275 101.248229 785.515649 786 80 0.000000
1658859874203528095 100.023090 814.891444 813 80 0.000000
1658859875209444560 97.677189 811.200601 816 80 0.000000
1658859876209626442 99.509743 800.854339 801 80 0.000000
1658859877214435547 102.277873 789.204593 793 80 0.000000
1658859878215930716 99.905903 791.816172 793 80 0.000000
1658859879218319958 100.170575 801.086012 803 80 0.000000
1658859880218043976 97.927146 808.223055 808 80 0.000000
1658859881221706941 98.843908 821.989058 825 80 0.000000
1658859882219759927 99.864552 802.562593 801 80 0.000000
1658859883225551252 98.382050 807.324545 812 80 0.000000
1658859884227193912 101.564063 792.697868 794 80 0.000000
1658859885228807698 100.134665 797.712639 799 80 0.000000
1658859886230697440 98.544577 809.470310 811 80 0.000000
1658859887232279488 99.627485 804.726883 806 80 0.000000
1658859888234529596 98.099935 821.152343 823 80 0.000000
1658859889234566616 99.311468 785.970880 786 80 0.000000
1658859890237190815 96.818830 842.788364 845 80 0.000000
1658859891236826366 98.006699 819.298576 819 80 0.000000
1658859892239728315 97.290806 820.618639 823 80 0.000000
1658859893241557499 98.517009 807.522900 809 80 0.000000
1658859894244842285 98.487582 814.325108 817 80 0.000000
1658859895247195531 97.498037 818.074860 820 80 0.000000
1658859896247598901 96.515914 832.664137 833 80 0.000000
1658859897251017790 98.353073 813.219668 816 80 0.000000
1658859898248265901 94.978186 838.306885 836 80 0.000000
1658859899254826617 96.779340 830.551066 836 80 0.000000
1658859900250458478 99.837566 804.514230 801 80 0.000000
1658859901256422589 98.121264 812.156210 817 80 0.000000
1658859902260337358 94.196962 826.763388 830 80 0.000000
1658859903256642430 95.313057 859.174537 856 80 0.000000
1658859904264176839 96.889867 814.860548 821 80 0.000000
1658859905262224520 99.594538 813.588384 812 80 0.000000
1658859906267734485 97.644428 816.501132 821 80 0.000000
1658859907269768220 92.848464 854.262622 856 80 0.000000
1658859908271276404 96.482495 840.732063 842 80 0.000000
1658859909270758479 97.338812 820.424910 820 80 0.000000
1658859910275645702 97.847228 812.031422 816 80 0.000000
1658859911274402794 99.063740 812.009228 811 80 0.000000
1658859912279206272 98.930422 813.094327 817 80 0.000000
1658859913279110910 94.240870 834.079556 834 80 0.000000
1658859914280438279 100.085127 814.918286 816 80 0.000000
1658859915284378865 95.921556 824.750026 828 80 0.000000
1658859916286434688 100.040405 795.364863 797 80 0.000000
1658859917282832251 97.086464 836.011612 833 80 0.000000
1658859918289227378 96.995263 828.700422 834 80 0.000000
1658859919291428525 97.307251 812.212202 814 80 0.000000
1658859920287483389 99.771673 807.184380 804 80 0.000000
1658859921294875612 96.603981 819.938903 826 80 0.000000
1658859922292127225 95.629003 836.298471 834 80 0.000000
1658859923296596194 101.017045 792.458449 796 80 0.000000
1658859924298215676 100.961391 800.703259 802 80 0.000000
1658859925302736563 97.558827 811.332156 815 80 0.000000
1658859926304403534 97.760028 818.635359 820 80 0.000000
1658859927301742884 101.630348 791.104845 789 80 0.000000
1658859928302987337 97.203791 824.973368 826 80 0.000000
1658859929308925276 98.304098 808.200880 813 80 0.000000
1658859930311314210 96.573650 837.000536 839 80 0.000000
1658859931312254555 96.329217 829.220155 830 80 0.000000
1658859932310670461 95.384392 829.313728 828 80 0.000000
1658859933316154324 100.591319 805.582369 810 80 0.000000
1658859934318272844 97.175551 818.266388 820 80 0.000000
1658859935320199897 102.551265 778.499883 780 80 0.000000
1658859936315494198 96.222633 829.905259 826 80 0.000000
1658859937321433955 101.215962 793.288021 798 80 0.000000
1658859938323788950 97.129438 817.075865 819 80 0.000000
1658859939323731935 98.550184 819.046665 819 80 0.000000
1658859940324937331 97.405100 812.021193 813 80 0.000000
1658859941330001474 101.282172 791.989277 796 80 0.000000
1658859942332578325 100.366111 788.966950 791 80 0.000000
1658859943331516043 97.073714 838.891114 838 80 0.000000
1658859944333459312 98.714153 803.438646 805 80 0.000000
1658859945336721246 101.672829 796.402268 799 79 0.000000
1658859946339855572 102.747510 777.562864 780 80 0.000000
1658859947340031437 95.838583 830.853849 831 80 0.000000
1658859948344318500 102.038098 798.576404 802 80 0.000000
1658859949345729636 95.490052 828.830491 830 80 0.000000
1658859950347021439 101.752511 773.001349 774 80 0.000000
1658859951348795174 102.162498 788.601310 790 80 0.000000
1658859952346522764 100.988296 793.803759 792 80 0.000000
1658859953346568600 97.708229 820.962445 821 80 0.000000
1658859954353873889 100.517038 793.205397 799 80 0.000000
1658859955353232580 97.692388 816.523677 816 80 0.000000
1658859956357593275 96.157398 839.339895 843 80 0.000000
1658859957359725934 95.109151 829.231540 831 80 0.000000
1658859958359963691 101.289419 808.807700 809 80 0.000000
1658859959363287980 98.313014 799.342746 802 80 0.000000
1658859960364586280 97.154157 826.926368 828 80 0.000000
1658859961360175046 102.671281 779.438309 776 80 0.000000
1658859962368931894 99.079719 806.933803 814 80 0.000000
1658859963371352594 0.000000 817.022242 819 80 0.000000
1658859964371503231 0.000000 823.875893 824 80 0.000000
1658859965371682702 0.000000 795.857087 796 80 0.000000
1658859966371923279 0.000000 792.809348 793 80 0.000000
1658859967372093563 0.000000 817.860731 818 80 0.000000
1658859968372251556 0.000000 808.872204 809 80 0.000000
1658859969372433244 0.000000 815.851737 816 80 0.000000
1658859970372623848 0.000000 841.839508 842 80 0.000000
1658859971372869556 0.000000 846.792004 847 80 0.000000
1658859972373025216 0.000000 796.875966 797 80 0.000000
1658859973373133257 0.000000 851.907959 852 80 0.000000
1658859974373324315 0.000000 839.839433 840 80 0.000000
1658859975373620318 0.000000 848.748792 849 80 0.000000
1658859976373868324 0.000000 784.805435 785 80 0.000000
1658859977374051848 0.000000 816.850007 817 80 0.000000
