1652283093961754520 0.000000 668.947194 669 80 0.000000
1652283094961943395 0.000000 764.855538 765 80 0.000000
1652283095962114157 0.000000 779.866836 780 80 0.000000
1652283096962288685 0.000000 808.858831 809 80 0.000000
1652283097962476047 0.000000 795.850887 796 80 0.000000
1652283098962655225 0.000000 766.862596 767 80 0.000000
1652283099962800909 0.000000 797.883785 798 80 0.000000
1652283100962994143 0.000000 789.847304 790 80 0.000000
1652283101963227081 0.000000 784.817257 785 80 0.000000
1652283102963380370 0.000000 779.880453 780 80 0.000000
1652283103963537776 0.000000 782.876692 783 80 0.000000
1652283104963797905 0.000000 772.799027 773 80 0.000000
1652283105963899006 0.000000 781.920970 782 80 0.000000
1652283106964064177 0.000000 765.873416 766 80 0.000000
1652283107964297736 0.000000 769.820286 770 80 0.000000
1652283108959099505 99.355862 795.133191 791 80 0.000000
1652283109966293295 101.219999 791.307563 797 80 0.000000
1652283110966770743 99.533865 806.614859 807 80 0.000000
1652283111969938593 102.535985 782.521145 785 80 0.000000
1652283112970754897 101.540776 781.362171 782 80 0.000000
1652283113970512452 102.068973 790.191554 790 80 0.000000
1652283114969923767 98.765769 801.471766 801 80 0.000000
1652283115972554839 103.089251 793.911234 796 80 0.000000
1652283116971746001 99.143475 787.637071 787 80 0.000000
1652283117980821485 96.863462 838.391186 846 80 0.000000
1652283118982295044 100.265801 786.840552 788 80 0.000000
1652283119983243426 99.363687 815.226788 816 80 0.000000
1652283120986055468 98.781662 812.714677 815 80 0.000000
1652283121986951051 97.033940 820.265384 821 80 0.000000
1652283122986545349 96.442434 825.334757 825 80 0.000000
1652283123991511326 100.872937 795.051862 799 80 0.000000
1652283124991725540 98.845020 807.826888 808 80 0.000000
1652283125991894487 100.157580 795.865549 796 80 0.000000
1652283126996370709 100.424314 805.394938 809 80 0.000000
1652283127994698304 94.634947 832.392021 831 80 0.000000
1652283128999759133 99.505260 818.855984 823 80 0.000000
1652283130000863353 97.839693 810.105441 811 80 0.000000
1652283130999888347 99.404152 808.788574 808 80 0.000000
1652283132004638092 98.442557 816.123645 820 80 0.000000
1652283133004079269 98.377681 812.453953 812 80 0.000000
1652283134007710323 99.325347 799.098494 802 80 0.000000
1652283135008966408 103.613172 771.031488 772 80 0.000000
1652283136011193716 101.036925 785.251035 787 80 0.000000
1652283137010544622 100.212425 810.526082 810 80 0.000000
1652283138013711264 101.090083 783.518900 786 80 0.000000
1652283139016101819 100.219197 802.082578 804 80 0.000000
1652283140013996421 99.467720 806.698340 805 80 0.000000
1652283141017130393 100.588695 799.494479 802 80 0.000000
1652283142019066765 99.510497 793.463536 795 80 0.000000
1652283143021973319 97.998446 816.626390 819 80 0.000000
1652283144022373536 100.085514 793.682418 794 80 0.000000
1652283145023796885 96.245209 845.796120 847 80 0.000000
1652283146021517360 100.361246 791.804931 790 80 0.000000
1652283147029859792 99.446327 799.331662 806 80 0.000000
1652283148030313740 99.736114 810.632015 811 80 0.000000
1652283149030129761 97.415204 825.151794 825 80 0.000000
1652283150031992765 97.476524 807.495624 809 80 0.000000
1652283151035702778 100.548378 794.054073 797 80 0.000000
1652283152036977708 96.125745 832.938021 834 80 0.000000
1652283153039912195 102.682442 784.697355 787 80 0.000000
1652283154041351864 99.071526 803.842740 805 80 0.000000
1652283155042780794 96.414687 823.822791 825 80 0.000000
1652283156042306650 99.046034 819.388451 819 80 0.000000
1652283157046450978 102.180221 783.751945 787 80 0.000000
1652283158048856562 98.995554 802.070552 804 80 0.000000
1652283159046253299 98.234784 815.121895 813 80 0.000000
1652283160050562738 98.495769 818.472906 822 80 0.000000
1652283161052911144 99.170620 808.102191 810 80 0.000000
1652283162054878355 97.590658 818.390128 820 80 0.000000
1652283163057563904 100.919836 790.876064 793 80 0.000000
1652283164056624295 102.308431 774.727879 774 80 0.000000
1652283165061117129 101.087882 800.403983 804 80 0.000000
1652283166062462331 101.429753 787.940054 789 80 0.000000
1652283167063955142 100.384731 786.825426 788 80 0.000000
1652283168065268143 102.026425 787.965401 789 80 0.000000
1652283169064785583 96.304710 838.404513 838 80 0.000000
1652283170069217763 97.017847 829.324343 833 80 0.000000
1652283171071619469 102.163780 774.140726 776 80 0.000000
1652283172071578348 99.483841 805.033096 805 80 0.000000
1652283173074928326 98.168443 811.282230 814 80 0.000000
1652283174073843665 100.171637 799.867521 799 80 0.000000
1652283175075458223 102.366049 785.731454 787 79 0.000000
1652283176077166528 100.723105 792.645919 794 80 0.000000
1652283177081783545 99.932503 798.314170 802 80 0.000000
1652283178083903392 97.571671 807.288663 809 80 0.000000
1652283179085712296 98.664570 823.510373 825 80 0.000000
1652283180087224131 99.131391 796.795361 798 80 0.000000
1652283181089253910 99.666347 811.353157 813 80 0.000000
1652283182089754757 99.193857 814.592014 815 80 0.000000
1652283183090915413 98.549779 801.070233 802 80 0.000000
1652283184090847842 101.108052 794.053623 794 80 0.000000
1652283185094147024 101.139843 787.402217 790 80 0.000000
1652283186096915069 100.846706 810.755775 813 80 0.000000
1652283187098455258 95.497602 822.732893 824 80 0.000000
1652283188095999252 99.669989 806.981919 805 80 0.000000
1652283189097715963 96.788935 821.589528 823 80 0.000000
1652283190101267379 99.124889 817.098210 820 80 0.000000
1652283191105743912 99.168084 790.461450 794 80 0.000000
1652283192105798942 100.834486 807.955554 808 80 0.000000
1652283193106760094 100.468634 792.238467 793 80 0.000000
1652283194110745916 96.503083 837.661315 841 80 0.000000
1652283195112425567 96.722553 812.635049 814 80 0.000000
1652283196111997039 97.426751 822.352319 822 80 0.000000
1652283197116504210 105.204187 764.554108 768 80 0.000000
1652283198117397665 98.629925 804.281387 805 80 0.000000
1652283199119160422 98.664710 811.569425 813 80 0.000000
1652283200120254994 97.626824 830.091364 831 80 0.000000
1652283201120000393 98.505376 803.204489 803 80 0.000000
1652283202123466890 97.855718 817.167349 820 80 0.000000
1652283203126102256 99.005837 796.899853 799 80 0.000000
1652283204125451991 99.197797 810.527025 810 80 0.000000
1652283205128071107 99.886729 816.860572 819 80 0.000000
1652283206129029624 99.534651 806.227250 807 80 0.000000
1652283207133484247 99.644918 795.456533 799 80 0.000000
1652283208134541920 100.248168 799.154764 800 80 0.000000
1652283209135961863 99.939620 793.872730 795 80 0.000000
1652283210138308297 98.683227 811.096823 813 80 0.000000
1652283211139128615 97.743747 806.338473 807 80 0.000000
1652283212141335165 101.248170 802.229848 804 80 0.000000
1652283213143097382 97.088183 810.571597 812 80 0.000000
1652283214144305077 97.055951 849.973559 851 80 0.000000
1652283215146599513 101.185506 774.223570 776 80 0.000000
1652283216146809765 98.137648 828.825763 829 80 0.000000
1652283217150166336 97.666338 819.250031 822 80 0.000000
1652283218149245213 97.647913 818.754247 818 80 0.000000
1652283219151748611 101.352634 791.019763 793 80 0.000000
1652283220155048986 99.180071 798.365096 801 80 0.000000
1652283221157396031 96.005618 826.061164 828 80 0.000000
1652283222159012795 95.920456 849.626414 851 80 0.000000
1652283223160308626 95.114830 829.924550 831 80 0.000000
1652283224162398978 99.577348 803.320753 805 80 0.000000
1652283225161248254 98.014088 818.942327 818 80 0.000000
1652283226164671842 95.345196 838.130679 841 80 0.000000
1652283227168145001 97.103745 829.120333 832 80 0.000000
1652283228169721229 97.591428 814.715822 816 80 0.000000
1652283229171212106 98.596803 811.789640 813 80 0.000000
1652283230169169176 98.201165 810.656162 809 80 0.000000
1652283231174967653 99.152833 806.324571 811 80 0.000000
1652283232176780315 98.618252 811.528972 813 80 0.000000
1652283233178947953 98.690241 814.235033 816 80 0.000000
1652283234180430735 96.998913 822.779923 824 80 0.000000
1652283235181888400 96.637620 824.797795 826 80 0.000000
1652283236181327224 97.082848 835.468845 835 80 0.000000
1652283237186112157 98.330745 813.109254 817 80 0.000000
1652283238186312491 98.096610 808.838035 809 80 0.000000
1652283239189311821 100.029546 797.607711 800 80 0.000000
1652283240191673374 100.420382 810.086937 812 80 0.000000
1652283241193237749 101.913758 769.795751 771 80 0.000000
1652283242191896769 99.022661 822.102415 821 80 0.000000
1652283243194508301 97.945337 809.884943 812 80 0.000000
1652283244193158002 98.941516 814.099220 813 80 0.000000
1652283245199324020 100.467243 794.103599 799 80 0.000000
1652283246201523388 98.780384 799.242196 801 80 0.000000
1652283247202465184 102.098993 773.271659 774 80 0.000000
1652283248200325473 97.694265 841.801210 840 80 0.000000
1652283249205268394 98.127464 809.996334 814 80 0.000000
1652283250206073323 100.522649 792.362172 793 80 0.000000
1652283251209526135 98.764495 803.226642 806 80 0.000000
1652283252206586883 100.410796 804.364205 802 80 0.000000
1652283253213306391 99.482839 797.640274 803 80 0.000000
1652283254215337643 103.755956 778.418820 780 80 0.000000
1652283255216890707 97.361587 821.723802 823 80 0.000000
1652283256218634670 95.852033 839.535829 841 80 0.000000
1652283257221038142 99.029443 809.055459 811 80 0.000000
1652283258222999884 0.000000 829.373026 831 80 0.000000
1652283259223195148 0.000000 828.838115 829 80 0.000000
1652283260223503876 0.000000 790.755872 791 80 0.000000
1652283261223762470 0.000000 795.794253 796 80 0.000000
1652283262223883706 0.000000 820.900436 821 80 0.000000
1652283263224146708 0.000000 805.788108 806 80 0.000000
1652283264224370887 0.000000 792.822234 793 79 0.000000
1652283265224617778 0.000000 810.799869 811 80 0.000000
1652283266224799087 0.000000 838.847884 839 80 0.000000
1652283267225010953 0.000000 838.822256 839 80 0.000000
1652283268225265119 0.000000 823.790629 824 80 0.000000
1652283269225521648 0.000000 807.792809 808 80 0.000000
1652283270225710311 0.000000 837.841889 838 80 0.000000
1652283271225963274 0.000000 806.795958 807 80 0.000000
1652283272226140235 0.000000 790.860049 791 80 0.000000
